0,1,2,3,4,5,6,7,8,9,10,11,12,13,14,15,16,17,18,19,20,21,22,23,24,25,26,27,28,29,30,31,32,33,34,35,36,37,38,39,40,41,42,43,44,45,46,47,48,49,50,51,52,53,54,55,56,57,58,59,60,61,62,63,64,65,66,67,68,69,70,71,72,73,74,75,76,77,78,79,80,81,82,83,84,85,86,87,88,89,90,91,92,93,94,95,96,97,98,99,100,101,102,103,104,105,106,107,108,109,110,111,112,113,114,115,116,117,118,119,120,121,122,123,124,125,126,127,128,129,130,131,132,133,134,135,136,137,138,139,140,141,142,143,144,145,146,147,148,149,150,151,152,153,154,155,156,157,158,159,160,161,162,163,164,165,166,167,168,169,170,171,172,173,174,175,176,177,178,179,180,181,182,183,184,185,186,187,188,189,190,191,192,193,194,195,196,197,198,199,200,201,202,203,204,205,206,207,208,209,210,211,212,213,214,215,216,217,218,219,220,221,222,223,224,225,226,227,228,229,230,231,232,233,234,235,236,237,238,239,240,241,242,243,244,245,246,247,248,249,250,251,252,253,254,255,256,257,258,259,260,261,262,263,264,265,266,267,268,269,270,271,272,273,274,275,276,277,278,279,280,281,282,283,284,285,286,287,288,289,290,291,292,293,294,295,296,297,298,299,300,301,302,303,304,305,306,307,308,309,310,311,312,313,314,315,316,317,318,319,320,321,322,323,324,325,326,327,328,329,330,331,332,333,334,335,336,337,338,339,340,341,342,343,344,345,346,347,348,349,350,351,352,353,354,355,356,357,358,359,360,361,362,363,364,365,366,367,368,369,370,371,372,373,374,375,376,377,378,379,380,381,382,383,384,385,386,387,388,389,390,391,392,393,394,395,396,397,398,399,400,401,402,403,404,405,406,407,408,409,410,411,412,413,414,415,416,417,418,419,420,421,422,423,424,425,426,427,428,429,430,431,432,433,434,435,436,437,438,439,440,441,442,443,444,445,446,447,448,449,450,451,452,453,454,455,456,457,458,459,460,461,462,463,464,465,466,467,468,469,470,471,472,473,474,475,476,477,478,479,480,481,482,483,484,485,486,487,488,489,490,491,492,493,494,495,496,497,498,499,500,501,502,503,504,505,506,507,508,509,510,511,512,513,514,515,516,517,518,519,520,521,522,523,524,525,526,527,528,529,530,531,532,533,534,535,536,537,538,539,540,541,542,543,544,545,546,547,548,549,550,551,552,553,554,555,556,557,558,559,560,561,562,563,564,565,566,567,568,569,570,571,572,573,574,575,576,577,578,579,580,581,582,583,584,585,586,587,588,589,590,591,592,593,594,595,596,597,598,599,600,601,602,603,604,605,606,607,608,609,610,611,612,613,614,615,616,617,618,619,620,621,622,623,624,625,626,627,628,629,630,631,632,633,634,635,636,637,638,639,640,641,642,643,644,645,646,647,648,649,650,651,652,653,654,655,656,657,658,659,660,661,662,663,664,665,666,667,668,669,670,671,672,673,674,675,676,677,678,679,680,681,682,683,684,685,686,687,688,689,690,691,692,y
0.0,0.0,0.7503740377030004,0.0,0.0,0.8814789555728761,0.8636363636363636,0.0,0.0,0.0,0.6925552594652351,0.0,0.0,0.0,0.4,0.0,0.0,0.0,0.0,0.0,0.0,0.0,0.0,0.0,0.0,0.0,0.0,0.0,0.0,0.0,0.0,0.0,0.0,0.0,0.0,0.8634186966479284,0.0,0.0,0.0,0.0,0.32705508402935113,0.0,0.8552603969952579,0.8840488874960828,1.0,0.23177083333333326,0.0,0.6722380961895817,0.34700544464609806,0.2405468916898098,0.9014492017969087,0.33333333333333337,0.0,0.6123407938666996,0.7300674335581119,0.0,0.7693498452012384,0.0,0.0,0.81737741902404,0.9036627016841361,0.12784090909090906,0.0,0.49752346193952024,0.8641975308641976,0.966950497907346,0.27838908450704225,0.5717044905842588,0.0,0.0,0.0,0.0,0.0,0.0,1.0,0.0,0.0,0.06059587813620071,0.0,0.4,0.0,0.0,0.0,0.7976035425892158,0.015147956787223915,0.0,0.0,0.842501447596989,0.5714285714285714,0.0,0.25,0.0,0.0,0.545815516188149,0.30000000000000004,0.0,0.0,0.22157434402332365,0.0,0.0,1.0,0.0,0.0,0.5196172248803828,0.9726259207644834,0.0,0.18181818181818188,0.012134308510638236,0.0,0.5515863689776732,1.0,0.0,0.0,1.0,0.0,0.9801871216290589,0.0,0.4921092654407553,0.0,0.0,0.0,0.34311725931837656,0.289192081326913,0.0,0.44286608561660346,0.44088098918083474,0.75,0.0,0.0,0.3065693430656935,0.0,0.7777777777777778,0.0,0.0,0.375,0.5,0.2662789589093336,0.6666666666666667,0.6096989304106695,0.0,0.5,0.3754404378139291,0.6666666666666667,0.8466981132075472,0.8111888111888111,0.0,0.18892746208660693,0.33333333333333337,0.0,0.3395862068965516,0.25,0.0,0.0,0.0,0.0,0.0,1.0,0.0,0.0,0.1389701579871272,0.9825559908345036,0.0,0.0,0.6666666666666667,0.3588858469229853,0.5597260634795206,0.0,0.0,0.0,0.0,1.0,0.75,0.5825242718446602,0.0714285714285714,0.7845303867403315,0.0,0.39662301860785654,0.0,0.6496756255792401,0.0,0.6000000000000001,0.0,0.0,0.0,0.9851745576279293,0.0,0.0,0.5840997697798447,0.0,0.0,0.0,0.0,0.0,0.9041713708479411,0.0,0.72,0.0,0.0,0.15974282888229463,0.0,0.0,0.3974875965655513,0.1053695879825226,0.5018640276553923,0.0,0.0,0.0,0.0,0.0,0.0,0.0,0.0,0.0,0.6666666666666667,1.0,0.0,0.23214285714285698,0.0,0.0,0.0,0.0,0.0,0.0,0.0,0.0,0.13636363636363635,0.5188713156002875,0.5,0.0,0.9172478592738967,0.0,0.0,0.0,0.7806143395663045,0.0,0.0,0.6714285714285715,0.7857142857142856,0.0,0.0,0.0,0.8660235798499465,0.0,0.0,0.0,0.5,0.0,0.0,0.0,0.0,0.0,0.0,0.0,0.0,0.0,0.0,0.0,0.0,0.0,0.0,0.0,0.0,0.0,0.0,0.0,0.0,0.7391304347826086,0.0,0.0,0.0,0.0,0.3416309012875537,0.0,0.8694775435380385,0.6748170326014638,0.9631464580617123,0.07217630853994494,0.0,0.7737907982697602,0.0,0.0,0.9553008595988539,1.0,0.6885422270037654,0.938115763546798,0.550890052356021,0.0,1.0,0.0,0.0,0.806190168555823,1.0,0.0,0.10741815167840862,0.7961302501179802,1.0,0.7509608862762831,0.0,0.7399286078531362,0.0,0.0,0.0,0.0,0.0,0.0,0.5,0.0,1.0,0.0,1.0,0.5,0.0,0.5,0.0,0.4519071310116085,0.18316100443131456,0.5,0.0,1.0,1.0,0.0,0.6000000000000001,0.19979577944179716,0.0,0.8763127187864644,0.29999999999999993,0.6311584553928096,0.0,0.36363636363636365,0.0,0.0,0.8636363636363636,0.0,0.0,0.0,1.0,0.0,0.0,0.0,0.0,0.6776859504132231,1.0,0.0,0.0,0.6875,0.0,0.9788135593220338,0.0,0.0,0.4545454545454546,0.0,0.0,0.6308300395256916,0.21439006574141706,0.0,0.0,0.0,1.0,0.0,0.47748447204968925,1.0,0.0,1.0,0.6666666666666667,0.0,0.375,0.25,0.1915563957151859,1.0,0.9606872451951077,0.5015576323987538,1.0,0.23250345781466109,1.0,0.9,0.3529411764705882,0.46153846153846145,0.7442489851150202,0.8,0.0,0.25806451612903225,0.0,0.0,0.0,0.0,0.0,0.0,1.0,0.0,0.0,0.8877364246491763,1.0,0.0,0.0,0.6470588235294118,0.5671609245529874,0.6484641638225257,0.2508196721311473,0.0,0.0,0.13301262778111855,1.0,0.0,0.1991525423728815,0.0,0.6550717778829469,0.0,0.4286292316683902,0.44999999999999996,1.0,0.0,1.0,1.0,0.0,0.0,0.9888888888888889,0.0,0.0,0.0,0.0,1.0,0.0,0.0,0.0,0.8675338234654371,0.0,0.6818181818181819,0.0,0.0,0.16499736425935696,0.0,0.10539201356407835,0.0,0.3048616516877787,0.011682045204435831,0.0,0.0,0.0,0.0,0.0,0.0,0.0,0.0,0.0,0.5,1.0,0.0,0.5,0.0,0.0,0.0,0.0,0.0,0.0,0.0,1.0,1.0,0.48043818466353694,1.0,0.0,0.9349638999272402,0.0,1.0,0.0,0.773459189339256,0.0,0.0,0.5829815303430079,0.9333333333333333,0.0,0.0,0.0,0.7245346432264737,0.0,0.0,0.0,0.33333333333333326,0.0,0.0,0.0,0.0,0.0,0.0,0.0,0.0,0.0,0.0,0.0,0.0,0.0,0.0,0.0,0.0,0.0,0.0,0.0,0.0,0.8876845018450185,0.0,0.0,0.0,0.0,0.5888625592417062,0.0,0.7982217831563349,0.2418016275884295,0.28458860179585876,0.31323922167111806,0.7987156331527193,0.5640062871114215,0.7692307692307692,0.0,0.9239864864864865,0.33333333333333337,0.7857142857142857,0.4651162790697675,0.9516509433962264,1.0,0.0,0.0,0.0,0.49718892542696513,0.6561232765612327,0.5054945054945055,0.5798319327731092,0.20737887695114543,0.5081967213114753,0.6538461538461539,0.4374999999999999,0.0,0.8078078078078078,0.5,0.0,0.0,0.0,0.0,0.0,0.0,0.0,0.0,0.0,0.6,0.0,0.0,0.33333333333333326,0.653142402545744,0.17924528301886788,0.0,0.0,0.6653543307086615,0.3999999999999999,0.0,1.0,0.6666666666666667,1.0,0.33333333333333337,1.0,0.0,0.0,0.0,0.0,0.6000000000000001,0.75,0.0,1.0,0.25,0.7142857142857142,0.0,0.5,0.1735090386889676,0.2785714285714287,0.5378151260504203,0.16666666666666663,0.0,0.5658548707753479,0.5,0.45496246872393664,0.0,0.0,0.33504398826979476,0.0,0.25,0.7,0.04878048780487809,0.6210526315789473,0.2222222222222221,0.4680290046143706,0.8652482269503546,0.0,0.0,0.0,0.5714285714285714,0.17391304347826086,0.7142857142857142,1.0,0.0,1.0,1.0,0.7535714285714286,0.0,0.3822521097046414,0.3549175320708613,0.0,0.2297297297297296,0.0,1.0,0.0,0.0,0.07692307692307698,0.0,1.0,0.11868686868686873,0.6666666666666666,0.0,1.0,0.0,1.0,0.5959866764156309,0.25,0.22972972972972971,0.6923076923076923,0.0,1.0,0.0,0.21517287680429675,1.0,0.39311043566362713,0.15500406834825053,0.9467756403867238,0.4279250161603103,0.5559619604974396,0.0,1.0,0.8,0.6890702512401985,0.11111111111111116,0.3312095667516173,0.5,0.7876165113182424,0.0,0.62786029706945,0.0,0.6000000000000001,0.0,0.0,0.0,0.9166666666666666,0.0,0.04166666666666674,0.7620769453283193,0.0,1.0,0.6021983231120196,0.0,0.0,0.9482443147163893,0.0,1.0,0.0,0.0,0.5,0.0,0.0,0.6596743435528825,0.0,0.11320859474765399,0.0,0.0,0.0,0.0,0.0,0.0,0.0,0.0,0.0,1.0,0.9724229745150247,0.0,0.5555555555555556,0.0,0.0,0.0,0.0,0.0,0.0,0.0,0.0,0.0,0.5219482862297053,0.0,0.0,0.8934441115045855,0.0,qsampled
0.0,0.0,0.0,0.0,0.0,0.0,0.0,0.0,0.7422760709649503,0.7527198145175673,0.0,0.0,0.8235294117647058,0.0,0.0,0.0,0.0,0.0,0.0,0.529601988618382,0.0,0.5,0.7373658766654876,0.8248816048528708,0.43756929720476967,0.0,0.0,0.7422883610919484,0.0,0.0,0.0,0.6996633257226887,0.0,0.0,0.0,0.0,0.0,0.765895560931851,0.0,0.0,0.8912876459741856,0.46314381270903016,0.0,0.4523187924241705,0.45575933075933084,0.2591496426766766,0.06990469528722565,0.0,0.6167294649585532,0.553963577932512,0.49908991627229693,0.6666666666666667,0.2544908574186284,0.0,0.0,0.23749650740430273,0.0,0.0,0.7808119613747274,0.0,0.7170594338224396,0.0,0.0,0.6250288972798028,0.0,0.0,0.4325086805555556,0.0,0.8001300390117034,0.6390465380249717,1.0,0.49493180980464424,0.0,0.0,0.5,0.5272727272727272,0.0,0.0,0.0,0.0,0.0,0.33333333333333337,1.0,0.0,0.025711159737418,0.0,0.6976879453249965,0.44909431605246697,0.5714285714285714,0.8813559322033898,0.0,0.44897040621132,0.0,0.0,0.6000000000000001,0.9731675392670157,0.0,0.0,0.3570448307410796,0.007504690431519689,0.7796610169491525,0.4300518134715027,0.0,0.4943934760448522,0.0,0.0,0.0,0.0,0.10000000000000009,0.9834854411125598,0.0,0.5986029016657711,0.0,0.1063829787234043,0.5150242750295236,0.5438413361169102,0.0,0.8589595113200263,0.15832037325038884,1.0,0.5,0.8276138550352791,0.39276608360509946,0.7786008230452675,0.9145102441762559,0.6590742101396032,0.0,0.0,0.11909448818897639,0.6698564593301436,0.4134537172604522,0.33333333333333326,0.0,0.5471698113207548,1.0,0.0,0.6360475627564148,0.0,0.4506421247856668,0.48042953855731074,0.0,0.1597729115977291,0.33333333333333337,0.2997275204359672,0.0,0.7118871725990599,0.03857487275649607,0.33333333333333337,0.0,0.0,0.0,1.0,0.0,0.0,0.0,0.0,0.0,0.6633425709734436,0.45305485067343354,0.4200266748743203,0.0,0.4722222222222222,0.0,0.0,0.0,0.0,0.0,0.7054590315616326,0.2244876943672124,0.2347785389099264,0.616717080056463,0.0,0.0,0.0,0.86707410236822,0.0,0.451819829870311,0.0,0.6468292682926828,0.0,0.0,0.0,0.94758041100377,0.0,0.0,0.0,0.08623853211009169,0.5870667323554186,0.0,0.461441213653603,0.5668865697328068,0.0,0.0,0.0,0.0,0.16000000000000003,0.9827221775976751,0.0,0.5657894736842106,0.6328958212884258,0.9772371690646379,0.0,0.3761701310546781,0.5383724182014302,0.0,0.0,0.0,0.0,0.0,0.0,0.9473684210526315,0.0,0.0,0.0,0.994016454749439,0.0,0.0,0.0,0.981826626012156,0.0,0.8369565217391304,0.13012523981822155,0.979439788929748,0.0,0.2500000000000001,1.0,0.0,0.0,0.0,0.0,0.0,0.0,1.0,0.0,0.0,0.0,0.0,0.0,0.0,0.7724679797653643,0.5452830188679245,0.0,0.0,0.9015151515151515,0.0,0.0,0.0,0.0,0.0,0.0,0.8929843727734764,0.0,0.0,0.8921061702861083,0.9775561097256857,0.0,0.0,0.0,0.5189873417721519,0.0,0.0,0.0,0.6421052631578947,0.0,0.0,0.0,0.0,0.0,0.801847035195733,0.0,0.0,0.8298450665941832,0.14071711607229143,0.0,0.7176714560805807,0.9166497461928934,0.699294532627866,0.6585346964064436,0.0,0.7128389415223784,0.7432329876043511,0.8221590909090909,1.0,0.9184161573212862,0.0,0.0,0.25344827586206886,0.0,0.0,0.9118986950814609,0.0,0.8656562177058216,0.19999999999999996,0.0,0.2764900662251656,0.18887015177065758,0.14752208989627347,0.7514450867052023,0.4772036474164133,0.8148148148148149,0.8125,0.0,0.7916496668026656,0.0,0.0,1.0,0.2500000000000001,1.0,0.0,0.0,1.0,0.0,0.0,1.0,0.06201721474288224,0.18316100443131456,0.5,0.4189868522815158,0.5121951219512195,1.0,0.8474025974025974,0.0,0.0,0.0,0.0,1.0,1.0,0.0,0.0,0.5537902859736723,0.0,0.8636363636363636,0.4274999999999999,0.0,0.0,0.0,0.0,0.0,0.1428571428571428,0.5,0.7928802588996764,0.0,0.680527995858856,0.0,0.0625,0.18353344768439106,0.13325471698113223,0.0,1.0,0.2727272727272728,0.9166666666666666,0.5833333333333333,0.6195555555555556,0.3071585098612125,0.8571428571428572,0.5018020969855832,0.7541567695961996,0.0,0.0,0.4973919523099851,1.0,0.7615780445969125,0.33333333333333337,0.0,0.8583547947280715,0.375,0.0,0.6546943919344675,0.0,0.7216035634743876,0.3292682926829268,0.0,1.0,0.0,0.44999999999999996,0.3529411764705882,0.6875957120980092,0.03864168618266994,0.6000000000000001,0.0,0.7272727272727273,0.5,0.1428571428571429,0.0,0.0,1.0,0.0,0.0,0.9119560238204306,0.7142857142857143,0.7656726533378515,0.0,0.39522653721682854,0.0,0.0,0.7962170682278766,0.0,0.3709327548806941,1.0,0.5675285675285676,0.0,0.6864707108609548,0.0,0.0,0.0,0.895034293552812,0.0,0.6774455418752536,0.0,0.0,0.0,1.0,1.0,0.9546859037435836,0.0,0.0,0.0,0.0,0.9797796846699723,0.0,0.0,0.7302947598253275,0.0,0.5,0.0,0.03433734939759048,0.13636363636363646,0.9973911339802222,0.0,0.6310344827586207,1.0,0.9889871119445188,0.0,0.655374940673944,0.7277784855820273,0.0,0.0,0.0,0.0,0.0,0.0,0.9375,0.0,0.0,0.0,0.9351377322229341,0.0,0.0,0.0,0.9955724225173941,0.0,0.7903405297128867,0.5921375921375922,0.8639758581667295,0.0,0.0,0.0,0.0,0.5,0.0,0.0,0.0,1.0,0.0,0.0,0.0,0.0,0.0,0.0,0.0,0.7425277540563622,0.839541547277937,0.0,0.0,0.8729218856752449,0.0,0.0,0.0,0.0,0.0,0.0,0.9694713328369322,0.0,0.6000000000000001,0.7377516141283706,0.7979041916167664,0.7464932126696833,0.0,0.0,0.7439791711868085,0.0,0.0,0.0,0.8225734968237552,0.0,0.0,0.0,0.0,0.0,0.5759430427179615,0.0,0.0,0.350071225071225,0.4861351264809479,0.0,0.39142695995487864,0.30828872069411095,0.0,0.0,0.6617984560817859,0.0,0.2925278219395867,0.0,0.6666666666666667,0.3076923076923077,0.4873338870431895,0.06606519208381834,0.5051546391752577,0.0,0.0,0.4818181818181819,0.0,0.4075537988581466,0.0,0.31783276450511944,0.7276190476190476,0.0,0.1791187739463601,0.25,0.0,0.0,0.2500000000000001,0.8571428571428572,0.6057339449541284,0.5,0.0,0.0,0.6785714285714285,0.0,0.0,0.6666666666666666,0.0,0.0,1.0,0.0,0.011150234741783782,0.0,0.0,0.4528111436358131,0.28348535765722527,0.3999999999999999,0.21052631578947367,1.0,0.6956521739130435,1.0,1.0,0.0,0.9411764705882353,1.0,0.5,0.6,0.33333333333333337,0.75,0.0,1.0,0.25,0.0,0.0,0.0,0.0,1.0,0.9831351949129112,0.25,0.8245614035087719,0.5784444444444444,0.0,0.996042216358839,0.3999999999999999,0.625,0.39050632911392413,0.5714285714285714,0.25,0.19999999999999996,1.0,0.0,0.4444444444444444,0.7836949375410913,0.0,1.0,0.0,0.06417112299465255,0.7142857142857143,0.0,0.4285714285714285,0.0,0.2776214593884825,1.0,0.0,0.22797579018157388,1.0,0.17396870554765298,0.07147220525351261,0.0,0.6153846153846154,1.0,1.0,0.0,0.5,0.2407407407407406,0.33333333333333337,1.0,0.6085858585858586,0.0,1.0,1.0,0.0,0.0,0.5999506416584404,0.0,0.0,0.3846153846153846,0.842099613568055,0.7619047619047619,0.7777777777777778,0.3438759065269943,0.0,0.0,0.0,0.0,0.8080155138978669,0.0,0.6827654181920586,0.0,0.0,0.00630455868089197,0.0,0.0,0.5,0.0,0.0,0.799081515499426,0.0,0.0,0.0,0.8589236850106415,0.0,0.0,0.0,0.045038705137227186,0.5250729070346398,0.0,0.6681896551724138,0.023716369608269394,0.2639405204460967,0.0,0.0,0.3204819277108434,0.5,0.9704117698851606,0.0,0.0,0.6562186727260576,0.9586486051378763,0.0,0.448087431693989,0.613299347260734,0.0,0.0,0.0,0.0,0.0,0.0,1.0,0.0,0.0,0.0,0.9198283261802576,0.0,0.0,0.0,0.887719298245614,0.18648434403487912,0.8744588744588745,0.5055546983490201,0.9849934754240974,0.0,0.5,0.3571428571428572,0.0,0.0,0.0,0.0,0.0,qsampled
0.0,0.5555555555555556,0.0,0.0,0.0,0.0,0.0,0.9027149321266968,0.7045790251107829,0.0,0.651779593988927,0.0,0.0,0.0,0.4,0.6336870382807254,0.0,0.0,1.0,0.0,0.6723112441548785,0.0,0.0,0.0,0.28578416616496083,0.7345612134344528,0.778125,0.7422883610919484,0.4050905383206511,0.0,0.0,0.0,0.0,0.8714859437751004,0.0,0.0,0.0,0.0,0.8622816032887975,0.0,0.0,0.3874623046696518,0.0,0.4161973994061635,0.5037451150673035,0.8826247022305638,0.12164786145368678,0.0,0.0,0.47811284046692604,0.0,0.6666666666666667,0.0,0.15450719045948802,0.0,0.0,0.0,0.747085201793722,0.0,0.9519582769169048,0.0,0.213602071838757,0.016808895784846123,0.4991373830927086,0.09263157894736862,0.3880292151522655,0.0,0.20188425302826396,0.08576642335766438,1.0,0.5992721391023049,0.7397714706966458,0.6486486486486487,0.6205392102024835,0.2857142857142857,1.0,0.0,0.22680890538033394,0.0,0.4,0.0,0.33333333333333337,0.0,0.0770805985823052,0.0,0.44444444444444453,0.9460059993334073,0.43096844792996536,0.1428571428571428,0.0,0.25,0.3014394580863675,0.0,0.17676225105363186,0.6000000000000001,0.7517428350116189,0.0,0.060439560439560336,0.39619883040935666,0.3066132264529058,0.25,0.0,0.2857142857142857,0.49557522123893805,0.97132322818517,0.0,0.0,0.0,0.8,0.0,0.0,0.6908003436653228,0.0,0.18542336548767424,0.29152915291529147,0.0,0.9166666666666666,0.5737363643933717,0.4494556765163298,0.9402985074626866,0.5,0.6520796372954858,0.0,0.0,0.10172424844561223,0.0,0.0,0.0,0.4721448467966576,0.0,0.8051741851125431,0.0,0.0,0.11024182076813649,1.0,0.0,0.5225408293821028,0.6666666666666667,0.08496482752775647,0.5013143071723618,0.0,0.3723915328028822,0.33333333333333337,0.0,0.42298084929225643,0.6567060458651841,0.0,0.33333333333333337,0.0,0.447802197802198,0.75,0.2142857142857143,0.0,0.9285714285714286,0.0,0.07638449367088596,0.25,0.45515591941863676,0.08917055814987773,0.0,0.0,0.0,0.0,0.6666666666666667,0.0,0.5095018885741266,0.0,0.0,0.9162926829268293,0.22944480922156563,0.0,0.0,0.04721549636803879,1.0,0.06605744125326363,0.0,0.432252701579385,0.1923076923076923,0.03707317073170713,0.0,0.0,0.0,0.0,0.0,0.0,0.0,0.9555919634388204,0.16833704314530562,0.0,0.19286256643887623,0.9735147683637266,0.983555258782094,0.0,0.0,0.0,0.15999999999999992,0.0,0.0,0.0,0.6328490489180749,0.4727369143427538,0.45645546129374337,0.0,0.6296069548181706,0.0,0.0,0.0,0.0,0.0,0.0,0.0,0.0,0.9775720675944334,0.0,0.0,0.0,0.7,0.7495271548230209,0.0,0.0,0.0,0.9955366083946096,0.0,0.0,1.0,1.0,0.0,0.0,0.0,0.0,0.8125,0.0,0.0,0.0,0.0,0.0,0.0,0.0,0.9103982300884956,0.7724679797653643,0.0,0.9027777777777778,0.0,0.0,0.0,0.5,0.6863452733638566,0.0,0.0,1.0,0.0,0.8845689831781657,0.0,0.0,0.0,0.0,0.9384328358208955,0.6000000000000001,0.5189873417721519,0.7845265504513393,0.0,0.0,0.0,0.0,0.0,0.0,0.0,0.0,0.0,0.8765729398663697,0.0,0.18184578020643594,0.0,0.0,0.7373397228338299,0.9156935346055255,0.9749023982152817,0.3418631878240508,0.7027083991990726,0.0,0.7676120768526989,0.3170603674540683,1.0,0.0,0.0,0.0,0.0,0.0,0.3210652304009576,0.0,1.0,0.0,0.0,0.552379364947079,0.975103734439834,0.22764227642276436,0.0,0.0368421052631579,0.7496839443742098,0.0,1.0,0.7601809954751131,0.8824297844546048,0.9375,0.763614237906906,1.0,0.2500000000000001,0.0,0.042651453409399576,0.0,0.5,0.0,0.0,0.0,0.0,0.18316100443131456,0.75,0.8683405422512923,0.5660377358490567,0.0,0.0,0.6000000000000001,0.8202054794520548,0.0,0.478454172366621,1.0,0.9633333333333334,1.0,0.36363636363636365,0.5509391007398975,1.0,0.0,0.0,0.5714285714285714,0.0,1.0,0.0,0.0,0.1428571428571428,0.0,0.0,0.0,0.8082778876700834,0.0,0.0625,0.7263999999999999,0.4604700854700855,0.37099125364431496,0.0,1.0,0.9166666666666666,0.5833333333333333,0.8691141260973663,0.28469750889679724,0.0,0.6007359705611776,0.045071609098567667,0.0,0.0,0.8418836140888208,0.6666666666666667,0.7182340801886793,0.33333333333333337,0.0,0.5958538794404749,0.375,0.0,0.6546943919344675,1.0,0.16644159351789323,0.75,0.0,0.19155590304925707,0.0,0.0,0.8823529411764706,0.6875957120980092,0.4165588615782665,0.6000000000000001,0.0,0.6363636363636365,0.0,0.1428571428571429,0.0,1.0,0.5,0.776254807218223,1.0,0.7095082805805999,0.3429833169774289,0.15147407658420875,0.14065449968533672,0.0,0.0,0.6470588235294118,0.36496350364963503,0.7750481695568401,0.2775041050903121,0.875,0.4838751966439434,0.0,0.0,0.0,0.0,0.0,0.48372093023255813,0.0,0.7602442398511664,0.0,0.6511627906976745,0.0,1.0,1.0,0.0,0.0,0.0,0.0,0.9697985050866473,0.0,0.0,0.41775264322596495,0.9715712421267662,0.8810754912099276,0.0,0.0,0.08907672301690495,0.13636363636363646,0.0,0.0,0.0,0.46478873239436613,0.0,0.9908686040178142,0.0,0.0,0.0,0.0,0.0,0.0,0.0,0.0,0.0,0.0,0.9889585496366105,0.0,0.0,0.0,0.5,0.7258335080729713,0.0,0.0,0.0,0.9955587456821139,0.0,0.0,0.75,1.0,0.0,0.5,0.0,0.0,0.7741935483870968,1.0,0.8607655502392344,0.0,0.0,0.0,0.0,0.0,0.7142857142857143,0.7152255639097744,0.0,0.7245346432264737,0.0,0.0,0.0,0.33333333333333326,0.9119897959183674,0.0,0.0,0.6666666666666667,0.0,0.8732261890156627,0.0,0.0,0.0,0.7464932126696833,0.5357142857142858,0.6077795786061588,0.7637956748695004,0.9090909090909091,0.0,0.0,0.0,0.0,0.8181818181818181,0.0,0.0,0.0,0.0,0.853064483928928,0.0,0.0,0.543889021765128,0.0,0.16313231720786403,0.3307277126372604,0.6608255451713395,0.161167374496352,0.0,0.15384615384615385,0.625,0.39634146341463417,0.6666666666666667,0.0,0.4913793103448275,0.16374687164819457,0.0,0.25,0.0685563612392881,0.0,0.8503317768493488,0.0,0.25482625482625487,0.0,0.20318169132012276,0.09836065573770503,0.7417311752287121,0.0,0.0,0.6546546546546548,1.0,0.0,0.7458715596330274,0.0,0.25418569254185686,0.2857142857142858,0.6666666666666667,1.0,0.4220055710306406,0.6666666666666666,0.6,0.0,1.0,0.33333333333333326,0.3900928792569659,0.3930753564154785,0.4285714285714285,0.8054862842892768,0.1433592769269395,0.19999999999999996,0.0,0.5714285714285714,0.13043478260869568,1.0,0.0,0.0,0.3203883495145631,0.0,0.0,0.75,0.0,0.0,0.0,0.0,0.25,0.7142857142857142,0.0,0.0,0.0,1.0,0.0,0.25,0.2482915717539863,0.6969314838167298,0.0,0.0,0.0,0.0,0.0,0.7142857142857142,0.25,0.19999999999999996,0.46341463414634154,0.7770807193642828,0.2222222222222221,0.34426229508196726,0.2520325203252033,1.0,0.0,0.25531914893617025,0.7142857142857143,0.0,0.0,1.0,0.03686311340690296,1.0,0.0,0.2284241201524322,0.0,0.4314544189283229,0.0,0.0,0.2297297297297296,1.0,1.0,0.18181818181818177,0.5,0.0,0.33333333333333337,1.0,0.9473684210526316,0.6666666666666666,1.0,1.0,0.5,0.5,0.0,0.25,0.05855855855855874,0.0,0.0,0.0,0.0,0.309288537549407,1.0,0.8524590163934427,0.05192307692307674,0.0,0.0,0.9581607290803645,0.9602845287492591,0.0,0.0,0.025604096655464925,0.0,0.5661634973534602,0.5,0.2503648113404212,0.41463414634146345,0.0,0.0,0.0,0.0,0.0,0.0,0.0,0.0,0.8111455108359134,0.8426197721703068,0.0,0.0,0.8711059371362049,0.8162631905648665,0.0,0.0,0.6517857142857142,0.5,0.0,0.0,0.0,0.6617158058080248,0.6298688524590164,0.8111776264680346,0.0,0.11320859474765399,0.0,0.0,0.0,0.0,0.0,0.0,0.0,0.0,1.0,0.0,0.0,0.0,0.5555555555555556,0.7272727272727273,0.0,0.15294815987336774,0.0,0.49246022596264705,0.0,0.0,1.0,0.9285714285714286,0.0,0.0,0.0,0.0,0.75,qsampled
0.0,0.0,0.0,0.0,0.0,0.0,0.0,0.0,0.0,0.0,0.6514026272266641,0.5366795366795367,0.0,0.0,0.4,0.0,0.0,0.0,0.0,0.0,0.0,0.5,0.0,0.0,0.45279761904761917,0.7487286176606565,0.0,0.0,0.6950098831362486,0.0,1.0,0.0,0.0,0.0,0.0,0.7476441764040709,0.0,0.765895560931851,0.8157407926453276,0.0,0.0,0.0,0.0,1.0,0.0,0.3834903544190219,0.6191494935382467,0.6751464219528873,0.35018963337547415,0.0,0.4527816391115317,0.33333333333333337,0.2458187475690392,0.6123407938666996,0.0,0.2544959128065395,0.0,0.0,0.7438286479250336,0.5003832886163281,0.3913591225729953,0.11324417601380521,0.2295599058729283,0.0,0.2049364248317127,0.9775132275132276,0.11284722222222221,0.0,0.7218465539661898,0.38596491228070184,0.0,0.6706030150753768,0.8571428571428572,0.045139277324085514,0.33333333333333337,0.5851063829787233,0.0,0.06193494752156281,0.0,0.6000000000000001,0.0,0.0,1.0,0.0,0.058119880379664646,0.22222222222222232,0.4389501711677444,0.6531096115265365,0.5714285714285714,0.44067796610169496,0.6666666666666667,0.09350356740518218,0.0,0.5487149822328734,0.0,0.39963054187192126,0.0,0.0,0.0,0.10821643286573146,0.5038759689922481,0.0,0.2857142857142857,0.0,0.84590065828845,0.0,0.18181818181818188,0.019672635057250587,0.0,0.5501762632197414,1.0,0.5876862446848965,0.6144578313253011,1.0,0.5150242750295236,0.27011494252873547,0.0,0.461019556791621,0.16682494460272246,0.6000000000000001,0.7142857142857142,0.0,0.0,0.0,0.0,0.4723831595210506,0.0,0.0,0.9382716049382716,0.3065693430656935,0.0,0.4444444444444444,0.0,0.0,0.375,0.0,0.0,0.0,0.398593291080538,0.007843404719683145,0.0,0.3723915328028822,0.0,1.0,0.6328059950041631,0.0,0.0,0.33333333333333337,0.0,0.9711566195558119,0.0,1.0,0.0,0.0,0.0,0.3013999260765108,0.0,0.41565546898284156,0.7698465643762509,0.643675359493054,0.0,0.4722222222222222,0.6819844266163284,0.0,0.0,0.7306957438397681,0.6500718046912399,0.635858949316336,0.4243309510146591,0.0,1.0,0.0,0.7355102040816326,0.15384615384615385,0.8776737033412554,0.0,0.3490612648221343,0.1923076923076923,0.6036036036036035,0.0,0.0,0.0,0.0,0.0,0.0,0.0,0.9574562968248306,0.0,1.0,0.40862480685489533,0.0,0.0,0.0,0.317783691043406,0.0,0.16000000000000003,0.9454843565208042,0.9821462852754848,0.0,0.0,0.9772371690646379,0.0,0.0,0.2221687211093989,0.0,0.0,0.0,0.0,0.0,0.0,0.9473684210526315,0.0,0.0,0.0,0.0,0.693030018889206,0.23214285714285698,0.7160413369332466,0.0,0.0,0.0,0.0,0.0,0.0,0.0,0.3835227272727273,0.0,0.0,0.0,0.6783613945734019,0.0,0.0,0.0,0.0,0.0,0.0,0.0,0.0,0.0,0.0,0.0,0.875,0.8,0.0,0.0,0.5,0.0,0.0,0.0,0.0,0.0,0.0,0.0,0.0,0.0,0.20774282751469075,0.9384328358208955,0.0,0.0,0.6366992330458581,0.0,0.6666666666666667,0.0,0.0,0.0,0.0,0.7073170731707317,0.0,0.7965336961970924,0.8822254504557276,0.0,0.0,0.0,0.0,0.9612269938650306,0.0,0.6835119959162839,0.8783426616915423,0.7661913281978208,0.2631578947368419,0.29043241402791964,0.34593175853018376,1.0,0.0,0.9416799651820688,0.0,0.24523396880415949,0.0,0.0,0.76903305858371,0.2764060049294197,0.28346592874437915,0.0,0.5203211239337682,0.0,0.0,0.8114476179529913,0.0,0.4772036474164133,1.0,0.2551724137931034,0.0,0.002844016626558865,1.0,0.0,1.0,0.2500000000000001,1.0,0.0827399950896146,1.0,0.0,0.0,0.5,0.0,0.0,0.0,0.0,0.5650406504065042,1.0,1.0,0.2647058823529411,1.0,0.0,0.0,0.7982155113246396,0.0,0.4545454545454546,0.0,0.0,0.0,0.0,0.36363636363636365,0.0,0.5714285714285714,0.0,0.8121224325412807,0.0,0.33333333333333326,0.0,0.5,1.0,1.0,0.5076165924537146,0.30313152400835064,0.6875,0.1413969335604771,0.0,0.0,0.0,0.0,0.75,0.5833333333333333,0.0,0.0,0.0,0.5424189167598659,0.7434679334916865,0.0,0.0,0.9095315024232633,0.0,0.0,0.6666666666666667,0.6666666666666667,0.0,0.375,0.0,0.0,0.0,0.7216035634743876,0.5121951219512195,0.0,0.19155590304925707,0.0,0.9,0.0,0.0,0.2941176470588235,0.8,0.0,1.0,0.5,0.8571428571428572,0.0,0.0,1.0,0.4674535050071531,0.0,0.6950068712780577,0.7252208047105004,0.8213199785369343,0.0,0.0,0.789282250242483,0.0,0.0,0.8122319597240351,0.3709327548806941,0.4935536362498435,0.7465387465387465,0.13301262778111855,1.0,0.0,0.6321752265861027,0.0,0.8854680350082189,0.0,0.39899689830396623,0.0,1.0,0.0,0.0,1.0,0.0,0.0,0.0,0.0,0.9526282669130708,0.1888952489982827,1.0,0.0,0.0,0.0,0.5,0.3010184227261078,0.21702127659574466,0.13636363636363646,0.9667962506573724,0.9760080509503456,0.0,0.0,0.9892539580882025,0.0,0.0,0.11719429465994058,0.0,0.0,0.0,0.0,0.0,0.0,0.9375,0.0,0.0,0.0,0.0,0.7037037037037037,0.5,0.5583554376657824,0.0,0.0,0.0,0.7899851336161572,0.0,0.0,0.75,0.0,0.0,0.0,0.0,0.75855,0.0,1.0,0.0,0.0,0.0,0.0,0.0,0.0,0.0,0.0,0.0,0.7229976379643548,0.07042253521126773,0.0,0.0,0.33333333333333326,0.0,0.0,0.0,0.0,0.0,0.0,0.6000000000000001,0.0,0.0,0.0,0.8888888888888888,0.2455357142857143,0.0,0.8955223880597015,0.0,0.7777777777777778,0.0,0.0,1.0,0.0,0.8883483337387497,0.33333333333333326,0.5308689024390245,0.7819644369178662,0.0,0.6719826023921711,0.0,0.0,0.9538090313684936,0.669489965015651,0.0,0.43112272677774144,0.5946911275265849,0.7692307692307692,0.7085124677558039,0.6013513513513513,0.33333333333333337,0.0,0.4651162790697675,0.01638530287984097,0.19012345679012344,0.25,0.0,0.7,0.8078922244616527,0.7853191489361703,0.0,0.0,0.0,0.5409836065573772,0.6923076923076923,1.0,0.0,0.17257683215130037,0.0,0.0,0.14724770642201834,0.25,0.0,0.0,0.5952380952380952,0.0,0.0,0.0,1.0,0.0,0.0,0.33333333333333326,0.0,0.0,0.5714285714285714,0.5336300192171537,0.6722365038560412,0.3999999999999999,0.21052631578947367,0.8571428571428572,0.0,1.0,0.38888888888888884,1.0,0.3203883495145631,0.0,0.5,0.0,0.6000000000000001,0.5,0.0,0.0,0.0,0.2857142857142857,0.0,0.5,0.2135179153094463,0.5142857142857142,0.8171686746987952,0.0,1.0,0.8431908548707754,0.0,1.0,0.1811414392059555,0.625,0.25015832805573157,0.5950920245398772,0.25,0.19999999999999996,0.31707317073170727,0.7546709991876523,0.2222222222222221,0.0,0.0,1.0,0.0,0.49530516431924887,0.5714285714285714,0.4204545454545454,0.4285714285714285,1.0,0.0,1.0,0.0,0.0,1.0,0.0,0.049342105263158076,0.0,0.0,0.0,0.0,0.9090909090909091,0.0,0.0,0.0,1.0,1.0,0.0,0.5,1.0,0.0,0.0,0.1806288478452066,0.0,0.0567734682405846,0.8666666666666667,0.4584323040380047,0.2373831775700933,0.7777777777777778,0.0,0.0,0.580209388720027,0.2566171723692705,0.0,1.0,0.05820328975115985,0.0,0.0,0.0,0.0,0.375,0.0,0.5,0.9312602291325696,0.41463414634146345,0.735483870967742,0.0,0.4,0.0,0.0,0.0,0.0,0.0,0.8476425052779732,0.0,1.0,0.6715517241379312,0.6478328575136258,0.0,0.0,0.1199946090029651,0.328054298642534,1.0,0.9643441297417179,0.9285721037060841,0.5,0.0,0.9586486051378763,0.07552148781100798,0.0,0.1380551971027767,0.0,0.0,0.0,0.0,0.0,0.0,1.0,0.0,0.0,0.0,0.0,0.8642010163749294,0.5555555555555556,0.7272727272727273,0.0,0.26564976228209203,0.0,0.0,0.0,0.0,1.0,1.0,0.0,1.0,0.0,0.689748201438849,0.0,qsampled
0.0,0.0,0.0,0.0,0.0,0.0,0.0,0.0,0.0,0.0,0.651779593988927,0.5366795366795367,0.0,0.0,0.4,0.0,0.0,0.8738277919863597,0.0,0.0,0.6562370148757584,0.5,0.0,0.0,0.0,0.7264857276555918,0.0,0.0,0.0,0.0,1.0,0.0,0.0,0.8714859437751004,0.0,0.8185099769377319,0.0,0.0,0.8378152384774902,0.0,0.0,0.0,0.8569307665660415,0.0,0.4541359096830221,0.0,0.0,0.0,0.39284317559640203,0.7473219068023567,0.0,0.0,0.3568928841007343,0.502499107461621,0.4465161010113545,0.0,0.0,0.15666692673792615,0.0,0.7942400644468314,0.0,0.21793071161048672,0.3431093820140655,0.9156458797327395,0.09263157894736862,0.2969253657327052,0.45299145299145305,0.0,0.78125,1.0,0.0,0.13324732768153325,0.8571428571428572,0.9243763284483724,0.6666666666666667,1.0,0.0,0.0,0.6666666666666667,0.4,0.0,0.33333333333333337,0.0,0.4447361512207929,0.0,0.0,0.0,0.2487234963219387,0.1428571428571428,0.0,0.6666666666666667,0.32164696290256833,0.0,0.204192401272693,0.6000000000000001,0.18260188087774298,0.0,0.2142857142857143,0.3570448307410796,0.0,0.0,0.0,0.0,0.4943934760448522,0.3273248668578451,0.0,0.0,0.34213330176393975,1.0,0.8746530989824237,1.0,0.0,0.7004451427075151,0.020242914979757054,0.24609695973705836,0.547544409613375,0.0,0.21328272237411416,0.0,0.0,0.0,0.0,0.381148384441243,0.0,0.0,0.7893323100537222,0.0,0.0,0.15460852329038643,0.043062200956938024,0.0,0.0,0.0,0.5283018867924527,1.0,0.0,0.8933137333511515,0.6666666666666667,0.0,0.0,0.0,0.8164779968513382,0.33333333333333337,0.40801886792452824,1.0,0.0,0.04768282882400243,0.33333333333333337,0.0,1.0,0.25,0.36842105263157887,0.0,0.0,0.5,0.2854399895860452,0.0,0.41056981296215744,0.0,0.7064224889709654,0.652485737571312,0.0,0.0,0.0,0.333639073606971,0.0,0.0,0.3528837257119358,0.204924543288324,0.0,0.7126436781609196,1.0,0.0,0.0714285714285714,0.07790055248618777,0.0,0.40833615723483574,0.3076923076923077,0.12727834414581407,0.0,0.8,0.5,0.0,0.96875,0.0,0.0,0.0,0.16833704314530562,0.0,0.19286256643887623,0.9748473393428322,0.0,0.0,0.0,0.48843464228079625,0.15999999999999992,0.0,0.0,0.25,0.0,0.001585081585081527,0.0,0.6636263261485287,0.5309403908259895,0.0,0.0,0.0,0.0,0.0,0.0,0.0,0.0,0.9775720675944334,0.0,0.0,0.0,0.0,0.0,0.0,0.0,0.0,0.12187898669582664,0.0,0.0,0.75,0.0,0.0,0.5,0.0,0.6854807057179235,0.84375,0.0,1.0,0.0,0.0,0.0,0.0,0.0,0.0,0.0,0.0,0.9027777777777778,0.8,0.0,0.0,0.5,0.0,0.0,0.9576379974326059,0.0,0.0,0.8845689831781657,0.0,0.0,0.0,0.0,0.9444822116474054,0.0,0.0,0.0,0.0,0.6666666666666667,0.0,0.0,1.0,0.0,0.7073170731707317,0.0,0.0,0.8874823208953921,0.0,0.0,0.0,0.8912708420905142,0.0,0.9137440758293839,0.0,0.6928955133540138,0.0,0.4096425057395867,0.8937947494033414,0.0,1.0,0.6839779005524863,0.51617144359716,0.5596304591265397,0.0,0.0,0.14491614255765184,0.0,0.8024930380586128,0.0,0.0,0.7507785674359179,0.8973871733966746,0.07251264755480591,0.7802293151533932,0.5838150289017342,0.0,0.8148148148148149,1.0,0.0,0.0,0.8,0.8500461680517082,0.75,0.75,1.0,0.0,1.0,0.5,0.0,0.0,0.0,0.45604435164518686,0.0,0.5,0.0,0.0,0.0,0.0,1.0,0.861995753715499,0.0,0.1550695825049705,1.0,0.0,0.21666666666666656,0.36363636363636365,0.5537902859736723,1.0,0.0,0.0,0.0,0.0,0.3435692921236292,0.0,0.0,0.5238095238095237,0.5,0.9096045197740112,1.0,0.0,0.8075679787031755,0.0625,0.7576443941109853,0.13961038961038952,0.0,0.34615384615384615,0.0,0.0,0.0,0.0,0.0,0.0,0.593872870249017,0.7541567695961996,0.0,0.0,0.4910339565051506,0.25,0.0,0.33333333333333337,0.0,0.28404300168634056,0.0,0.0,1.0,1.0,0.24972776769509974,0.0,0.0,0.48962655601659744,0.0,0.44999999999999996,0.5882352941176471,0.0,0.0,0.6000000000000001,0.0,0.5454545454545454,0.0,0.1428571428571429,0.0,0.0,1.0,0.776254807218223,0.0,0.6954030046256499,0.0,0.8213199785369343,0.9019126162484646,0.0,0.0,0.0,0.5570817383472191,0.0,0.2775041050903121,0.7245611531325816,0.5676065676065676,0.13301262778111855,0.8156347717323327,1.0,0.0,0.0,0.4820989341350096,0.0,0.4286292316683902,0.65,1.0,0.0,1.0,0.0,0.0,0.967741935483871,0.0,0.0,0.0,0.0,0.0,0.0,0.9692590888173033,0.0,0.5,0.0,0.0,0.13636363636363646,0.0,0.0,0.2592592592592593,0.0,0.8586711226722252,0.2654050311562429,0.7645078850589042,0.7223229774483519,0.0,0.0,0.0,0.0,0.0,0.0,0.0,0.0,0.9894903946628084,0.0,0.0,0.0,0.0,0.0,0.0,0.0,0.0,0.709737113633305,0.0,0.0,0.25,0.6666666666666667,0.0,1.0,0.0,0.7471850906872262,0.5030674846625767,1.0,0.0,0.0,0.0,0.0,0.0,0.0,0.0,0.0,0.0,0.7229976379643548,0.07042253521126773,0.0,0.0,0.33333333333333326,0.0,0.0,0.6397280966767371,0.0,0.0,0.8732261890156627,0.6000000000000001,0.0,0.0,0.0,0.8888888888888888,0.0,0.0,0.0,0.0,0.7777777777777778,0.0,0.0,0.8181818181818181,0.0,0.8686716791979949,0.0,0.0,0.7830968015251006,0.0,0.6911070780399274,0.0,0.7782426778242678,0.0,0.32179415596501015,0.3047887323943661,0.0,0.6371877010883249,0.7692307692307692,0.0,0.27243589743589747,0.0,0.7857142857142857,0.46096345514950177,0.09394057350460627,0.0,0.25,0.25356633380884475,0.0,0.3902478535558076,0.0,0.2857142857142857,0.2202932098765431,0.8559866034049679,0.09836065573770503,0.18508092892329342,1.0,0.2857142857142857,0.0,1.0,0.0,0.0,0.25,0.8738435660218671,0.7142857142857143,1.0,0.0,0.0,0.6666666666666666,0.6,0.0,1.0,0.33333333333333326,0.07502799552071682,0.0,0.0,0.0,0.32385392385392386,0.19999999999999996,0.0,0.0,0.13043478260869568,1.0,0.75,0.0,0.41176470588235303,0.0,0.0,0.6,0.6666666666666667,0.0,0.0,1.0,0.25,0.0,0.0,0.0,0.418206312548114,0.20000000000000007,0.5378151260504203,0.0,0.0,0.2564102564102564,0.33333333333333337,0.0,0.8939068100358423,0.625,0.0,0.16541353383458646,0.25,0.7,0.31707317073170727,0.0,0.2222222222222221,0.34426229508196726,0.1410256410256412,1.0,0.0,0.0,0.0,0.26923076923076916,0.0,1.0,0.5639821554355482,1.0,0.0,0.6487334678323247,0.0,0.4817838246409675,0.3928571428571429,0.0,0.0,1.0,1.0,0.18181818181818177,0.0,0.3447488584474886,0.33333333333333337,1.0,0.6843434343434343,0.6666666666666666,1.0,1.0,0.0,0.5,0.0,0.0,0.0567734682405846,0.6923076923076923,0.4154987633965376,0.5551401869158878,0.0,0.2820588235294119,0.0,0.44262295081967207,0.0,0.0,0.0,0.0854629739688576,0.06794055201698523,0.8968008255933952,1.0,0.025604096655464925,0.0,0.5751022793687901,0.5,0.9241164241164241,0.29268292682926833,0.3191489361702129,0.0,0.8,1.0,0.0,1.0,0.0,0.0,0.045038705137227186,0.8506418066929246,0.0,0.0,0.8679613908594023,0.0,0.0,0.0,0.0,0.5,0.0,0.0,0.5,0.0,0.42969546845402895,0.0,0.0,0.6282908867750845,0.0,0.0,0.0,0.0,0.0,0.0,0.0,0.0,1.0,0.0,0.0,0.0,0.0,0.0,0.0,0.15294815987336774,0.0,0.5923449388978559,0.0,0.0,1.0,0.3571428571428572,0.0,0.0,0.0,0.71043312448924,1.0,qsampled
0.0,0.6928571428571428,0.0,0.8964732650739476,0.0,0.0,0.0,0.772863568215892,0.0,0.0,0.0,0.32978723404255317,0.0,0.0,0.0,0.0,0.0,0.0,0.0,0.0,0.0,0.0,0.0,0.0,0.0,0.0,0.0,0.0,0.0,0.0,0.0,0.7209244727168445,0.0,0.8328173374613003,0.7988879464706437,0.0,0.0,0.0,0.0,0.0,0.0,0.4906435671053362,0.0,0.4023354060853468,0.5015537262170855,0.2591496426766766,0.12604248623131387,0.0,0.4235294117647058,0.0,0.8500862526539278,0.33333333333333337,0.2586450112470928,0.5988433848695858,0.3849167482859942,0.0,0.0,0.0,0.0,0.0,0.0,0.5888176397795029,0.3292034363859505,0.0,0.17543859649122806,0.0,0.0,0.0,0.09546862896979069,0.2773109243697478,0.5992721391023049,0.2699756690997567,1.0,0.045139277324085514,0.33333333333333337,0.0,0.0,0.18203967977723656,0.0,0.4,1.0,0.33333333333333337,1.0,0.11815252416756161,0.0,0.5555555555555556,0.3288702928870295,0.5016181229773462,0.0,0.0,0.25,0.6422602882807604,0.5,0.5248744865358284,0.5,0.0,1.0,0.0,0.3570448307410796,0.0,0.0,0.0,0.5714285714285714,0.0,0.8983368470367767,0.6428571428571428,1.0,0.037099753694581294,1.0,0.802899358795651,0.0,0.6810185669000592,0.0,1.0,0.29152915291529147,0.547544409613375,0.9166666666666666,0.4057566452653456,0.6666666666666667,0.09734513274336287,0.7142857142857142,0.08143405167550477,0.0,0.0,0.7551205731005954,0.0,0.0,0.6666666666666667,0.6571428571428573,0.3065693430656935,0.7458880442294402,0.4444444444444444,0.0,0.0,0.375,0.5,0.4570024570024571,0.0,0.33232443044705307,0.16358997448596735,0.0,0.46512534095337055,0.0,0.0,1.0,0.0,0.296875,0.6666666666666667,0.0,0.534906270200388,0.25,0.0,0.0,0.0,0.0,0.27752388865808064,0.7,0.0,0.6679627665841877,0.9235425873236879,0.0,0.4722222222222222,0.8717807945697744,0.0,0.0,0.47137395104027,0.0,0.6619436439321166,0.7381517927836218,0.0,0.7126436781609196,0.0,0.0,1.0,0.0921095711011678,0.0,0.4088504088504088,0.1923076923076923,0.03707317073170735,0.0,0.8,0.5,0.0,0.0,0.0,0.0,0.08567828643427122,0.0,0.8843930635838151,0.025026923257011946,0.9619113573407202,0.9469070491396269,0.0,0.2148695134007773,0.0,0.0,0.0,0.0,0.0,0.0,0.3442735042735041,0.508839754024236,0.0,0.9226968605249614,0.0,0.0,0.0,0.0,0.0,0.6751326266622374,0.9473684210526315,0.0,0.0,0.0,0.0,0.0,0.8214285714285714,0.0,0.0,0.7247921493798555,0.0,0.25076260684439644,0.0,0.0,0.5,0.9130434782608696,0.0,0.0,0.0,0.0,0.0,0.0,0.5741935483870968,0.0,0.9226519337016574,0.0,0.0,0.0,0.5795454545454546,0.0,0.0,0.0,0.0,0.0,0.0,0.0,0.0,0.0,0.0,0.0,0.0,0.0,0.0,0.0,0.0,0.0,0.0,0.0,0.0,0.0,0.0,0.0,0.6107893692978976,0.0,0.0,0.8644304682040531,0.0,0.0,0.0,0.0,0.0,0.10307414104882451,0.13805640169008548,0.0,0.6559028292104874,0.8763594733829422,0.6402835203780273,0.29606346355336033,0.0,0.7484486873508354,0.0,0.9506561679790027,0.0,0.0,0.6451662561576355,0.25588458618071364,0.0,2.220446049250313e-16,0.0,0.0,0.0,0.0,0.6857142857142857,0.734208367514356,0.0,0.0,0.4338394793926247,0.0,0.0,0.0,0.4568965517241379,0.7421981004070557,0.005926209137832261,0.7452380952380953,0.0,1.0,0.0,0.0,0.0,1.0,0.5,0.0,0.0,1.0,0.0,0.0,0.75,1.0,1.0,0.0,0.0,0.6000000000000001,0.9617834394904459,1.0,0.5013215859030836,0.7,0.0,0.0,0.0,0.5044285111767188,1.0,0.36363636363636365,0.0,0.8571428571428571,0.0,0.9432471264367817,0.75,0.0,0.0,0.5,0.8299595141700404,1.0,0.3571428571428571,0.0,0.6875,0.8469202898550725,0.17002518891687646,0.234375,0.0,0.2727272727272728,0.75,0.0,0.3140711462450593,0.0,0.0,0.47492191805989337,0.10878112712975097,0.0,0.0,0.9181308411214953,1.0,0.7074117845686307,0.6666666666666667,0.6666666666666667,0.0,0.375,0.25,0.6546943919344675,0.0,0.01951077460687245,1.0,0.0,0.4790343074968233,0.0,0.0,0.5882352941176471,0.0,0.0,0.8,0.0,0.0,0.0,0.0,0.0,0.0,1.0,0.775726243229936,1.0,0.0,0.0,0.9811928159945781,0.17815200531797015,0.39522653721682854,0.5286236297198539,0.0,0.7959094865100087,0.6632097925875553,0.2775041050903121,1.0,0.708885754583921,0.10591350397175647,0.8156347717323327,0.0,0.24084621643612703,0.0,0.48091670730085534,0.0,0.39848234905971647,0.0,0.6511627906976745,0.0,1.0,0.0,0.0,0.0,0.0,0.0,0.2829484113103736,0.9780021637216012,0.8827480061564292,0.7396069538926682,0.9912100195615171,0.9716821393121972,0.0,0.34648120854826825,0.0,0.0,0.0,0.0,0.0,0.0,0.2412040463853934,0.5473369835739174,0.0,0.8979464841319229,0.0,0.0,0.0,0.0,0.0,0.7893112484819709,0.9375,0.0,0.0,0.0,0.0,0.0,1.0,0.0,0.0,0.9602874546163771,0.0,0.0,0.0,0.0,0.0,1.0,0.0,0.0,0.0,0.0,0.0,0.0,0.8522536687631027,0.0,0.9411764705882353,0.0,0.0,0.0,0.7142857142857143,0.0,0.0,0.0,0.0,0.0,0.0,0.0,0.0,0.0,0.0,0.0,0.0,0.0,0.0,0.0,0.0,0.7754524886877828,0.0,0.0,0.0,0.0,0.0,0.0,0.8237704918032787,0.0,0.8181818181818181,0.7121212121212122,0.0,0.0,0.39429012345679004,0.0,0.0,0.0,0.543889021765128,0.0,0.5185185185185184,0.0,0.0,0.21217674608022818,0.6904875918988198,0.0,0.75,0.7253246753246754,0.6666666666666667,0.0,0.45977011494252884,0.24358130348913776,0.0,0.0,0.0,0.0,0.024623359792645405,0.0,0.7142857142857143,0.3087315130830488,0.0,0.6307692307692307,0.1791187739463601,0.2932692307692307,0.2857142857142857,0.7052154195011338,0.0,1.0,0.0,1.0,0.0,0.2857142857142858,0.4626865671641791,1.0,0.0,0.0,0.6,0.0,1.0,0.0,0.40866873065015485,0.17924528301886788,0.5714285714285714,0.3457446808510639,0.4191810344827587,0.0,0.08510638297872364,1.0,0.4347826086956522,0.0,0.5,0.5,0.0,0.0,0.5,0.6,0.6666666666666667,0.5,0.0,0.0,1.0,0.8571428571428571,0.0,0.0,0.290143369175627,1.0,0.973718224903059,0.0,1.0,0.0,0.0,0.0,0.8939068100358423,1.0,0.24445851804939833,0.5714285714285714,0.25,0.7,0.0,0.5505473277527366,0.2222222222222221,0.6739130434782609,0.2796610169491527,1.0,1.0,0.6851851851851853,0.5714285714285714,0.0,0.4285714285714285,0.0,0.2320390170699681,1.0,1.0,0.8166666666666667,1.0,0.8003905705119263,0.6793924466338259,0.0,0.0,0.0,1.0,0.18181818181818177,0.0,0.9074074074074074,0.6666666666666667,1.0,0.0,0.6666666666666666,0.0,1.0,0.0,0.0,0.0,0.25,0.20833333333333326,0.6923076923076923,0.8728066562319796,0.0,0.7777777777777778,0.3896204492641363,0.0,0.0,0.1468689477081988,0.0,0.799281006590773,0.0,0.3661263275572946,0.9362073596561913,0.0,0.0,1.0,0.5496994914470643,0.5,0.7823990355635926,0.41463414634146345,0.0,0.0,0.8,1.0,0.0,0.0,0.0,0.0,0.0,0.015114640707058036,1.0,0.0,0.3862648507678932,0.7380530973451327,0.0,0.11577380504894086,0.0,0.0,0.0,0.0,0.0,0.0,0.22019664072101608,0.488933228156466,0.0,0.5633967560823456,0.0,0.0,0.0,0.0,0.0,0.4572584643434038,1.0,0.0,0.0,0.0,0.0,0.0,0.888888888888889,0.0,0.0,0.8865107018417123,0.0,0.6984227912098138,0.0,0.0,0.5,0.0,0.0,1.0,0.0,0.0,0.0,qsampled
0.5714285714285714,0.0,0.0,0.0,0.8562376237623762,0.0,0.0,0.0,0.3842251840063656,0.740834326579261,0.4860351222311018,0.0,0.0,0.0,0.4,0.0,0.0,0.0,0.0,0.6164923781765357,0.0,0.0,0.7001684944869786,0.0,0.0,0.0,0.0,0.0,0.0,0.0,0.0,0.0,0.6580297365446482,0.01176470588235301,0.0,0.7656616637889051,0.0,0.11907894736842095,0.0,0.0,0.0,0.0,0.34730435212905464,0.0,0.0,0.3663602808134906,0.33766564729867465,0.3508369277036921,0.644804014882755,0.0,0.22687666639179804,0.33333333333333337,0.2079078546193679,0.05638679361938914,0.0,0.0,0.0,0.0,0.0,0.0,0.7171276438396688,0.0,0.0,0.0,0.1578947368421052,0.0,0.0,0.05351386202450048,0.12119635890767233,1.0,1.0,0.13324732768153325,0.0,0.6101249178172254,0.4444444444444444,0.0,0.0,0.9093772223915473,0.0,0.8,0.0,0.0,0.0,0.0,0.15023041474654386,0.22222222222222232,0.0,0.28334054521852015,0.5714285714285714,0.0,0.25,0.0,0.0,0.20775142550202452,0.6000000000000001,0.24923640806353098,0.0625,0.0,0.0,0.37335834896810494,0.0,0.0,0.5714285714285714,0.0,0.9746922811457495,0.0,1.0,0.30726886025272115,0.75,0.0,1.0,0.0,0.9079016221873365,0.2741116751269036,0.8081296562540845,0.0,0.5,0.0,0.0,0.46902654867256655,0.7142857142857142,0.4541372674791534,0.28783363136631557,0.0,0.0,0.9401151631477928,0.0,0.0,0.7476851851851851,0.3065693430656935,0.9136736287331642,0.0,0.25,0.5320855614973262,1.0,0.5,0.2662789589093336,0.6666666666666667,0.0,0.0,0.5,0.8162438072361506,0.33333333333333337,0.2997275204359672,0.16625310173697294,0.7381671701913393,0.0,0.6666666666666667,0.0,0.0,0.0,0.0,0.0,0.4285714285714285,0.0,0.7086739642510738,0.0,0.417472229288561,0.0019757964929615346,0.0,0.9453661547958947,0.4722222222222222,0.6739084517666938,0.0,0.0,0.0,0.0,0.38820988304709725,0.2482454830521128,0.0,0.0,0.75,0.5795918367346938,0.0,0.8791436464088398,0.0,0.5292547512278454,0.1923076923076923,0.10805300713557586,0.75,0.0,0.0,0.0,0.96875,0.0,0.0,0.0,0.0,0.7922110462827076,0.461441213653603,0.03622956075665251,0.0,0.0,0.21360491410442461,0.0,0.0,0.0,0.0,0.16666666666666663,0.0,0.0,0.5577887486096748,0.1053695879825226,0.9117390830883154,0.0,0.0,0.0,0.0,0.0,0.851660957973142,0.9473684210526315,0.0,0.0,0.0,0.9087551596784705,0.0,0.0,0.0,0.0,0.0,0.0,0.07448067409002102,0.7381508466400954,0.0,0.40201005025125625,0.0,0.7679319371727749,0.0,0.0,0.8424002340813432,0.0,0.0,1.0,0.0,0.0,0.6666666666666667,0.0,0.0,0.0,0.4487209140953877,0.5452830188679245,0.875,0.0,0.0,0.0,0.5,0.0,0.0,0.0,0.0,0.8929843727734764,0.0,0.0,0.8234703709651517,0.0,0.0,0.0,0.0,0.0,0.0,0.0,0.0,0.0,0.7916666666666666,1.0,0.0,0.7073170731707317,0.0,0.7391238898088213,0.0,0.0,0.0,0.0,0.5617206109009388,0.0,0.30930354337580723,0.0,0.6347443904695813,0.7108642789936093,0.7477436823104693,0.0,0.4363636363636364,1.0,0.0,0.7376847290640394,0.0,0.0,0.0,0.0,0.0,0.0,0.8656562177058216,0.19999999999999996,0.0,0.0,0.07251264755480591,0.19008992014085402,0.16473988439306364,0.0,0.6296296296296297,1.0,0.2963752665245204,0.0,0.0,0.605724838411819,0.0,0.0,1.0,0.834920634920635,1.0,1.0,0.0,0.5,0.0,0.02257336343115135,0.2609308885754583,0.0,0.0,0.5315186246418337,1.0,0.0,0.6000000000000001,0.14632983794089605,0.0,0.1550695825049705,1.0,0.0,0.11365120836054876,0.0,0.0,0.8571428571428572,0.0,0.0,0.8571428571428571,0.0,1.0,0.0,0.0,0.0,0.0,0.0,1.0,0.0,0.7501914241960184,0.0625,0.9441298603246508,0.0,0.1875,1.0,0.0,1.0,0.5833333333333333,0.3140711462450593,0.21439006574141706,0.0,0.11557994757536039,0.8622577927548442,0.0,0.0,0.8439056791763534,1.0,0.9480203662892317,0.33333333333333337,0.33333333333333337,0.37849631590242516,0.0,0.25,0.19201010579504174,1.0,0.0,0.0,1.0,0.5210843373493976,0.0,0.44999999999999996,0.5882352941176471,1.0,0.2962529274004685,0.8,0.0,1.0,0.5,0.0,0.0,0.33333333333333326,0.0,0.9374803644360666,0.0,0.6885745200977839,0.0,0.6101281269066504,0.8916456677650707,0.39522653721682854,0.8163912756113682,0.0,0.0,0.0,0.3709327548806941,0.8084866691701089,0.5676065676065676,0.13301262778111855,0.4406546644844518,0.0,0.2784491440080564,0.0,0.888528602018966,0.0,0.6020320999865127,0.0,0.4,0.6666666666666666,1.0,1.0,0.0,0.967741935483871,0.0,0.0,0.0,0.8053587450883327,0.852966221969912,0.0,0.5648507596986915,0.0,0.5,0.30879918742005885,0.1470588235294119,0.0,0.0,0.0,0.1724137931034483,0.0,0.0940336934845375,0.5519359017415919,0.3453566423249982,0.7989818284663791,0.0,0.0,0.0,0.0,0.0,0.9450265222918768,1.0,0.0,0.0,0.0,0.9292909342287181,0.0,0.0,0.0,0.0,0.0,0.0,0.49063224379558945,0.7661734132322368,0.0,0.7708333333333334,0.25,0.7777777777777778,0.5,0.0,0.8517909957279002,0.0,1.0,0.0,0.0,0.0,0.650632911392405,0.0,0.0,0.0,0.7189009661835748,0.6686246708527446,0.3431276169670491,0.0,0.0,0.0,0.33333333333333326,0.0,0.0,0.0,0.0,0.9694713328369322,0.0,0.0,0.6006222432262129,0.0,0.0,0.0,0.0,0.0,0.0,0.0,0.0,0.0,0.6340533672172808,0.8181818181818181,0.0,0.8667415730337079,0.0,0.0,0.0,0.0,0.0,0.0,0.37496169169475935,0.0,0.0,0.6738255033557047,0.0,0.0,0.0,0.0,0.0,0.33333333333333337,0.0,0.0,0.01638530287984097,0.0,0.0,0.0,0.0,0.015080226806611252,0.4075537988581466,0.0,0.31783276450511944,0.0,0.20668693009118533,0.0,0.0,0.2857142857142857,0.5363247863247862,1.0,0.8571428571428572,0.0,0.23076923076923073,0.535015447991761,0.8571428571428572,0.5609756097560975,0.0,0.04038997214484685,0.0,0.8,0.0,0.0,0.33333333333333326,0.09862570735650766,0.0,0.5714285714285714,0.0,0.2023845457289466,0.3999999999999999,0.0,1.0,0.0,1.0,0.75,0.0,0.41176470588235303,0.0,0.5,0.0,0.0,0.0,0.0,0.0,0.0,0.7142857142857142,0.0,0.0,0.3643322475570032,0.6785714285714286,0.0,0.16666666666666663,0.07017543859649122,0.0,0.0,0.7236002834868887,0.5773115773115773,0.0,0.27929069031032305,0.5714285714285714,0.0,0.19999999999999996,0.0,0.8177474402730376,0.2222222222222221,0.12590639419907723,0.3555555555555556,1.0,0.0,0.016129032258064724,0.5714285714285714,0.6057692307692308,0.0,0.0,0.5639821554355482,1.0,1.0,0.8206680116565792,0.0,0.294234592445328,0.25778863775198524,0.0,0.31746031746031755,1.0,0.0,0.18181818181818177,0.08333333333333326,0.0,0.6666666666666667,1.0,0.6085858585858586,0.0,0.0,1.0,1.0,1.0,0.14841564187650458,0.0,0.03986135181975747,0.0,0.6023026315789475,0.5329457364341086,0.7777777777777778,0.0,0.0,0.5822357311719013,0.0,0.0,0.0,0.0,0.0,0.0,0.8,0.6910766246362755,0.0,0.0,0.5,0.2824381412190705,0.41463414634146345,0.0,0.8,0.0,0.0,0.0,1.0,0.0,0.0,0.04166666666666674,0.0,0.524547803617571,0.6681896551724138,0.0,0.0,0.0,0.15055268344234674,0.3071253071253073,1.0,0.0,0.0,0.5,0.0,0.0,0.6524982730831224,0.0,0.7028799779523218,0.0,0.0,0.0,0.0,0.0,0.562735556931788,0.6666666666666667,0.0,0.0,0.0,0.9194504699927694,0.0,0.0,0.0,0.0,0.15294815987336774,0.0,0.5055546983490201,0.8493220446877586,0.0,0.0,0.3571428571428572,0.766109785202864,0.0,0.0,0.8675887209177656,0.0,qsampled
0.5714285714285714,0.0,0.0,0.0,0.8293537787513692,0.0,0.0,0.0,0.3874400166910076,0.7531028368794326,0.5017490464238424,0.6508854354897,0.0,0.0,0.0,0.0,0.0,0.0,0.0,0.704717974217506,0.0,0.0,0.7001684944869786,0.0,0.0,0.0,0.0,0.0,0.0,0.0,0.7954545454545454,0.0,0.0,0.01176470588235301,0.0,0.0,0.0,0.0,0.9142876112070111,0.0,0.8854149480283782,0.34920552766419954,0.7950757575757577,0.4540110650069157,1.0,0.22718707940780614,0.6175464749210804,0.9238926586422068,0.3278015116661189,0.9544991511035654,0.0,0.33333333333333337,0.41501361338000775,0.6073888541014403,0.36045325170506426,0.0,0.0,0.0,0.0,0.5820012760160709,0.38691343631594277,0.0,0.2255665902724726,0.467798353909465,0.4876589379207179,0.6218775181305399,0.0,0.004435994930291454,0.12617030762371828,0.29931972789115635,0.9348591549295775,0.0,0.0,0.0,0.0,0.0,0.0,0.0,0.0,0.4,0.0,0.0,1.0,0.6115626437662937,0.33365997060264574,0.33333333333333337,0.0,0.0,0.0,0.44067796610169496,1.0,0.0,0.0,0.20775142550202452,0.7,0.0,0.0625,0.2142857142857143,0.735166872682324,0.3066132264529058,0.25,0.4129821260583254,0.2857142857142857,0.5320754716981132,0.0,0.6428571428571428,1.0,0.009895227008148932,0.6734693877551021,0.0,0.75,0.0,0.9591121495327103,1.0,0.0,0.0,0.9166666666666666,0.5516504023949302,0.0,0.23880597014925375,0.7142857142857142,0.0,0.768966056624433,0.0,0.0,0.42658132530120485,0.0,0.0,0.8867579908675799,0.0,0.5352112676056338,0.11111111111111105,0.0,0.0,0.0,0.0,0.6186734693877551,0.0,0.5599576991350983,0.6233231707317073,0.0,0.0,0.33333333333333337,0.0,0.6328059950041631,0.7018018018018017,0.0,0.0,0.0,0.6017728168089298,0.0,1.0,0.5,0.8571428571428571,0.5,0.33549545686027493,0.0,0.7446492007104795,0.4338989739542224,0.0,0.4154441184315818,0.4722222222222222,0.0,0.6666666666666667,0.05468602677729584,0.0,0.2706342811097041,0.0,0.42182751755213244,0.6527058695296746,1.0,1.0,0.05054479418886204,0.0,0.0,1.0,0.0,0.0,0.0,0.0,0.0,0.5,0.0,0.0,0.0,0.0,0.9568534040885244,0.627077002650805,0.0,0.40862480685489533,0.0,0.9706102177110205,0.0,0.22159915534029395,0.7708237459733088,0.16000000000000003,0.0,0.0,0.9311457772996234,0.0,0.6784980212903028,0.44149157046756904,0.0,0.2360939102179963,0.0,0.0,0.0,0.0,0.0,0.6700187125562741,0.9473684210526315,0.0,0.0,0.0,0.0,0.0,0.0,0.0,0.0,0.0,0.0,0.0773322214772284,0.5632869606224946,0.0,0.273972602739726,0.0,0.7960212085359976,0.5,0.0,0.0,0.0,0.0,0.0,0.0,0.0,0.791776798825257,0.0,0.0,0.0,0.3630816170861937,0.5454545454545454,0.788659793814433,0.8,0.0,0.0,0.0,0.0,0.0,0.0,0.0,0.9887220695002467,0.0,0.0,0.8152776750720994,0.0,0.15052660374777727,0.0,0.0,0.0,0.0,0.0,0.6666666666666667,0.0,0.0,0.5,0.0,0.0,0.0,0.0,0.8676382987172868,0.0,0.9587667161961367,0.23972118395797548,0.5839363241678726,0.0,0.8603055815403804,0.0,0.8724508713385243,0.9087557884474775,0.26008344923504856,0.8913857677902622,0.3170603674540683,1.0,0.7796530707923113,0.938115763546798,0.2225922842076048,0.0,0.3846153846153847,0.0,0.0,0.7224247266190642,0.28346592874437915,0.19999999999999996,0.5207225288509785,0.4193548387096775,1.0,0.3083987310068458,0.0,0.0,0.6296296296296297,0.4568965517241379,0.958041958041958,0.008288357748650776,0.0,0.18467220683287167,0.5,0.0,0.0,0.0,0.0,0.5,0.0,0.5,0.0,0.8193707767201918,0.43582510578279265,0.2500000000000001,0.0,0.0,0.0,0.2647058823529411,0.6000000000000001,0.3476394849785409,0.0,0.22764227642276436,0.7,0.0,0.140068886337543,0.36363636363636365,0.5959510754955715,0.8571428571428572,0.0,0.0,0.5714285714285714,0.0,0.0,0.75,0.0,0.0,1.0,0.0,1.0,0.0,0.667021843367075,0.8125,0.27373612823674465,0.41627358490566035,0.1095041322314051,0.0,0.4545454545454546,0.75,0.0,0.0,0.6625916870415648,0.0,0.605466593042518,0.6381634372367313,0.0,0.0,0.0,0.6666666666666667,0.9270731229170751,0.0,0.6666666666666667,0.0,0.0,0.0,0.0,0.0,0.9411392405063291,0.7476635514018692,0.0,0.0,0.0,0.0,0.0,0.9019908116385911,0.3667117726657646,0.0,0.0,0.0,0.5,0.1428571428571429,1.0,1.0,1.0,0.7724125023395096,0.0,0.7024229879459394,0.0,0.15147407658420875,0.14378050389130714,0.39522653721682854,0.3568818514007308,0.6470588235294118,0.0,0.0,0.0,0.0,0.7462069503490776,0.9346309217774513,1.0,0.8,0.0,0.0,0.0,1.0,0.0,0.44999999999999996,0.4,0.0,0.0,0.0,0.0,0.0,0.0,0.0,0.9526282669130708,0.9054054054054055,0.0,0.0,0.0,0.8810754912099276,0.0,0.3010184227261078,0.8412698412698413,0.13636363636363646,0.0,0.0,0.9286946520989074,0.0,0.702822371394613,0.5531315974665729,0.0,0.38132718733692805,0.0,0.0,0.0,0.0,0.0,0.7659462540002631,0.9375,0.0,0.0,0.0,0.0,0.0,0.0,0.0,0.0,0.0,0.0,0.6702453307306686,0.4911799491683232,0.0,0.7708333333333334,0.0,0.7784114052953157,1.0,0.0,0.0,0.0,1.0,0.0,0.0,0.0,0.650632911392405,0.0,0.0,0.0,0.6960576515472657,0.648619957537155,0.33710580607132334,0.96,0.0,0.0,0.0,0.0,0.0,0.0,0.0,0.9695167286245353,0.0,0.0,0.6592338295687885,0.0,0.5896520963425513,0.0,0.0,0.0,0.0,0.0,0.7777777777777778,0.0,0.0,0.8181818181818181,0.0,0.0,0.0,0.4516599781101788,0.7495773967640667,0.0,0.3421052631578947,0.20710900473933647,0.4529868254827648,0.0,0.23959280130885308,0.5247191011235957,0.4500345383375548,0.0,0.7692307692307692,0.36801375752364573,0.45584415584415583,0.33333333333333337,0.46153846153846156,0.4568965517241379,0.0,0.0,0.25,0.0,0.0,0.017078604009759135,0.7910353535353536,0.0,0.0,0.6241262683201805,0.7475728155339806,0.48921568627450973,0.3088942307692307,0.2857142857142857,0.6546546546546548,0.0,0.8571428571428572,0.0,0.23076923076923073,0.22863027806385183,0.0,0.4626865671641791,1.0,0.6373626373626373,0.6666666666666666,0.6,0.0,0.0,1.0,0.7797089733225546,0.2515723270440251,0.5714285714285714,0.0,0.0,0.0,0.21052631578947367,1.0,0.6666666666666667,1.0,0.0,1.0,0.0,1.0,0.0,0.36,0.0,0.0,0.0,0.0,1.0,0.0,0.0,0.0,0.24392023346303482,0.6000000000000001,0.0,0.33333333333333326,0.0,0.0,0.4999999999999999,0.0,0.07933740191804695,0.0,0.0,0.9072164948453608,0.25,0.7,0.31707317073170727,0.4178082191780821,0.2222222222222221,0.0,0.0,1.0,0.0,0.7508090614886731,0.0,0.52,0.2857142857142857,1.0,0.2320390170699681,1.0,0.0,0.2337301587301588,1.0,0.39500679767643054,0.0,0.0,0.5396825396825395,1.0,1.0,0.9090909090909091,0.41666666666666663,0.08565737051792799,0.6666666666666667,1.0,0.2592592592592592,0.0,1.0,0.0,0.0,0.5,0.0,0.0,0.9200444197667962,0.6923076923076923,0.0,0.0,0.7777777777777778,0.3463172804532577,1.0,0.5822357311719013,0.0,0.6965352449223416,0.7211474316210806,0.05820328975115985,0.10432766615146816,1.0,0.8,0.025924147863658265,0.375,0.21800116890707188,0.5,0.5994173343044429,0.0,0.0,0.0,0.4,1.0,0.0,0.0,0.0,0.0,0.8476425052779732,0.4456589958158995,0.0,0.6681896551724138,0.815442104241483,0.8477801268498943,0.0,0.15055268344234674,0.6517857142857142,0.5,0.0,0.0,1.0,0.0,0.6598751380468345,0.0,0.0,0.05019386305022899,0.0,0.0,0.0,0.0,0.0,0.4408036991450719,1.0,0.0,0.0,0.0,0.0,0.0,0.0,0.0,0.0,0.18648434403487912,0.0,0.0728226490781454,0.8202080237741456,0.0,1.0,0.3571428571428572,0.8266809536565765,0.0,0.0,0.0,0.0,qsampled
0.5714285714285714,0.0,0.7523421808230997,0.0,0.0,0.0,0.7912966252220248,0.7467853610286845,0.0,0.0,0.0,0.0,0.0,0.0,0.4,0.0,0.0,0.0,0.0,0.0,0.0,0.0,0.0,0.7737830280203162,0.5316148314186979,0.0,0.4129793510324483,0.0,0.0,0.0,0.0,0.0,0.0,0.0,0.0,0.0,0.0,0.0,0.8611668757841907,0.0,0.4912111261348271,0.6390425476916712,0.8569307665660415,0.0,0.48351408796119677,0.0,0.0,0.0,0.43303763672379636,0.6338790769627434,0.0,0.0,0.031136065334694374,0.5838091353996737,0.5232059345266892,0.0,0.0,0.0,0.0,0.8150484734481261,0.3913591225729953,0.0,0.2365414407436095,0.0,0.0,0.0,0.0,0.9062638827187917,0.7218465539661898,0.0,0.0,0.0,1.0,0.045139277324085514,0.0,1.0,0.0,0.0,0.0,0.0,0.0,0.33333333333333337,1.0,0.12289275712481473,0.0415397734194175,0.0,0.4735807001442244,0.2831689732327838,0.0,0.0,0.6666666666666667,0.32164696290256833,0.0,0.7430397078959379,0.0,0.0946479491116472,0.9375,0.6666666666666666,0.7526975794692331,1.0,0.34702702702702726,0.0,0.2857142857142857,0.0,0.3104796963073738,0.0,0.0,0.8010759414487677,1.0,0.0,0.11111111111111116,0.0,0.0,0.03585657370517925,0.5169258920402562,0.5157620041753653,0.9166666666666666,0.5753532491045775,0.051010886469673555,0.23880597014925375,0.7142857142857142,0.0,0.0,0.0,0.0,0.0,0.0,0.0,0.0,0.3065693430656935,0.0,0.33333333333333326,0.0,0.6813655761024182,1.0,0.5,0.0,0.0,0.21079948098612644,0.02307075030092265,0.5,0.840946797920584,0.33333333333333337,0.0,1.0,0.490092879256966,0.7158779462817468,0.33333333333333337,0.0,0.0,1.0,0.8690476190476191,0.5,0.4285714285714285,0.0,0.4241819822386854,0.0,0.742703899939199,0.7207607994842038,0.6395994787737467,0.9468827368894891,0.0,0.6732512758931252,0.0,0.4979169146530176,0.0,0.41291348118991744,0.635858949316336,0.2923877389435583,0.6654775417544998,0.616717080056463,0.0,0.7355102040816326,0.15384615384615385,0.8776737033412554,0.0,0.5289715629677143,0.0,0.0,0.75,0.0,0.5,0.0,0.0,0.0,0.0,0.0,0.0,0.0,0.025026923257011724,0.5715107786286575,0.0,0.0,0.3142449011107802,0.9507712504102396,0.16000000000000003,0.9623210325213605,0.0,0.0,0.6345125927565707,0.9144399791391846,0.0,0.44913830348999084,0.0,0.0,0.0,0.0,0.0,0.0,0.0,0.7368421052631579,0.0,0.0,0.0,0.0,0.0,0.0,0.0,0.0,0.8038375044385118,0.9347826086956522,0.30302928079881253,0.0,0.0,0.0,0.3835227272727273,0.0,0.5,0.0,0.7038084731219296,0.0,0.0,1.0,0.7503547370464967,0.0,0.0,0.0,0.7122877122877123,0.8318452380952381,0.0,0.0,0.0,0.0,0.0,0.0,0.5,0.0,0.0,0.0,0.0,0.0,0.0,0.0,0.0,0.9803921568627451,0.7321504462388441,0.0,0.6000000000000001,0.0,0.0,0.0,0.0,0.0,0.0,0.0,0.0,0.0,0.0,0.0,0.890634256682764,0.0,0.4539781591263651,0.8534457114526525,0.8912708420905142,0.0,0.0,0.0815064643057899,0.32523678582340365,0.0,0.29602888086642565,0.7600506489395379,0.0,1.0,0.6089887640449438,0.6433141919606234,0.48807320584001657,0.0,0.6307692307692307,0.0,0.0,0.8075569833256846,0.2791939373062349,0.19999999999999996,0.5685856432125088,0.0,0.2100271002710028,0.19008992014085402,0.0368421052631579,0.9801121876593575,1.0,0.0,0.0,0.01721879094141887,0.8,0.0,0.5,0.75,0.0,0.0,0.0,1.0,0.0,0.0,1.0,0.0,0.0,0.5,0.5657971014492754,0.5179063360881542,0.0,0.0,1.0,0.8516645596291614,0.0,0.8478824546240277,0.0,0.0,0.9586482881280569,0.8636363636363636,0.5934204976803037,1.0,0.36363636363636365,0.0,0.5714285714285714,0.0,0.39807944129201234,0.0,0.0,0.6666666666666666,0.5,0.0,0.0,0.0,0.0,0.0625,0.03540252182347192,0.10940695296523528,0.37099125364431496,1.0,0.4545454545454546,0.75,0.0,0.0,0.0,0.0,0.605466593042518,0.0,0.0,0.0,0.5154433742942544,1.0,0.0,0.33333333333333337,0.6666666666666667,0.8564814814814815,0.375,0.25,0.508613617719442,0.0,0.0,0.0,1.0,1.0,0.0,0.0,0.0,0.6716232961586122,0.9375,0.6000000000000001,0.0,1.0,0.5,0.8571428571428572,0.75,0.33333333333333326,0.0,0.7609173735469683,0.0,0.7019888551624156,1.0,0.830735343951203,0.9019126162484646,0.0,0.789282250242483,0.0,0.7962170682278766,0.0,0.0,0.4935536362498435,0.5676065676065676,0.9403487672880337,0.6864707108609548,0.0,0.6321752265861027,0.0,0.885110744685592,0.0,0.6020320999865127,0.44999999999999996,1.0,0.6666666666666666,0.0,0.0,0.0,0.0,0.0,0.0,0.0,0.7954812471757795,0.0,1.0,0.7920093151881231,0.0,0.0,0.318433572392246,0.8689111747851003,0.13636363636363646,0.9667962506573724,0.0,0.0,1.0,0.9346681081081081,0.0,0.6682608695652175,0.0,0.0,0.0,0.0,0.0,0.0,0.0,0.6875,0.0,0.0,0.0,0.0,0.0,0.0,0.0,0.0,0.9613033727628513,0.9721911459165734,0.0,0.0,0.0,0.75,0.0,0.0,1.0,0.0,0.7518977450323733,0.0,0.0,0.0,0.7314244810307802,0.0,0.0,0.0,0.9333333333333333,0.7142857142857143,0.0,0.0,0.0,0.0,0.0,0.0,0.33333333333333326,0.0,0.0,0.0,0.0,0.0,0.0,0.0,0.0,0.7027386839102321,0.0,0.0,0.47783621337340343,0.0,0.0,0.0,0.0,0.0,0.0,0.0,0.0,0.0,0.0,0.0,0.7448042532624457,0.0,0.9688506981740065,0.6335671883432272,0.8081526452732004,0.0,0.6747708995698523,0.26404005224205496,0.08838757396449692,0.6617984560817859,0.7692307692307692,0.8229994700582937,0.27243589743589747,0.0,0.20512820512820518,0.8181818181818182,0.0,0.0,0.0,0.0,0.0,0.47362664073894034,0.796756996890271,0.0,0.0,0.0,0.0,0.0,0.0,0.8571428571428571,0.2222222222222222,0.5,0.0,0.14724770642201834,1.0,0.0,1.0,1.0,1.0,0.0,0.6666666666666666,0.0,0.0,1.0,0.0,0.0,0.0,0.0,0.5328430384847875,0.2023845457289466,0.0,0.0,0.0,0.13043478260869568,1.0,0.0,1.0,0.3203883495145631,1.0,0.75,0.5,0.6666666666666667,0.5,0.0,0.0,0.0,0.0,0.0,0.0,0.4827859749325718,0.5142857142857142,0.0,0.25,0.07017543859649122,0.5784444444444444,0.33333333333333337,0.996042216358839,0.5773115773115773,1.0,0.8822039265357822,0.4285714285714286,0.25,0.7,0.31707317073170727,0.557163531114327,0.2222222222222221,0.0,0.2682926829268293,1.0,0.0,0.0,0.5714285714285714,0.26923076923076916,0.4285714285714285,1.0,0.3341159896689365,1.0,1.0,0.0,1.0,0.7612383900928793,0.25778863775198524,0.0,0.6153846153846154,1.0,1.0,0.9090909090909091,0.08333333333333326,0.5833333333333335,0.33333333333333337,1.0,0.6085858585858586,0.0,1.0,0.5,1.0,1.0,0.0,0.0,0.9166666666666666,0.8666666666666667,0.33539823008849545,0.5551401869158878,0.0,0.0,0.0,0.0,0.0,0.695047523761881,1.0,0.0,0.40856550088915233,0.0,0.0,0.0,0.375,0.0,0.5,0.0,0.0,0.0,0.8,0.4,1.0,0.0,0.0,0.0,0.0,0.045038705137227186,0.0,0.0,0.0,0.0,0.0,0.0,0.1326186514305907,0.8506787330316742,0.5,0.968826703840858,0.0,0.0,0.656423950928102,0.8554432145036173,0.0,0.448087431693989,0.0,0.0,0.0,0.0,0.0,0.0,0.0,1.0,0.0,0.0,0.0,0.0,0.0,0.0,0.0,0.0,0.8865107018417123,0.9128919860627178,0.6484423870887026,0.0,0.0,1.0,1.0,0.0,0.0,0.0,0.71043312448924,0.0,qsampled
0.5714285714285714,0.0,0.7546115311200207,0.0,0.0,0.7078925022376243,0.0,0.0,0.0,0.8470043328851038,0.6930712213986464,0.5366795366795367,0.0,0.7741419809474096,0.0,0.0,0.0,0.0,0.0,0.0,0.0,0.0,0.0,0.0,0.0,0.7374810318664643,0.0,0.0,0.0,0.0,0.0,0.0,0.0,0.0,0.0,0.0,0.0,0.0,0.0,0.0,0.01028608164577316,0.4627233518176216,0.0,0.4755012274959084,0.45474613686534215,0.2591496426766766,0.1271582261873525,0.0,0.0,0.5595556745182012,0.37485984801295613,0.33333333333333337,0.10392599070281239,0.5988433848695858,0.33397440300386927,0.0,0.0,0.0,0.7850851438637698,0.0,0.38841265149275783,0.5888176397795029,0.0,0.6253176253176254,0.17543859649122806,0.4481416373681567,0.0,0.0,0.09872159090909094,0.0,0.6382592928377153,0.7397714706966458,0.0,0.6216554250234511,0.0,0.0,0.0,0.19091650802284488,0.0,0.0,0.0,0.6666666666666667,0.0,0.11815252416756161,0.5070202808112325,0.33333333333333337,0.7100322186423731,0.27680690399136987,0.0,0.0,1.0,0.24546190311018612,0.0,0.0,0.7,0.7488244514106583,0.0625,1.0,0.7718816712412321,0.007504690431519689,0.0,0.0,0.5714285714285714,0.5057471264367815,0.3192182410423453,0.6428571428571428,1.0,0.10517746662324967,0.0,0.0,0.5,0.0,0.9591121495327103,0.0,1.0,0.4482758620689655,0.0,0.4490845449649973,0.015677491601343907,0.0,0.0,0.08307329003963937,0.37812993071276657,0.0,0.618164276630268,0.8576208178438662,0.0,0.0,0.5364102564102564,1.0,0.0,0.11111111111111105,0.25,0.5283018867924527,1.0,0.5,0.30353430353430366,0.6666666666666667,0.3302901858493643,0.514858171994597,0.0,0.0,0.33333333333333337,0.0,0.8111888111888111,0.0,0.18856203179243558,0.33333333333333337,0.0,0.0,0.25,0.0,0.5,0.4285714285714285,0.0,0.0076750746764020494,0.0,0.6645503565837538,0.0,0.16303569602127443,0.6553363441882576,0.4722222222222222,0.0,0.0,0.031572792827908924,0.47137395104027,0.41291348118991744,0.18483829650976635,0.7381517927836218,0.0,0.0,0.75,0.04721549636803879,0.0,0.7845303867403315,0.0,0.2527736131934033,0.3076923076923077,0.12727834414581407,0.0,0.0,0.0,0.9487773602153268,0.96875,0.0,0.0,0.8398987501977535,0.01577674117115968,0.0,0.0,0.9386214442013129,0.0,0.0,0.0,0.0,0.0,0.0,0.0,0.0,0.0,0.0,0.5080313318294659,0.0,0.5383724182014302,0.0,0.0,0.0,0.0,0.0,0.0,0.0,0.0,0.0,0.0,0.0,0.0,0.6911764705882353,0.0,0.8975268794220123,0.737135657948267,0.0,0.33490357865556064,0.0,0.9375,0.2500000000000001,0.8636363636363636,0.0,0.5,0.0,0.6956052083536075,0.0,0.0,1.0,0.7519230582217424,0.0,0.0,0.6714285714285715,0.0,0.0,0.0,0.5480225988700564,0.9027777777777778,0.8,0.0,0.9517114914425427,0.0,0.0,0.0,0.0,0.0,0.0,0.0,0.0,0.0,0.0,0.0,0.9384328358208955,0.0,0.0,0.0,0.0,0.0,0.0,0.0,0.25,0.0,0.0,0.0,0.0,0.0,0.0,0.0811170212765957,0.06034929967145064,0.0,0.3834995466908432,0.9069691706469822,0.6923429619440623,0.3085650723025587,0.0,0.1468788249694003,0.7336518363690654,0.34593175853018376,1.0,0.8674472390864412,0.6571884520528073,0.2305023591451567,0.0,0.0,0.0,0.6160483942709724,0.0,0.2801449025357944,0.6857142857142857,0.0,0.27626137303556675,0.0,0.0,0.16473988439306364,0.0,0.0,0.0,0.7162253903598099,0.8685538461538461,0.0,0.6108210726150924,0.5,0.0,1.0,0.042651453409399576,0.0,1.0,0.0,1.0,0.0,0.0,0.5066469719350074,0.2500000000000001,0.4199033816425122,0.5053763440860214,0.0,0.0,0.6000000000000001,0.861995753715499,0.0,0.0,0.7,0.9633943427620633,0.14750000000000008,0.8636363636363636,0.5959510754955715,1.0,0.0,1.0,0.8571428571428571,0.0,0.406811931457584,0.75,1.0,0.0,0.0,0.0,1.0,0.0,0.7820343461030383,0.0,0.10410094637223954,0.7455919395465995,0.0,0.0,0.4545454545454546,0.0,0.0,0.2908207034601086,0.1931540342298288,0.0,0.0,0.8550968828980623,0.0,0.0,0.5785557986870897,1.0,0.0,0.0,0.33333333333333337,0.38670576735092876,0.0,0.25,0.8014766201804757,1.0,0.0,0.7476635514018692,0.0,0.0,0.0,0.0,0.3529411764705882,0.0,0.7442489851150202,0.8,0.0,0.7272727272727273,0.0,0.0,0.75,0.33333333333333326,0.0,0.0,0.0,0.8883218415766329,0.3429833169774289,0.15147407658420875,0.0,0.39522653721682854,0.0,0.0,0.0,0.6632097925875553,0.0,0.8338220918866079,0.745992745992746,0.0,0.0,0.0,0.0,0.0,0.6556982782180922,0.0,0.41663883986070693,0.65,0.5348837209302325,0.0,0.0,1.0,0.9927103650727979,0.967741935483871,0.0,0.0,0.854220600769482,0.8781103498016588,0.0,0.5370114942528736,0.9682197342129468,0.0,0.0,0.0,0.0,0.0,0.0,0.0,0.0,0.0,0.6287135817825192,0.5467034999876674,0.0,0.7220301214077147,0.0,0.0,0.0,0.0,0.0,0.0,0.0,0.0,0.0,0.0,0.0,0.0,0.5,0.0,0.922859450726979,0.9610087351039227,0.0,0.0,0.0,1.0,0.0,1.0,0.0,1.0,0.0,0.7531105283713664,0.0,0.0,0.0,0.7293628663124112,0.0,0.0,0.8608983647277997,0.0,0.0,0.0,0.8336798336798337,0.7245346432264737,0.07042253521126773,0.0,0.5491691769507338,0.0,0.0,0.0,0.0,0.0,0.0,0.0,0.0,0.0,0.0,0.6720302375809935,0.5357142857142858,0.0,0.0,0.0,0.0,0.0,0.0,0.0,0.0,0.0,0.0,0.2843137254901962,0.0,0.0,0.0,0.0,0.5654520917678814,0.0,0.5070686989176054,0.3649122807017543,0.0,0.08838757396449692,0.5169467787114845,0.3076923076923076,1.0,0.0,0.33333333333333337,0.3076923076923077,0.6626506024096386,0.0,0.0,0.25,0.0,0.446969696969697,0.024623359792645405,0.7853191489361703,0.7142857142857143,0.31783276450511944,0.7256488975718671,0.4918032786885246,0.7701149425287357,0.0,0.2857142857142857,0.7052154195011338,0.5,1.0,0.7458715596330274,0.0,0.46752917300862507,0.0,0.0,0.0,0.44537230340988165,0.6666666666666666,0.0,0.0,0.5,0.33333333333333326,0.40866873065015485,0.40340909090909094,0.5714285714285714,0.4522673031026253,0.7093596059113301,0.0,0.0,1.0,0.13043478260869568,1.0,0.0,1.0,0.41176470588235303,1.0,0.75,0.36,0.33333333333333337,0.0,0.0,0.0,0.25,0.0,0.0,0.5,0.2796517954298151,0.20000000000000007,0.0,0.33333333333333326,0.0,0.0,0.33333333333333326,0.9966814159292036,0.34838709677419366,0.0,0.27531645569620267,0.5064935064935064,0.25,0.7,0.0,0.0,0.2222222222222221,0.5026178010471205,0.2716049382716048,1.0,0.0,0.0,0.5714285714285714,0.4204545454545454,0.2857142857142857,1.0,0.6976177077471394,1.0,1.0,0.8202196816857208,0.0,0.8118811881188119,0.0,0.0,0.7692307692307693,1.0,1.0,0.0,0.0,0.07692307692307698,0.0,1.0,0.6085858585858586,0.6666666666666666,0.0,0.5,1.0,1.0,0.6742791892663431,0.0,0.0,0.0,0.0,0.768041237113402,0.7777777777777778,0.3544228480761603,0.0,0.6080486980047344,0.10030165912518862,0.7290703922622246,0.0,0.0,0.33882030178326494,0.6543110394842868,0.8,0.0,0.0,0.38858067498844195,0.5,0.0,0.29268292682926833,0.3191489361702129,0.0,0.4,0.0,0.9323615256865093,1.0,0.0,0.0,0.6530612244897959,0.0,0.0,0.22413793103448276,0.12203479813702067,0.2707182320441991,0.0,0.0,0.0,0.0,0.0,0.0,0.0,0.0,0.4115409836065572,0.20188399251564615,0.0,0.613299347260734,0.0,0.0,0.0,0.0,0.0,0.0,0.0,0.0,0.0,0.0,0.0,0.0,0.5555555555555556,0.0,0.8276923076923077,0.8833940655908381,0.0,0.6984227912098138,0.0,0.9,1.0,0.9285714285714286,0.0,0.0,0.0,0.71043312448924,0.0,qsampled
0.0,0.0,0.7952518807548192,0.0,0.0,0.0,0.0,0.0,0.0,0.7686251236399604,0.0,0.0,0.0,0.0,0.0,0.8875625721986908,0.0,0.9125791139240507,0.0,0.0,0.0,0.5,0.7373658766654876,0.0,0.0,0.0,0.0,0.0,0.0,0.0,0.0,0.0,0.0,0.01176470588235301,0.0,0.0,0.7916228531370487,0.0,0.0,0.0,0.0,0.9739248222146969,0.0,0.0,0.8940170940170941,0.3834903544190219,0.362085556819176,0.6717798782441525,0.35018963337547415,0.2420490928495198,0.0,0.33333333333333337,0.0,0.8513139270108929,0.7534325045199863,0.3431798436142486,0.0,0.0,0.0,0.4952256817316423,0.0,0.276294020326164,0.0,0.0,0.17543859649122806,0.6076548165137614,0.11418803418803403,0.05351386202450048,0.12119635890767233,0.2710706150341685,0.0,0.0,0.0,0.0,0.4444444444444444,0.5094339622641508,0.0,0.07923748277446041,0.0,0.0,0.0,0.0,0.0,0.07992678462477132,0.5871949062610541,0.22222222222222232,0.0,0.24609595484477886,0.5714285714285714,0.9491525423728814,0.0,0.9242242001443348,0.0,0.6494504586397818,0.0,0.11231723526805482,0.0,0.09670329670329691,0.36555823051459513,0.8030018761726079,0.34702702702702726,0.23661971830985917,0.2857142857142857,0.0,0.0,0.0,1.0,0.007769353177946359,0.5714285714285714,0.8812445223488168,0.0,0.5525115653400701,0.35007849293563587,0.0,0.0,0.0,0.0,0.0,0.23642987249544645,0.9402985074626866,0.45833333333333337,0.0,0.7612117612117612,0.0,0.0,0.0,0.0,0.0,0.0,0.043062200956938024,0.0,0.11111111111111105,0.0,0.0,0.0,0.0,0.5854357798165137,0.0,0.4443401335981223,0.6154384872772547,0.0,0.15290269828291092,0.33333333333333337,0.0,1.0,0.6585365853658536,0.1976962228770427,0.0,0.0,0.3395862068965516,0.0,0.36842105263157887,0.75,0.0,0.0,0.3215320684564493,0.0,0.0,0.39734748010610066,0.0,0.7650515867833355,0.0,0.6733546866501481,0.0,0.0,0.6157721371827165,0.0,0.18483829650976635,0.0,0.36773631479599245,1.0,0.0,0.0,0.0,0.0,0.0,0.3677706376668314,0.0,0.6642929806714141,0.75,0.0,0.5,0.0,0.0,0.0,0.0,0.08623853211009169,0.9750365390236773,0.0,0.04111064288055433,0.0,0.0,0.0,0.0,0.48843464228079625,1.0,0.0,0.0,0.6557288864981172,0.0,0.250299107279811,0.42220722240971986,0.36786791994727885,0.5325583787676166,0.0,0.0,0.0,0.0,0.0,0.6700187125562741,0.0,0.0,0.0,0.0,0.0,0.0,0.7483870967741936,0.7495271548230209,0.0,0.0,0.8369565217391304,0.8352972310435122,0.5632914377343363,0.0,1.0,0.0,0.0,0.0,0.0,0.0,0.0,0.0,0.0,0.7593442129803715,0.0,0.0,0.0,0.0,0.0,0.0,0.5452830188679245,0.0,0.0,0.0,0.0,0.0,0.9118894009216589,0.0,0.9576379974326059,0.0,0.0,0.0,0.0,0.8437060794983604,0.0,0.0,0.0,0.0,0.0,0.0,0.0,0.0,0.0,0.0,1.0,0.0,0.0,0.6843365466697204,0.0,0.0,0.0,0.0,0.9096648858669257,0.0,0.1239892183288408,0.6481869943062633,0.723298969072165,0.0,0.7657172128960652,0.33143399810066465,0.0,0.0,0.0,0.0,0.7609515996718622,0.7720861172976986,0.2750944981100377,0.0,0.0,0.0,0.31931672369546615,0.0,0.5714285714285714,0.04928443649373904,0.0,0.0,0.3051430489134995,0.29999999999999993,0.0,0.6296296296296297,0.4568965517241379,0.09090909090909094,0.0,0.0,0.14663827198052937,0.0,0.2500000000000001,0.0,0.26195814648729454,1.0,1.0,0.0,0.5,0.0,0.4793190003274036,0.8222849083215797,0.0,0.0,0.5106707317073171,0.5,1.0,0.0,1.0,0.0,0.8797219703838017,0.0,0.0,0.0,0.36363636363636365,0.5674080798910577,1.0,0.36363636363636365,1.0,0.5714285714285714,0.0,0.0,0.0,0.0,0.0,0.5,0.68,0.0,0.6080067854113655,0.17817924194119716,0.0,0.0,0.375,0.0,0.0,0.5,0.9166666666666666,0.5416666666666667,0.0,0.793644996347699,0.0,0.1344213012669101,0.045071609098567667,0.0,0.0,0.5928143712574849,0.25,0.0,0.0,0.6666666666666667,0.0,0.0,0.0,0.6451918522027476,0.0,0.7370413511939429,0.7476635514018692,0.0,0.484375,0.0,0.0,0.8235294117647058,0.6875957120980092,0.7960954446854663,0.0,0.0,0.6363636363636365,0.5,0.1428571428571429,0.75,0.0,0.0,0.7724125023395096,0.0,0.0,0.0,0.0,0.8090893139147218,0.0,0.0,0.0,0.7959094865100087,0.46878579610538373,0.2508196721311473,0.8084866691701089,0.0,0.0,1.0,0.0,0.24084621643612703,0.0,0.0,0.0,0.38698078115313084,0.0,0.0,0.6666666666666666,0.0,0.0,0.0,0.0,0.0,0.0,0.0,1.0,0.0,0.9259592866150244,0.0,0.0,0.5,0.0,0.18431911966987624,0.0,0.0,0.0,0.643473260494537,0.0,0.0,0.5631320906657824,0.6427246496290189,0.17327342114982147,0.0,0.0,0.0,0.0,0.0,0.7629639992538705,0.0,0.0,0.0,0.0,0.0,0.0,0.5,0.7258335080729713,0.0,0.0,0.8041504539559015,0.14193656841869318,0.5316349293588956,0.0,0.25,0.0,0.0,0.0,0.0,0.0,0.0,0.0,0.0,0.6850760586542415,0.0,0.0,0.0,0.0,0.0,0.0,0.839541547277937,0.0,0.0,0.0,0.0,0.0,0.48583106267029974,0.0,0.6481069042316258,0.0,0.0,0.0,0.6000000000000001,0.7927819358112393,0.0,0.33333333333333326,0.0,0.0,0.0,0.0,0.0,0.0,0.0,0.0,0.8181818181818181,0.0,0.0,0.1696428571428572,0.4516599781101788,0.0,0.0,0.6548514142499104,0.6333153055705787,0.0,0.5340423817581177,0.5089605734767024,0.0,0.804513009440479,0.5946911275265849,0.7692307692307692,0.0,0.45584415584415583,0.6666666666666667,0.0,0.9770114942528736,0.9516509433962264,0.4042553191489361,0.25,0.0,0.0,0.8078922244616527,0.0,0.9010989010989011,0.31311329170383595,0.0,0.0,0.5249999999999999,0.4736842105263157,0.2857142857142857,0.5363247863247862,0.0,0.0,0.0,0.43333333333333335,0.2280701754385963,0.8571428571428572,0.0,1.0,0.0,0.0,0.0,0.0,0.0,0.33333333333333326,0.6497991967871486,0.6838085539714867,0.5714285714285714,0.0,0.17792207792207793,0.6,0.6842105263157894,1.0,1.0,1.0,0.7777777777777778,1.0,0.3203883495145631,0.0,0.0,0.75,0.6000000000000001,0.5,0.0,0.0,1.0,0.0,0.0,0.0,0.1735090386889676,1.0,0.5297937356760887,0.25,1.0,0.8431908548707754,0.33333333333333337,0.5221625251846878,0.15441176470588236,0.625,0.2811906269791006,0.5950920245398772,0.25,0.0,0.31707317073170727,0.8993055555555556,0.2222222222222221,0.1374095989480606,0.3928571428571428,1.0,0.0,0.0,0.0,0.26923076923076916,0.2857142857142857,1.0,0.2320390170699681,1.0,0.0,0.23452380952380958,1.0,0.18611408472243463,0.0,0.0,0.0,1.0,1.0,0.36363636363636365,0.5,0.0,0.6666666666666667,1.0,0.08333333333333337,0.0,1.0,1.0,0.0,1.0,0.0,0.0,0.7475728155339805,0.6923076923076923,0.5998012108069035,1.0,0.0,0.0,0.0,0.0,0.8340865074241446,0.8637951105937136,0.0,0.6080726891490477,0.683343057176196,0.0,0.0,0.0,0.375,0.21152715153891388,0.5,0.0,0.0,0.799081515499426,0.8,0.4,1.0,0.0,0.0,0.0,0.0,0.0,0.9160250116273061,0.0,0.4482758620689655,0.8034101337970343,0.4688768606224628,0.0,0.0,0.0,0.0,0.0,0.0,1.0,0.0,0.7059459459459461,0.4941278618105379,0.4336283185840708,0.0,0.0,0.0,0.0,0.0,0.0,0.7952232142857143,0.0,0.0,0.0,0.0,0.0,0.0,0.5555555555555556,0.7272727272727273,0.0,0.15294815987336774,0.8385093167701863,0.380003886513797,0.8202080237741456,0.0,0.5,0.3571428571428572,0.0,1.0,0.0,0.0,0.0,qsampled
0.0,0.0,0.0,0.0,0.0,0.0,0.0,0.0,0.0,0.0,0.49756733551690147,0.0,0.0,0.0,0.4,0.0,0.0,0.0,0.33333333333333326,0.0,0.0,0.0,0.0,0.0,0.6232406572835056,0.7024952015355086,0.0,0.0,0.0,0.0,0.0,0.0,0.0,0.8328173374613003,0.0,0.0,0.0,0.0,0.9151131280812302,0.0,0.014689356236955997,0.5754623442686554,0.34730435212905464,0.426172640892866,0.45474613686534215,0.26416733010060056,0.5312516399895042,0.0,0.6444579043004239,0.746811224489796,0.4895200925122868,0.33333333333333337,0.0,0.0,0.46820407679143305,0.0,0.0,0.747085201793722,0.5508150690273768,0.0,0.0,0.0,0.17094801223241585,0.9145114266904919,0.1992982456140352,0.0,0.4330008673026887,0.0,0.0,0.986784140969163,0.5992721391023049,0.13324732768153325,0.8,0.6139389193422083,0.4444444444444444,1.0,0.0,0.0,0.0,0.4,0.0,0.0,1.0,0.6553426096088213,0.0,0.22222222222222232,0.0,0.0,0.5714285714285714,0.0,0.25,0.3103242193336322,0.5,0.0,0.30000000000000004,0.8195033313143549,0.0,0.09670329670329691,0.0,0.0,1.0,0.0,0.2857142857142857,0.8961474036850922,0.0,0.0,0.0,0.019672635057250587,0.75,0.0,0.11111111111111116,0.0,0.0,1.0,0.0,0.27651356993736953,0.0,0.5792268199569968,0.0,0.01492537313432818,0.45833333333333337,0.08306349429818372,0.9192410317225022,0.0,0.0,0.4477498093058734,0.0,0.0,0.15460852329038643,0.043062200956938024,0.0,0.11111111111111105,0.0,0.5283018867924528,0.0,0.0,0.5225408293821028,0.0,0.0,0.5068273705088107,0.0,0.0,0.6666666666666667,0.0,1.0,0.0,0.36543029417138684,0.33333333333333337,0.0,0.0,0.0,1.0,0.0,0.0,0.5,0.0,0.0,0.0,0.599157212317666,0.7047004132231405,0.1703626943005182,0.7222222222222222,0.551489718841796,0.0,0.5243423401975955,0.611053180396246,0.0,0.0,0.5569453210166961,0.0,0.616717080056463,0.75,0.0,1.0,0.7845303867403315,0.0,0.5270240937703494,0.1923076923076923,0.5714285714285714,0.75,0.0,0.0,0.952731445032377,0.0,0.0,0.7879817774242535,0.0,0.3396534921494314,0.0,0.1966590736522399,0.9806339052050015,0.753555425676992,0.0,0.0,0.0,0.0,0.0,0.9648954256087362,0.0,0.0,0.4090132090132089,0.4915044500499739,0.0,0.8362295532106853,0.0,0.0,0.0,1.0,0.0,0.8691651818520421,0.0,0.0,0.0,0.0,0.0,0.0,0.0,0.0,0.0,0.7486100129271935,0.8369565217391304,0.08700480192076832,0.7591055732186273,0.0,0.5,0.0,0.0,0.0,0.0,0.0,0.0,0.0,0.0,0.0,0.0,0.0,0.0,0.0,0.0,0.0,0.0,0.9027777777777778,0.0,0.0,0.0,0.5,0.0,0.0,0.0,0.5,0.0,0.0,0.0,0.0,0.0,0.6237826755509994,0.9444822116474054,0.0,0.0,0.0,0.0,0.0,0.0,0.0,1.0,0.0,0.0,0.0,0.0,0.8706734032124275,0.0,0.0811170212765957,0.8013886646213467,0.5617206109009388,0.6458872219348164,0.7244156354350815,0.7159187129551228,0.9192147980369951,0.0,0.7128389415223784,0.6741405082212257,0.8221590909090909,0.0,0.0,0.0,0.25328154299491046,0.0,0.0,0.23627346794190573,0.5902266705916985,0.0,0.0,0.19999999999999996,0.5675310213172129,0.89806512505899,0.0,0.20382320711067814,0.7514450867052023,0.0,0.0,0.993103448275862,0.7414383561643836,0.0,0.9375,0.719982471516214,0.0,0.75,0.0,0.0,1.0,0.5,0.0,0.5,0.0,0.8196982883666957,0.0,0.0,0.0,0.6370967741935484,1.0,0.0,0.6000000000000001,0.0,1.0,0.0,0.29999999999999993,0.9818664307828394,0.0,0.36363636363636365,0.0,0.0,0.8636363636363636,0.0,0.5714285714285714,1.0,0.0,0.0,0.0,0.33333333333333326,0.0,0.0,0.0,0.6054773285105284,0.0,0.8125,0.0,0.0,0.0,1.0,0.5,0.0,0.5416666666666667,0.3140711462450593,1.0,0.0,0.12570579494799394,0.07636887608069165,0.0,0.0,0.5483870967741935,0.25,0.0,0.0,0.6666666666666667,0.3084431921102949,0.0,0.0,0.7270707711837512,0.0,0.8706954760297096,0.7476635514018692,0.0,0.0,1.0,0.0,0.8235294117647058,0.0,0.0,0.6000000000000001,0.0,0.7272727272727273,0.5,0.8571428571428572,0.0,0.0,1.0,0.0,0.0,0.0,0.7252208047105004,0.8213199785369343,0.0,1.0,0.38847305389221554,0.0,0.7945922372437855,0.4655316773653362,0.2775041050903121,0.0,0.5181173157125062,0.10434973637961331,0.6864707108609548,0.0,0.590621403912543,0.0,0.6405437824870053,0.0,0.6015281482015427,0.0,0.4,0.6666666666666666,0.0,1.0,0.9580421234375185,0.0,0.0,0.6715462031107045,0.0,0.0,0.0,0.0,0.9480283687943263,0.8031178840427395,0.0,0.0,0.14049586776859513,0.0,0.0,0.9752441110284933,0.0,0.0,0.0,0.8488911634254521,0.0,0.35204759794923746,0.0,0.0,0.0,1.0,0.0,0.9450265222918768,0.0,0.0,0.0,0.0,0.0,0.0,0.0,0.0,0.0,0.9592261125402425,0.7765632534962225,0.0,0.9822222222222222,0.0,0.0,0.75,0.0,0.0,0.0,0.0,0.0,0.0,0.0,0.0,0.0,0.0,0.0,0.0,0.0,0.0,0.0,0.526849702230746,0.0,0.0,0.0,0.33333333333333326,0.0,0.0,0.0,0.6666666666666667,0.0,0.0,0.0,0.0,0.0,0.0,0.5357142857142858,0.0,0.0,0.0,0.0,0.0,0.0,0.0,0.0,0.0,0.0,0.08994708994708978,0.4516599781101788,0.9772318753744758,0.0,0.0,0.30384419551934827,0.2192242833052277,0.39142695995487864,0.32737762888516664,0.0,0.4618204031765424,0.6371877010883249,0.0,0.8229994700582937,0.6077235772357723,0.6666666666666667,0.0,0.8493975903614458,0.0,0.0,0.0,0.1438356164383563,0.446969696969697,0.0,0.0,0.0,0.0,0.8559866034049679,0.5409836065573772,0.0,0.25,0.2857142857142857,0.7573696145124718,1.0,1.0,0.0,0.8478260869565217,0.44608256107834887,0.8571428571428572,0.8545454545454545,1.0,0.0,0.0,0.6,0.0,0.0,1.0,0.28873239436619724,0.0,0.5714285714285714,0.0,0.0,0.3999999999999999,0.0,1.0,0.6956521739130435,0.0,0.08823529411764708,1.0,0.0,0.0,0.0,0.0,0.5,0.75,0.0,0.0,0.5,0.0,0.0,0.5,0.21915236051502163,1.0,0.0,0.25,1.0,0.6969314838167298,0.6140350877192982,0.7289156626506024,0.8533916849015317,0.0,0.8841772151898735,0.5714285714285714,0.25,0.0,0.0,0.7889672867222578,0.2222222222222221,0.15551181102362233,0.8821138211382114,1.0,0.0,0.0,0.0,0.4900000000000001,0.2857142857142857,0.0,0.5639821554355482,1.0,0.0,0.22876988572708934,1.0,0.0,0.0,0.0,0.0,0.0,1.0,0.36363636363636365,0.0,1.0,0.33333333333333337,1.0,0.6085858585858586,0.0,0.5,1.0,0.0,0.5,0.6362157589953803,0.0,0.22972972972972971,0.3846153846153846,0.4003716530112339,0.2093023255813954,0.5555555555555556,0.0,0.0,0.0,0.8340865074241446,0.0,0.5560908465244323,0.9548713622943905,0.0,0.0,0.8,0.0,1.0,0.3353789207091369,0.5,0.39489051094890504,0.41463414634146345,0.5470588235294118,0.8,0.4,0.0,0.9314908825755274,0.0,0.0,0.9583333333333334,0.0,0.8416397849462366,0.0,0.0,0.7326200763550739,0.056534954407294946,0.0,0.0,0.0,0.0,0.0,0.9548144392402416,0.5,0.0,0.6298688524590164,0.488933228156466,0.0,0.2575370606851368,0.0,0.0,0.0,1.0,0.0,0.8814738088191773,0.0,0.0,0.0,0.0,0.0,0.0,0.0,0.0,0.0,0.8865107018417123,0.8184357541899442,0.6870826208987966,0.7513985700182486,0.0,1.0,0.3571428571428572,0.0,1.0,0.0,0.0,0.0,qsampled
0.5714285714285714,0.5555555555555556,0.0,0.0,0.8089042169619063,0.0,0.0,0.0,0.7422760709649503,0.6830753353973169,0.0,0.0,0.0,0.0,0.0,0.0,0.0,0.0,0.0,0.5757015029998145,0.0,0.0,0.7001684944869786,0.6777742848160955,0.3704175349232076,0.0,0.5989556135770234,0.5575868372943327,0.20444784856525433,0.0,0.0,0.22309997275946614,0.0,0.8714859437751004,0.0,0.0,0.0,0.0,0.0,0.0,0.15111174054666499,0.4371348808354443,0.8547062539481997,0.4518504442016248,0.48090948090948105,0.05355404089581306,0.4945187516391294,0.5084021553708267,0.7313432835820896,0.0,0.48949579831932777,0.0,0.01948586588601231,0.0,0.33413200177183566,0.23749650740430273,0.0,0.046526939536925216,0.3949137442293674,0.7925900862798173,0.0,0.0,0.09555479763528862,0.9278709269218601,0.17543859649122806,0.33182904167772764,0.0,0.8451816745655608,0.09508133230054239,0.8571428571428572,0.0,0.492360097323601,0.4285714285714286,0.08351976137211015,0.4444444444444444,0.15555555555555567,0.0,0.6063856960408684,0.6666666666666667,0.4,1.0,0.33333333333333337,0.0,0.8542674013268863,0.3294810534503836,0.33333333333333337,0.6785850133130468,0.23759705762157746,0.1428571428571428,0.0,0.6666666666666667,0.0,0.0,0.15422047538835848,0.0,0.6754297269969667,0.0,0.0,0.0,0.7695390781563126,0.4285714285714285,0.0,0.2857142857142857,0.5320754716981132,0.8002371072910492,0.0,0.0,0.8753210366565491,0.66,0.49344520188778185,1.0,0.0,0.0,1.0,0.29191863661352413,0.0,0.0,0.34150194060835826,0.5080736012016522,0.23880597014925375,1.0,0.12363359842844046,0.0,0.8504787125687513,0.05590496156533875,0.42288557213930345,0.75,0.6666666666666667,0.2619047619047621,0.0,0.0,0.0,0.0,0.0,1.0,0.0,0.5573338735818476,0.0,0.0733083480911001,0.19384754580411667,0.0,0.7568196939454425,0.0,0.35164835164835184,0.6328059950041631,0.6868884540117418,0.7158779462817467,0.0,0.0,0.0,0.75,1.0,0.5,0.9285714285714286,0.0,0.17448820980917423,0.0,0.7500503457071894,0.0,0.7384244020188719,0.15549029205416875,0.41666666666666663,0.0,0.0,0.037450031559015495,0.5717107862504938,0.0,0.0,0.41511634070069436,0.25633888048411513,0.0,0.6,0.8888888888888888,1.0,0.08103545301069204,0.8333333333333334,0.0,1.0,0.6125,0.75,0.0,0.0,0.0,0.0,0.0,0.6202951908221294,0.9506988173859622,0.0,0.0,0.5160427807486629,0.9369125701534924,0.9392524494980041,0.33333333333333326,0.5202673690118367,0.8160301237224314,0.16000000000000003,0.0,0.9395003176411313,0.0,0.9920218828356507,0.3442735042735041,0.0,0.36786791994727885,0.8335562184960396,0.0,0.0,0.0,0.0,0.5806471681905084,0.7376572352641118,0.9473684210526315,0.0,0.0,0.6666666666666667,0.0,0.0,0.0,0.0,0.0,0.0,0.0,0.2324128559394465,0.0,0.0,1.0,0.0,0.0,0.0,1.0,0.0,0.0,0.0,0.0,0.0,0.0,0.8888888888888888,0.0,0.0,0.0,0.7724679797653643,1.0,0.0,0.0,0.0,0.0,0.0,0.0,0.0,0.0,0.0,0.8425748009881966,0.0,0.0,0.8267788043907447,0.9775561097256857,0.0,0.0,0.6000000000000001,0.5189873417721519,0.5466433000808844,0.0,0.0,0.46182736957115533,0.0,0.5,0.0,0.0,0.0,0.0,0.0,0.0,0.22991556091676724,0.1218707839904063,0.8875393612235718,0.7373397228338299,0.0,0.04893617021276597,0.0,0.5024201271753105,0.0,0.0,0.34593175853018376,1.0,0.518047788510422,0.8771894904458599,0.34715080281246724,0.23935264054514482,0.0,0.18067075369635777,0.5860786856895808,0.8042495003681498,0.0,0.19999999999999996,0.5446496331899824,0.9010309278350516,0.0,0.5685942173479561,0.0,0.9115417017691659,0.6296296296296297,0.8888888888888888,0.0,0.790356394129979,0.39047619047619064,0.24786324786324776,0.0,0.2500000000000001,1.0,0.9564625850340136,1.0,1.0,0.0,0.0,1.0,0.9489075259324652,0.509090909090909,0.2500000000000001,0.9154929577464789,0.47018030513176157,0.0,0.0,0.0,0.0,0.0,0.43257377661561447,0.0,0.0,0.0,0.0,0.0,0.0,0.36363636363636365,0.0,0.5714285714285714,0.0,0.7901864573110893,0.0,0.33333333333333326,0.8095238095238095,0.5,0.905511811023622,0.5,0.0,0.0,0.6875,0.7263999999999999,0.3765743073047859,0.6296296296296295,1.0,0.6363636363636365,0.75,0.5,0.35974244120940624,0.2701438848920862,0.8928571428571428,0.5869320315433721,0.0,1.0,0.0,0.0,0.6666666666666667,0.0,0.33333333333333337,0.6666666666666667,0.0,0.0,0.0,0.7021249522840056,0.0,0.16644159351789323,0.5121951219512195,0.0,0.34388009991673607,0.0,0.44999999999999996,0.0,0.9019908116385911,0.8333333333333334,0.0,0.0,0.6363636363636365,0.0,0.0,1.0,1.0,0.5,0.7090103397341212,0.0,0.7054715249231751,0.3505102040816328,0.8237822349570201,0.28531390134529144,0.49764150943396224,0.0,0.0,0.7937184955409073,0.5578947368421052,0.2775041050903121,0.0,0.708885754583921,0.0,0.0,0.6,0.7513043478260869,0.0,0.4833029481079639,1.0,0.0,0.44999999999999996,0.0,0.6666666666666666,1.0,1.0,0.0,0.0,0.0,0.614505893019039,0.9526282669130708,1.0,0.0,0.0,0.9994930983389223,0.9286452947259566,0.5,0.7386649455670611,0.9873949579831933,0.13636363636363646,0.0,0.9631441957313899,0.0,0.8732394366197183,0.32149710338273707,0.0,0.6537934322665235,0.37040636578995323,0.0,0.0,0.0,0.0,0.6652542372881356,0.8576625401362312,0.9375,0.0,0.0,0.5,0.0,0.0,0.0,0.0,0.0,0.0,0.0,0.3654605528245629,0.0,0.0,0.0,0.0,0.0,0.0,1.0,0.0,0.0,1.0,0.8488965230064542,0.0,0.0,0.650632911392405,0.0,0.0,0.0,0.7158119658119657,0.6557566422795533,0.0,0.0,0.0,0.0,0.0,0.0,0.0,0.0,0.0,0.9697804808514682,0.0,0.0,0.6077797034469477,0.5764883195177091,0.7754524886877828,0.0,0.47339593114240996,0.6913192461450599,0.0,0.0,0.0,0.4772896500372301,0.0,0.0,0.0,0.0,0.28042328042328046,0.4516599781101788,0.0,0.0,0.593698175787728,0.543889021765128,0.8051708217913205,0.0,0.6734050445103857,0.2550623052959501,0.7921680603712014,0.8737029073572029,0.15384615384615385,0.75,0.0,0.0,0.20512820512820518,0.0,0.08308902395423667,0.20000000000000007,0.25,0.25356633380884475,0.46733668341708545,0.395745428973277,0.0,0.0,0.0,0.8632326820603908,0.0,0.26368363437328957,0.2932692307692307,0.7806122448979592,0.7052154195011338,1.0,0.0,0.6057339449541284,0.0,0.3900589721988207,0.8571428571428572,0.0,0.0,0.5201949860724234,0.6666666666666666,0.4,0.0,1.0,0.0,0.7368421052631579,0.2515723270440251,0.5714285714285714,0.7389184397163121,0.3860003104144032,0.19999999999999996,0.08510638297872364,0.8571428571428572,0.0,1.0,0.33333333333333337,1.0,0.0,0.0,0.5,0.0,0.33333333333333337,0.5,0.0,0.0,1.0,0.2857142857142857,0.0,0.5,0.5502645502645502,0.0,0.43472641102972853,0.0,0.0,0.6969314838167298,0.0,0.0,0.0,0.625,0.23495883470550982,0.7142857142857142,0.25,1.0,0.0,0.0,0.0,0.0,0.37903225806451624,0.0,1.0,0.36245954692556626,0.0,0.4204545454545454,0.0,0.33333333333333337,0.2320390170699681,1.0,0.0,0.22797579018157388,1.0,0.4314544189283229,0.6793924466338259,0.0,0.818880351262349,0.0,1.0,0.9090909090909091,0.41666666666666663,0.574074074074074,0.6666666666666667,1.0,0.08333333333333337,0.6666666666666666,0.0,0.0,0.5,0.5,0.21758802237578145,0.0,0.9190556492411467,0.0,0.8317544179267626,0.0,0.0,0.41880341880341887,0.0,0.0,0.8340865074241446,0.0,0.6244784422809457,0.004349627174813464,0.7698216735253773,0.8509803921568627,0.8,0.33333333333333326,1.0,0.6076149141842572,0.5,0.4545454545454546,1.0,0.7652849740932642,0.8,0.0,0.0,0.0,0.0,0.0,0.5967741935483871,0.8476425052779732,0.0,0.0,0.6681896551724138,0.09934356747816198,0.6395348837209303,0.0,0.3527524360130708,0.7504332755632582,0.5,0.0,0.907672104225661,0.5,0.9203682878830475,0.3928208846990572,0.0,0.0,0.06752708572569777,0.0,0.0,0.0,0.0,0.9360762436076244,0.45223858830392305,1.0,0.0,0.0,1.0,0.0,0.0,0.0,0.0,0.0,0.18717790146361568,0.0,0.14884990898560335,0.0,0.0,0.25,0.3571428571428572,0.0,1.0,1.0,0.0,0.0,qsampled
0.0,0.0,0.7523421808230997,0.0,0.0,0.7070504855262553,0.8636363636363636,0.0,0.7422760709649503,0.0,0.0,0.0,0.0,0.0,0.0,0.0,0.0,0.8738277919863597,0.0,0.0,0.0,0.5,0.7001684944869786,0.0,0.10493179433368316,0.0,0.0,0.7235815368337521,0.0,0.0,0.0,0.0,0.0,0.0,0.0,0.0,0.0,0.0,0.0,0.0,0.2950029052876235,0.0,0.8571235712357124,0.8840488874960828,0.8792679595738869,0.0,0.0706863429968565,0.6435152576573833,0.3291243030501805,0.0,0.4913268977839541,0.0,0.16658466296478536,0.0,0.0,0.23749650740430273,0.0,0.0,0.0,0.8173533376311317,0.3913591225729953,0.0,0.0,0.4585202863961815,0.1578947368421052,0.9801587301587301,0.4878472222222221,0.5772316950852558,0.12521499828001392,0.24166666666666692,0.0,0.6462650602409639,0.8,0.045139277324085514,0.33333333333333337,1.0,0.0,0.8932982616651418,0.0,0.0,0.0,0.33333333333333337,0.0,0.6115626437662937,0.2720198089847894,0.33333333333333337,0.0,0.281984897518878,0.0,0.44067796610169496,0.25,0.9266424828698105,0.5,0.83811850946854,0.6000000000000001,0.19756868946432093,0.0625,0.060439560439560336,0.0,0.0,1.0,0.0,0.0,0.0,0.8095572733661279,0.0,0.0,0.0,0.0,0.0,0.75,0.5876862446848965,0.6499999999999999,1.0,0.4926561427590941,0.45966562173458725,0.9166666666666666,0.22054308298673864,0.4123861566484517,0.4626865671641792,0.0,0.08128224646874782,0.0,0.9558282208588957,0.6173961503836757,0.0,0.0,0.6666666666666667,0.0,0.0,0.2864413680781759,0.0,0.25,0.5283018867924527,0.0,0.5,0.2433673469387756,0.6666666666666667,0.0,0.0,0.0,0.46512534095337055,0.0,0.35164835164835184,0.0,0.7119527449617791,0.0,0.33333333333333337,0.0,0.9724137931034482,0.75,0.9555555555555556,0.5,0.0,0.0,0.16759851261335967,0.25,0.5204718945176959,0.0,0.25474683544303767,0.5099070335242746,0.41666666666666663,0.6371442482184748,0.8333333333333334,0.028522205206737983,0.4751017244720016,0.6500718046912399,0.9891568931179464,0.6569756097560975,0.5704024370691038,1.0,1.0,0.05054479418886204,0.0714285714285714,0.0,0.0,0.27774953397729196,0.0,0.0,0.0,0.0,0.0,0.0,0.0,0.0,0.0,0.9622686283815852,0.837978227420493,0.0,0.023832935337360195,0.0,0.0,0.9624726362973002,0.22159915534029395,0.0,0.16000000000000003,0.0,0.0,0.16666666666666663,0.6328958212884258,0.9139938080495356,0.7816633982112291,0.0,0.5383724182014302,0.0,0.0,0.0,0.0,0.0,0.6560063661304055,0.0,0.0,0.0,0.6666666666666667,0.0,0.0,0.0,0.0,0.0,0.0,0.0,0.10799769151327376,0.0,0.0,0.5,1.0,0.0,0.0,0.0,0.0,0.875,0.0,0.0,0.7803216744972282,0.0,0.0,0.6714285714285715,0.7857142857142856,0.0,0.7731609073563706,0.0,0.0,0.0,0.0,0.0,0.0,0.0,0.0,0.8938244853737811,0.0,0.0,0.0,0.0,0.812892771036718,0.0,0.0,0.0,0.0,0.5189873417721519,0.0,0.0,0.0,0.0,0.0,0.0,0.0,0.0,0.0,0.0,0.0,0.0,0.307288317256163,0.0,0.883441258094357,0.6748170326014638,0.7217374057913526,0.09009483667017892,0.43391692413319594,0.769778528755054,0.26008344923504856,0.10095994703740485,0.34593175853018376,1.0,0.0,0.0,0.0,0.3146853146853147,0.0,0.0,0.0,0.8076175800616374,0.28346592874437915,0.19999999999999996,0.04063419728472406,0.6833156216790648,0.07251264755480591,0.8654060066740823,0.1325301204819277,0.7399286078531362,0.6296296296296297,0.4568965517241379,0.0,0.0,0.26521739130434796,0.0,1.0,0.75,0.0,0.8678777869529315,0.0,1.0,0.0,0.0,0.0,0.8210094319245446,0.2609308885754583,0.2500000000000001,0.0,0.43982808022922637,0.0,0.2647058823529411,0.6000000000000001,0.7640449438202247,1.0,0.9465517241379311,1.0,0.5897435897435898,0.140068886337543,0.36363636363636365,0.0,0.0,0.8636363636363636,0.0,0.0,0.0,0.8121224325412807,0.0,0.09999999999999998,0.1428571428571428,0.0,0.0,1.0,0.6066998364231189,0.22514619883040932,0.9375,0.03540252182347192,0.14473684210526327,0.3571428571428572,0.0,0.2727272727272728,0.08333333333333337,0.5416666666666667,0.28759595959595974,0.0,0.8928571428571428,0.0,0.16557448667540398,0.0,0.0,0.593271028037383,0.25,0.7454194792671167,0.33333333333333337,0.33333333333333337,0.2879764462481099,0.0,0.25,0.8014766201804757,1.0,0.040506329113924044,0.5,0.0,0.4790343074968234,0.0,0.44999999999999996,0.0,0.9019908116385911,0.3691860465116279,0.8,0.0,1.0,0.0,0.8571428571428572,1.0,0.0,0.5,0.499790092359362,1.0,0.6309839658553467,0.3429833169774289,0.12645322840279005,0.3144411300228108,0.5202265372168284,0.8428745432399513,0.8823529411764706,0.3357400722021662,0.6382621666977438,0.3709327548806941,0.48477011494252864,0.0,0.8785560602438441,1.0,1.0,0.0,0.0,0.0,0.0,0.38698078115313084,0.44999999999999996,1.0,0.0,1.0,1.0,0.0,0.0,0.0,0.0,0.9360778497268748,1.0,0.0,0.7382218844984803,0.0,0.0,0.9850746268656716,0.3111777608666457,0.0,0.13636363636363646,0.0,0.0,0.1724137931034483,0.46478873239436613,0.9332239650467884,0.823946225339125,0.0,0.7205600974082449,0.0,0.0,0.0,0.0,0.0,0.7841748563040349,0.0,0.0,0.0,0.5,0.0,0.0,0.0,0.0,0.0,0.0,0.0,0.0,0.0,0.0,0.0,0.6666666666666667,0.0,0.5,0.0,0.0,1.0,0.0,0.0,0.7093008002098911,0.0,0.0,0.5829815303430079,0.9333333333333333,0.0,0.7128416323474355,0.0,0.0,0.0,0.0,0.0,0.0,0.0,0.0,0.6156656770952272,0.0,0.0,0.0,0.6000000000000001,0.7927819358112393,0.0,0.0,0.0,0.0,0.7637956748695004,0.0,0.0,0.0,0.0,0.0,0.0,0.0,0.0,0.0,0.39429012345679004,0.0,0.0,0.0,0.0,0.7898739243546128,0.2418016275884295,0.3058234421364987,0.2730879435750494,0.0,0.5557055030739241,0.7692307692307692,0.7085124677558039,0.0,0.0,0.0,0.4913793103448275,0.01638530287984097,0.5,0.25,0.0,0.0,0.4409828167656977,0.7853191489361703,0.0,0.31311329170383595,0.20737887695114543,0.2184466019417476,0.7859477124183006,1.0,0.0,0.6546546546546548,0.0,0.0,0.14724770642201834,0.8333333333333334,0.0,0.2857142857142858,0.8805970149253731,1.0,1.0,0.6666666666666666,0.0,0.0,1.0,0.33333333333333326,0.7832140015910899,0.0,0.5714285714285714,0.0,0.35813730196831495,0.0,0.21052631578947367,1.0,1.0,0.0,0.38888888888888884,0.0,0.41176470588235303,0.0,0.0,0.0,0.6000000000000001,0.75,0.0,1.0,1.0,0.2857142857142857,0.0,0.5,0.033333333333333326,0.10909090909090913,0.0,0.33333333333333326,1.0,0.8431908548707754,1.0,1.0,0.5773115773115773,1.0,0.0,0.0,0.75,0.0,0.0,0.0,0.0,0.4842209072978303,0.3027522935779816,1.0,1.0,0.3679775280898877,0.0,0.0,0.0,0.0,0.6976177077471394,1.0,1.0,0.7527777777777778,0.0,0.36423186256334206,0.3549175320708613,0.0,0.0,0.0,0.0,0.9090909090909091,0.41666666666666663,0.6851851851851851,0.0,1.0,0.9811827956989247,0.6666666666666666,0.5,0.0,0.0,0.5,0.20505321309610847,0.25,0.05855855855855874,0.0,0.0,0.0,0.0,0.9758454106280193,0.0,0.580209388720027,0.12948717948717947,0.0,1.0,0.6163011387600168,0.22698838248436115,1.0,0.0,0.0,1.0,0.21800116890707188,0.5,0.6317512274959085,0.0,0.0,0.0,0.0,0.0,0.0,0.0,0.0,0.0,0.8435734463276836,0.8031411359724613,0.0,0.0,0.8102939754375786,0.4688768606224628,0.6666666666666667,0.15025218248581917,0.0,0.5,0.0,0.0,0.5,0.6562186727260576,0.8248087431693989,0.24579039959788895,0.0,0.6074141651607923,0.0,0.0,0.0,0.0,0.0,0.3872855850366512,0.0,0.0,0.0,1.0,0.0,0.0,0.0,0.0,0.0,0.0,0.0,0.5262182407907947,0.0,0.0,0.0,0.3571428571428572,0.0,0.0,0.0,0.0,0.8125,qsampled
0.5714285714285714,0.33333333333333326,0.0,0.0,0.0,0.8466199583412233,0.0,0.0,0.0,0.0,0.0,0.0,0.9053763440860215,0.0,0.0,0.0,0.0,0.0,0.0,0.0,0.0,0.0,0.0,0.0,0.0,0.0,0.6764032073310424,0.0,0.0,0.0,0.0,0.7006835305387982,0.0,0.0,0.0,0.0,0.0,0.0,0.8624199245644495,0.0,0.5233029381965553,0.3076773943388911,0.3147680962546089,0.8860818171282883,0.5597701149425287,0.0,0.6192990878540567,0.627957796974767,0.0,0.24396496475112162,0.9571147844179864,0.0,0.5290650406504064,0.6073888541014402,0.8929527495565232,0.0,0.8181094844048377,0.18138479001135077,0.5127202613678966,0.5837273038711888,0.2625563594421727,0.3170524527500529,0.0,0.0,0.09263157894736862,0.6049935055563574,0.434961106309421,0.0,0.9942041908158716,0.7160493827160493,0.0,0.6706030150753768,0.0,0.045139277324085514,1.0,0.0,0.0,0.6553807688300864,0.0,0.6000000000000001,0.0,0.0,0.0,0.7976035425892158,0.845923807047198,0.0,0.9460059993334073,0.28442991418062935,0.1428571428571428,0.0,0.25,0.0,0.0,0.0,0.0,0.14366638544052068,0.0625,0.0,0.4880382775119617,0.10821643286573146,1.0,0.5107816711590296,0.2857142857142857,0.515897435897436,0.31534939279315155,0.6428571428571428,0.0,0.93024128016002,0.0,0.0,0.0,0.0,0.7006802721088436,1.0,0.24702503077554383,0.0,0.0,0.255277788577427,0.16682494460272246,0.4626865671641792,0.0,0.34270925761608984,0.26587607471093977,0.8718849840255591,0.44008304364619544,0.9401381427475057,0.75,0.0,0.0,0.0,0.0,0.7777777777777778,0.0,0.75,0.0,0.0,0.8358597896208726,0.0,0.5679670551899105,0.8665228529054874,0.0,0.3723915328028822,0.0,0.40801886792452824,0.0,0.7061919504643963,0.3889384478144513,0.0,0.0,0.3171372291529876,0.75,0.0,0.0,0.0,0.5,0.451773417602113,0.0,0.41195023274024467,0.7698465643762509,0.5755425904317384,0.0,0.0,0.0,0.0,0.9534001956947162,0.5406418716256749,0.6480948543801082,0.0,0.215495608531995,0.9603542041525989,1.0,1.0,0.5825242718446602,0.15384615384615385,0.0,0.0,0.4405041657765434,1.0,0.6067510548523207,0.0,0.0,0.0,0.9677174055951759,0.0,0.0,0.707128278199253,0.0,0.2675392615812584,0.0,0.0976967856238925,0.0,0.0,0.0,0.0,0.0,0.15999999999999992,0.0,0.0,0.9285714285714286,0.897986296483092,0.0,0.0,0.0,0.23362436866215108,0.0,0.0,0.0,0.0,0.0,0.0,0.0,0.0,0.0,0.0,0.0,0.0,0.0,0.0,0.0,0.0,0.0,0.7125595046350979,0.0,0.0,1.0,1.0,0.0,0.0,0.0,0.0,0.0,0.0,0.0,0.0,0.0,0.0,0.6714285714285715,0.0,0.0,0.0,0.0,0.0,0.0,0.9385206532180596,0.0,0.0,0.0,0.0,0.0,0.0,0.0,0.0,0.0,0.0,0.0,0.15052660374777727,0.0,0.6000000000000001,0.0,0.0,0.0,0.0,0.6107893692978976,0.0,0.0,0.0,0.0,0.0,0.0,0.8827698317096846,0.0,0.2570529627687468,0.23884906411788143,0.2835272504592775,0.5657926978681695,0.43040330920372294,0.008470798038341387,0.9216599618886301,0.509023746701847,0.0,0.0,1.0,1.0,0.6880907372400755,0.9416799651820688,0.9012256669069935,0.0,0.764279743661187,0.15859609609609604,0.6637689558582054,0.7934266354252422,0.21955440190352593,0.5714285714285714,0.10798706145807413,0.0,0.0,0.2976804854534111,0.8473684210526315,0.0,1.0,0.8125,0.0,0.1862900280043832,0.0,0.0,0.0,0.0,1.0,0.9097054563013037,1.0,0.0,0.0,0.5,0.0,0.45604435164518686,0.9630723781388478,0.5,0.875725900116144,0.5483870967741935,0.0,0.0,0.6000000000000001,0.10830172777075431,0.0,0.0,0.0,0.0,0.12137780207763815,0.0,0.0,0.0,0.8636363636363636,0.49739583333333337,0.5714285714285714,0.0,0.3462555066079296,0.75,0.0,0.8095238095238095,0.0,0.0,0.0,0.0,0.7913604987753284,0.6875,0.7576443941109853,0.48364008179959106,0.0,0.0,0.0,0.08333333333333337,0.0,0.7339463370515527,0.21439006574141706,0.8928571428571428,0.0,0.8974641675854466,1.0,0.0,0.5154433742942544,0.6666666666666667,0.0,1.0,0.6666666666666667,0.671761028134769,0.0,0.0,0.7325050709939148,0.0,0.9606872451951077,0.7560975609756098,0.0,0.2213855421686748,0.0,0.44999999999999996,0.3529411764705882,0.9019908116385911,0.23951285520974308,0.0,0.0,0.6363636363636365,0.0,0.0,0.0,0.0,1.0,0.759937286728765,0.0,0.7093110249608923,0.651307596513076,0.830735343951203,0.0,0.0,0.0,0.0,1.0,0.4655316773653362,0.375487900078064,0.0,0.5676065676065676,1.0,1.0,1.0,0.2784491440080564,0.0,0.0,0.0,0.4286292316683902,0.44999999999999996,0.0,0.0,1.0,1.0,0.9493405030490775,0.0,0.0,0.6454227590591226,0.0,0.0,0.0,0.0,0.0,0.0,0.0,0.0,0.1355828220858898,0.13636363636363646,0.0,0.0,0.9259259259259259,0.8732394366197183,0.1159042130949931,0.2536926083752523,0.0,0.24641833810888258,0.0,0.0,0.0,0.0,0.0,0.0,0.0,0.0,0.0,0.0,0.0,0.0,0.0,0.0,0.0,0.0,0.0,0.9975669918152259,0.0,0.0,0.0,0.6666666666666667,0.0,0.5,0.0,0.0,0.0,0.0,0.8488965230064542,0.0,0.0,0.0,0.8428734321550742,0.0,0.0,0.0,0.0,0.0,0.8333333333333334,0.8840996168582376,0.0,0.0,0.0,0.0,0.0,0.0,0.0,0.0,0.0,0.0,0.0,0.8769230769230769,0.0,0.6077795786061588,0.0,0.0,0.0,0.0,0.8237704918032787,0.0,0.0,0.0,0.0,0.08994708994708978,0.0,0.9772318753744758,0.0,0.9402173913043478,0.4861351264809479,0.14028056112224463,0.2418016275884295,0.0,0.26580749093838096,0.4277777777777778,0.8715807659084366,0.15384615384615385,0.0,0.9239864864864865,0.0,0.7857142857142857,0.4651162790697675,0.496648460774578,1.0,0.0,0.25356633380884475,0.3846153846153847,0.017078604009759135,0.6403081914030819,0.72,0.5798319327731092,0.0,0.09836065573770503,0.0,0.25,0.2857142857142857,0.5555555555555556,0.2500000000000001,0.0,0.14724770642201834,0.23076923076923073,0.0,0.8571428571428572,0.0,0.0,0.7586206896551724,0.0,1.0,0.0,0.0,0.33333333333333326,0.6995305164319249,0.9375,0.0,0.8120764640436937,0.20045385779122538,0.19999999999999996,0.0,1.0,0.6666666666666667,1.0,1.0,1.0,0.4259818731117825,0.0,0.5,0.0,0.6000000000000001,0.75,0.0,0.0,0.25,0.0,0.0,0.0,0.6481931897150799,0.0,0.0,0.25,0.0,0.2716202783300199,0.0,0.0,0.0,0.0,0.0,0.5950920245398772,0.75,0.7,0.04878048780487809,0.8075284090909092,0.0,0.4680290046143706,0.7375886524822696,0.0,0.0,0.0,0.7142857142857143,0.26923076923076916,0.7142857142857142,1.0,0.5443181818181819,1.0,0.0,0.5511904761904762,1.0,0.5849176172370089,0.0,0.0,0.2297297297297296,0.0,1.0,0.0,0.41666666666666663,0.3447488584474886,0.6666666666666667,1.0,0.9473684210526316,0.6666666666666666,0.0,1.0,0.0,0.5,0.0,0.0,0.05855855855855874,0.3846153846153846,0.391681704906763,0.2373831775700933,0.0,0.21517287680429675,0.0,0.7854406130268199,0.8340865074241446,0.0,0.6244784422809457,0.0,0.9411764705882353,1.0,1.0,0.6890702512401985,0.0,0.21152715153891388,0.5,0.7876165113182424,1.0,0.7715909090909091,0.0,0.0,0.0,0.9256164747702716,0.0,0.0,0.9583333333333334,0.045038705137227186,0.6447303663080926,0.0,0.0,0.6514968927955388,0.0,0.0,0.0,0.328054298642534,0.5,0.0,0.0,1.0,0.9053164160809524,0.0,0.0,0.0,0.5935539392593414,0.0,0.0,0.0,0.0,0.0,0.0,0.0,0.0,0.0,0.0,0.0,0.0,0.0,0.0,0.0,0.15294815987336774,0.0,0.4177930199717571,0.0,0.0,0.0,0.3571428571428572,0.0,0.0,0.0,0.0,0.0,qsampled
0.0,0.0,0.0,0.0,0.0,0.0,0.9,0.0,0.0,0.768364952471861,0.651779593988927,0.32978723404255317,0.0,0.0,0.0,0.6333978546656989,0.0,0.9092715231788079,0.0,0.619046297452692,0.0,0.0,0.0,0.0,0.0,0.0,0.0,0.7602256699576869,0.14461216559557621,0.0,1.0,0.7203892312682452,0.0,0.2857142857142857,0.0,0.8209466263846928,0.47390642948061223,0.0,0.8306144842721287,0.0,0.14771278855686143,0.5296053511705686,0.34441035284802324,0.0,0.48090948090948105,0.0,0.48433482025715036,0.0,0.0,0.6331742551270476,0.37485984801295613,0.33333333333333337,0.0,0.5194560546300113,0.8793224504124979,0.23237854535242908,0.8300980203728618,0.047592877555506785,0.7246682750301567,0.0,0.5131902919451283,0.21269136379572284,0.09555479763528862,0.5278992219340497,0.1518324607329843,0.3891935684905896,0.15233362143474505,0.0,0.6984375,0.37681159420289856,0.9285714285714286,0.7397714706966458,0.4285714285714286,0.9271156194233117,0.5,1.0,0.0,0.38704088704088724,0.0,0.4,0.0,0.0,1.0,0.238445968739458,0.5070202808112325,0.33333333333333337,0.7044104410441044,0.6531096115265365,0.1428571428571428,0.0,0.6666666666666667,0.44897040621132,0.5,0.20775142550202452,0.6000000000000001,0.0,1.0,0.0,0.39619883040935666,0.2109375,0.4285714285714285,0.0,0.0,0.0,0.0,0.0,0.18181818181818188,0.0,0.66,0.8691358024691358,0.11111111111111116,0.5492580719785849,0.9678714859437751,0.0,0.0,0.4482758620689655,0.0,0.0,0.0,0.6194029850746269,0.5,0.8276138550352791,0.22270183852917658,0.0,0.6233967641881131,0.42873218304576133,0.0,0.0,0.7266666666666667,0.0,0.4134537172604522,0.33333333333333326,0.0,1.0,0.375,0.0,0.881482982171799,0.0,0.15674006997324552,0.0,0.5,0.07304442627418906,0.0,0.8228882833787465,1.0,0.0,0.02941176470588247,0.33333333333333337,0.0,0.34351851851851845,0.75,0.33333333333333337,0.5,0.9285714285714286,0.0,0.6684743311641359,0.0,0.9170606021890039,0.6389308822640141,0.10547166293810584,0.0,0.0,0.6245541309168032,0.0,0.03111874761359268,0.7076706733183782,0.0,0.7054590315616326,0.4318298836371125,0.0,0.0,0.0,0.0,0.0714285714285714,0.0,0.5,0.0,0.8269230769230769,0.21687763713080166,0.0,0.8,0.0,0.0,0.0,0.0,0.0,0.0,0.2632572635869158,0.0,0.14419159994381248,0.9872294276481784,0.0,0.33333333333333326,0.0,0.5965572888649813,0.16000000000000003,0.0,0.0,0.0,0.9386091127098322,0.0,0.0,0.44913830348999084,0.6282441801166043,0.0,0.0,0.0,0.0,0.0,0.0,0.0,0.0,0.0,0.0,0.994016454749439,0.0,0.6911764705882353,0.0,0.0,0.8604618142448929,0.0,0.0,0.0,0.0,0.5,1.0,0.0,0.5,0.0,0.0,0.0,0.0,0.0,0.0,0.0,0.0,0.0,0.8571428571428572,0.0,0.0,0.5454545454545454,0.9027777777777778,0.0,0.0,0.0,0.0,0.6233850129198966,0.0,0.9468085106382979,0.0,0.8931087652710236,0.0,0.0,0.0,0.0,0.19851176188190112,0.0,0.0,0.5189873417721519,0.5822065361873767,0.0,0.6666666666666667,0.6437462235649547,0.0,0.25,0.0,0.7391304347826086,0.6843135213906526,0.0,0.8807230407329454,0.0,0.2698550365506134,0.744422845505878,0.5617206109009388,0.0,0.0,0.00668747213553289,0.0,0.4704664474485447,0.1651898734177215,0.36612168319485394,0.34593175853018376,1.0,0.6493005994861547,0.6435643564356436,0.8995390739576786,0.2346850733390854,0.7622448979591837,0.14491614255765184,0.9115709524916686,0.0,0.2917820867959372,0.0,0.7441000852999715,0.7270471464019851,0.0,0.0,0.0,0.0,0.8666666666666667,0.36413043478260865,0.958041958041958,0.8682944876063633,0.26521739130434796,0.8500461680517082,1.0,0.75,1.0,0.041870581837955334,0.0,0.5,0.0,0.5,0.0,0.4720593117184906,0.5066469719350074,0.2500000000000001,0.41889276035617506,1.0,0.0,0.0,1.0,0.0,1.0,0.25513634665670537,1.0,0.0,0.0,0.0,0.5509391007398975,1.0,0.36363636363636365,1.0,0.0,0.0,0.0,0.0,0.33333333333333326,0.1428571428571428,0.5,0.9096045197740112,0.0,0.637295172474714,1.0,0.0,0.0,0.7617924528301887,0.0,0.0,0.2727272727272728,0.9166666666666666,0.5833333333333333,0.6155018855813208,0.21393643031784837,0.0,0.0,0.7434679334916865,0.0,0.0,0.8070044709388972,0.6666666666666667,0.6577558916637355,0.33333333333333337,0.6666666666666667,0.8564814814814815,0.375,0.0,1.0,0.0,0.7123417721518988,0.0,1.0,0.6142857142857142,0.0,0.9,0.8823529411764706,0.0,1.0,0.6000000000000001,0.0,0.6363636363636365,0.0,0.1428571428571429,1.0,1.0,1.0,0.6794201755250961,0.0,1.0,1.0,0.0,0.3144411300228108,0.0,0.789282250242483,0.0,0.0,0.49222395023328136,0.2775041050903121,1.0,0.7466167466167466,0.08567874358575667,0.0,0.0,0.0,0.0,0.0,1.0,0.0,0.8,1.0,0.0,1.0,1.0,0.0,0.0,0.0,0.0,0.2829484113103736,0.9094194170079499,0.0,0.7062627009052282,0.9966310086135037,0.0,0.5,0.0,0.916767189384801,0.13636363636363646,0.0,0.0,0.0,0.9436619718309859,0.7857552973342447,0.0,0.6537934322665235,0.3955566097406703,0.0,0.0,0.0,0.0,0.0,0.0,0.0,0.0,0.0,0.0,0.9155722326454034,0.0,0.5,0.0,0.0,0.9855888269885484,0.0,0.7845039421430817,0.0,0.0,0.0,0.6666666666666667,0.0,1.0,0.0,0.0,0.0,1.0,0.0,0.0,0.0,0.0,0.0,0.9333333333333333,0.0,0.0,0.8461538461538461,0.3431276169670491,0.8333333333333334,0.0,0.0,0.0,0.9119897959183674,0.0,0.5099750623441396,0.0,0.9687094982410664,0.0,0.0,0.0,0.0,0.0,0.0,0.0,0.7891472868217054,0.6241134751773051,0.0,0.7777777777777778,0.8237704918032787,0.0,0.0,0.0,0.8670105404799282,0.36009875382083234,0.0,0.7677793904208998,0.0,0.0,0.3353264769193972,0.3896664681357952,0.0,0.6749123130884254,0.30243534075892,0.7904824131547425,0.4366355140186915,0.3076923076923076,1.0,0.0,0.33333333333333337,0.20512820512820518,0.46096345514950177,0.31078224101479923,0.5,0.6923076923076923,0.25356633380884475,0.5396825396825395,0.024623359792645405,0.792713567839196,0.25482625482625487,0.0,0.20318169132012276,0.09836065573770503,0.7701149425287357,0.4374999999999999,0.2857142857142857,0.22222222222222232,0.0,0.8571428571428572,0.7458715596330274,0.0,0.8741755454084221,0.2857142857142858,1.0,0.0,0.4220055710306406,0.6666666666666666,0.6,0.0,0.0,1.0,0.0,0.4745417515274949,0.5714285714285714,0.4522673031026253,0.43197193685793045,0.19999999999999996,0.0,0.8571428571428572,0.6956521739130435,0.0,0.0,0.0,0.0,1.0,0.5,0.75,0.6666666666666667,0.5,0.0,1.0,0.0,0.0,0.0,0.5,0.0,1.0,0.53781512605042,0.25,1.0,0.30409356725146186,0.33333333333333326,0.4509966777408638,0.34838709677419366,0.625,0.27929069031032305,0.045112781954887105,0.25,0.19999999999999996,1.0,0.8864915572232646,0.2222222222222221,0.4842209072978303,0.02336448598130847,1.0,0.0,0.30666666666666664,0.7142857142857143,0.0,0.4285714285714285,0.33333333333333337,0.24233128834355844,1.0,0.0,0.1333333333333333,1.0,0.14924812030075185,0.3928571428571429,0.0,0.7692307692307693,0.0,0.0,0.18181818181818177,0.0,0.3447488584474886,0.33333333333333337,1.0,0.11868686868686873,0.6666666666666666,1.0,0.0,0.5,0.0,0.1865094704290684,0.0,0.8336221837088388,0.26923076923076916,0.6194728348574503,0.0,0.0,0.0,0.0,0.6080486980047344,0.2566171723692705,0.0,0.46015037593984975,0.0,0.33882030178326494,0.44482891195693963,0.0,0.025924147863658265,0.11111111111111116,0.21152715153891388,0.0,0.7006880733944953,0.8780487804878049,0.3784090909090909,0.0,0.8,0.0,0.0,0.0,0.0,0.0,0.0,0.10558978075738346,0.0,0.2068965517241379,0.3805357186380365,0.15829694323144095,0.0,0.0,0.8506787330316742,0.5,0.0,0.0,0.0,0.933486622377775,0.42969546845402895,0.0,0.4444444444444444,0.7624727028389047,0.0,0.0,0.0,0.0,0.0,0.0,0.0,0.0,0.0,0.0,0.9198283261802576,0.0,0.5555555555555556,0.0,0.0,0.7445587653343886,0.0,0.014050650579240598,0.0,0.0,0.25,0.3571428571428572,0.0,0.0,0.0,0.0,0.0,qsampled
0.5714285714285714,0.0,0.0,0.0,0.0,0.0,0.0,0.10526315789473684,0.0,0.0,0.0,0.0,0.0,0.0,0.0,0.5992053102524217,0.0,0.0,0.0,0.0,0.0,0.0,0.0,0.0,0.657909390027841,0.0,0.0,0.0,0.397644105435937,0.0,0.0,0.0,0.0,0.01176470588235301,0.0,0.7558078141499471,0.0,0.0,0.9443571204023892,0.0,0.0,0.0,0.348381309200285,0.0,0.48351408796119677,0.2591496426766766,0.4385493619879114,0.0,0.38636363636363646,0.0,0.2223943148688048,0.33333333333333337,0.0,0.41390298595538766,0.4995087163232963,0.0,0.0,0.0,0.0,0.0,0.38841265149275783,0.25660084313290454,0.0,0.9319203115638106,0.0,0.7419534538252044,0.39152981849611057,0.0,0.0,0.0,0.0,0.2699756690997567,0.0,0.9243763284483724,0.0,0.0,0.0,0.0,0.6666666666666667,0.6000000000000001,0.0,0.33333333333333337,1.0,0.0770805985823052,0.2833137944509574,0.22222222222222232,0.0,0.25644402634054553,0.0,0.0,0.6666666666666667,0.0,0.0,0.0,0.7,0.0,0.0625,0.060439560439560336,0.0,0.0,1.0,0.0,0.2857142857142857,0.5584415584415585,0.9115116755428103,0.0,1.0,0.0813321250566379,0.0,0.8746530989824237,1.0,0.0,0.49919871794871795,0.18542336548767424,0.24743677375256323,0.6465863453815262,0.9166666666666666,0.4309979906229071,0.864696734059098,0.0,0.45833333333333337,0.4878653675819309,0.7347190779995885,0.7996198320925075,0.3860598345003182,0.0,0.75,0.0,0.4769711163153786,0.0,0.0,0.0,0.0,0.5508021390374331,1.0,0.0,0.7274266114303533,0.0,0.0,0.0,0.0,0.4346944903167691,0.0,0.2997275204359672,0.6328059950041631,0.5020080321285141,0.36543029417138684,0.0,0.0,0.8415492957746479,0.25,0.7380952380952381,0.75,0.4285714285714285,0.0,0.624088915273243,0.0,0.4223948166299787,0.0,0.9309670781893004,0.0,0.7222222222222222,0.8514684641309581,0.0,0.0,0.7076706733183782,0.0,0.0,0.0,0.0,0.0,0.75,0.0,0.0,0.0,0.7916666666666666,0.34055273547659337,1.0,0.6125,0.0,0.0,0.0,0.9396144953263859,0.0,0.0,0.6202951908221294,0.8398987501977535,0.34241200097230085,0.0,0.025026923257011724,0.9363810530488208,0.0,0.0,0.0,0.7708237459733088,0.16000000000000003,0.0,0.0,0.9285714285714286,0.0,0.3665855636658556,0.40509198907240096,0.1053695879825226,0.8556909395391812,0.0,0.0,0.0,0.0,0.0,0.6751326266622374,0.0,0.0,0.0,0.0,0.0,0.0,0.6911764705882353,0.0,0.0,0.0,0.0,0.0,0.0,0.0,0.0,0.6818181818181819,0.9298379806689382,0.0,0.0,0.6971603337140202,0.0,0.0,1.0,0.0,0.0,0.0,0.0,0.0,0.7678571428571429,0.0,0.0,0.0,0.0,0.0,0.0,0.0,0.6340997475608924,0.0,0.0,0.0,0.0,0.0,0.0,0.0,0.0,0.3853532404704312,0.0,0.0,0.0,0.618243975652464,0.0,0.0,0.0,0.0,0.0,0.0,0.7073170731707317,0.0,0.0,0.8619796122912948,0.0,0.0,0.0,0.5617206109009388,0.0,0.0,0.7070446735395188,0.3304117869285984,0.0,0.19108802624384913,0.0,0.0,1.0,0.0,0.7376847290640394,0.7683457711442786,0.0,0.0,0.0,0.0,0.0,0.2801449025357944,0.5714285714285714,0.0,0.9010309278350516,0.18887015177065758,0.9174479483745281,0.6626506024096386,0.0,0.6000000000000001,0.0,0.0,0.0,0.0,0.859515899383009,0.5,0.0,1.0,0.0,1.0,0.0,0.0,0.0,0.0,0.0,0.43582510578279265,0.0,0.0,0.5283018867924529,0.0,0.0,1.0,0.11677282377919329,0.0,0.0,0.7,0.42391304347826086,0.16219512195121955,0.36363636363636365,0.0,1.0,1.0,0.0,0.5714285714285714,0.0,0.9415623136553369,0.0,0.0,0.0,0.0,0.8702702702702703,1.0,0.0,0.5704301075268817,0.0625,0.7576443941109853,0.5729927007299269,0.05053191489361708,0.0,0.8181818181818182,0.0,0.5416666666666667,0.3995047461824185,0.793644996347699,0.8571428571428572,0.0,0.06908171861836565,1.0,0.0,0.8492941625333842,0.0,0.0,0.33333333333333337,0.6666666666666667,0.8550484094052558,0.0,0.0,0.7413358538122243,0.0,0.8706954760297096,0.0,0.0,0.5005020080321285,0.0,0.44999999999999996,0.0,1.0,0.0,0.0,0.0,0.0,0.0,0.8571428571428572,0.75,0.33333333333333326,1.0,0.5112773302646721,0.0,0.6968226753729982,0.0,1.0,0.0,0.9583333333333334,1.0,0.0,0.0,0.8124787487249234,0.2775041050903121,0.0,0.0,0.13301262778111855,0.0,0.0,0.0,0.0,0.0,1.0,0.4452636784606394,0.44999999999999996,0.0,0.0,1.0,1.0,0.9494193567247188,0.0,0.0,0.6514819681705358,0.854220600769482,0.18915060670949324,0.0,0.743006340917568,0.9592666368551567,0.0,0.0,0.0,0.0,0.13636363636363646,0.0,0.0,0.9259259259259259,0.0,0.30451831702405785,0.5283626631297222,0.35103636497750246,0.3366078979897209,0.0,0.0,0.0,0.0,0.0,0.6510956344487855,0.0,0.0,0.0,0.0,0.0,0.0,0.5,0.0,0.0,0.0,0.0,0.0,0.0,0.0,0.032258064516129115,1.0,0.8892057026476579,0.0,0.0,0.7614855292450922,0.0,1.0,0.0,0.0,0.0,0.0,0.0,0.0,0.7142857142857143,0.0,0.0,0.0,0.0,0.0,0.0,0.0,0.48583106267029974,0.0,0.0,0.0,0.0,0.0,0.0,0.0,0.0,0.0,0.0,0.0,0.0,0.918918918918919,0.0,0.0,0.0,0.0,0.8181818181818181,0.0,0.775734203500445,0.0,0.4516599781101788,0.9807923169267707,0.0,0.0,0.0,0.39893421536199924,0.012918853451756473,0.6747708995698523,0.0,0.5625879043600563,0.5176217631111527,0.3076923076923076,0.75,0.0,0.33333333333333337,0.0,0.0,0.0,0.0,0.25,0.0,0.0,0.03657362848893175,0.7853191489361703,0.09523809523809523,0.31783276450511944,0.8559866034049679,0.4461538461538461,0.854679802955665,0.0,0.2857142857142857,0.7573696145124718,0.5,0.0,0.0,0.0,0.8741755454084221,0.0,0.4626865671641791,0.0,0.0,0.6666666666666666,1.0,0.0,1.0,1.0,0.12765957446808518,0.40340909090909094,0.5714285714285714,0.0,0.771551724137931,0.0,0.0,0.5714285714285714,0.0,1.0,0.0,1.0,0.0,0.0,0.0,0.0,0.6666666666666667,0.75,0.0,0.0,1.0,0.8571428571428571,0.0,0.0,0.46957671957671965,0.20000000000000007,0.5378151260504203,0.8333333333333333,0.0,0.2564102564102564,0.0,0.0,0.5691756272401434,1.0,0.27531645569620267,0.0,0.25,0.0,0.7560975609756098,0.5105837075048107,0.4444444444444444,0.48654855643044626,0.2978723404255321,0.0,0.0,0.14545454545454573,0.7142857142857143,0.26923076923076916,0.0,0.33333333333333337,0.3341159896689365,1.0,0.0,0.5523425240977359,1.0,0.0,0.3928571428571429,0.0,1.0,0.0,0.0,0.9090909090909091,0.08333333333333326,0.9701195219123506,0.6666666666666667,1.0,0.0,0.6666666666666666,0.5,1.0,1.0,0.0,0.9623918277051207,0.0,0.05855855855855874,0.6666666666666666,0.869484361792054,0.2373831775700933,0.5555555555555556,0.593429158110883,0.0,0.6080486980047344,0.20667209113100082,0.5523465703971119,0.4279250161603103,0.8710732984293195,0.06785411365564042,0.6543110394842868,1.0,0.0,0.11111111111111116,0.21800116890707188,0.0,0.0,1.0,0.7652849740932642,0.0,0.0,0.0,0.9281931034482759,0.0,0.0,0.5967741935483871,0.7083333333333334,0.5739660056657223,0.0,0.0,0.870513382051223,0.0,0.0,0.0,0.328054298642534,0.5,0.0,0.0,1.0,0.0,0.0,0.6628433030206096,0.0,0.2594736116852693,0.0,0.0,0.0,0.0,0.0,0.7582264361405466,0.0,0.0,0.0,0.0,0.0,0.0,0.5555555555555556,0.0,0.0,0.0,0.0,0.7417259639252027,0.0,0.0,0.5,0.7857142857142857,1.0,1.0,0.0,0.71043312448924,0.0,qsampled
0.5714285714285714,0.0,0.0,0.0,0.0,0.0,0.0,0.8217142857142857,0.0,0.0,0.49756733551690147,0.0,0.8455940608585932,0.7517777079704144,0.0,0.0,0.0,0.0,0.0,0.0,0.6723773762027693,0.5,0.0,0.0,0.0,0.0,0.6661002548853017,0.0,0.0,0.0,0.0,0.0,0.8931419457735248,0.0,0.0,0.0,0.0,0.0,0.0,0.0,0.2867634673045176,0.5372400019484633,0.34730435212905464,0.4854959529435423,0.48351408796119677,0.0,0.0706863429968565,0.0,0.6296239914751103,0.5595556745182012,0.17728514459760747,0.0,0.0,0.8865034869410638,0.39118092964743056,0.0,0.0,0.07946763147693503,0.708605969963233,0.8157841639523823,0.0,0.2212545604330941,0.0,0.0,0.1578947368421052,0.36319688598694133,0.45299145299145305,0.0,0.7922256621947024,0.28688524590163933,0.5871045254305166,0.0,1.0,0.6205392102024835,0.33333333333333337,0.5760869565217391,0.0,0.07712937137953246,0.0,0.4,0.0,0.0,1.0,0.0,0.24458273141460174,0.22222222222222232,0.7494149414941493,0.0,0.8571428571428571,0.44067796610169496,0.25,0.6583465589381042,0.0,0.5248744865358284,0.0,0.0,0.9375,0.0851648351648352,0.0,0.007504690431519689,0.7142857142857142,0.0,0.5714285714285714,0.0,0.7664578983994432,0.6428571428571428,0.0,9.925558312640081e-05,0.0,0.0,1.0,0.5930837062384837,0.0,0.0,0.816655562958028,0.27651356993736953,0.9166666666666666,0.5776551904585395,0.015677491601343907,0.0,0.45833333333333337,0.1456704572376215,0.0,0.0,0.440544243397742,0.0,0.0,0.0,0.12598425196850382,0.6698564593301436,0.9097004203692864,0.11111111111111105,0.25,0.0,1.0,0.5,0.9577219942980322,0.0,0.0,0.0,0.0,0.46512534095337055,0.33333333333333337,0.0,1.0,0.8634674922600619,0.0,0.33333333333333337,0.0,0.0,0.0,0.8333333333333334,0.0,0.0,0.0,0.0,0.0,0.0,0.0,0.18844742300941442,0.5997595250619975,0.7222222222222222,0.0,0.0,0.0,0.7049255893586197,0.0,0.38820988304709725,0.4243309510146591,0.0,0.616717080056463,0.0,0.0,0.0,0.0,0.0,0.5183479838147064,0.0,0.0,0.0,0.8,0.0,0.0,0.0,0.0,0.0,0.0,0.8385986214249225,0.0,0.14419159994381237,0.5720568927789933,0.0,0.0,0.0,0.0,0.76,0.0,0.0,0.15974282888229463,0.0,0.250299107279811,0.0,0.7266137144046338,0.6052107061503417,0.0,0.0,0.0,0.0,0.0,0.8566493667797813,0.0,0.9649122807017544,0.0,0.0,0.0,0.0,0.0,0.0,0.0,0.0,0.0,0.0,0.0,0.0,0.40201005025125625,0.0,0.5920439119400341,0.5,0.0,0.0,0.0,0.0,1.0,0.0,0.0,0.0,0.0,0.0,0.8476890756302521,0.0,0.0,0.9027777777777778,0.0,0.8200388283953743,0.9442764578833693,0.0,0.0,0.0,0.0,0.0,0.0,0.8688466150306251,0.0,0.0,0.0,0.0,0.0,0.8,0.0,0.0,0.0,0.0,0.0,0.7916666666666666,0.0,0.0,0.0,0.0,0.0,0.0,0.0,0.12613458528951482,0.8051330798479087,0.5617206109009388,0.20388751033912333,0.0,0.008151008151008221,0.6317127898279731,0.0,0.7245862884160756,0.6741405082212257,0.4363636363636364,1.0,0.0,0.9042857142857142,0.3612996092946741,0.0,0.0,0.23627346794190573,0.6127080181543116,0.8075569833256846,0.0,0.0,0.0,0.0,0.22764227642276436,0.5960604929051531,0.6157894736842104,0.0,0.8148148148148149,0.4374999999999999,0.7081490840176878,0.18474957050350216,1.0,0.8041191936897458,1.0,0.2500000000000001,0.0,0.2774566473988438,1.0,0.5,0.0,0.5,0.0,0.047432550043515986,0.2609308885754583,0.0,0.5657971014492754,0.6370967741935484,1.0,0.3392857142857143,0.6000000000000001,1.0,0.0,0.5759209344115004,0.0,0.6311584553928096,0.9586482881280569,0.36363636363636365,0.0,0.0,0.8636363636363636,0.0,0.8571428571428571,0.0,0.8047172575446822,0.75,0.33333333333333326,0.0,0.0,0.0,1.0,0.7857142857142858,0.0,0.0,0.9441298603246508,0.0,1.0,0.5192307692307692,0.0,0.08333333333333337,0.5416666666666667,0.3140711462450593,0.0,0.0,0.0,0.0,0.0,0.0,0.4973919523099851,1.0,0.9443631039531479,0.0,0.33333333333333337,0.0,0.0,0.25,0.925645872715816,0.0,0.0,0.5121951219512195,0.0,0.48962655601659744,0.0,0.0,0.8823529411764706,0.9019908116385911,0.4165588615782665,0.6000000000000001,0.0,0.7272727272727273,0.5,0.8571428571428572,0.0,0.0,1.0,0.0,0.0,0.0,0.25031133250311344,0.12645322840279005,0.3144411300228108,0.9583333333333334,0.0,0.0,0.7962170682278766,0.8537001706998695,0.3709327548806941,0.7239307681304534,0.7084673097534834,0.13301262778111855,0.6864707108609548,0.0,0.0,0.0,0.0,0.0,0.3499684144030323,0.44999999999999996,0.6511627906976745,0.0,1.0,1.0,0.0,0.0,0.0,0.0,0.0,1.0,0.0,1.0,0.7153383375648527,0.0,0.0,0.0,0.03517587939698463,0.8181818181818182,0.0,0.0,0.16499736425935696,0.0,0.0,0.0,0.7696369245372567,0.176948434188839,0.0,0.0,0.0,0.0,0.0,0.9438071255362805,0.0,1.0,0.0,0.0,0.0,0.0,0.0,0.0,0.0,0.0,0.0,0.0,0.0,0.0,1.0,0.0,0.4722222222222222,1.0,0.0,0.0,0.0,1.0,0.0,0.0,0.0,0.0,0.0,0.0,0.7142857142857143,0.0,0.0,0.526849702230746,0.0,0.9483333333333334,0.6849486938208541,0.0,0.0,0.0,0.0,0.0,0.0,0.7158718788374949,0.6000000000000001,0.0,0.0,0.7754524886877828,0.0,0.6077795786061588,0.0,0.0,0.0,0.0,0.0,1.0,0.0,0.0,0.0,0.0,0.4516599781101788,0.0,0.0,0.0,0.38060672464562084,0.4130941704035874,0.5301620130989314,0.8181818181818181,0.39055330634277996,0.0,0.6613239510033881,0.0,0.8229994700582937,0.18360433604336024,0.0,0.0,0.4651162790697675,0.03128103277060568,0.0,0.0,0.25356633380884475,0.8125,0.49729500371273994,0.0,0.2857142857142857,0.31783276450511944,0.0,0.09836065573770503,0.26368363437328957,1.0,0.2857142857142857,0.0,0.0,1.0,0.06578947368421051,1.0,0.32943525385054195,0.2857142857142858,0.46341463414634154,1.0,0.4220055710306406,0.0,0.6,0.0,0.0,1.0,0.10441767068273089,0.0,0.5714285714285714,0.5260620668876168,0.0,0.8,0.21052631578947367,1.0,0.5652173913043479,1.0,0.5,1.0,0.0,1.0,0.0,0.0,0.33333333333333337,0.75,0.0,0.0,0.0,0.2857142857142857,0.0,0.5,0.24392023346303482,0.0,0.0,0.0,0.7333333333333334,0.5784444444444444,0.38888888888888884,0.7757255936675462,0.16377171215880904,1.0,0.8822039265357822,0.1986062717770034,0.75,0.0,0.0,0.5471456061577934,0.2222222222222221,0.4842209072978303,0.339622641509434,1.0,0.0,0.0,0.7142857142857143,0.4318181818181819,0.2857142857142857,0.0,0.2320390170699681,1.0,1.0,0.6487334678323247,1.0,0.3005010548523207,0.3549175320708613,0.0,0.0,1.0,1.0,0.18181818181818177,0.6666666666666666,0.0,0.33333333333333337,1.0,0.6085858585858586,0.0,1.0,1.0,0.0,0.0,0.5999506416584404,0.0,0.2060185185185185,0.0,0.0,0.0,0.5555555555555556,0.40790513833992104,0.0,0.0,0.2566171723692705,0.0,0.0,0.05820328975115985,0.0,0.0,0.0,0.00630455868089197,0.0,0.2142717114291316,0.5,0.773469387755102,0.0,0.0,0.0,0.8,0.0,0.0,0.0,0.0,0.0,0.0,0.837755174621239,0.0,0.2068965517241379,0.009387292164386385,0.4928940568475453,0.0,0.0,0.0,0.41666666666666663,0.0,0.0,0.5,0.0,0.6475684257757224,0.0,0.010928961748634003,0.0,0.0,0.0,0.0,0.0,0.0,0.9114383269312847,0.0,1.0,0.0,0.0,0.0,0.0,0.0,0.0,0.0,0.0,0.0,0.5262182407907947,0.0,0.0,1.0,0.3571428571428572,0.5954198473282444,0.0,0.0,0.0,0.0,qsampled
0.0,0.0,0.0,0.9711934156378601,0.0,0.0,0.0,0.0,0.3842251840063656,0.7418919570141198,0.0,0.0,0.0,0.0,0.4,0.0,0.0,0.0,0.0,0.0,0.0,0.0,0.0,0.0,0.0,0.0,0.0,0.0,0.22662545243190413,0.0,0.0,0.0,0.890795631825273,0.0,0.0,0.0,0.0,0.0,0.0,0.0,0.1087625526401036,0.0,0.348381309200285,0.2274850570093928,0.45575933075933084,0.8826247022305638,0.5025963808025177,0.5091516387692774,0.37726053474084964,0.5586105150214593,0.33738998899889994,0.33333333333333337,0.0,0.5700923652519584,0.0,0.0,0.0,0.0,0.5483342435827416,0.5268487266032527,0.39520403246729174,0.24678111587982843,0.13050950262838668,0.0,0.1578947368421052,0.36100239868703443,0.4878472222222221,0.055445544554455606,0.7692909280500522,0.0,0.06625766871165617,0.2699756690997567,0.8648648648648649,0.045139277324085514,1.0,0.5666666666666667,0.0,0.27832087406555495,0.0,0.4,0.5,0.0,1.0,0.11815252416756161,0.8123124791643517,0.33333333333333337,0.0,0.2666423490789712,0.1428571428571428,0.0,0.6666666666666667,0.24771491380307764,0.0,0.6406513194834362,0.5,0.1565784704603117,0.0625,0.0,0.735166872682324,0.0,0.0,0.0,0.0,0.5320754716981132,0.3273248668578451,0.0,1.0,0.0,0.0,0.0,1.0,0.4611393827242086,0.0,0.0,0.8135778811935395,0.5157620041753653,0.0,0.8817385663314953,0.15832037325038884,0.0,0.5,0.19230082172204355,0.31246155738713255,0.0,0.0,0.48236590742101404,0.0,0.0,0.132411067193676,0.6698564593301436,0.9643202876503941,0.0,0.0,1.0,0.0,0.0,0.525279054497702,0.0,0.4023160254015691,0.6011705685618729,0.5,0.14852902889872444,0.0,0.0,0.1606994171523728,0.0,0.10999451854558728,0.33333333333333337,0.0,0.0,0.75,0.36842105263157887,0.0,0.0,0.0,0.4223888978020214,0.0,0.407556796635295,0.3821942446043166,0.2217518309978409,0.7667333778074272,0.0,0.6251214771622935,0.0,0.01000204123290438,0.4322474032105761,0.4862318251969783,0.6794748639129042,0.4153642384105961,0.619459635948086,0.0,1.0,0.0,0.15384615384615385,0.07339577799524655,0.0,0.0,0.1923076923076923,0.0,0.0,0.0,0.5,0.0,0.0,0.0,0.9097649663802385,0.08567828643427122,0.677466161342718,0.0,0.46354825115887066,0.9034815353108278,0.9640035540186827,0.0,0.0,0.7708237459733088,1.0,0.9619153480244637,0.0,0.6666666666666667,0.0,0.3442735042735041,0.43515874349067696,0.0,0.2572310859495627,0.0,0.0,0.0,0.0,0.0,0.6390529005599956,0.0,0.0,0.0,0.0,0.0,0.0,0.0,0.7151366503153469,0.0,0.0,0.0,0.266201831184543,0.528717265867732,0.0,0.0,0.3835227272727273,0.9202351485148514,0.5,0.0,0.6775207832114527,0.8125,0.0,0.0,0.0,0.9325544344131704,0.0,0.0,0.0,0.0,0.4839962392184115,1.0,0.0,0.8,0.0,0.0,0.5,0.0,0.0,0.0,0.0,0.0,0.0,0.0,0.0,0.0,0.14877516993715534,0.0,0.0,0.0,0.4994086172909039,0.0,0.0,0.0,0.7608247422680412,0.25,0.0,0.0,0.0,0.0,0.0,0.0,0.14095982142857155,0.0,0.5617206109009388,0.4162673228856365,0.7144034617762209,1.0,0.0,0.5026003708654966,0.2182223638101306,0.6909628170401378,0.2943722943722943,1.0,0.0,0.9416799651820688,0.0,0.0,0.0,0.0,0.6421636615811372,0.7933549167729488,0.314151190164792,0.5714285714285714,0.6377347751849745,0.0,0.0,0.5847807312158142,0.725,0.0,1.0,0.0,0.46853146853146854,0.0,0.8,0.0,0.5,0.2500000000000001,1.0,0.26195814648729454,0.0,0.5,1.0,0.5,0.0,0.0,0.8885754583921015,0.2500000000000001,0.0,0.5283018867924529,0.0,0.0,1.0,0.861995753715499,0.0,0.8797216699801192,0.7,0.4545454545454546,0.140068886337543,0.0,0.5934204976803037,0.0,0.0,0.0,0.0,0.0,0.29953198127925107,0.0,0.0,0.1428571428571428,0.0,0.0,1.0,0.5145532441146592,0.0,0.0,0.9537366548042705,0.13120567375886527,0.0,1.0,0.2727272727272728,0.0,0.5833333333333333,0.6308300395256916,0.1931540342298288,0.0,0.11557994757536039,0.03681442524417733,0.0,0.0,0.8382997370727432,0.33333333333333337,0.967716814159292,0.33333333333333337,0.0,0.8955036816543944,0.0,0.0,0.013971802362504837,0.0,0.0,1.0,1.0,0.19155590304925707,0.0,0.0,0.5882352941176471,0.0,0.23951285520974308,0.8,0.0,0.0,1.0,0.1428571428571429,0.0,0.0,0.5,0.9471270821635785,0.0,0.6667131631561818,0.7252208047105004,0.0,0.0,0.0,0.0,0.0,0.0,0.6664632906243644,0.8973727422003284,0.5012490496361464,0.6370531904807055,0.9307063197026022,0.0,0.6,0.24084621643612703,0.0,0.4849037307127929,0.0,0.0,0.0,0.4,0.0,0.0,0.0,0.0,0.0,0.0,0.9527449617790131,0.28298908162783,1.0,0.0,0.0,0.9701761062865446,0.9048603929679421,0.0,0.0,0.0,0.13636363636363646,0.9686726987335946,0.0,0.6551724137931034,0.0,0.2798490566037737,0.5569255865278511,0.0,0.2952074348539149,0.0,0.0,0.0,0.0,0.0,0.7164589648590995,0.0,0.0,0.0,0.0,0.0,0.0,0.0,0.5583554376657824,0.0,0.0,0.0,0.5917689449386332,0.5042479739490242,0.0,0.032258064516129115,0.0,0.8892057026476579,1.0,0.0,0.7367449018853406,0.7371428571428571,0.0,0.0,0.0,0.9411764705882353,0.0,0.0,0.0,0.0,0.7158119658119657,0.845108695652174,0.0,0.0,0.0,0.0,0.33333333333333326,0.0,0.0,0.0,0.0,0.0,0.0,0.0,0.0,0.0,0.0,0.0,0.0,0.0,0.9090909090909091,0.0,0.0,0.0,0.5759603469640645,0.0,0.0,0.0,0.28042328042328046,0.39429012345679004,0.0,0.0,0.593698175787728,0.0,0.36444308445532425,0.2418016275884295,0.2893577981651374,0.6673588823862563,0.7921680603712014,0.8737029073572029,0.3076923076923076,0.8229994700582937,0.0,0.33333333333333337,0.0,0.4568965517241379,0.09666901093280489,0.0,0.0,0.0,0.4930875576036866,0.017078604009759135,0.7853191489361703,0.09523809523809523,0.0,0.0,0.0,0.29503792667509465,1.0,0.2857142857142856,0.0,0.5,0.0,0.0,0.3076923076923077,0.0,1.0,0.4925373134328359,0.0,0.4220055710306406,0.6666666666666666,0.6,0.0,0.0,1.0,0.134344528710726,0.7780040733197556,0.5714285714285714,0.0,0.35813730196831495,0.19999999999999996,0.0,0.5714285714285714,0.13043478260869568,1.0,0.7777777777777778,0.5,1.0,0.0,0.5,0.5,1.0,0.0,0.0,1.0,1.0,0.0,0.0,0.0,0.12978524743230613,0.20000000000000007,0.0,0.0,0.07017543859649122,0.6969314838167298,0.38888888888888884,0.7628012048192772,0.872852233676976,0.0,0.32481363152289666,0.5714285714285714,0.25,0.19999999999999996,0.04878048780487809,0.0,0.2222222222222221,0.7083333333333334,0.9391891891891891,1.0,0.0,0.14545454545454573,0.7142857142857143,1.0,0.0,1.0,0.24233128834355844,1.0,0.0,0.0,1.0,0.6314955640050697,0.6793924466338259,0.0,0.2727272727272727,0.0,1.0,0.18181818181818177,0.0,0.29767441860465127,0.0,1.0,0.2592592592592592,0.6666666666666666,1.0,1.0,0.0,0.5,0.14841564187650458,0.0,0.6640000000000001,0.3846153846153846,0.6200338464018051,0.7619047619047619,0.0,0.0,0.0,0.6020230205790025,0.1468689477081988,0.5762514551804423,1.0,0.05820328975115985,0.1389288281811646,0.8509803921568627,0.8,0.1847826086956521,0.0,0.5279211637728766,0.5,0.5343558282208589,0.41463414634146345,0.0,0.0,0.4,1.0,0.0,0.0,0.0,0.8709677419354839,0.0,0.6979569892473119,0.0,0.6681896551724138,0.0,0.6451327433628318,0.0,0.0,0.7272727272727273,0.5,0.9703235879441724,0.0,1.0,0.0,0.22371838687628176,0.4941278618105379,0.0,0.6103545547395555,0.0,0.0,0.0,0.0,0.0,0.6972599688126532,0.0,0.0,0.0,0.0,0.0,0.0,0.0,0.7272727272727273,0.0,0.15294815987336774,0.0,0.0,0.4344774338457219,0.0,0.5,1.0,1.0,0.0,0.0,0.693792216146671,0.75,qsampled
0.5714285714285714,0.6928571428571428,0.0,0.0,0.0,0.6464040977365544,0.0,0.0,0.0,0.0,0.0,0.5366795366795367,0.0,0.0,0.0,0.0,0.0,0.0,0.0,0.0,0.9270637287546689,0.0,0.0,0.0,0.0,0.7559055118110237,0.0,0.0,0.6152630747353454,0.0,0.0,0.0,0.8950320512820513,0.0,0.0,0.0,0.0,0.0,0.0,0.0,0.9093520803055396,0.5433645067913604,0.0,1.0,0.5221046921616489,0.0,0.0,0.6346760657938906,0.6736499909698392,1.0,0.5038480664945892,0.33333333333333337,0.0,0.9722061180643181,0.5367773061611875,0.0,0.8181094844048377,0.0,0.7213002858239836,0.598099464288321,0.0,0.29668184775536754,0.7155995227679459,0.0,0.1578947368421052,0.6049935055563574,0.11284722222222221,0.1489795918367347,0.8001300390117034,0.3453237410071941,1.0,0.0,0.2857142857142857,0.6205392102024835,0.0,0.0,0.0,0.07108483431871315,0.0,0.0,0.0,0.0,1.0,0.23938525657723375,0.3511897022493825,0.33333333333333337,0.7044104410441044,0.0,0.0,0.44067796610169496,0.25,0.5768511593118923,0.5,0.0,0.5,0.0,0.0,0.0,0.6552631578947369,0.7695390781563126,0.6666666666666667,0.0,0.0,0.0,0.0,0.0,0.18181818181818188,0.0,1.0,0.0,1.0,0.49332648870636553,0.610576923076923,0.20640000000000003,0.24609695973705836,0.2744463017133305,0.0,0.4806907300660549,0.0,0.4626865671641792,0.5,0.0,0.0,0.9672028736529752,0.7468618157195688,0.47582501918649267,0.0,0.0,0.7476851851851851,1.0,0.9135301593508651,0.11111111111111105,0.0,0.0,0.0,0.0,0.8358597896208726,0.0,0.5988296488946685,0.010615711252653925,0.0,0.35748492373181984,0.6666666666666667,0.0,0.0,0.7061919504643963,0.10378220354467393,0.33333333333333337,0.0,0.0,0.0,0.0,0.75,0.0,0.0,0.6992618223760092,0.0,0.7406280605972202,0.8658728375645922,0.09252916356415963,0.0,0.0,0.6466670613308074,0.0,0.941435543387692,0.6918116376724655,0.6121567417463746,0.6268043409545886,0.43159575564025965,0.2619792725055883,0.0,0.6,0.8883495145631068,0.0,0.07339577799524655,0.0,0.5271309549241614,0.3076923076923077,0.0,0.0,0.8,0.5,0.0,0.0,0.0,0.0,0.77814467823683,0.0,0.0,0.41683340002667735,0.0,0.68933554258819,0.0,0.0,0.0,0.0,0.0,0.0,0.0,0.0,0.0,0.0,0.9556416123921845,0.9376515908118134,0.0,0.0,0.0,0.0,0.7431254285674302,0.0,0.0,0.0,0.0,0.0,0.0,0.8722586084578291,0.0,0.0,0.0,0.0,0.0,0.11598876372287659,0.0,0.0,1.0,0.3835227272727273,0.0,0.0,0.0,0.6816994183776641,0.0,0.0,0.0,0.0,0.0,0.0,0.6000000000000001,0.0,0.0,0.0,0.0,0.0,0.8,0.0,0.0,0.0,0.0,0.0,0.0,0.0,0.0,0.9001801098018792,0.0,0.0,0.0,0.371274387712744,0.0,0.0,0.0,0.6569212056485108,0.0,0.0,0.0,0.7608247422680412,0.25,0.0,0.0,0.0,0.0,0.0,0.0,0.9608240459304289,0.743830024123214,0.0,0.9612839990198481,0.4294574997816021,0.0,0.3085650723025587,0.7049812476889757,0.685835995740149,0.9817788758492897,0.34593175853018376,1.0,0.0,0.9733863566840012,0.48063805226151746,0.0,0.7622448979591837,0.0,0.7679893519673904,0.7976741354115928,0.0,0.5714285714285714,0.9001194981079467,0.0,0.07251264755480591,0.30350368221379154,0.0,0.0,1.0,0.4374999999999999,1.0,0.0,0.9452380952380952,0.7750692520775623,0.5,0.0,0.0,0.08217379889734822,1.0,1.0,0.0,0.5,0.0,0.04931960544315639,0.5066469719350074,0.2500000000000001,0.0,0.46091644204851767,0.0,0.3392857142857143,1.0,0.8121170864533697,1.0,0.0,0.7,0.5740432612312812,0.0,0.0,0.6874115983026874,1.0,0.36363636363636365,0.0,0.0,0.0,0.0,0.0,0.33333333333333326,0.1428571428571428,0.5,0.0,1.0,0.5255134995478621,0.3508601103537813,0.0625,0.6892612338156892,0.0,0.0,0.42307692307692313,0.4545454545454546,0.08333333333333337,0.5833333333333333,0.0,0.0,1.0,0.47395545739002387,0.7475192943770672,0.0,0.0,0.8439056791763534,0.6666666666666667,0.9455803962129048,0.0,0.6666666666666667,0.0,0.0,0.0,0.7413358538122243,0.0,0.9606872451951077,0.5121951219512195,0.0,0.19155590304925707,1.0,0.0,0.3529411764705882,0.9019908116385911,0.33333333333333337,0.6000000000000001,0.0,0.7272727272727273,0.5,0.0,0.75,0.0,0.0,0.9374803644360666,0.0,0.7075785582255083,1.0,0.0,0.0,0.0,0.5984481086323958,0.0,1.0,0.8122319597240351,0.3709327548806941,0.5523206237056889,0.7466167466167466,0.0,0.0,0.6,0.918429003021148,0.0,0.48366683007264133,0.0,0.6020320999865127,0.65,1.0,0.0,1.0,0.0,0.0,0.0,0.0,0.0,0.854220600769482,0.14453824507546686,0.0,0.0,0.0,0.36711478800413655,0.5,0.0,0.017704517704517864,0.0,0.0,0.0,0.0,0.0,0.09745415334165453,0.0,0.9670298809256347,0.8085067093438385,0.0,0.0,0.0,0.0,0.7409548039376466,0.0,0.0,0.0,0.0,0.0,0.0,0.9346022449975597,0.0,0.0,0.0,0.0,0.0,0.7901658349258678,0.0,0.0,0.0,0.0,0.0,0.0,0.0,0.7614855292450922,0.0,0.0,0.7509349289454001,0.0,0.0,0.0,0.58740234375,0.0,0.0,0.0,0.0,0.0,0.07042253521126773,0.0,0.0,0.0,0.0,0.0,0.0,0.0,0.0,0.858723315846881,0.0,0.0,0.0,0.4084507042253521,0.8888888888888888,0.0,0.0,0.8955223880597015,0.0,0.0,0.0,1.0,0.0,0.0,0.0,0.33333333333333326,0.0,0.0,0.0,0.9612903225806452,0.4093499839897534,0.0,0.8690442494574959,0.0,0.31396011396011403,0.161167374496352,0.15928346647300884,0.0,1.0,0.6013513513513513,0.33333333333333337,0.0,1.0,0.0,0.0,0.0,0.0,0.7409090909090909,0.017078604009759135,0.0,0.72,0.5263157894736843,0.0,0.09836065573770503,0.0,1.0,0.2857142857142857,0.0,0.0,0.8571428571428572,0.0,0.07692307692307698,0.32943525385054195,0.0,0.0,1.0,0.0,0.0,0.0,0.0,0.0,1.0,0.0234375,0.4745417515274949,0.5714285714285714,0.4565591180337817,0.0,0.0,0.0,0.5714285714285714,1.0,0.0,0.5,0.5,0.0,0.0,0.5,0.36,0.6000000000000001,0.5,0.0,1.0,0.0,0.0,0.0,0.5,0.0,0.20000000000000007,0.0,0.16666666666666663,0.0,0.8431908548707754,0.33333333333333337,0.0,0.1134421134421133,0.625,0.25015832805573157,0.0,0.75,0.19999999999999996,0.31707317073170727,0.71875,0.6666666666666667,0.75,0.0,1.0,0.0,0.2977099236641222,0.5714285714285714,0.52,0.2857142857142857,1.0,0.0,1.0,0.0,0.5511904761904762,1.0,0.38144736842105276,0.3549175320708613,0.0,0.0,0.0,1.0,0.0,0.41666666666666663,0.3447488584474886,0.33333333333333337,1.0,0.6085858585858586,0.0,0.0,1.0,0.0,1.0,0.10081354441512769,0.0,0.9190556492411467,0.8666666666666667,0.5905691915193103,0.2373831775700933,0.0,0.8529707955689829,0.0,0.7798041202296522,0.2566171723692705,0.0,1.0,0.1147125633409053,0.672787477423239,0.44482891195693963,0.8,0.002400384061449712,0.0,0.5751022793687901,0.5,0.30044182621502236,0.29268292682926833,0.0,0.0,0.8,1.0,0.0,0.0,0.0,0.0,0.6530612244897959,0.0,0.0,0.6715517241379312,0.6447289457891578,0.07883302296710115,0.0,0.0,0.06883365200764835,0.0,0.0,0.0,0.0,0.0,0.0,0.0,1.0,0.7028799779523218,0.0,0.0,0.0,0.0,0.9329288843950118,0.0,0.0,0.0,0.0,0.0,0.0,0.9138904573687182,0.0,0.0,0.0,0.15294815987336774,0.0,0.0,0.0,0.0,0.25,0.3571428571428572,0.0,1.0,0.0,0.7026905829596413,0.0,qsampled
0.5714285714285714,0.0,0.0,0.0,0.0,0.0,0.0,0.0,0.0,0.0,0.6930712213986464,0.32978723404255317,0.0,0.0,0.0,0.0,0.0,0.0,0.0,0.0,0.0,0.0,0.0,0.7659103658916662,0.0,0.6672113289760349,0.668931277763261,0.0,0.0,0.0,0.0,0.0,0.0,0.8714859437751004,0.7988879464706437,0.0,0.4855494839101395,0.0,0.0,0.0,0.0,0.6275014064132444,0.0,0.4023354060853468,0.4531037113739168,0.2591496426766766,0.48145816942040387,0.0,0.33333333333333337,0.6948576972833118,0.14610066027158353,0.0,0.0,0.42430978006551245,0.0,0.0,0.0,0.0,0.0,0.7925900862798173,0.0,0.2305519595151232,0.39448988809153407,0.4483714483714484,0.0,0.0,0.15233362143474505,0.0,0.0,0.31999999999999995,0.0,0.13324732768153325,1.0,0.0,0.0,1.0,0.0,0.22183662573411644,0.0,0.0,1.0,0.33333333333333337,1.0,0.0,0.0415397734194175,0.22222222222222232,0.0,0.0,0.5714285714285714,0.0,0.25,0.0,0.0,0.9721588315837517,0.30000000000000004,0.8222811671087533,1.0,1.0,0.0,0.013793103448275779,0.0,0.3032886723507917,0.2857142857142857,0.7741626794258374,0.0,0.6428571428571428,0.18181818181818188,0.0,0.0,1.0,1.0,0.4611851019531379,0.0,1.0,0.0,0.4482758620689655,0.9166666666666666,0.5875108038029386,0.0,0.5486725663716814,0.0,0.5133496856409823,0.3935436340499632,0.8490645364725666,0.0,0.6519129782445612,0.0,0.0,0.5435897435897434,0.44976076555023936,0.0,0.4444444444444444,0.0,0.6840620592383639,0.375,0.0,0.0,0.6666666666666667,0.0,0.16792225403043526,0.5,0.06974858069748568,0.33333333333333337,0.9065934065934066,0.478908188585608,0.5215427380125086,0.296875,0.33333333333333337,0.8571428571428572,0.534906270200388,0.0,0.0,0.5,0.8571428571428571,0.5,0.0,0.0,0.6115160349854228,0.38585322723253745,0.41542511187154496,0.0,0.41666666666666663,0.8833006645312426,0.6666666666666667,0.04729064039408848,0.4751017244720016,0.0,0.0,0.21545203192654805,0.21217326709689377,0.616717080056463,1.0,0.04721549636803879,0.15384615384615385,0.9912983425414365,0.0,0.8212154096581661,0.0,0.0,0.0,0.0,0.5,0.9430878765399998,0.0,0.0,0.0,0.0,0.0437827317053594,0.821081004397787,0.0,0.9627909976139808,0.9698084180668733,0.0,0.0,0.751230718739744,0.0,0.0,0.96486447614849,0.0,0.6210494999656726,0.3442735042735041,0.5108304061965234,0.4489741775733994,0.5328947368421052,0.0,0.0,0.0,0.0,0.0,0.0,0.0,0.0,0.0,0.0,0.0,0.0,1.0,0.0,0.0,0.0,0.0,0.0,0.0,0.0,0.7336683417085427,1.0,0.5834848395988506,0.0,0.0,0.0,0.0,0.0,0.0,0.0,0.0,0.0,0.0,0.0,0.0,0.0,0.0,0.9027777777777778,0.0,0.0,0.0,0.0,0.0,0.0,0.0,0.0,0.0,0.0,0.0,0.0,0.8917471772785474,0.0,0.9444822116474054,0.6000000000000001,0.0,0.0,0.0,0.0,0.0,0.0,0.0,0.8841698841698842,0.0,0.6253476360746921,0.0,0.0,0.0,0.21298963133640547,0.8467131767711507,0.0,0.6559028292104874,0.9059585207944695,0.723298969072165,0.0,0.0,0.7273869346733668,0.9579598145285935,0.0,1.0,0.0,0.7356849876948319,0.0,0.0,0.0,0.0,0.0,0.8075569833256846,0.0,0.5714285714285714,0.7274256870443073,0.41917525773195874,0.22000000000000008,0.462738301559792,0.0,0.0,0.6000000000000001,0.0,0.0,0.0,0.8,0.0764119601328902,0.5,0.75,1.0,0.041870581837955334,0.0,1.0,1.0,0.0,0.0,0.06201721474288224,0.0,0.0,0.0,0.6370967741935484,0.5,0.0,0.6000000000000001,0.11677282377919318,0.0,0.9629955947136564,0.29999999999999993,0.6850393700787402,0.9,0.8636363636363636,0.0,1.0,0.0,0.4375,0.5714285714285714,0.4285714285714286,0.0,0.75,0.0,0.1428571428571428,0.0,1.0,1.0,0.4846140797285835,0.0,0.6875,0.0,0.7730337078651686,0.3653846153846154,1.0,0.2727272727272728,0.9166666666666666,0.0,0.37023080546396614,0.42742653606411385,0.8928571428571428,0.09298610001597674,0.7287024901703801,0.0,0.0,0.5546728971962617,1.0,0.0,0.6666666666666667,0.6666666666666667,0.863730055729445,0.375,0.0,0.0,1.0,0.8701223063482819,1.0,1.0,0.5679012345679013,0.0,0.9,0.8235294117647058,0.7549770290964778,0.0,0.6000000000000001,1.0,0.0,0.5,0.0,1.0,1.0,1.0,0.0,0.0,0.9143829787234042,0.6335078534031413,0.8064746914684314,0.07685694635488305,1.0,0.7103293413173652,0.6470588235294118,0.5671609245529874,0.6632097925875553,0.2775041050903121,0.0,0.5791730129181476,0.0,0.6864707108609548,0.6,0.0,0.0,1.0,0.0,0.6830748927746618,0.44999999999999996,0.6511627906976745,0.0,0.0,0.0,0.9444840455662855,0.0,0.0,0.0,0.2829484113103736,0.9809494066208619,0.6657940663176265,0.5025932328970116,0.9922153553601141,0.8810754912099276,0.0,0.0,0.09926017262638742,0.0,0.0,0.9756549738986193,0.0,0.46478873239436613,0.2412040463853934,0.5538118787641384,0.6666666666666667,0.6163036714374611,0.0,0.0,0.0,0.0,0.0,0.0,0.0,0.0,0.0,0.0,0.0,0.0,1.0,0.0,0.0,0.0,0.0,0.0,0.0,0.0,1.0,0.6666666666666667,0.48043818466353694,0.5,0.0,0.0,0.0,0.0,0.0,0.0,0.0,0.0,0.0,0.0,0.0,0.0,0.0,0.526849702230746,0.0,0.0,0.0,0.0,0.0,0.0,0.0,0.0,0.0,0.0,0.0,0.0,0.7958078602620087,0.7754524886877828,0.2410714285714286,0.6077795786061588,0.0,0.0,0.0,0.0,0.0,0.0,0.0,0.7121212121212122,0.0,0.1696428571428572,0.0,0.0,0.0,0.6101694915254238,0.5430519014589812,0.0,0.5185185185185184,0.37010676156583633,0.0,0.7668269230769231,0.6904875918988198,0.0,0.0,0.09285714285714286,0.0,0.0,0.0,0.1646803900325028,0.0,0.0,0.0,0.0,0.390920757138274,0.0,0.09523809523809523,0.3087315130830488,0.44627407200669833,0.0,0.1791187739463601,0.4374999999999999,0.2857142857142857,0.7573696145124718,0.5,0.0,0.0,1.0,0.3467782851344495,0.0,1.0,0.0,0.44537230340988165,0.6666666666666666,0.0,0.0,1.0,1.0,0.0,0.05681818181818177,0.5714285714285714,0.0,0.0,0.6,0.0,1.0,0.0,1.0,1.0,1.0,0.16666666666666663,0.6666666666666667,0.75,0.0,0.33333333333333337,0.0,0.0,0.0,0.5,0.0,0.0,0.5,0.0,0.0,0.8101604278074865,0.16666666666666663,0.03798925556408295,0.0,0.0,0.5663716814159292,0.34838709677419366,1.0,0.8867088607594937,0.5714285714285714,0.25,0.7,0.7560975609756098,0.0,0.0,0.1374095989480606,0.16532258064516137,1.0,0.0,0.0,0.5714285714285714,0.17391304347826086,0.4285714285714285,0.33333333333333337,0.2776214593884825,1.0,0.0,0.9555555555555556,0.0,0.0,0.6793924466338259,0.0,0.20723226703755215,1.0,1.0,0.36363636363636365,0.08333333333333326,1.0,0.33333333333333337,0.0,0.0,0.0,0.0,0.0,0.0,0.5,0.19673339064226947,0.0,0.0,0.3846153846153846,0.8227046203226623,0.0,0.0,0.44649079143852666,1.0,0.38958403787622586,0.1468689477081988,0.0,0.615937687237867,0.0,0.7698216735253773,0.0,0.8,0.025924147863658265,0.0,0.8730641050774358,0.5,0.5659121171770971,0.0,0.0,0.0,0.4,1.0,0.9288762368332664,0.0,0.0,0.0,0.0,0.018669382213170493,1.0,0.22413793103448276,0.38457068138892936,0.0,0.0,0.0,0.6883116883116883,0.0,0.0,0.9548144392402416,0.5,0.6476087528119431,0.09640718562874273,0.4941278618105379,0.4444444444444444,0.0,0.0,0.0,0.0,0.0,0.0,0.0,0.0,0.0,0.0,0.0,0.0,0.0,0.888888888888889,0.0,0.0,0.0,0.0,0.7417259639252027,0.0,0.0,0.5,0.3571428571428572,0.5613437195715678,0.0,0.0,0.0,0.0,qsampled
0.0,0.6928571428571428,0.7867960750853242,0.0,0.0,0.0,0.9,0.0,0.0,0.0,0.0,0.0,0.0,0.0,0.0,0.0,0.0,0.0,0.0,0.0,0.0,0.5,0.0,0.0,0.0,0.0,0.0,0.7098052613597541,0.4050905383206511,0.0,0.7954545454545454,0.7006835305387982,0.0,0.0,0.0,0.0,0.0,0.0,0.0,0.0,0.0,0.5296053511705686,0.6217777895042348,0.38588850174216016,0.45575933075933084,0.2591496426766766,0.07415466295313111,0.0,0.43362298890131623,0.0,0.48599678907265353,0.33333333333333337,0.0,0.8865034869410638,0.45340046784960353,0.23749650740430273,0.0,0.15666692673792615,0.0,0.0,0.26290415553110125,0.23468316022873137,0.0,0.0,0.0,0.29421281891723705,0.11284722222222221,0.0,0.0,0.7224719101123596,0.48026315789473684,0.0,0.0,0.0,0.33333333333333337,0.0,0.0,0.0,0.0,0.4,0.0,0.33333333333333337,1.0,0.0,0.0,0.0,0.0,0.4338664158043274,0.0,0.0,1.0,0.3014394580863675,0.5,0.0,0.7,0.18103448275862066,0.0625,0.0,0.0,0.007504690431519689,0.4285714285714285,1.0,0.5714285714285714,0.4925373134328358,0.0,0.0,0.0,0.02850779510022272,0.0,0.88077430708315,1.0,0.0,0.5043616177636796,0.0,0.0,0.5157620041753653,0.9166666666666666,0.0,0.5110115714818961,0.4626865671641792,0.0,0.08306349429818372,0.3953750370589978,0.5695242001640688,0.9105740515429709,0.4477498093058734,0.0,0.0,0.9386248269497001,0.0,0.5211864406779659,0.0,0.0,0.0,1.0,0.0,0.28563102443398336,0.0,0.1513987144037059,0.09565350474441392,0.0,0.8164779968513382,0.0,0.8466981132075472,1.0,0.0,0.1976962228770427,0.33333333333333337,0.0,0.534906270200388,0.0,1.0,0.5,0.4285714285714285,0.0,0.1543967000846833,0.25,0.45433727214436204,0.768,0.16075102880658432,0.5152463651050081,0.41666666666666663,0.8988624795290576,0.0,0.0,0.0,0.0,0.9878442073927065,0.8926178861788618,0.48140635564570666,0.7954627949183303,0.0,0.19552058111380144,0.0,0.7831679015797568,0.0,0.0,0.3076923076923077,0.0,0.0,0.0,0.5,0.0,0.0,0.0,0.0,0.691452106432735,0.45376889213800997,0.0,0.07947355099974684,0.7964088397790055,0.0,0.0,0.0,0.48843464228079625,1.0,0.0,0.0,0.0,0.897986296483092,0.6775851393188854,0.7522353309463716,0.6636263261485287,0.22430072800919587,0.0,0.0,0.0,0.0,0.0,0.6647928408978543,0.0,0.0,0.0,0.0,0.0,0.0,0.0,0.0,0.0,0.0,0.8369565217391304,0.11318787236561001,0.5651969871178167,0.0,0.0,1.0,0.8131198214055726,0.5,0.0,0.0,0.0,0.0,0.0,0.7811316082703974,0.0,0.0,0.0,0.8571428571428572,0.0,0.0,0.0,0.0,0.8,0.0,0.0,0.0,0.0,0.0,0.0,0.0,0.0,0.0,0.0,0.0,0.0,0.15052660374777727,0.0,0.0,0.5189873417721519,0.5898483731939885,0.0,0.6666666666666667,0.6107893692978976,0.0,0.25,0.0,0.0,0.0,0.0,0.0,0.0,0.0,0.7434347080588394,0.7009948157489141,0.7174203113417346,0.7246175243393602,0.6503529411764706,0.546294740379768,0.0,0.3978974195603696,0.0,0.34593175853018376,1.0,0.0,0.8942939784380752,0.26271829916476863,0.2222222222222222,0.0,0.14491614255765184,0.0,0.0,0.22063285652362385,0.5714285714285714,0.0,0.5183246073298431,0.07251264755480591,0.7802293151533932,0.06024096385542177,0.31218274111675126,0.6000000000000001,0.7880434782608695,0.9318681318681319,0.18856034900630148,0.0,0.18467220683287167,1.0,0.0,0.0,0.0,1.0,1.0,0.0,0.0,0.0,0.04931960544315639,0.0,0.5,0.0,0.5660377358490567,0.0,0.0,0.0,0.8516645596291614,1.0,0.0,0.7,0.4545454545454546,0.10522832561217732,0.0,0.0,0.0,0.36363636363636365,0.49739583333333337,0.8571428571428571,0.0,0.0,0.0,0.09999999999999998,0.0,0.0,0.6628849270664505,1.0,0.0,0.5303183425972714,0.0,0.27427597955706984,0.15306122448979598,0.3571428571428572,0.0,0.6363636363636365,0.08333333333333337,0.0,0.28759595959595974,0.47516099356025754,0.5,0.5018020969855832,0.0,0.0,0.0,0.8254497001998667,0.0,0.6560712714474264,0.33333333333333337,0.6666666666666667,0.0,0.375,0.0,0.8218210361067504,0.0,0.0,1.0,0.0,0.48962655601659744,0.0,0.9,0.5882352941176471,0.0,0.7400468384074941,0.8,0.0,0.0,0.5,0.8571428571428572,1.0,0.33333333333333326,0.5,0.631106120157215,1.0,0.6608616780045352,0.7252208047105004,0.15147407658420875,0.3144411300228108,0.5202265372168284,0.5286236297198539,0.0,0.0,0.0,0.3709327548806941,0.7389240506329114,0.4838075258948472,0.0,0.9493016468626225,0.0,0.905638665132336,0.0,0.6402241095646761,0.0,0.0,0.65,0.55,0.0,0.0,0.0,0.0,0.0,0.0,0.0,0.7606167654684113,0.0,0.0,0.0,0.5926303202090438,0.0,0.5,0.0,0.23319615912208513,0.9545454545454546,0.0,0.0,0.0,0.8732394366197183,0.696660363312769,0.9921046308056709,0.742430613961312,0.37669885941528647,0.0,0.0,0.0,0.0,0.0,0.78260476061182,0.0,0.0,0.0,0.0,0.0,0.0,0.0,0.0,0.0,0.0,0.7749343082371758,0.6454707201980351,0.5302723683774011,0.0,0.0,0.6666666666666667,0.7784114052953157,1.0,0.0,0.0,0.0,0.0,0.8522536687631027,0.7731729879740981,0.0,0.0,0.0,0.9333333333333333,0.0,0.0,0.0,0.0,0.96,0.0,0.0,0.0,0.0,0.0,0.0,0.0,0.0,0.0,0.6000000000000001,0.0,0.0,0.0,0.0,0.0,0.7639902676399027,0.8955223880597015,0.0,0.7777777777777778,0.8225734968237552,0.0,0.0,0.0,0.0,0.0,0.4516599781101788,0.0,0.0,0.6531339031339032,0.4093499839897534,0.17096336499321574,0.39142695995487864,0.3120762323621039,0.0,0.0,0.5856919318088231,0.7692307692307692,0.0,0.6077235772357723,0.33333333333333337,0.0,0.4568965517241379,0.03128103277060568,0.5051546391752577,0.0,0.0685563612392881,0.0,0.0,0.650352733686067,0.09523809523809523,0.29899691358024694,0.0,0.0,0.18508092892329342,0.0,0.0,0.6502057613168725,0.2500000000000001,1.0,0.14724770642201834,0.23076923076923073,0.22863027806385183,0.2857142857142858,1.0,1.0,0.0,0.0,0.4,0.0,1.0,1.0,0.08910103420843296,0.3930753564154785,0.0,0.0,0.34251968503937014,0.0,0.0,0.0,0.13043478260869568,0.0,0.17647058823529416,1.0,0.41176470588235303,0.0,0.5,0.0,0.33333333333333337,0.5,0.0,0.0,1.0,0.0,0.0,0.5,0.1735090386889676,0.0,0.5378151260504203,0.16666666666666663,0.0,0.2806666666666666,0.33333333333333326,0.0,0.5257192676547515,0.0,0.27929069031032305,0.12337662337662325,0.75,0.7,0.0,0.0,0.8888888888888888,0.7831245880026367,0.8652482269503546,1.0,0.0,0.7608695652173914,0.7142857142857143,0.0,0.0,1.0,0.0,1.0,0.0,0.8206680116565792,1.0,0.7884779516358463,0.3549175320708613,0.0,0.08120649651972156,0.0,0.0,0.18181818181818177,0.0,0.0,0.0,1.0,0.0,0.0,0.5,0.0,1.0,0.5,0.22942286420717017,0.25,0.03986135181975747,0.3846153846153846,0.0,0.0,0.0,0.6329113924050632,0.0,0.580209388720027,0.05752961082910324,0.0,1.0,0.9508998776865281,0.6728619137505445,0.6666666666666667,0.0,0.0,0.0,0.39019879796578816,0.5,0.6390773405698779,0.29268292682926833,0.0,0.0,0.4,1.0,0.0,0.0,0.0,0.0,0.0,0.7032885299899059,0.0,0.7707006369426752,0.0,0.0,0.0,0.0,0.0,1.0,0.0,0.0,0.0,0.9053164160809524,0.6397349730683064,0.5380958338546228,0.010928961748634003,0.10954280454127052,0.0,0.0,0.0,0.0,0.0,0.7616837387964148,0.0,0.0,0.0,0.0,0.0,0.0,0.0,0.0,0.0,0.18648434403487912,0.9008620689655172,0.3891919191919191,0.8202080237741456,0.0,0.0,0.3571428571428572,0.8313047711781889,0.0,0.0,0.0,0.0,qsampled
0.0,0.33333333333333326,0.0,0.0,0.0,0.0,0.0,0.0,0.0,0.0,0.0,0.8537095088819227,0.0,0.0,0.0,0.0,0.0,0.0,0.0,0.6511350747600595,0.0,0.0,0.0,0.0,0.10638994190961892,0.0,0.4424184261036468,0.0,0.3033235853873648,0.0,0.0,0.058166116332232565,0.8904971680302076,0.0,0.0,0.0,0.0,0.0,0.0,0.0,0.0,0.0,0.0,0.0,0.45575933075933084,0.9239153973868476,0.0,0.5849571576654969,0.0,0.0,0.5038480664945892,0.33333333333333337,0.2354111735734542,0.0,0.5082753110375527,0.2385065477848981,0.0,0.1493276716206653,0.0,0.5803469378897266,0.2702716961223951,0.5905114401076716,0.0,0.0,0.0,0.3876166770379589,0.49572649572649563,0.055445544554455606,0.12119635890767233,0.927485380116959,0.4541120381406437,0.13324732768153325,0.4285714285714286,0.018671550453388086,0.8571428571428572,0.5272727272727272,0.0,0.06275468622656888,0.0,0.6000000000000001,0.0,0.0,1.0,0.0770805985823052,0.0,0.0,0.3288702928870295,0.0,0.0,0.9491525423728814,0.25,0.7816261879619852,0.0,0.0,0.0,0.0,0.0625,0.0,0.0,0.0,0.0,0.0,0.2857142857142857,0.515897435897436,0.0,0.0,0.18181818181818188,0.009895227008148932,0.66,0.0,0.11111111111111116,0.5955963938973647,0.49919871794871795,0.0,0.29191863661352413,0.2808390732623669,0.9166666666666666,0.0,0.5110115714818961,0.4626865671641792,0.7142857142857142,0.5147238740148521,0.2501173158141716,0.0,0.0,0.0,0.0,0.0,0.18981481481481488,1.0,0.0,0.0,0.0,0.5320855614973262,1.0,0.0,0.6381080475229769,0.0,0.0,0.0,0.0,0.7922606924643585,0.0,0.0,1.0,0.8027027027027027,0.36543029417138684,0.33333333333333337,0.8571428571428572,1.0,0.0,0.33333333333333337,0.5,0.0,0.0,0.18977322524101659,0.0,0.7484792268864058,0.5961651724363588,0.632046957816812,0.0,0.0,0.8924496345159565,0.0,0.3734723220704529,0.0,0.9157663877832832,0.0,0.6161649944258639,0.0,0.23065338276181646,0.5,0.05054479418886204,0.0,0.07790055248618777,1.0,0.4406109805597095,0.3076923076923077,0.0,0.0,0.0,0.0,0.0,0.0,0.0,0.0,0.6754151966267964,0.6593028667965315,0.0,0.0,0.7989221910527093,0.9705291667144841,0.0,0.5673682686041177,0.4038585209003215,0.15999999999999992,0.0,0.0,0.5714285714285714,0.0,0.0,0.5827331528969217,0.0,0.9266700743129006,0.0,0.0,0.0,0.0,0.7190733373054772,0.0,0.9473684210526315,0.0,0.0,0.0,0.0,0.9158608360516814,0.0,0.0,0.9133485404094361,0.4417781421172263,0.0,0.0,0.0,0.0,0.5,0.0,0.0,0.5,0.0,0.0,0.0,0.0,0.0,0.0,0.0,0.0,0.0,0.0,0.0,0.0,0.0,0.0,0.8,0.0,0.0,0.0,0.0,0.0,0.0,0.0,0.8929843727734764,0.0,0.0,0.0,0.0,0.047272727272727244,0.0,1.0,0.0,0.7074719118229151,0.0,0.0,0.46182736957115533,0.7916666666666666,0.25,0.0,0.0,0.0,0.0,0.0,0.0,0.0,0.0,0.0,0.0,0.9021486373360618,1.0,0.2914341975713818,0.764143306286123,0.0,0.0,0.2943722943722943,0.0,0.0,0.0,0.0,0.2222222222222222,0.0,0.14491614255765184,0.0,0.8386545834785639,0.22537878787878773,0.6857142857142857,0.0,0.5601659751037344,0.07251264755480591,0.0,0.7514450867052023,0.0,0.0,1.0,0.9318681318681319,0.0,0.39047619047619064,0.0,0.75,0.2500000000000001,0.0,0.03960905349794219,0.0,0.0,0.0,0.5,1.0,0.0,0.18316100443131456,0.5,0.5070422535211268,0.33149171270718236,0.0,1.0,1.0,1.0,0.0,0.0,0.0,0.0,0.12494402149574546,0.0,0.0,0.0,0.0,0.49739583333333337,0.5714285714285714,0.0,0.0,0.0,0.09999999999999998,0.0,0.5,0.0,0.0,0.5502695101945161,0.016183035714285587,0.0,0.7576443941109853,0.0,0.5,1.0,0.6363636363636365,0.08333333333333337,0.5833333333333333,0.38930139720558876,0.20564149226569606,0.0,0.11557994757536039,0.06908171861836565,0.0,0.0,0.0,0.6666666666666667,0.0,0.33333333333333337,0.6666666666666667,0.3042216963126956,0.375,0.0,0.6546943919344675,0.0,0.0,0.0,0.0,0.48962655601659744,0.0,0.0,0.5882352941176471,0.8686493184634448,0.0,0.6000000000000001,1.0,1.0,0.5,0.1428571428571429,1.0,0.0,1.0,0.5894125242091672,0.0,0.9260905807168658,0.6937431394072449,0.7820186598812553,0.0,0.0,0.7103293413173652,0.0,0.5537634408602151,0.0,0.25271149674620386,0.875,0.0,0.05880946688979194,0.0,0.0,0.0,0.0,0.4820989341350096,1.0,0.5463917525773196,0.65,1.0,0.0,1.0,1.0,0.0,0.0,0.0,0.0,0.7606167654684113,0.0,0.0,0.0,0.700602321140003,0.9597711216208326,0.5,0.49246536674338826,0.0,0.13636363636363646,0.0,0.0,0.6428571428571428,0.0,0.033772856788370054,0.9921528488570454,0.0,0.8114935064935065,0.0,0.0,0.0,0.0,0.7409548039376466,0.0,1.0,0.0,0.0,0.0,0.0,1.0,0.0,0.0,0.9479782270606532,0.9279595015576324,0.0,0.82305416732032,0.0,0.0,0.0,0.0,0.0,1.0,0.0,0.0,0.0,1.0,0.7966804979253113,0.0,0.0,0.0,0.0,0.0,0.0,0.0,0.0,0.0,0.07042253521126773,0.0,0.0,0.0,0.0,0.0,0.0,0.0,0.9697344627391263,0.0,0.0,0.0,0.0,0.7475113122171946,0.0,0.37815126050420167,0.0,0.8955223880597015,0.0,0.0,0.42810188989318,0.6340533672172808,0.0,0.0,0.0,0.0,0.0,0.0,0.0,0.0,0.0,0.0,0.0,0.32737762888516664,0.928214052643028,0.161167374496352,0.0,0.15384615384615385,0.0,0.6077235772357723,0.6666666666666667,0.0,0.8493975903614458,0.0,0.4042553191489361,0.0,0.0685563612392881,0.0,0.025694555965954824,0.6650862068965517,0.7034749034749035,0.29899691358024694,0.0,0.09836065573770503,0.7417311752287121,1.0,0.2857142857142857,0.6546546546546548,0.75,1.0,0.0,0.0,0.0,1.0,0.6785714285714285,1.0,0.4220055710306406,0.6666666666666666,1.0,0.0,0.0,0.0,0.0,0.17924528301886788,0.0,0.4495264960709249,0.0,0.0,1.0,0.5714285714285714,0.5652173913043479,1.0,0.5,1.0,0.0,0.0,0.5,0.0,0.33333333333333337,0.0,0.0,0.0,0.25,0.0,0.0,0.5,0.21915236051502163,0.0,0.0,0.25,0.8113207547169812,0.2806666666666666,0.38888888888888884,0.0,0.1134421134421133,0.0,0.27929069031032305,0.7142857142857142,0.75,0.19999999999999996,0.7560975609756098,0.867653461036134,0.2222222222222221,0.0,0.20740740740740748,1.0,0.0,1.0,0.5714285714285714,0.17391304347826086,0.0,1.0,0.5639821554355482,1.0,0.0,0.2284241201524322,1.0,0.3121044303797468,0.25778863775198524,0.0,0.0,0.0,1.0,0.18181818181818177,0.6666666666666666,1.0,0.33333333333333337,0.0,0.6843434343434343,0.0,1.0,0.0,0.0,0.0,0.22942286420717017,0.0,0.0,0.3846153846153846,0.8191611842105263,0.2373831775700933,0.0,0.5431553592934564,0.0,0.3971631205673758,0.0,0.946796851648899,0.0,0.6163011387600168,0.0,0.8170518207282913,0.8,0.0,0.0,0.5751022793687901,0.0,0.7891606080634501,0.29268292682926833,0.0,0.0,0.0,0.0,0.0,0.0,0.0,0.0,0.0,0.792222461273666,0.0,0.0,0.0,0.9143389199255121,0.0,0.750196044262438,1.0,0.5,0.0,0.0,0.0,0.0,0.0,0.8082687578302631,0.0,0.7007106768086169,0.0,0.0,0.0,0.0,0.9329288843950118,0.0,0.6666666666666667,0.0,0.0,0.0,0.0,0.8935361216730038,0.0,0.0,0.7768773635872501,0.24495449149188775,0.0,0.0,0.0,0.0,0.5,0.3571428571428572,0.0,0.0,0.0,0.0,0.0,qsampled
0.0,0.0,0.0,0.0,0.0,0.0,0.0,0.0,0.3748990306946689,0.0,0.0,0.0,0.0,0.0,0.4,0.6333978546656989,0.9875846501128668,0.8702205882352941,0.0,0.5788267198812904,0.0,0.5,0.0,0.0,0.0,0.0,0.668931277763261,0.5575868372943327,0.0,0.0,0.0,0.22309997275946614,0.0,0.0,0.0,0.0,0.0,0.0,0.0,0.0,0.14771278855686143,0.4906435671053362,0.44537250384024585,0.4023354060853468,0.48420538428137216,0.0,0.5314975085234723,0.6020992418198494,0.3599759098339499,0.5586105150214593,0.0,0.0,0.0,0.0,0.0,0.0,0.0,0.0,0.0,0.0,0.38669038091003405,0.21781946072684644,0.5567303319690768,0.44815898936989684,0.4649122807017544,0.0,0.45299145299145305,0.05351386202450048,0.0,0.0,0.06625766871165617,0.13324732768153325,0.8378378378378378,0.620096661796111,1.0,0.5851063829787233,0.0,0.08882698854843685,0.0,0.4,0.0,0.0,1.0,0.0,0.0,0.33333333333333337,0.0,0.0,0.5714285714285714,0.0,0.25,0.0,0.0,0.5487149822328734,0.6000000000000001,0.11331413380593713,0.0,0.0,0.39619883040935666,0.0,0.0,0.0,0.8571428571428572,0.515897435897436,0.3273248668578451,0.0,0.0,0.0,0.0,0.0,0.75,0.4611393827242086,0.7006802721088436,0.18542336548767424,0.24650971803996713,0.5462325193070341,0.0,0.0,0.015677491601343907,0.4626865671641792,0.45833333333333337,0.29688838138738205,0.0,0.5865519937451134,0.5805664791677039,0.440484937545922,0.0,0.0,0.6130690161527166,0.44976076555023936,0.7817793033594058,0.0,0.0,0.0,0.375,0.0,0.0,0.6666666666666667,0.3985822658873275,0.6330664154498353,0.5,0.5302727877578177,0.0,0.43728813559322033,0.0,0.0,0.0,0.33333333333333337,0.0,0.447802197802198,0.0,0.36842105263157887,0.0,0.0,0.5,0.0,0.0,0.6023193577163246,0.0,0.5494949494949494,0.21626733921815888,0.41666666666666663,0.0,0.0,0.074328187535735,0.0,0.9157663877832832,0.38820988304709725,0.42409060069933713,0.6407240185458889,1.0,1.0,0.0,0.0,0.07790055248618777,0.0,0.8592819465713799,0.1923076923076923,0.5625,0.75,0.0,0.0,0.0,0.0,0.0,0.0,0.0,0.677466161342718,0.0,0.5200534759358288,0.9053453615187828,0.0,0.0,0.0,0.0,1.0,0.0,0.0,0.0,0.6342546166075578,0.3442735042735041,0.0,0.36786791994727885,0.25025810448069374,0.0,0.0,0.0,0.0,0.7191697739089,0.0,0.0,0.0,0.0,0.0,1.0,0.9254773337171881,0.0,0.7495271548230209,0.0,0.0,0.0,0.2580435018638485,0.0,0.0,0.40201005025125625,0.0,0.7929653989133543,0.0,0.0,0.90785265049416,0.0,0.0,0.0,0.0,0.0,0.0,0.0,0.0,0.0,0.4839962392184115,0.0,0.0,0.0,0.0,0.0,0.5,0.6898587391946025,1.0,0.8938244853737811,0.0,0.8827413178396937,0.0,0.0,0.0,0.0,0.0,0.0,0.6000000000000001,0.5189873417721519,0.0,0.0,0.0,0.46182736957115533,0.0,0.0,0.0,0.0,0.0,0.0,0.0,0.0,0.19530553629791003,0.1409350498499663,0.46630642085187524,0.6559028292104874,0.0,0.006430868167202508,0.8710837955329036,0.7770733950745312,0.2182223638101306,0.6909628170401378,0.0,1.0,0.0,0.8822130970391182,0.0,0.0,0.0,0.0,0.0,0.0,0.2791939373062349,0.0,0.9143176555138545,0.41917525773195874,1.0,0.14825832453699261,0.6157894736842104,0.0,0.0,0.0,0.5806451612903225,0.0,0.7452380952380953,0.7750692520775623,0.5,0.2500000000000001,0.0,0.9248971193415638,1.0,1.0,0.0,0.5,1.0,0.06471679580923273,0.18316100443131456,0.2500000000000001,0.0,0.6370967741935484,1.0,0.0,1.0,0.2071917808219178,0.0,0.8008614976805831,1.0,0.0,0.0,0.0,0.5044285111767188,0.0,0.0,0.0,1.0,0.0,0.303875968992248,0.0,0.0,0.1428571428571428,0.0,0.0,1.0,0.4846140797285835,0.6995693938390196,0.0625,0.7576443941109853,0.15782828282828287,0.0,0.0,0.4545454545454546,0.08333333333333337,0.5416666666666667,0.6286626746506986,0.0,0.5,0.9844364351245085,0.827807486631016,0.0,0.0,0.8467917939764296,0.0,0.7007645875251509,0.33333333333333337,0.6666666666666667,0.39815583218072836,0.375,0.0,0.0,1.0,0.0,0.5121951219512195,1.0,0.0,0.0,0.44999999999999996,0.0,0.0,0.3667117726657646,0.6000000000000001,0.0,0.6363636363636365,0.5,0.1428571428571429,0.0,0.0,1.0,0.0,0.0,0.9315785894035231,0.3505102040816328,0.8237822349570201,0.0,0.5202265372168284,0.0,0.0,0.5570817383472191,0.0,0.3275862068965518,0.8338220918866079,0.6365532277941037,0.9403487672880337,1.0,0.6,0.0,0.0,0.48569083447332406,0.0,0.7162762397322787,0.0,0.5348837209302325,0.6666666666666666,0.0,1.0,0.0,0.0,0.0,0.0,0.0,1.0,0.0,0.0,0.9464946657957761,0.0,0.0,0.0,0.0,0.13636363636363646,0.0,0.0,0.0,0.46478873239436613,0.3181105617667833,0.0,0.655374940673944,0.2952074348539149,0.0,0.0,0.0,0.0,0.7401952495795103,0.0,0.0,0.0,0.0,0.0,1.0,1.0,0.0,0.7258335080729713,0.0,0.0,0.0,0.8949722735674677,0.0,0.0,0.7708333333333334,0.6666666666666667,0.7871674491392802,0.5,0.0,0.948112394414756,0.0,1.0,0.0,0.0,0.0,0.0,0.0,0.0,0.0,0.7085346215780998,0.0,0.0,0.8333333333333334,0.0,0.0,0.33333333333333326,0.9119897959183674,0.8840148698884758,0.5407450523864961,0.0,0.9689540937056318,0.0,0.6000000000000001,0.0,0.0,0.0,0.0,0.6077795786061588,0.7637956748695004,0.0,0.0,0.0,0.4772896500372301,0.0,0.0,0.0,0.0,0.0,0.0,0.0,0.0,0.593698175787728,0.5646127100637435,0.37496169169475935,0.5684210526315789,0.8245614035087719,0.2477388910735353,0.43112272677774144,0.5066841170421614,0.3076923076923076,0.8229994700582937,0.40582655826558267,0.0,0.0,0.0,0.09666901093280489,0.0,0.0,0.0,0.0,0.010064265793621852,0.7910353535353536,0.2857142857142857,0.477957906712173,0.4696920583468396,0.5081967213114753,0.1428571428571429,1.0,0.2857142857142857,0.8078078078078078,0.5,1.0,0.0,0.5384615384615385,0.2375946173254837,0.0,0.5952380952380952,1.0,0.04038997214484685,0.0,0.4,0.0,0.0,0.0,0.0,0.3930753564154785,0.5714285714285714,0.0,0.0,0.3999999999999999,0.0,1.0,0.0,1.0,0.38888888888888884,0.0,1.0,0.0,0.5,0.75,1.0,0.0,0.0,0.5,0.25,0.0,0.0,0.0,0.0,0.20000000000000007,0.0,0.33333333333333326,0.03798925556408295,0.2564102564102564,0.0,0.0,0.8939068100358423,0.0,0.26943556975505845,0.1986062717770034,0.75,0.0,0.04878048780487809,0.7702996092053843,0.8888888888888888,0.8333333333333334,0.0,1.0,0.0,0.12962962962962987,0.5714285714285714,0.0,0.0,0.6666666666666667,0.8680981595092024,1.0,0.0,0.0,0.0,0.6314955640050697,0.6793924466338259,0.0,0.20279720279720292,0.0,1.0,0.9090909090909091,0.0,0.0,0.33333333333333337,1.0,0.9473684210526316,0.0,1.0,1.0,0.0,0.5,0.5999506416584404,0.0,0.0,0.0,0.8179547102909178,0.768041237113402,0.0,0.36444557477110895,0.0,0.38958403787622586,0.0,0.9467756403867238,0.0,0.05820328975115985,0.1389288281811646,1.0,0.8,0.0,0.11111111111111116,0.5279211637728766,0.5,0.5666218034993269,0.41463414634146345,0.9,0.8,0.4,0.0,0.0,0.0,0.0,0.0,0.045038705137227186,0.701821994276161,0.0,0.6724137931034482,0.0,0.6376106194690265,0.0,0.0,0.0,0.0,0.0,0.0,0.5,0.6562186727260576,0.13978494623655924,0.0,0.196078431372549,0.6103545547395555,0.0,0.0,0.0,0.0,0.9329288843950118,0.0,0.0,0.0,0.0,0.0,1.0,0.9655561829474872,0.0,0.7272727272727273,0.0,0.23209339137316987,0.0,0.0,0.0,0.0,0.0,0.3571428571428572,0.8935230618253189,0.0,0.0,0.912643546820545,0.0,qsampled
0.5714285714285714,0.0,0.0,0.0,0.0,0.6717303278054316,0.0,0.0,0.7422760709649503,0.7090680665859019,0.4676012593601089,0.0,0.8456752076546036,0.0,0.4,0.0,0.0,0.0,0.0,0.6660040118559325,0.0,0.0,0.0,0.7395259607648987,0.3704175349232076,0.0,0.0,0.557112397197685,0.0,0.9324899503428706,0.0,0.058166116332232565,0.0,0.33333333333333326,0.0,0.0,0.0,0.0,0.0,0.0,0.9094224924012159,0.0,0.0,0.882892862794746,0.5618233618233619,0.0,0.36497021723896295,0.621120629125123,0.34028918830101873,0.0,0.0,0.33333333333333337,0.0,0.6073888541014403,0.0,0.0,0.0,0.0,0.0,0.7949811579307982,0.5633781984913475,0.11625332152347223,0.5664647273819656,0.0,0.17543859649122806,0.9797950642228316,0.4244984160506864,0.05351386202450048,0.12617030762371828,0.0,0.0,0.0,0.0,0.45032728477918627,0.7777777777777778,0.358490566037736,0.0,0.10383912248628879,0.6666666666666667,0.6000000000000001,0.0,0.0,0.0,0.16960588866738258,0.21739130434782605,0.0,0.0,0.28442991418062935,0.0,0.44067796610169496,0.25,0.18585005279831035,0.0,0.20775142550202452,0.6000000000000001,0.0,0.0625,0.0,0.6552631578947369,0.0,0.0,0.0,0.5714285714285714,0.5294117647058822,0.3100339538695702,0.0,1.0,0.2804112698624649,0.0,0.5384615384615385,0.5,0.0,0.0,0.18542336548767424,0.29152915291529147,0.2744463017133305,0.0,0.0,0.8841405508072174,0.4626865671641792,0.7142857142857142,0.0,0.0,0.0,0.05383566978193133,0.41542288557213924,0.0,0.0,0.0,0.0,0.9059564654929974,0.0,0.0,0.0,0.375,0.5,0.6360475627564148,0.6666666666666667,0.3082467748493698,0.08614115633024655,0.0,0.037437899219304516,0.0,0.0,0.1606994171523728,0.0,0.18892746208660693,0.33333333333333337,0.0,0.3301634472511146,0.0,1.0,0.0,0.8571428571428571,0.0,0.43559545570235314,1.0,0.0,0.6481754515296718,0.6966509680795395,0.0,0.4722222222222222,0.6599636032757052,0.0,0.07146952035161469,0.7049255893586197,0.9730631978818924,0.38820988304709725,0.0,0.8204224484262933,0.0,0.0,0.0,1.0,0.9911367473269556,0.0,0.0,0.0,0.0,0.0,0.0,0.0,0.0,0.0,0.0,0.9813224477221089,0.0,0.627077002650805,0.0,0.41683340002667735,0.0,0.0,0.0,0.5268698989424994,0.7708237459733088,0.16000000000000003,0.0,0.0,0.14606126914660822,0.0,0.0,0.0,0.0,0.6052107061503418,0.0,0.0,0.0,0.0,0.5996255726378354,0.8443425143407628,0.7368421052631579,0.0,0.0,0.0,0.0,0.0,0.7,0.0,0.0,0.5873355510606644,0.8369565217391304,0.14267898510973342,0.0,0.0,0.5,0.6818181818181819,0.0,0.0,0.0,0.7068390907820951,0.0,0.0,0.0,0.0,0.0,0.0,0.6714285714285715,0.0,0.0,0.7724679797653643,0.5945945945945946,0.8434268833087148,0.0,0.8178406958894764,0.0,0.5,0.0,0.0,0.0,0.0,0.9910055289542604,0.0,0.0,0.0,0.9803921568627451,0.0,0.0,0.0,0.5189873417721519,0.0,0.8486074744108546,0.0,0.46182736957115533,0.0,1.0,0.0,0.0,0.0,0.0,0.0,0.0,0.870004768717215,0.0,0.0,0.8967071736573893,0.3128491620111732,0.0,0.0,0.705461741424802,0.23266856600189934,0.06619903551074091,0.0,1.0,0.5376117832719622,0.9880668257756563,0.0,0.0,0.0,0.0,0.0,0.788692331670823,0.7039269720978298,0.0,0.0,0.0,0.0,0.8635496183206107,0.8473684210526315,0.0,0.6296296296296297,0.0,0.09090909090909072,0.0,0.0,0.7743589743589743,0.75,0.2500000000000001,0.0,0.2774566473988438,1.0,0.0,0.0,0.5,0.0,0.047432550043515986,0.2609308885754583,0.5,0.0,0.5371900826446281,0.0,0.3392857142857143,1.0,0.19979577944179716,0.0,0.13716525146962788,1.0,0.6311584553928096,0.13008748573602136,0.0,0.6497257769652651,0.0,0.0,0.0,0.8571428571428571,0.0,0.3918186298669294,0.0,0.0,0.5238095238095237,0.0,1.0,1.0,0.0,0.0,0.0625,0.7576443941109853,0.0,0.0,1.0,0.8181818181818182,0.08333333333333337,0.0,0.0,0.3071585098612125,0.0,0.6061914385449201,0.7475192943770672,0.0,0.0,0.41415192507804377,0.6666666666666667,0.9438746204972512,0.33333333333333337,0.6666666666666667,0.0,0.375,0.25,0.6546943919344675,1.0,0.7370413511939429,0.5121951219512195,0.0,0.2213855421686748,0.0,0.0,0.5882352941176471,0.0,0.7442489851150202,0.8,0.0,0.6363636363636365,0.5,0.1428571428571429,0.0,1.0,1.0,0.759937286728765,1.0,0.0,0.0,0.8237822349570201,0.0,0.39522653721682854,0.5984481086323958,0.0,0.5570817383472191,0.8122319597240351,0.9370932754880694,0.8338220918866079,0.0,0.6774996112579692,0.0,0.0,0.0,0.0,1.0,0.0,0.0,0.44999999999999996,1.0,0.0,0.0,1.0,0.0,0.0,0.0,0.9807314195831695,0.0,0.9789053061983087,0.0,0.0,0.0,0.0,0.0,0.7415168158904522,0.8429752066115702,0.13636363636363646,0.0,0.0,0.14336492890995278,0.0,0.10539201356407835,0.0,0.0,0.17327342114982147,0.0,0.0,0.0,0.0,0.6179760266192723,0.937166158356783,0.6875,0.0,0.0,0.0,0.0,0.0,0.5,0.0,0.0,0.8914889529298752,0.7835344215755855,0.6702453307306686,0.0,0.0,0.0,1.0,0.0,0.5,0.0,0.7563707927536962,0.0,1.0,0.0,0.0,0.0,0.0,0.5545276142416595,0.0,0.0,0.7189009661835748,0.6686246708527446,0.33710580607132334,0.0,0.9483333333333334,0.0,0.33333333333333326,0.0,0.0,0.0,0.0,0.9689540937056318,0.0,0.0,0.0,0.7027386839102321,0.0,0.0,0.0,0.7117008443908324,0.0,0.671461897356143,0.0,0.4772896500372301,0.0,0.8181818181818181,0.0,0.0,0.0,0.4516599781101788,0.0,0.0,0.9592391304347826,0.0,0.0,0.2480422681385036,0.0,0.6296296296296295,0.804513009440479,0.15928346647300884,0.3076923076923076,0.7085124677558039,0.40582655826558267,0.33333333333333337,0.3076923076923077,0.4651162790697675,0.06606519208381834,0.0,0.25,0.0,0.0,0.4977064220183486,0.19381313131313127,0.5054945054945055,0.7065120428189118,0.0,0.4918032786885246,0.7859477124183006,1.0,0.2857142857142857,0.6546546546546548,0.5,0.0,0.0,0.23076923076923073,0.32943525385054195,1.0,0.0,1.0,0.0,0.6666666666666666,1.0,0.0,0.0,0.33333333333333326,0.08910103420843296,0.0,0.0,0.0,0.20142036869144775,0.0,0.21052631578947367,1.0,0.6666666666666667,1.0,0.0,0.0,0.0,1.0,0.5,0.5,0.6000000000000001,0.0,0.0,0.0,0.2500000000000001,0.0,0.0,0.0,0.3643322475570032,0.2785714285714287,0.17796610169491522,0.33333333333333326,0.0,0.5658548707753479,0.33333333333333337,0.0,0.1134421134421133,0.0,0.25027322404371577,0.05521472392638038,0.75,0.7,0.31707317073170727,0.0,0.2222222222222221,0.0,0.0,1.0,0.0,0.0,0.0,0.532608695652174,0.0,1.0,0.2320390170699681,1.0,1.0,0.2337301587301588,0.0,0.13554852320675115,0.3549175320708613,0.0,0.0,0.0,1.0,0.18181818181818177,0.0,0.07692307692307698,0.0,1.0,0.9473684210526316,0.0,1.0,1.0,0.0,0.0,0.0,0.25,0.24042198778456414,0.6923076923076923,0.8494961392487894,0.768041237113402,0.7777777777777778,0.8901554404145078,0.0,0.39311043566362713,0.2566171723692705,0.38786489987047934,0.0,0.616892751165748,0.9608875517111696,0.44482891195693963,0.0,0.025924147863658265,0.0,0.8746277546158427,0.5,0.4531024531024531,0.0,0.0,0.0,0.4,0.0,0.0,0.0,0.0,1.0,0.045038705137227186,0.527769742551345,0.0,0.6681896551724138,0.8546856004759318,0.1226190476190474,0.0,0.3723401216760447,0.22191780821917806,0.5,0.0,0.0,0.5,0.0,0.0,0.0,0.16666666666666674,0.0,0.0,0.0,0.0,0.0,0.9329288843950118,0.5433006837922749,1.0,0.0,0.0,0.0,0.0,0.0,0.5555555555555556,0.0,0.0,0.2327355184498039,0.8184357541899442,0.06475308752301134,0.0,0.0,0.5,0.7857142857142857,0.0,0.0,0.0,0.7056467993732227,0.0,qsampled
0.0,0.0,0.0,0.0,0.0,0.0,0.0,0.0,0.0,0.7004636350864046,0.0,0.5366795366795367,0.0,0.6602289270879247,0.4,0.0,0.8390047566776436,0.0,1.0,0.7153700931656204,0.0,0.0,0.0,0.0,0.0,0.0,0.0,0.0,0.0,0.0,0.0,0.7203892312682452,0.0,0.0,0.0,0.0,0.0,0.0,0.0,0.0,0.4151810979060554,0.4403727523297021,0.8593797049081602,0.2577794669580502,0.0,0.05355404089581306,0.1074546675621223,0.47033269760542495,0.336885370680469,0.0,0.0,0.0,0.26154972097703766,0.0,0.0,0.0,0.7316025766152645,0.047020739602765205,0.7213002858239836,0.5062704962340985,0.0,0.22502896871378897,0.611869031377899,0.6661826518914788,0.631578947368421,0.3626131790744468,0.31467793030623026,0.5816125860373649,0.7660728117738188,0.6722689075630253,0.4375,0.7397714706966458,0.8,0.0,0.33333333333333337,0.0,0.0,0.0,0.0,0.4,1.0,0.0,0.0,0.16698526931294277,0.0415397734194175,0.0,0.0,0.29651902393893825,0.5714285714285714,0.45197740112994356,0.0,0.3531439314810946,0.5,0.5248744865358284,0.7,0.11705648720211825,0.0,0.0,0.0,0.09011627906976738,0.0,0.0,0.0,1.0,0.31950207468879654,0.0,0.18181818181818188,0.9224439775910365,0.8,0.0,0.0,0.0,0.0,1.0,0.0,0.9642023346303502,0.9166666666666666,0.0,0.051010886469673555,0.5,0.0,0.4499510922725791,0.3668633762517882,0.0,0.02181190501098451,0.43298585256887556,0.0,0.0,0.7374358974358974,0.0,0.0,0.0,0.0,0.0,0.0,0.0,0.0,0.0,0.0,0.0,0.0,0.49986372308530935,0.0,0.0,0.0,0.3470507544581618,0.0,0.33333333333333337,0.0,0.8415492957746479,0.75,0.0,0.5,0.4285714285714285,0.0,0.24657760730110445,0.0,0.5947501810282404,0.0,0.13632506835108882,0.24909485879797255,0.41666666666666663,0.0,0.0,0.03111874761359268,0.5717107862504938,0.0,0.3528837257119358,0.2742616033755272,0.2613064310696883,1.0,0.0,0.5825242718446602,0.15384615384615385,0.8791436464088398,0.0,0.7240238252812707,0.3076923076923077,0.0,0.875,0.0,0.0,0.0,0.0,0.0,0.6211475654437243,0.7787054768288013,0.026275389050264275,1.0,0.46354825115887066,0.7510882469331224,0.6963618390915447,0.0,0.7302497325082453,0.988833746898263,0.16000000000000003,0.0,0.0,0.0,0.0,0.0,0.42272742859102286,0.0,0.3431742132237706,0.0,0.0,0.0,0.0,0.0,0.0,0.0,0.0,0.0,0.0,0.9087551596784705,0.0,0.23214285714285698,0.7495271548230209,0.0,0.0,0.0,0.23824491399588743,0.0,0.0,0.2500000000000001,1.0,0.0,0.0,0.0,0.0,0.0,0.0,0.0,0.0,0.0,0.0,0.0,0.0,0.0,0.0,0.5480225988700564,0.0,0.8,0.0,0.7360807317558162,0.5,0.0,0.8571428571428572,0.0,1.0,0.8923640462102,0.0,0.0,0.0,0.0,0.0,0.0,0.0,0.0,0.0,0.0,0.0,0.6437462235649547,0.0,0.25,0.0,0.0,0.0,0.0,0.0,0.0,0.4183420818064769,0.23094034378159756,0.9046408137317228,0.4162673228856365,0.44065401695599515,0.06987951807228932,0.0,0.0,0.2985493682732804,0.0,0.3170603674540683,1.0,0.0,0.0,0.0,0.0,0.75,0.18067075369635777,0.7278964002158328,0.3041830679748545,0.0,0.0,0.1090592911560121,0.27626137303556675,0.9172821270310192,0.5728727058592599,0.0,0.7399286078531362,1.0,0.8125,0.34615384615384615,0.8233438485804416,0.26521739130434796,0.0,1.0,0.0,1.0,0.10387944854119913,0.0,0.5,1.0,0.5,0.0,0.0,0.0,0.5,0.0,0.0,1.0,0.2857142857142856,0.0,0.0,1.0,0.5013215859030836,0.7,0.0,0.0,0.0,0.0,0.0,0.0,0.0,0.0,1.0,0.3228758169934641,0.0,0.0,0.8095238095238095,0.0,0.0,0.0,0.3571428571428571,0.0,0.9375,0.0,1.0,0.3012195121951219,0.0,0.4545454545454546,1.0,0.0,0.28759595959595974,0.42742653606411385,0.0,0.11557994757536039,0.5588972431077694,0.0,0.0,0.723292469352014,0.25,0.0,0.33333333333333337,0.6666666666666667,0.0,0.0,0.0,0.508613617719442,0.0,0.8402903811252269,0.0,0.0,0.0,0.0,0.0,0.3529411764705882,0.0,0.3691860465116279,0.6000000000000001,0.0,0.16129032258064502,0.0,0.0,1.0,0.33333333333333326,0.0,0.712253606990449,0.0,0.9068092239387486,0.3505102040816328,0.8412371134020619,0.32078472958642634,0.5202265372168284,0.0,0.0,0.0,0.5394617933527462,0.20610687022900764,0.8338220918866079,0.5290548867191205,0.0,1.0,0.0,0.02552204176334094,0.0,0.8736516497461929,0.0,0.38904776391846685,0.65,1.0,0.6666666666666666,1.0,1.0,0.0,0.0,0.0,0.6514819681705358,0.8269697972302311,0.9875463698993111,1.0,0.0,0.939253491533803,0.8031178840427395,0.0,0.8528072687768505,0.8840336134453781,0.13636363636363646,0.0,0.0,0.0,0.0,0.7929777284615994,0.5624231695923685,0.0,0.3050609560474814,0.0,0.0,0.0,0.0,0.0,0.0,0.0,0.0,0.0,0.0,0.9222470238095238,0.0,0.5,0.7258335080729713,0.0,0.0,0.0,0.0,0.0,0.0,0.0,1.0,0.0,0.5,0.0,0.0,0.0,1.0,0.0,0.0,0.0,0.0,0.0,0.0,0.0,0.0,0.6606181954699035,0.0,0.07042253521126773,0.0,0.6904645040381956,0.33333333333333326,0.0,0.8840148698884758,0.0,0.6666666666666667,0.9689922480620154,0.0,0.0,0.0,0.0,0.7754524886877828,0.0,0.2455357142857143,0.0,0.0,0.0,0.0,0.8237704918032787,0.0,0.0,0.0,0.0,0.0,0.0,0.0,0.0,0.9733576642335766,0.543889021765128,0.7930197268588771,0.2418016275884295,0.0,0.24931399451195602,0.7521865889212828,0.6351010101010102,0.3076923076923076,0.0,0.7096491228070176,0.0,0.0,0.4873338870431895,0.09666901093280489,0.0,0.6923076923076923,0.05882352941176461,0.8367346938775511,0.8069696483057652,0.0,0.2857142857142857,0.7377701934015928,0.8135009122237988,0.6557377049180327,0.26368363437328957,0.7254901960784315,0.0,0.0,0.2500000000000001,0.8571428571428572,0.7458715596330274,0.8333333333333334,0.0,0.2857142857142858,0.0,0.0,0.0,0.6666666666666666,0.6,0.0,0.0,0.33333333333333326,0.134344528710726,0.0,0.0,0.0,0.31796897863623064,0.3999999999999999,0.21052631578947367,1.0,0.6956521739130435,0.0,1.0,1.0,0.16666666666666652,0.0,0.5,0.0,1.0,0.0,0.0,1.0,1.0,0.0,0.0,0.5,0.6726384364820847,0.8,0.0,0.25,0.0,0.6969314838167298,0.5,0.6737967914438503,0.0,1.0,0.2917888563049855,0.4285714285714286,0.0,0.7,0.0,0.0,0.2222222222222221,0.16688481675392686,0.0,1.0,0.0,0.30666666666666664,0.0,0.17391304347826086,0.0,0.0,0.2320390170699681,1.0,0.0,0.0,1.0,0.16369047619047616,0.3501144164759725,0.0,0.8094575799721836,0.0,1.0,0.0,0.5,0.0,0.33333333333333337,1.0,0.0,0.6666666666666666,0.0,0.0,1.0,1.0,0.0,0.0,0.0,0.0,0.0,0.0,0.0,0.3639964788732395,0.0,0.6080486980047344,0.7978030919446705,0.0,0.0,0.0,0.6759205983889528,1.0,0.0,0.6893903024483918,0.0,0.0,0.5,0.9265593561368209,0.29268292682926833,0.0,1.0,0.0,0.0,0.0,0.0,0.0,0.5967741935483871,0.7083333333333334,0.0,1.0,0.6681896551724138,0.0,0.6407678244972578,0.0,0.4628581561331697,0.7095310136157338,1.0,0.0,0.0,0.0,0.0,0.0,0.7067851934162095,0.448087431693989,0.21347501851437245,0.0,0.0,0.0,0.0,0.0,0.0,0.0,0.0,0.0,0.0,0.9100418410041842,0.0,0.5555555555555556,0.7272727272727273,0.0,0.0,0.0,0.6755509403484481,0.0,0.0,1.0,0.7857142857142857,0.0,0.0,0.0,0.0,0.0,qsampled
0.5714285714285714,0.0,0.7952518807548192,0.6936026936026936,0.0,0.8466199583412233,0.0,0.0,0.3842251840063656,0.8474912307457679,0.0,0.0,0.0,0.0,0.0,0.0,0.0,0.0,0.0,0.0,0.0,0.0,0.0,0.0,0.0,0.0,0.7514204545454546,0.0,0.0,0.0,0.0,0.0,0.0,0.0,0.0,0.862502619995808,0.0,0.0,0.0,0.0,0.8540408732001858,0.34811932555123226,0.33747090768037247,0.0,0.0,0.22954361328652428,0.0,0.5817433792537965,0.0,0.24396496475112162,0.0,0.33333333333333337,0.6756434462883831,0.47476518472135265,0.0,0.0,0.0,0.0,0.0,0.5018245361566532,0.0,0.3123398804440649,0.0,0.0,0.0,0.9671449067431851,0.15233362143474505,0.05351386202450048,0.0,0.2166105499438833,0.65625,0.0,0.8648648648648649,0.6101249178172254,0.33333333333333337,0.5760869565217391,0.0,0.0,0.0,0.4,0.0,0.33333333333333337,0.0,0.23938525657723375,0.2720198089847894,0.33333333333333337,0.696877269426289,0.5284974093264247,0.5714285714285714,0.0,0.0,0.7932943709627807,0.0,0.17676225105363186,0.5,0.1817118346656268,0.0625,0.0,0.735166872682324,0.0,1.0,0.0,0.5714285714285714,0.5294117647058822,0.31534939279315155,0.0,1.0,0.36047926612374814,1.0,0.0,0.0,0.8824435318275154,0.7004451427075151,1.0,0.0,0.4482758620689655,0.0,0.0,0.0,0.23880597014925375,0.0,0.0,0.0,0.9347037484885127,0.0,0.0,0.0,0.6666666666666667,0.9280792420327304,0.7708333333333333,0.0,0.0,0.0,1.0,0.375,0.5,0.2662789589093336,0.0,0.0,0.0,0.5,0.3754404378139291,0.6666666666666667,0.0,1.0,0.0,0.0,0.33333333333333337,0.0,0.3171372291529876,0.0,0.2142857142857143,0.5,0.4285714285714285,0.0,0.0,0.0,0.0,0.0,0.902390780873753,0.5099070335242746,0.0,0.6409618573797679,0.0,0.9060158910329171,0.0,0.2706342811097041,0.04027439699048463,0.0,0.947182533311928,0.23065338276181646,0.75,0.7669491525423728,0.0,0.09264731444463747,0.0,0.17282527238139156,0.1923076923076923,0.0,0.875,0.0,0.5,0.0,0.0,0.0,0.7865036098423457,0.0,0.2541538281524238,0.0,0.11444360077617477,0.0,0.9718201716689013,0.0,0.0,0.3915159944367178,0.76,0.0,0.0,0.0,0.0,0.9139938080495356,0.9047941283639582,0.0,0.5212090280140638,0.0,0.0,0.0,0.0,0.0,0.8682030486079744,0.0,0.0,0.986652998674619,0.6666666666666667,0.9087551596784705,0.0,0.0,0.0,0.0,0.0,0.0,0.6071160647304683,0.5739543005502775,0.0,0.273972602739726,0.8275862068965517,0.8152435588792706,0.0,0.0,0.0,0.84375,0.0,0.0,0.7814022505255348,0.9189189189189189,0.0,0.6714285714285715,0.0,0.0,0.36653664784304607,0.8636363636363636,0.0,0.0,0.0,0.0,0.0,0.0,0.0,0.0,0.0,0.0,0.0,0.0,0.0,0.0,0.0,0.0,0.6000000000000001,0.0,0.0,0.0,0.0,0.0,0.0,0.0,0.0,0.7073170731707317,0.0,0.0,0.0,0.0,0.8598070739549839,0.13827379194961098,0.2835272504592775,0.0,0.0,0.03891050583657607,0.2336719883889694,0.7717711104455525,0.0,0.0,0.0,0.0,0.6713871902156421,0.6451662561576355,0.0,0.0,0.0,0.0,0.0,0.31538001196888077,0.0,0.5714285714285714,0.1074181516784084,0.0,0.07251264755480591,0.7515453978336074,0.0,0.0,0.0,0.36413043478260865,0.7414383561643836,0.0,0.8826086956521739,0.605724838411819,1.0,0.2500000000000001,0.0,0.0,0.0,0.5,0.0,0.0,0.0,0.04931960544315639,0.2609308885754583,0.2500000000000001,0.5070422535211268,1.0,0.5,0.0,0.0,0.8322211630123928,0.0,0.49039098740888,0.7,0.0,0.13568670711527853,0.0,0.6226522481502561,0.0,1.0,0.0,0.8571428571428571,0.0,0.3477878699091709,0.0,0.0,0.5238095238095237,0.5,0.0,0.0,0.8370365585841623,0.8245838668373879,0.9375,0.017268445839874524,0.7528344671201814,0.0,1.0,0.4545454545454546,0.75,0.0,0.0,0.25276752767527666,0.8928571428571428,0.6064384781778853,0.10450297366185213,0.0,0.0,0.8279318409622453,0.0,0.0,0.33333333333333337,0.6666666666666667,0.9649876661096523,0.375,0.25,0.8218210361067504,0.0,0.0,0.0,1.0,0.2165748976422418,1.0,0.0,0.8823529411764706,0.0,0.3691860465116279,0.6000000000000001,0.0,0.6363636363636365,0.5,0.1428571428571429,0.75,0.33333333333333326,0.0,0.0,0.0,0.0,0.029088913282107498,0.9801466642818816,0.14378050389130714,0.0,1.0,0.0,0.9618768328445748,0.8665691532585731,0.0,0.925,0.7466167466167466,0.9856562275878556,0.0,0.0,0.5247981545559401,0.0,0.4849037307127929,0.0,0.5952231301068511,0.0,0.4,0.6666666666666666,1.0,0.0,0.0,0.0,0.0,0.8730544747081712,0.0,0.0,0.0,1.0,0.0,0.9597711216208326,0.0,0.0,0.10815939278937381,0.8181818181818182,0.0,0.0,0.0,0.0,0.9349888392857143,1.0,0.27648348636425923,0.7208490059108006,0.0,0.0,0.0,0.0,0.0,0.9428861882537776,0.0,0.0,0.9859443120385979,0.5,0.9360560305621248,0.0,0.0,0.0,0.0,0.0,0.0,0.9527732652587607,0.5197870392349689,0.0,0.7708333333333334,1.0,0.7777777777777778,0.5,0.0,0.0,0.5573770491803278,1.0,0.0,0.7731729879740981,0.9411764705882353,0.0,0.8428734321550742,0.0,0.0,0.705707082282833,0.8461538461538461,0.0,0.0,0.0,0.0,0.0,0.0,0.0,0.0,0.0,0.0,0.0,0.0,0.0,0.0,0.5896520963425513,0.0,0.48206896551724143,0.0,0.0,0.0,0.0,0.0,0.0,0.0,0.0,0.8377560286550297,0.0,0.39429012345679004,0.0,0.0,0.3416305916305916,0.18579234972677594,0.28608786610878667,0.5301620130989314,0.41666666666666674,0.5671140939597314,0.2353212065392587,0.0,0.15384615384615385,0.0,0.35,0.6666666666666667,0.7857142857142857,0.4651162790697675,0.01638530287984097,0.0,0.25,0.0,0.0,0.7931834839970682,0.0,0.72,0.5798319327731092,0.0,0.09836065573770503,0.6538461538461539,0.43028846153846145,0.2857142857142857,0.8078078078078078,0.0,1.0,0.0,0.0,0.5193953223046206,0.2857142857142858,0.46341463414634154,1.0,0.6373626373626373,0.6666666666666666,0.6,0.0,1.0,0.33333333333333326,0.03273809523809512,0.0,0.5714285714285714,0.47297430343605407,0.4579425113464447,0.6,0.0,1.0,1.0,1.0,0.33333333333333337,0.5,0.41176470588235303,0.0,0.5,0.36,0.6000000000000001,0.75,0.0,0.0,0.2500000000000001,0.0,0.0,0.0,0.37168440614968734,1.0,0.0,0.25,1.0,0.2716202783300199,1.0,0.5221625251846878,0.5056669572798604,0.0,0.25027322404371577,0.8714285714285714,0.25,0.7,1.0,0.7493936944219887,0.0,0.7833333333333333,0.1623931623931626,1.0,1.0,0.4900000000000001,0.5714285714285714,0.4900000000000001,0.0,1.0,0.8208499647804649,1.0,1.0,0.7535714285714286,1.0,0.36185758513931887,0.25778863775198524,0.0,0.2297297297297296,0.0,1.0,0.18181818181818177,0.0,0.0,0.33333333333333337,1.0,0.9473684210526316,0.0,1.0,0.5,1.0,1.0,0.6234393878372937,0.0,0.22972972972972971,0.0,0.8441127694859039,0.0,0.0,0.0,0.0,0.5714285714285714,0.0,0.30844553243574047,0.10504083356800897,0.1147125633409053,0.9411764705882353,0.8170518207282913,1.0,0.5869565217391304,0.375,0.5751022793687901,0.5,0.0,0.41463414634146345,0.16415868673050615,1.0,0.0,1.0,0.0,0.0,0.0,0.9583333333333334,0.04166666666666674,0.7108040585326059,0.0,1.0,0.654847333614746,0.9621399176954732,0.0,0.0,0.0,0.41666666666666663,0.0,0.0,0.5,0.0,0.8544728644759356,0.8916050786431684,0.0,0.6282908867750845,0.0,0.0,0.0,0.0,0.0,0.9022690527958968,0.0,0.0,0.9841915085817525,1.0,0.9111713339355616,0.0,0.0,0.0,0.0,0.15294815987336774,0.0,0.41691079907061335,0.8202080237741456,0.0,0.0,0.0,0.750236518448439,0.0,0.0,0.0,1.0,qsampled
0.5714285714285714,0.0,0.0,0.0,0.0,0.7078925022376243,0.8636363636363636,0.0,0.7422760709649503,0.0,0.0,0.783677482792527,0.0,0.0,0.0,0.0,0.0,0.0,0.0,0.0,0.0,0.5,0.0,0.0,0.4943937289144671,0.0,0.0,0.0,0.0,0.0,1.0,0.0,0.0,0.0,0.7988879464706437,0.0,0.0,0.0,0.0,0.0,0.49251779188305433,0.0,0.34441035284802324,0.1820702402957487,0.0,0.0,0.8051732925586137,0.9249114521841795,0.0,0.5542023554603854,0.9698832206515058,0.0,0.18039726473461404,0.47815518853225303,0.0,0.7927107061503418,0.7226836231507916,0.0,0.0,0.0,0.3909693669666999,0.24206257242178442,0.0,0.6253176253176254,0.1578947368421052,0.4553086731473298,0.0,0.0,0.8001300390117034,0.0,0.0,0.13324732768153325,0.0,0.0,0.8571428571428572,0.5272727272727272,0.0,0.0,0.0,0.4,0.0,0.0,1.0,0.6425237493822415,0.33438908515044463,0.33333333333333337,0.7634707254749472,0.2831689732327838,0.1428571428571428,0.44067796610169496,0.6666666666666667,0.0,0.0,0.545815516188149,0.6000000000000001,0.0,0.0,0.0,0.0,0.0,0.0,0.41002570694087404,0.0,0.7741626794258374,0.0,0.0,0.18181818181818188,0.801225153144143,0.0,0.0,1.0,0.5512305869965781,0.8754448398576512,0.0,0.0,0.0,0.9166666666666666,0.0,0.0,0.0,0.45833333333333337,0.4878653675819309,0.0,0.0,0.07007327924627049,0.479023646071701,0.0,0.0,0.0,0.043062200956938024,0.0,0.33333333333333326,0.0,1.0,1.0,0.5,0.0,0.0,0.2605507631055074,0.0,0.0,0.0,0.0,0.0,0.0,0.6080627099664053,0.10378220354467393,0.0,0.0,0.0,0.0,0.0,0.0,0.0,0.0,0.44942719148836885,0.0,0.0,0.748623413933445,0.19823468955927714,0.6097579033093952,0.4722222222222222,0.0,0.6666666666666667,0.0,0.0,0.4626731356131154,0.6268043409545886,0.24824548305211291,0.0,1.0,0.0,0.7378640776699029,0.15384615384615385,0.0,1.0,0.0,0.0,0.0,0.0,0.0,0.5,0.0,0.0,0.0,0.6211475654437243,0.06954793840039741,0.0,0.0,0.045652479280797964,0.5668865697328068,0.0,0.0,0.0,0.751230718739744,0.0,0.9454843565208042,0.9833133748208642,0.6557288864981172,0.6210104709046174,0.2408131834283076,0.39029844532467395,0.0,0.20531637312459206,0.0,0.0,0.0,0.0,0.0,0.0,0.9473684210526315,0.0,0.0,0.0,0.0,0.0,0.0,0.7485581450094162,0.0,0.0,0.0,0.0,0.0,0.9375,1.0,0.0,0.0,0.5,0.0,0.0,0.0,0.0,1.0,0.0,0.0,0.0,0.6714285714285715,0.7857142857142856,0.0,0.7682410423452768,0.0,0.0,0.8,0.0,0.0,0.0,0.0,0.0,0.0,0.0,0.0,0.0,0.0,0.0,0.0,0.25422509888529277,0.0,0.0,0.0,0.0,0.0,0.6666666666666667,0.0,0.0,0.25,0.8841698841698842,0.0,0.0,0.0,0.0,0.0,0.4183420818064769,0.0,0.5617206109009388,0.4162673228856365,0.4418948283355063,0.022699133305819186,0.8963414634146342,0.9242285365108464,0.0,0.7559099971518086,0.9506561679790027,1.0,0.9190424959655729,0.6433141919606234,0.0,0.4886075949367089,0.7567039106145252,0.0,0.0,0.0,0.2801449025357944,0.5714285714285714,0.0,0.2680412371134021,0.0,0.0,0.0368421052631579,0.0,1.0,0.0,0.0,0.0,0.0,0.0,0.75,0.2500000000000001,1.0,0.058701657458563594,1.0,1.0,0.0,0.5,0.0,0.8475242336913806,0.5066469719350074,0.2500000000000001,0.5657971014492754,0.5483870967741935,0.0,0.3392857142857143,1.0,0.14632983794089605,0.0,0.880623875224955,1.0,0.0,0.0,0.0,0.0,0.0,0.0,0.49739583333333337,0.0,0.4285714285714286,0.0,0.0,0.0,0.6666666666666666,0.0,0.0,1.0,0.6202321724709784,0.4880382775119617,0.0,0.0,0.0,0.37099125364431496,0.0,0.5,0.08333333333333337,0.5416666666666667,0.3775494071146246,0.0,0.0,0.5640416047548291,0.6381634372367313,0.0,0.0,0.4652665589660743,0.25,0.0,0.33333333333333337,0.6666666666666667,0.8656888953110324,0.375,0.25,0.0,0.0,0.8701223063482819,1.0,0.0,0.5714285714285715,0.0,0.0,0.3529411764705882,1.0,0.2619663648124193,0.0,0.0,0.7272727272727273,0.0,0.0,0.0,0.0,1.0,0.7170958512160229,0.0,0.0,0.6420782552918537,0.8725761772853186,0.35605721949038904,0.0,0.0,0.6470588235294118,0.0,0.0,0.0,0.5012490496361464,0.5675285675285676,0.13301262778111855,1.0,0.0,0.6321752265861027,0.0,0.0,1.0,0.0,0.44999999999999996,1.0,0.0,1.0,0.0,0.0,0.0,0.0,0.6514819681705358,0.37038689172289085,0.18915060670949324,0.0,0.206821083348532,0.807877690111442,0.0,0.0,0.0,0.1244047619047619,0.0,0.9664415534416657,0.9736902387233769,0.643473260494537,0.46478873239436613,0.0,0.5519359017415919,0.0,0.29746164180159784,0.0,0.0,0.0,0.0,0.0,0.0,0.9375,0.0,0.0,0.0,0.0,0.0,0.0,0.7258335080729713,0.0,0.0,0.0,0.0,0.0,1.0,0.0,0.0,0.0,1.0,0.0,0.0,0.0,0.0,0.0,0.0,0.0,0.0,0.8617954070981211,0.9333333333333333,0.0,0.7404291123264619,0.0,0.0,0.0,0.0,0.0,0.0,0.0,0.0,0.0,0.0,0.0,0.0,0.6000000000000001,0.0,0.0,0.6995249406175772,0.0,0.0,0.0,0.0,0.0,0.7777777777777778,0.0,0.0,1.0,1.0,0.0,0.0,0.0,0.0,0.0,0.9688506981740065,0.0,0.37771988967208103,0.2418016275884295,0.0,0.30243534075892,0.4152117198474816,0.0,0.15384615384615385,0.2925278219395867,0.9239864864864865,0.0,0.3076923076923077,0.46096345514950177,0.01638530287984097,0.4042553191489361,1.0,0.0,0.0,0.005955274671852195,0.796756996890271,0.09523809523809523,0.31783276450511944,0.7276190476190476,0.08743169398907114,0.7417311752287121,0.0,0.2857142857142856,0.0,0.5,0.0,0.0,0.0,0.22863027806385183,1.0,0.6785714285714285,0.0,0.0,0.0,0.4,0.0,0.0,0.33333333333333326,0.7832140015910899,0.4745417515274949,0.5714285714285714,0.5328430384847875,0.2023845457289466,0.19999999999999996,0.21052631578947367,1.0,0.0,1.0,0.0,0.0,0.0,0.0,0.5,0.0,0.6666666666666667,0.0,0.0,1.0,0.5,0.0,0.0,0.5,0.49267100977198697,0.0,0.0,0.0,1.0,0.2806666666666666,0.33333333333333326,0.5481927710843373,0.4652605459057072,1.0,0.27929069031032305,0.5714285714285714,0.75,0.0,0.7560975609756098,0.5471456061577934,0.2222222222222221,0.0,0.0,1.0,0.0,0.0,0.0,0.17391304347826086,0.4285714285714285,1.0,0.75,1.0,1.0,0.0,1.0,0.18124207858048158,0.3549175320708613,0.0,0.7692307692307692,0.0,1.0,0.0,0.08333333333333326,0.23148148148148162,0.6666666666666667,1.0,0.6085858585858586,0.6666666666666666,0.0,1.0,0.0,0.0,0.0,0.0,0.2060185185185185,0.8666666666666667,0.0,0.0,0.7777777777777778,0.2203958403220394,1.0,0.5822357311719013,0.0,0.6936110834246985,1.0,0.0,0.0,1.0,0.0,0.0,0.0,0.21152715153891388,0.5,0.5423357664233577,0.0,0.0,0.0,0.0,1.0,0.0,0.0,0.0,0.5967741935483871,0.4736842105263158,0.0,0.0,0.4482758620689655,0.0,0.0,0.0,0.0,0.328054298642534,0.0,0.9668005080304818,0.9838714738460573,1.0,0.6476087528119431,0.6567302112660922,0.6628433030206096,0.448087431693989,0.5966101694915253,0.0,0.0,0.0,0.0,0.0,0.0,1.0,0.0,0.0,0.0,0.0,0.0,0.0,0.7272727272727273,0.0,0.0,0.0,0.5139242459307258,0.0,0.9,0.0,1.0,0.0,0.0,0.0,0.0,0.0,qsampled
0.0,0.0,0.0,0.0,0.0,0.0,0.0,0.7914547304170906,0.7422760709649503,0.0,0.0,1.0,0.0,0.0,0.0,0.8855217496570091,0.0,0.996206373292868,0.0,0.0,0.9249720769865808,0.5,0.0,0.0,0.3704175349232076,0.8528336380255941,0.668931277763261,0.0,0.0,0.0,0.0,0.0,0.8904971680302076,0.33333333333333326,0.0,0.0,0.0,0.0,0.0,0.0,0.2550105789574919,0.0,0.2532039619971699,0.47395833333333337,1.0,0.3834903544190219,0.06628355851903844,0.4506816564861521,0.0,0.9474471266823329,0.21212930804167784,0.6666666666666667,0.07273155231258088,0.0,0.7403923428586485,0.0,0.0,0.07188634907071134,0.0,0.0,0.7172217498983476,0.1354961832061069,0.2237334411972901,0.4441525588635922,0.1578947368421052,0.9906167896909797,0.48498603351955305,0.055445544554455606,0.12617030762371828,0.29931972789115635,0.0,1.0,0.8648648648648649,0.6208658241462759,0.0,1.0,0.0,0.9435775550273845,0.0,0.0,0.0,0.33333333333333337,1.0,0.7974975304576886,0.015147956787223915,0.5555555555555556,0.0,0.24609595484477897,0.1428571428571428,0.0,1.0,0.9708302169035153,0.0,0.0,0.30000000000000004,0.0285241835469201,0.0625,0.09670329670329691,0.0,0.0,0.0,0.4085308056872038,0.0,0.757948717948718,0.0,0.6428571428571428,0.0,0.0,0.0,0.0,0.5,0.6113963039014374,0.0,0.25714285714285723,0.40992647058823517,0.0,0.0,0.25697055137844604,0.3000949667616334,0.6194029850746269,0.45833333333333337,0.24077766699900305,0.0,0.0,0.9024239138852319,0.47582501918649267,0.0,0.0,0.0,0.043062200956938024,0.5454217952566797,0.11111111111111105,0.25,0.6813655761024182,0.375,0.0,0.0,0.0,0.31229502222870076,0.09687786960514244,0.5,0.0,0.0,0.0,0.16625310173697294,0.7111498257839721,0.0,0.0,0.8571428571428572,0.0,0.75,0.0,0.0,0.0,0.0,0.4305679943436247,0.0,0.6585257548845471,0.7220510130483248,0.5218842253882686,0.0,0.4722222222222222,0.6732512758931252,0.6666666666666667,0.5238502935420744,0.7076706733183782,0.0,0.6268043409545886,0.5707362643778828,0.6654775417544998,0.5189578544061303,1.0,0.0,0.15384615384615385,0.0,0.0,0.5271309549241614,0.0,0.12259083728278031,0.0,0.0,0.5,0.0,0.0,0.0,0.0,0.06954793840039741,0.0,0.0,0.0,0.0,0.0,0.9624726362973002,0.0,0.751230718739744,0.0,0.0,0.0,0.14606126914660822,0.0,0.6784980212903028,0.0,0.3761701310546781,0.0,0.0,0.0,0.0,0.0,0.7606780423354791,0.0,0.7368421052631579,0.0,0.0,0.6666666666666667,0.96579476861167,0.0,0.0,0.7770439887228209,0.9115337423312884,0.5873355510606644,0.0,0.09167742462619488,0.9185346292394481,0.0,0.17808219178082185,0.9130434782608696,0.5567868212117353,0.0,0.0,0.0,0.0,0.0,0.0,0.0,0.0,0.0,0.0,0.0,0.8318452380952381,0.7682410423452768,0.0,0.0,0.0,0.0,0.0,0.0,0.911377245508982,0.0,0.8938244853737811,0.0,0.0,0.9001801098018792,0.0,0.0,0.0,0.2120636017974422,0.9360986547085202,1.0,0.0,0.0,0.0,0.0,0.17588440458395616,0.43324250681198895,0.0,0.0,0.0,0.0,0.0,0.0,0.0,0.3187008905185962,0.0,0.5099908340971587,0.0,0.9623679772787788,0.72140522875817,0.6772878446518614,0.40763945326930184,0.0,0.8858330668372242,0.0,1.0,0.6541678282687483,0.0,0.5879991548700614,0.0,0.0,0.14491614255765184,0.0,0.0,0.8664826634466103,0.0,0.6322973195198158,0.4193548387096775,0.22764227642276436,0.8139284296489536,0.8473684210526315,0.0,0.0,0.4568965517241379,0.665934065934066,0.9974430780469986,0.8,0.605724838411819,0.5,0.2500000000000001,1.0,1.0,0.0,1.0,0.0,0.0,1.0,0.4735157801809755,0.18316100443131456,0.75,0.0,0.0,0.0,0.0,1.0,1.0,0.0,0.0,0.29999999999999993,0.5897435897435898,0.13008748573602136,0.36363636363636365,0.0,0.0,0.0,0.49739583333333337,0.0,0.4285714285714286,0.0,0.75,0.0,1.0,0.0,0.0,1.0,0.6444257847823278,0.0,0.0,0.0,0.48364008179959106,0.0,1.0,0.2727272727272728,0.9166666666666666,0.5416666666666667,0.37746938775510186,0.0,0.0,0.5018020969855832,0.7509353287012293,0.0,0.0,0.5154433742942544,0.6666666666666667,0.6637233259749817,0.0,0.33333333333333337,0.887419464225161,0.375,0.0,0.3248407643312101,0.0,0.7123417721518988,1.0,1.0,0.5423076923076924,0.0,0.0,0.5882352941176471,0.8686493184634448,0.3667117726657646,0.0,1.0,0.7272727272727273,0.5,0.0,0.0,0.0,0.0,0.7609173735469683,0.0,0.9068092239387486,1.0,0.8237822349570201,0.0,0.39522653721682854,0.789282250242483,0.6470588235294118,0.7962170682278766,0.8537001706998695,0.2508196721311473,0.48856964397251723,0.5055185055185054,0.9403487672880337,0.3672789896670493,0.6,0.0,0.0,0.0,0.0,0.6774455418752536,0.44999999999999996,0.20000000000000007,0.0,0.0,0.0,0.0,0.0,0.0,0.0,0.37038689172289085,0.1614625033360022,0.0,0.6646385981990752,0.0,0.0,0.9850746268656716,0.0,0.1355828220858898,0.0,0.0,0.0,0.14336492890995278,0.0,0.7692832662121928,0.0,0.6531520974923835,0.0,0.0,0.0,0.0,0.0,0.738050653802209,0.0,0.6875,0.0,0.0,0.5,0.8736604624929498,0.0,0.0,0.7598027423622805,0.9411189358372457,0.9285631383472609,0.0,0.9199989131517693,0.764463121870203,0.0,0.0,0.0,0.48043818466353694,0.0,0.0,0.0,0.0,1.0,0.0,0.0,0.0,0.0,0.0,0.0,0.7142857142857143,0.7005225342913128,0.0,0.0,0.0,0.0,0.0,0.0,0.48583106267029974,0.0,0.5099750623441396,0.0,0.0,0.9002878377797826,0.6000000000000001,0.0,0.0,0.0,0.8888888888888888,0.6077795786061588,0.0,0.0,0.0,0.0,0.0,0.6340533672172808,0.8181818181818181,0.0,0.0,0.0,0.0,0.0,0.0,0.0,0.0,0.40986547085201785,0.0,0.3274733495417992,0.0,0.0,0.8709040235949888,0.15384615384615385,0.36801375752364573,0.0,0.6666666666666667,0.20512820512820518,0.4873338870431895,0.9560665712240515,0.0,0.25,0.25356633380884475,0.0,0.0,0.3331914893617022,0.5054945054945055,0.0,0.4696920583468396,0.09836065573770503,0.6923076923076923,1.0,0.2857142857142857,0.7052154195011338,0.0,0.0,0.9798165137614678,0.3076923076923077,0.5193953223046206,0.0,1.0,0.0,1.0,0.6666666666666666,0.0,0.0,1.0,0.0,0.6475343573160874,0.3930753564154785,0.5714285714285714,0.0,0.332774317201725,0.19999999999999996,0.0,1.0,1.0,1.0,0.17647058823529416,1.0,0.3203883495145631,0.0,0.0,0.0,0.6000000000000001,0.0,0.0,1.0,0.5,0.0,0.0,0.0,0.0,0.0,0.0,0.33333333333333326,0.75,0.5658548707753479,0.33333333333333326,0.12874251497005995,0.0,0.0,0.01092896174863367,0.0,0.25,0.0,1.0,0.71875,0.2222222222222221,0.7831245880026367,0.0,1.0,0.0,0.0,0.0,0.0,0.2857142857142857,0.0,0.3341159896689365,1.0,0.0,0.0,1.0,0.12804953560371535,0.3549175320708613,0.0,0.7692307692307693,0.0,1.0,0.18181818181818177,0.41666666666666663,0.0,0.6666666666666667,0.0,0.605263157894737,1.0,0.0,1.0,0.0,1.0,0.0,0.0,0.0,0.8666666666666667,0.8121196083620006,0.2093023255813954,0.7777777777777778,0.0,1.0,0.0,0.2435897435897436,0.946812749003984,1.0,0.9548713622943905,0.3309831570701134,0.9201426024955437,0.75,0.023363738198111772,0.0,0.21152715153891388,0.5,0.3544093178036606,0.0,0.3191489361702129,0.0,0.4,1.0,0.0,0.0,0.0,0.0,0.0,0.0,0.0,0.0,0.6569885900570498,0.0,0.6666666666666667,0.0,0.20414201183431946,0.0,0.0,0.0,0.5,0.0,0.677242220866382,0.0,0.0,0.0,0.0,0.0,0.0,0.0,0.6160543973429681,0.0,1.0,0.0,0.0,1.0,0.9157368218545594,0.0,0.0,0.8571428571428572,0.9611829944547134,0.24534284581847,0.0,0.0647363717605004,0.8783112158630937,0.0,0.5,0.0,0.5419233860166086,1.0,0.0,0.0,0.0,qsampled
0.0,0.0,0.0,0.0,0.0,0.0,0.0,0.0,0.0,0.7527198145175673,0.5021487275967917,0.0,0.0,0.0,0.0,0.0,0.0,0.0,0.0,0.0,0.0,0.0,0.0,0.0,0.32086817088535113,0.0,0.0,0.0,0.39019621699290985,0.0,0.0,0.0,0.8944033790918691,0.0,0.0,0.0,0.47531052221883774,0.0,0.0,0.0,0.0,0.636075795216523,0.8546212500989421,0.4023354060853468,0.0,0.0,0.37587688530340246,0.5828308283800132,0.47054346171411177,0.0,0.21108271087177677,0.0,0.09215239335721237,0.06351160071389006,0.46610856938901324,0.0,0.0,0.0,0.0,0.0,0.0,0.0,0.7230344694035631,0.0,0.1578947368421052,0.0,0.45299145299145305,0.0,0.0,0.0,1.0,0.0,0.8571428571428572,0.0,0.2857142857142857,0.31818181818181823,0.0,0.05397121535181226,0.0,0.4,1.0,0.0,0.0,0.16698526931294277,0.0,0.0,0.7044104410441044,0.2500455954769286,0.5714285714285714,0.0,0.25,0.7431079104309666,0.5,0.6494504586397818,0.0,0.11331413380593713,0.0625,0.0,0.0,1.0,0.0,0.0692307692307692,0.0,0.0,0.3031441291040624,0.0,1.0,0.0,0.0,0.9833698030634573,1.0,0.4630165833113977,0.36834634492547913,0.0,0.0,0.4488517745302715,0.0,0.0,0.8719671519223591,0.01492537313432818,0.0,0.4878653675819309,0.2917024145115824,0.0,0.0,0.48236590742101404,0.0,0.0,0.7545787545787546,0.44976076555023936,0.6917892156862746,0.4444444444444444,0.0,0.11024182076813649,1.0,0.0,0.0,0.0,0.1852992178929116,0.0,0.5,0.05750885799945504,0.0,0.8991825613079019,0.0,0.6501547987616099,0.36543029417138684,0.0,0.0,0.0,0.0,0.33333333333333337,0.75,0.0,0.0,0.44500366248434586,0.0,0.42188869870162404,0.4461478750242578,0.6275883753312672,0.0,0.41666666666666663,0.0,0.0,0.7689837551945599,0.0,0.0,0.38820988304709725,0.591113905480457,0.0,0.23065338276181646,1.0,0.7378640776699029,0.0,0.7845303867403315,0.0,0.0,0.8269230769230769,0.0,0.75,0.0,0.0,0.0,0.0,0.0,0.0,0.08655757761125538,0.598991611570554,0.0,0.14419159994381237,0.5726563185126721,0.0,0.0,0.0,0.48843464228079625,0.16000000000000003,0.9623304970909758,0.0,0.9332603938730853,0.0,0.250299107279811,0.0,0.36786791994727885,0.5325583787676166,0.0,0.0,0.0,0.0,0.0,0.6647928408978543,0.0,0.0,0.0,0.0,0.0,0.0,0.0,0.0,0.0,0.0,0.9347826086956522,0.9337413481065996,0.0,0.0,0.40201005025125625,0.6818181818181819,0.40788662969809,0.0,0.0,0.902444566472894,0.875,0.0,1.0,0.0,0.0,0.0,0.0,0.0,0.0,0.0,0.5454545454545454,0.7904191616766467,0.0,0.0,0.0,0.0,0.0,0.0,0.0,0.0,0.0,0.0,0.0,0.0,0.0,0.0,0.0,0.0,0.0,0.5020759728705161,0.0,0.0,0.0,0.7916666666666666,0.0,0.0,0.0,0.6251984126984127,0.0,0.0,0.0,0.0,0.8852954511107752,0.9013191708069214,0.6559028292104874,0.24225142573766423,0.0,0.0,0.7639471259613033,0.3602693602693603,0.0,0.4363636363636364,1.0,0.6798884412767277,0.7356849876948319,0.7897536394176932,0.0,0.0,0.0,0.0,0.0,0.0,0.19999999999999996,0.9148412698412698,0.0,0.22764227642276436,0.14825832453699261,0.8125,0.4772036474164133,0.0,0.0,0.0,0.18580320487352686,0.9375,0.14663827198052937,1.0,0.2500000000000001,0.0,0.26195814648729454,1.0,0.5,0.0,0.5,0.0,0.0,0.0,0.5,0.41889276035617506,0.0,1.0,0.0,0.6000000000000001,1.0,1.0,0.8763477088948787,0.0,0.0,0.1133837261004893,0.0,0.0,1.0,0.0,0.5555555555555556,0.0,0.0,0.3462555066079296,0.0,0.0,0.1428571428571428,0.0,0.8756476683937824,1.0,0.5145532441146592,0.1379310344827589,0.0,0.0,0.7455919395465995,0.0,0.0,1.0,0.0,0.0,0.37023080546396614,0.31577008106116444,0.0,0.11630312147423838,0.37092463923035823,0.0,0.0,0.8401639344262295,0.0,0.7143445322793149,0.6666666666666667,0.6666666666666667,0.6521927606386821,0.375,0.0,0.0,0.0,0.01951077460687245,0.5121951219512195,1.0,0.0,0.0,0.9,0.0,0.6875957120980092,0.0,0.0,0.0,0.7272727272727273,0.5,0.1428571428571429,0.75,0.0,0.5,0.7724125023395096,0.0,0.6898671030051482,0.16326530612244894,0.7656726533378515,0.0,0.5202265372168284,0.0,0.0,1.0,0.0,0.3709327548806941,0.8338220918866079,0.5054799329147003,0.08567874358575667,0.0,0.8,0.4371014492753623,0.0,0.6405437824870053,0.0,0.0,0.8,0.6511627906976745,0.6666666666666666,1.0,1.0,0.0,0.0,0.0,0.0,0.0,0.9773752877973906,0.0,1.0,0.8064917685868112,0.0,0.5,0.0,0.23319615912208513,0.13636363636363646,0.9667962506573724,0.0,0.9300947867298578,0.0,0.0,0.0,0.6682608695652175,0.176948434188839,0.0,0.0,0.0,0.0,0.0,0.6324950015784488,0.0,0.0,0.0,0.0,0.0,0.0,0.0,0.0,0.0,0.0,0.9545960382817716,0.501929816778315,0.0,0.0,1.0,1.0,0.45661914460285136,0.0,0.0,0.9384662018793574,1.0,0.0,0.0,0.0,0.0,0.0,0.0,0.0,0.0,0.0,0.688797744168162,0.526849702230746,0.0,0.0,0.0,0.0,0.0,0.0,0.0,0.0,0.0,0.0,0.0,0.0,0.0,0.7464932126696833,0.0,0.0,0.0,0.8955223880597015,0.0,0.0,0.0,0.6340533672172808,0.0,0.0,0.0,0.14102564102564086,0.4516599781101788,0.0,0.0,0.6878154289834174,0.5997438360550753,0.8118385650224216,0.5340423817581177,0.7017543859649122,0.30571213829387445,0.804513009440479,0.0,0.7692307692307692,0.0,0.18360433604336024,0.0,0.20512820512820518,0.0,0.01746216530849809,0.0,0.0,0.0,0.0,0.015080226806611252,0.0,0.0,0.477957906712173,0.0,0.0,0.1791187739463601,1.0,0.0,0.8078078078078078,0.5,1.0,0.14724770642201834,0.5,0.22863027806385183,0.0,0.0,1.0,0.4220055710306406,0.0,0.6,0.0,0.0,0.33333333333333326,0.0,0.3930753564154785,0.0,0.34307992202729065,0.3295727316370619,0.3999999999999999,0.0,0.5714285714285714,0.5652173913043479,0.0,0.5294117647058824,1.0,0.3203883495145631,1.0,0.5,0.0,0.6666666666666667,0.0,0.0,1.0,1.0,0.0,0.0,0.0,0.0,0.20000000000000007,0.9766997708174179,0.0,0.07017543859649122,0.8382222222222222,0.33333333333333326,0.5444915254237288,0.5062034739454093,0.625,0.27929069031032305,0.0,0.25,0.7,0.7560975609756098,0.0,0.2222222222222221,0.1374095989480606,0.9158878504672897,1.0,0.0,0.016129032258064724,0.5714285714285714,0.8522727272727273,0.4285714285714285,1.0,0.0,1.0,0.0,0.0,1.0,0.7411656118143459,0.3549175320708613,0.0,0.7692307692307693,0.0,1.0,0.9090909090909091,0.5,0.8333333333333334,0.6666666666666667,1.0,0.5833333333333333,0.0,1.0,1.0,0.0,0.5,0.0,0.0,0.03986135181975747,0.6923076923076923,0.8479370008873115,0.768041237113402,0.0,0.3774601201574479,0.0,0.773725092874029,0.0,0.0,0.0,0.9548713622943905,0.0,0.8509803921568627,0.8,0.92,0.11111111111111116,0.38104176442984505,0.5,0.5054421768707483,0.8780487804878049,0.0,0.8,0.0,0.0,0.0,0.0,0.0,0.0,0.0,0.5250729070346396,0.0,0.2068965517241379,0.08781305414531049,0.19010989010989,0.0,0.0,0.0,0.0,0.9711563236266989,0.0,1.0,0.0,0.6921662108855062,0.0,0.448087431693989,0.0,0.0,0.0,0.0,0.0,0.0,0.8019470027468089,0.0,0.0,0.0,0.0,0.0,0.0,0.0,0.0,0.0,0.15294815987336774,0.9482758620689655,0.0,0.0,0.0,0.0,0.0,0.5647693817468106,1.0,0.0,0.8934441115045855,0.8125,qsampled
0.0,0.5555555555555556,0.0,0.0,0.0,0.670676186041699,0.0,0.0,0.0,0.8470043328851038,0.0,0.32978723404255317,0.8384026004179242,0.0,0.4,0.0,0.0,0.0,0.0,0.0,0.0,0.5,0.0,0.7573953823953824,0.0,0.0,0.0,0.7424600827912478,0.0,0.0,0.0,0.0,0.8931419457735248,0.0,0.0,0.0,0.47390642948061223,0.7673119713171241,0.9158358694511491,0.0,0.8729324771356295,0.5571886446886447,0.34441035284802324,0.5743684668989546,0.48420538428137216,0.8826247022305638,0.0,0.0,0.0,0.7469152360515021,0.18130194315459458,0.0,0.2079078546193679,0.0,0.4211244835638587,0.3431798436142486,0.0,0.06623903652310514,0.0,0.5084290993773098,0.9009519576249213,0.0,0.0,0.6652944203484525,0.2049364248317127,0.2840550435551068,0.11284722222222221,0.0,0.0,0.28688524590163933,0.5098117741289547,0.13324732768153325,0.8648648648648649,0.6205392102024835,0.33333333333333337,0.19148936170212771,0.0,0.8799241626290288,0.6666666666666667,0.4,0.0,0.33333333333333337,1.0,0.238445968739458,0.025711159737418,0.33333333333333337,0.4735807001442244,0.281984897518878,0.0,0.44067796610169496,0.0,0.3106329642782535,0.5,0.5328467153284671,0.30000000000000004,0.7498783928397704,0.0625,1.0,0.0,0.0,0.0,0.0,0.0,0.515897435897436,0.30327070285316615,0.0,0.18181818181818188,0.00016550810989734988,0.8,0.5708502024291497,0.75,0.5864424410540915,0.0,0.20640000000000003,0.5023562676720076,0.27651356993736953,0.5,0.25318726065247954,0.051010886469673555,0.1333333333333333,0.0,0.08128224646874782,0.0,0.0,0.06018565230551942,0.0,0.75,0.0,0.0,0.5213675213675213,0.0,0.4444444444444444,0.25,0.0,1.0,0.0,0.0,0.6666666666666667,0.0,0.0,0.0,0.5433901054339011,0.0,0.0,0.0,0.0,0.631578947368421,0.0,0.8571428571428572,0.0,0.75,0.0,0.0,0.4285714285714285,0.0,0.17567953403380532,0.7,0.3989893521025085,0.0,0.26268,0.9164392584925191,0.41666666666666663,0.0,0.8333333333333334,0.07015526164462316,0.0,0.4626731356131154,0.6794748639129042,0.4318298836371125,0.0,1.0,0.0,0.05054479418886204,0.0,0.8821800694629975,1.0,0.0,0.1923076923076923,0.0,0.0,0.0,0.0,0.0,0.0,0.0,0.0,0.0,0.8143672807562272,0.8022745761089755,0.025026923257011724,0.034951957180628046,0.0,0.0,0.3129590001155238,0.0,0.76,0.0,0.0,0.0,0.6342344876506596,0.250299107279811,0.27728575979611336,0.36786791994727885,0.9228001644736842,0.0,0.0,0.0,0.0,0.0,0.0,0.0,0.0,0.0,0.0,0.0,0.0,0.0,0.0,0.0,0.0,0.0,0.9956712359176425,0.0,0.0,0.40201005025125625,1.0,0.5329088157001932,0.0,0.0,0.0,0.84375,0.0,0.0,0.0,0.0,0.0,0.6714285714285715,0.0,0.0,0.0,0.5452830188679245,0.0,0.0,0.8200388283953743,0.0,0.5,0.0,0.0,0.0,0.0,0.0,0.0,0.0,0.0,0.9775561097256857,0.20705158542356827,0.0,0.0,0.5189873417721519,0.0,0.0,0.0,0.0,0.7916666666666666,0.25,0.0,0.0,0.6797829036635006,0.7955932955932956,0.8791801510248112,0.0,0.7563451776649746,0.8013886646213467,0.5617206109009388,0.6560415122312824,0.0,1.0,0.3188646485996829,0.0,0.0,0.889817393995667,0.0,1.0,0.0,0.0,0.23757891847378543,0.25683060109289624,0.0,0.9259259259259259,0.0,0.31687993465831743,1.0,0.19999999999999996,0.0,0.2680412371134021,0.0,0.6603053435114504,0.0,0.0,0.6000000000000001,0.36413043478260865,0.3724559023066486,0.011848341232227444,1.0,0.763614237906906,1.0,0.2500000000000001,1.0,0.9248971193415638,1.0,1.0,0.0,0.0,1.0,0.4735157801809755,0.18316100443131456,0.2500000000000001,0.5650406504065042,0.4931129476584022,0.0,0.2647058823529411,0.0,0.8516645596291614,1.0,0.7715834301200155,0.29999999999999993,0.8717948717948718,0.11095603628750872,0.8636363636363636,0.0,0.0,0.0,0.0,0.0,0.0,0.3463552154651631,0.0,0.0,0.0,1.0,0.9352226720647774,1.0,0.6357618836072856,0.0,0.0625,0.0,0.0,0.37099125364431496,1.0,0.0,0.08333333333333337,0.5416666666666667,0.28295150252900925,0.0,0.0,0.6007359705611776,0.08387942332896481,1.0,0.0,0.593271028037383,0.33333333333333337,0.0,0.6666666666666667,0.33333333333333337,0.0,0.375,0.0,0.0,1.0,0.0,0.0,0.0,1.0,0.0,0.0,0.3529411764705882,0.0,0.0,0.0,1.0,1.0,0.5,0.0,0.0,0.33333333333333326,1.0,0.4121113594797803,1.0,0.6848936170212766,0.2552356020942408,0.0,0.8916456677650707,0.5202265372168284,0.0,0.8823529411764706,0.5671609245529874,0.0,0.0,0.5012490496361464,0.7084673097534834,0.07895910780669146,1.0,0.0,0.0,0.0,0.8954359114512161,0.0,0.0,0.0,0.5348837209302325,0.0,1.0,1.0,0.0,0.0,0.0,0.0,0.37038689172289085,0.9736728528269314,0.8656168781531877,0.6832183908045977,0.6509332524606435,0.0,0.0,0.4558980778760139,0.30335365853658536,0.8181818181818182,0.0,0.0,0.0,1.0,0.0,0.5569255865278511,0.6466568544995794,0.8178125735813515,0.0,0.0,0.0,0.0,0.0,0.0,0.0,0.0,0.0,0.0,0.0,0.0,0.0,0.0,0.0,0.0,0.0,0.9859286560484402,0.0,0.0,1.0,0.6666666666666667,0.48043818466353694,0.5,0.0,0.0,0.5573770491803278,1.0,0.8876033057851239,0.0,0.0,0.0,0.5545276142416595,0.0,0.0,0.0,0.6779725609756098,0.0,0.0,0.8840996168582376,0.0,0.33333333333333326,0.0,0.0,0.0,0.0,0.0,0.0,0.6000000000000001,0.0,0.709828674481515,0.0,0.0,0.0,0.7639902676399027,0.0,0.0,0.0,0.0,0.8318042813455657,0.0,0.0,0.0,0.1696428571428572,0.5759430427179615,0.9409048938134811,0.0,0.3380486035545882,0.46756610901241225,0.37771988967208103,0.5301620130989314,0.8181818181818181,0.6560800522079617,0.08838757396449692,0.6382747372236317,0.15384615384615385,0.7641759406465289,0.09285714285714286,0.0,0.0,0.8493975903614458,0.0,0.20000000000000007,0.0,0.1438356164383563,0.0,0.808254376104063,0.6015104398045313,0.0,0.31783276450511944,0.8134803921568627,0.4918032786885246,0.0,1.0,0.2857142857142857,0.7573696145124718,0.0,0.8571428571428572,0.0,0.0,0.36972193614830084,0.2857142857142858,0.6785714285714285,0.0,0.04038997214484685,0.6666666666666666,0.4,0.0,1.0,0.0,0.6497991967871486,0.17924528301886788,0.5714285714285714,0.5260620668876168,0.051948051948052076,0.0,0.0,1.0,0.13043478260869568,0.0,0.38888888888888884,1.0,0.41176470588235303,0.0,0.75,0.0,0.33333333333333337,0.0,0.0,1.0,0.25,0.0,0.0,0.5,0.0357142857142857,0.6000000000000001,0.3963855421686746,0.33333333333333326,1.0,0.5784444444444444,0.0,0.9977409638554217,0.16377171215880904,0.0,0.02056277056277056,0.1986062717770034,0.75,0.0,0.0,0.7798742138364779,0.2222222222222221,0.0,0.2844036697247707,0.0,0.0,0.0,0.7142857142857143,0.4900000000000001,0.4285714285714285,0.0,0.2320390170699681,1.0,0.0,0.0,0.0,0.3121044303797468,0.25778863775198524,0.0,0.5093304061470909,0.0,1.0,0.0,0.0,1.0,0.6666666666666667,0.0,0.605263157894737,1.0,0.0,1.0,1.0,0.0,0.2624417166238464,0.25,0.04166666666666652,0.0,0.5680064308681672,0.25773195876288646,0.0,0.3133091662351113,0.0,0.39311043566362713,0.0,0.3174971031286208,1.0,0.05820328975115985,0.0,1.0,0.0,0.00630455868089197,1.0,0.0,0.5,0.5397279885468862,0.41463414634146345,0.2927669345579794,0.0,0.0,0.0,0.0,0.0,0.0,0.0,0.44272445820433437,0.8048117154811716,0.4619883040935673,0.0,0.022609537642217292,0.4928940568475453,0.0,0.16211544137281642,0.328054298642534,0.41666666666666663,0.0,0.0,0.0,0.6562186727260576,0.6488348530901722,0.49021413769283917,0.448087431693989,0.6336997227761296,0.0,0.0,0.0,0.0,0.0,0.0,0.0,0.0,0.0,0.0,0.0,0.0,0.0,0.0,0.0,0.15294815987336774,0.0,0.48067576949780133,0.0,0.0,0.0,0.3571428571428572,0.5613437195715678,0.0,0.0,0.0,1.0,qsampled
0.5714285714285714,0.0,0.0,0.0,0.0,0.7078925022376243,0.0,0.7413622902270484,0.3874400166910076,0.7090680665859019,0.0,0.5366795366795367,0.0,0.0,0.0,0.0,0.0,0.0,0.0,0.7176567080638636,0.0,0.5,0.0,0.0,0.06845417017354005,0.0,0.0,0.0,0.0,0.0,0.0,0.0,0.0,0.0,0.9518348623853211,0.0,0.0,0.0,0.8624199245644495,0.0,0.0,0.46314381270903016,0.44344073070360324,0.21704394141145145,0.4531037113739168,0.7984420642648491,0.06819376313945347,0.6347750401713981,0.3070082893745292,0.0,0.18130194315459458,0.33333333333333337,0.01948586588601231,0.4813898850006183,0.39118092964743056,0.0,0.7539406892866685,0.046526939536925216,0.0,0.5803469378897266,0.9011240940689247,0.5884472469316518,0.25328256302521,0.0,0.1518324607329843,0.28792064289301855,0.0,0.0,0.7218465539661898,0.0,0.0,0.0,0.0,0.08351976137211015,0.33333333333333337,0.19148936170212771,0.0,0.06746237675142719,0.0,0.0,0.0,0.6666666666666667,1.0,0.11815252416756161,0.3574035453597497,0.22222222222222232,0.39015323238734256,0.2700754122814285,0.5714285714285714,0.44067796610169496,0.6666666666666667,0.7431079104309666,0.0,0.0,0.6000000000000001,0.24458070645133445,0.0,0.0,0.0,1.0,0.0,0.3256379100850547,0.2857142857142857,0.7741626794258374,0.0,0.0,0.18181818181818188,0.31470230862697446,0.5714285714285714,0.548478414720453,0.0,0.6915964727559885,0.35007849293563587,0.20640000000000003,0.0,0.4488517745302715,0.0,0.4721151577125777,0.0,0.6106194690265487,0.7142857142857142,0.13346657090216385,0.0,0.0,0.052150045745654294,0.0,0.0,0.0,0.9345472440944882,0.583941605839416,0.7818774959221554,0.11111111111111105,0.0,0.11495063469675593,1.0,0.0,0.6360475627564148,0.0,0.0,0.02307075030092265,0.0,0.6054412913303828,0.0,0.0,0.0,0.0,0.0,0.33333333333333337,0.0,0.0,0.0,0.0,0.5,0.0,0.0,0.0,0.0,0.6717935626608804,0.0,0.05010696067138365,0.0,0.9166666666666666,0.6472097687588485,0.0,0.03111874761359268,0.0,0.9216561955945802,0.38820988304709725,0.4318298836371125,0.2616750445921844,0.0,0.0,0.0,1.0,0.876899268429938,0.7916666666666666,0.0,0.8269230769230769,0.13112706837339982,0.0,0.0,0.0,0.0,0.0,0.9803921568627451,0.0,0.0,0.5674032291451045,0.8140421118641615,0.0,0.03622956075665251,0.0,0.0,0.6445475804405616,0.7708237459733088,0.0,0.0,0.0,0.933728981206726,0.0,0.0,0.0,0.0,0.5328947368421052,0.0,0.0,0.0,0.0,0.0,0.0,0.7368421052631579,0.0,0.0,0.0,0.0,0.0,0.6911764705882353,0.0,0.0,0.0,0.0,0.0,0.8082752082345771,0.0,0.7487437185929648,1.0,0.8072450590993923,0.0,0.0,0.0,0.0,0.0,1.0,0.0,0.0,0.0,0.6714285714285715,0.0,0.845108695652174,0.36274509803921573,0.5480225988700564,0.0,0.8,0.0,0.0,0.0,0.0,0.0,0.0,0.0,0.8929843727734764,0.0,0.0,0.0,0.0,0.7152226441146012,0.0,0.0,0.0,0.0,0.0,0.0,0.0,0.0,0.0,0.8699007717750826,0.0,0.0,0.0,0.8851077919211243,0.0,0.0,0.23884906411788143,0.5211426000899685,0.3589325426241661,0.9154218813080339,1.0,0.6057190407746426,0.7382312249459009,0.18069584736251398,0.0,0.5,1.0,0.6494893221912721,0.6451662561576355,0.5549929676511955,0.0,0.7567039106145252,0.18067075369635777,0.0,0.8161490999949008,1.0,0.6857142857142857,0.5689015241254047,0.0,0.22764227642276436,0.6344593900811172,0.0368421052631579,0.0,1.0,0.0,0.0,0.17353846153846164,0.0,0.08315288003464716,1.0,0.2500000000000001,0.0,0.03960905349794219,1.0,1.0,0.0,1.0,0.0,0.0,0.18316100443131456,0.0,0.5657971014492754,0.0,0.5,0.3392857142857143,1.0,1.0,0.0,0.0,1.0,0.0,0.0,0.0,0.0,1.0,0.0,0.5555555555555556,0.5714285714285714,0.4285714285714286,0.0,0.0,0.33333333333333326,0.5238095238095237,0.5,0.7461928934010152,0.0,0.8001855041738439,0.24528301886792425,0.0625,0.0,0.7617924528301887,0.0,0.0,0.0,0.08333333333333337,0.5833333333333333,0.3140711462450593,0.0,0.0,0.593872870249017,0.7646085997794929,0.0,0.0,1.0,1.0,0.7247179199663607,0.0,0.6666666666666667,0.6562051134731398,0.0,0.0,0.6451918522027476,0.0,0.0,0.0,0.0,0.557988011467292,0.0,0.0,0.3529411764705882,0.0,0.3667117726657646,0.8,0.0,0.7272727272727273,0.5,0.1428571428571429,0.75,0.0,0.5,0.0,0.0,0.9256192236598891,0.25031133250311344,0.0,0.0,0.9785598705501618,0.5984481086323958,0.0,0.0,0.0,1.0,0.8338220918866079,0.7466167466167466,0.0,0.0,0.0,0.0,0.0,0.895034293552812,1.0,0.0,0.8,0.13333333333333341,0.0,0.0,1.0,0.0,0.0,0.9888888888888889,0.0,0.0,0.9789301073605396,0.852966221969912,1.0,0.5628105408288027,0.0,0.0,0.7314698738541094,0.30229226361031514,0.0,0.0,0.0,0.9314707432788614,0.0,0.0940336934845375,0.0,0.0,0.176948434188839,0.0,0.0,0.0,0.0,0.0,0.0,0.6875,0.0,0.0,0.0,0.0,0.0,0.5,0.0,0.0,0.0,0.0,0.0,0.44009269988412514,0.0,0.7708333333333334,0.6666666666666667,0.7871674491392802,0.5,0.0,0.0,0.0,0.0,0.0,0.0,0.0,0.0,0.5829815303430079,0.0,0.7142857142857143,0.7189009661835748,0.6686246708527446,0.0,0.96,0.0,0.0,0.0,0.0,0.0,0.0,0.0,0.9687094982410664,0.0,0.6000000000000001,0.0,0.0,0.0,0.0,0.0,0.0,0.0,0.0,0.0,0.0,0.0,0.0,1.0,0.0,0.0,0.0,0.9452449567723343,0.0,0.0,0.4861351264809479,0.40986547085201785,0.2418016275884295,0.3027505999630793,0.6608255451713395,0.0,0.068865530989489,0.3076923076923076,0.0,0.18360433604336024,0.33333333333333337,0.20512820512820518,0.46096345514950177,0.0,0.0,1.0,0.25356633380884475,0.0,0.0,0.6032059727711903,0.7142857142857143,0.0,0.0,0.09836065573770503,0.0,0.0,0.2857142857142857,0.22222222222222232,0.5,0.0,0.14724770642201834,0.0,0.22863027806385183,0.2857142857142858,0.6785714285714285,1.0,0.4220055710306406,0.0,0.0,0.0,0.5,1.0,0.0,0.17924528301886788,0.5714285714285714,0.5356409504253447,0.3084013297068601,0.6,0.21052631578947367,1.0,0.5652173913043479,1.0,0.0,0.0,0.3203883495145631,1.0,0.5,0.0,0.6666666666666667,0.0,0.0,0.0,0.5,0.0,0.0,0.5,0.3643322475570032,0.0,0.7940542869452822,0.25,1.0,0.8382222222222222,0.33333333333333337,0.5444915254237288,0.5056669572798604,0.0,0.24445851804939833,0.5714285714285714,0.75,0.19999999999999996,0.0,0.5227736233854521,0.2222222222222221,0.0,0.0897959183673469,1.0,0.0,0.7354838709677419,0.7142857142857143,0.0,0.2857142857142857,1.0,0.0,1.0,0.0,0.22797579018157388,1.0,0.3121044303797468,0.25778863775198524,0.0,0.9365079365079365,0.0,1.0,0.0,0.0,0.0,0.0,1.0,0.6085858585858586,0.0,1.0,0.5,0.0,0.5,0.6315139879319802,0.0,0.0,0.0,0.669396110542477,0.7619047619047619,0.7777777777777778,0.8857775987107172,0.0,0.580209388720027,0.0,1.0,0.0,0.1147125633409053,0.6827654181920586,0.44482891195693963,0.0,0.00630455868089197,1.0,0.0,0.0,0.5130537974683544,0.8780487804878049,0.3191489361702129,0.0,0.4,0.0,0.0,0.0,0.9166666666666666,0.0,0.045038705137227186,0.527769742551345,0.3027522935779817,0.22413793103448276,0.21361870707174657,0.19010989010989,0.0,0.3723401216760447,0.328054298642534,0.0,0.0,0.0,1.0,0.0,0.0,0.0,0.0,0.0,0.0,0.0,0.0,0.0,0.0,0.0,1.0,0.0,0.0,0.0,0.0,0.0,0.5555555555555556,0.0,0.0,0.0,0.0,0.5139242459307258,0.8202080237741456,0.0,0.75,0.3571428571428572,0.8313047711781889,0.0,0.0,0.0,0.0,qsampled
0.0,0.33333333333333326,0.788448695966068,0.0,0.0,0.0,0.0,0.10526315789473684,0.3748296228986825,0.0,0.0,0.0,0.9625468164794008,0.0,0.0,0.0,0.0,0.0,0.0,0.0,0.0,0.0,0.0,0.0,0.0,0.0,0.6729471316085489,0.0,0.8311688311688311,0.0,0.0,0.0,0.0,0.0,0.0,0.0,0.7285450412048877,0.765895560931851,0.0,0.0,0.0,0.0,0.8606428138265616,0.4392040112817299,0.5618233618233619,0.22718707940780614,0.3576231225986728,0.644332809450778,0.39382940108892917,0.23262122753475756,0.21212930804167784,0.0,0.37726358148893346,0.5811903012490817,0.9016483516483517,0.23749650740430273,0.0,0.07188634907071134,0.0,0.49515828950645313,0.7194695424074613,0.9416041275797373,0.0,0.0,0.17543859649122806,0.9717528062168497,0.0,0.0,0.0,0.35558112773302664,0.43803680981595094,0.0,0.0,0.0,0.33333333333333337,0.8137254901960784,0.0,0.08398914518317502,0.0,0.0,0.0,0.0,1.0,0.0,0.0,0.5555555555555556,0.696877269426289,0.0,0.0,0.0,0.6666666666666667,0.8713537771129394,0.5,0.5487149822328734,0.0,0.7606874514206754,0.0,0.0,0.0,0.007504690431519689,0.0,1.0,0.5714285714285714,0.0,0.9726259207644834,0.0,0.0,0.0,0.5714285714285714,0.9808371154815936,1.0,0.593917123265199,0.9905370238940147,0.0,0.24650971803996713,0.46207689093188475,0.0,0.48686314376517503,0.0,0.09734513274336287,0.0,0.13969513468365002,0.39276608360509946,0.5900492767445555,0.0,0.7893323100537222,0.0,0.0,0.7476851851851851,0.6698564593301436,0.0,0.0,0.0,0.2860962566844919,0.375,0.0,0.6483299965042744,0.0,0.0,0.0,0.0,0.35748492373181984,0.0,0.8656716417910448,0.1606994171523728,0.6501547987616099,0.03857487275649607,0.0,0.0,0.5773793103448275,0.75,0.7894736842105263,0.75,0.0,0.0,0.70121155638397,0.0,0.4223948166299787,0.8696221882507097,0.40116316226752713,0.0,0.0,0.6819844266163284,0.0,0.4979169146530176,0.0,0.282937365010799,0.7769465809714466,0.9099733834351026,0.0,1.0,0.5,0.7378640776699029,0.0,0.0921095711011678,0.0,0.34116641743217246,0.3076923076923077,0.0,0.0,0.0,0.0,0.0,0.0,0.0,0.0,0.04936159010135588,0.0,0.8117388052329273,0.04281712685074035,0.006896080841185315,0.9696707729990635,0.939171785218942,0.0,0.0,0.16000000000000003,0.9619429519671503,0.0,0.0,0.0,0.0,0.0,0.6864609126282277,0.8324506009370544,0.0,0.0,0.0,0.0,0.7460346909723861,0.0,0.0,0.0,0.0,0.0,0.0,0.6457000670355516,0.7483870967741936,0.7495271548230209,0.0,0.0,0.8369565217391304,0.07060264786795045,0.8099790254920942,0.0,1.0,1.0,0.0,0.5,0.0,0.0,0.0,0.0,0.0,0.7444314994606257,0.0,0.0,0.0,0.0,0.8191340782122905,0.44626059420694797,0.0,0.0,0.0,0.8660714285714286,0.0,0.0,0.0,0.0,0.0,0.0,0.0,0.0,0.0,0.0,0.0,0.0,0.0,1.0,0.0,0.6068994152451472,0.0,0.0,0.0,0.0,0.0,0.0,0.0,0.6797433547204399,0.8013318534961155,0.0,0.0,0.0,0.0,0.883441258094357,0.15984697272122428,0.4294574997816021,0.0,0.0,0.7770733950745312,0.23484848484848475,0.0,0.4363636363636364,1.0,0.9184161573212862,0.974304068522484,1.0,0.23546881629189642,0.0,0.15859609609609604,0.0,0.3394269534976766,0.8656562177058216,0.9428571428571428,0.046151104775481344,0.0,0.0,0.7555791118054006,0.16473988439306364,0.2124430955993929,0.0,0.36413043478260865,0.9594882729211087,0.0,0.0,0.18467220683287167,1.0,0.75,1.0,0.0827399950896146,0.0,1.0,0.0,0.5,1.0,0.0,0.0,0.75,0.39630996309963107,0.46091644204851767,0.0,0.0,0.0,0.9778761061946902,1.0,0.8254481339994123,0.0,0.9818020417221482,0.0,0.0,0.0,0.0,0.0,0.5625,0.8571428571428571,0.0,1.0,0.0,0.0,0.1428571428571428,0.5,0.8444084278768234,1.0,0.6385242462386861,1.0,0.0,0.6812499999999999,0.12927350427350426,0.0,0.42307692307692313,0.4545454545454546,0.75,0.0,0.30825338936018387,0.3267511177347242,0.5,0.11557994757536039,0.7646085997794929,0.0,0.0,0.8439056791763534,1.0,0.0,0.33333333333333337,0.6666666666666667,0.6558409042134631,0.375,0.0,0.6451918522027476,0.0,0.0,0.0,0.0,0.2213855421686748,0.0,0.9,0.5882352941176471,0.6875957120980092,0.03864168618266994,0.0,0.0,0.0,0.5,0.8571428571428572,0.75,0.0,0.5,0.9374803644360666,0.0,0.7028130334743561,1.0,0.8237822349570201,0.0,0.0,0.789282250242483,0.0,0.7962170682278766,0.0,0.0,1.0,0.9818649818649818,0.17232930414897085,1.0,0.0,0.6321752265861027,0.0,0.48091670730085534,0.0,0.480719794344473,0.65,0.4,0.0,0.0,1.0,0.0,0.0,0.0,0.0,0.0,0.8053587450883327,0.8892504217883828,0.9222474460839954,0.0,0.8810754912099276,0.0,0.0,0.027472527472527375,0.13636363636363646,0.9664415534416657,0.0,0.0,0.0,0.10539201356407835,0.0,0.7738457932973987,0.5446879231810908,0.0,0.0,0.0,0.0,0.7357533191321615,0.0,0.0,0.0,0.0,0.0,0.0,0.6530014641288433,0.5,0.7258335080729713,0.0,0.0,0.7749343082371758,0.6275371113385442,0.49966591600880994,0.0,0.75,0.6666666666666667,0.0,1.0,0.0,0.0,0.0,1.0,0.8488965230064542,0.7202407825432655,0.0,0.0,0.0,0.0,0.7142857142857143,0.6991181047899016,0.0,0.0,0.0,0.9451371571072319,0.0,0.0,0.0,0.0,0.0,0.0,0.0,0.0,0.0,0.0,0.0,0.46712802768166095,0.0,0.6080525883319639,0.0,0.8955223880597015,0.0,0.0,0.0,0.0,0.0,0.0,0.0,0.14102564102564086,0.5308689024390245,0.0,0.0,0.0,0.0,0.80707453528244,0.0,0.0,0.5860889395667046,0.7904824131547425,0.5557055030739241,0.3076923076923076,0.0,0.0,0.0,0.3076923076923077,0.4651162790697675,0.496648460774578,0.19012345679012344,0.25,0.25356633380884475,0.0,0.8078922244616527,0.3331914893617022,1.0,0.31311329170383595,0.0,0.4918032786885246,0.6538461538461539,0.3088942307692307,0.0,0.7735042735042734,0.0,0.8571428571428572,0.0,0.23076923076923073,0.22863027806385183,0.0,0.8713692946058091,0.0,0.0,0.6666666666666666,0.0,0.0,0.0,0.0,0.0,0.0,0.5714285714285714,0.47297430343605407,0.0,0.0,0.08510638297872364,0.5714285714285714,1.0,0.0,0.38888888888888884,1.0,0.41176470588235303,0.0,0.5,0.0,0.6000000000000001,0.0,0.0,0.0,0.0,0.7142857142857142,0.0,0.0,0.0,1.0,0.9831351949129112,0.16666666666666663,0.8245614035087719,0.6906063618290258,0.33333333333333337,0.0,0.5257192676547515,0.625,0.25015832805573157,0.0,0.25,0.7,0.0,0.0,0.8888888888888888,0.0,0.3262411347517731,1.0,0.0,0.39072847682119205,0.7142857142857143,0.15388983532084044,0.0,1.0,0.03686311340690296,1.0,0.0,0.23452380952380958,1.0,0.294234592445328,0.25778863775198524,0.0,0.0,0.0,1.0,0.18181818181818177,0.5,0.32619047619047625,0.6666666666666667,1.0,0.0,1.0,0.5,1.0,0.0,0.5,0.24763928234183197,0.0,0.0567734682405846,0.8666666666666667,0.7632283302450072,0.19999999999999996,0.0,0.0,0.0,0.0,0.0,0.6936110834246985,0.8080155138978669,0.7757275411218895,0.0,1.0,0.8,0.2924528301886793,0.0,0.5751022793687901,0.5,0.0,0.29268292682926833,0.0,0.0,0.4,0.0,0.0,0.0,0.0,0.0,0.045038705137227186,0.0,0.31991051454138697,0.4469827586206896,0.6464136771042142,0.8597144630664184,0.6666666666666667,0.0,0.0,0.5,0.9703235011625491,0.0,0.5,0.0,0.0,0.0,0.8125,0.2594736116852693,0.0,0.0,0.0,0.0,0.9366544644278211,0.0,0.0,0.0,0.0,0.0,0.0,0.8642010163749294,0.5555555555555556,0.7272727272727273,0.0,0.232001582278481,0.8385093167701863,0.4999225046497211,0.8107872988255763,0.0,0.0,0.0,0.0,0.0,0.0,0.0,0.0,qsampled
0.0,0.0,0.0,0.0,0.0,0.0,0.7723553477498539,0.0,0.0,0.0,0.0,0.0,0.0,0.0,0.4,0.0,0.0,0.8738277919863597,0.0,0.0,0.9252706354949712,0.0,0.0,0.0,0.23409676414800573,0.0,0.0,0.0,0.0,0.0,0.0,0.70024611181981,0.0,0.0,0.0,0.0,0.0,0.0,0.0,0.0,0.9094224924012159,0.3519053735816743,0.33747090768037247,0.0,0.0,0.22954361328652428,0.09951580020387352,0.3508369277036921,0.38089217988080193,1.0,0.0,0.0,0.23684966944524277,0.0,0.5386761618792018,0.0,0.0,0.0,0.0,0.8180331936882362,0.5633781984913475,0.30155306298533224,0.544885595553998,0.5461994076999014,0.4649122807017544,0.5772878749038708,0.11418803418803403,0.9197080291970803,0.12119635890767233,0.38596491228070184,0.0,0.6706030150753768,0.0,0.9243763284483724,0.4444444444444444,0.358490566037736,0.0,0.8960827618272695,0.0,0.6000000000000001,0.0,0.0,1.0,0.23938525657723375,0.5956194834913371,0.33333333333333337,0.0,0.2500455954769286,0.1428571428571428,0.8813559322033898,0.0,0.8761609907120743,0.0,0.5487149822328734,0.5,0.8195033313143549,0.0625,0.09670329670329691,0.735166872682324,0.10821643286573146,0.5038759689922481,0.06201550387596888,0.8571428571428572,0.7647058823529411,0.0,0.0,1.0,0.007769353177946359,0.66,0.0,0.0,0.46464779028183334,0.8754448398576512,0.2165242165242166,0.0,0.0,0.0,0.487838139396494,0.0,0.0,0.5,0.0,0.21289373697757086,0.0,0.054518895485816454,0.0,0.0,0.0,0.18981481481481488,0.6698564593301436,0.0,0.4444444444444444,0.0,0.5320855614973262,0.0,0.0,0.0,0.0,0.0,0.01171848540269571,0.0,0.0,0.0,0.0,0.0,0.5020080321285141,0.10378220354467393,0.0,0.0,0.3014612452350699,0.0,0.0,0.0,0.4285714285714285,0.0,0.45161440727357494,0.0,0.0,0.022766641920316744,0.0,0.0,0.7222222222222222,0.9088138559488247,0.0,0.0,0.0,0.282937365010799,0.38820988304709725,0.24824548305211291,0.0,0.0,1.0,0.0,0.0,0.7845303867403315,0.5,0.8595985479393551,0.3076923076923077,0.2690677966101698,0.0,0.0,0.5,0.0,0.0,0.0,0.0,0.9574562968248306,0.0,0.0,0.14419159994381237,0.0,0.0,0.939171785218942,0.0,0.4038585209003215,0.0,0.0,0.9395007436348999,0.6557288864981172,0.9920218828356507,0.0,0.37503450814392214,0.1053695879825226,0.8217358161820756,0.0,0.0,0.0,0.0,0.0,0.8682030486079744,0.0,0.0,0.0,0.0,0.0,0.0,0.6911764705882353,0.0,0.0,0.0,0.0,0.24888715110683357,0.0,0.9375,0.23115577889447236,0.4076704545454546,0.5025400547088708,0.0,0.0,0.6998779324422744,0.8125,0.0,0.0,0.0,0.0,0.0,0.0,0.6841750841750842,0.0,0.0,0.0,0.0,0.0,0.0,0.0,0.5,0.0,0.0,0.9468085106382979,0.0,0.0,0.8850414278502063,0.0,0.0,0.0,0.09673487157161509,0.0,0.0,0.0,0.0,0.0,0.0,0.6437462235649547,0.0,0.0,0.0,0.0,0.0,0.0,0.0,0.0,0.9610215053763441,0.13197519929140833,0.2835272504592775,0.0,0.0,0.0,0.0,0.7194308736020747,0.21137277426766254,1.0,0.3170603674540683,1.0,0.6798884412767277,0.0,0.46926360725720384,0.0,0.0,0.0,0.0,0.8042495003681498,0.702698028363888,0.5714285714285714,0.7479177119919718,0.7294845360824742,1.0,0.30350368221379154,0.0,1.0,0.6296296296296297,1.0,0.0,0.18973862536302033,0.0,0.8500461680517082,0.0,0.2500000000000001,1.0,0.8409542743538767,1.0,0.0,0.0,0.5,0.0,0.028795505091887885,0.8363636363636364,0.2500000000000001,0.0,0.0,0.0,0.8474025974025974,0.0,0.6394849785407726,0.0,0.8008614976805831,0.7,0.8717948717948718,0.14470186099506266,0.36363636363636365,0.8249258160237389,0.0,0.36363636363636365,0.0,1.0,0.4285714285714286,0.0,0.0,0.8571428571428572,0.0,0.5,0.0,0.0,0.5126476053467601,0.43602183141297746,0.0625,0.0,0.0,0.0,0.0,0.4545454545454546,0.0,0.5833333333333333,0.0,0.21439006574141706,0.0,0.5879635410163566,0.06908171861836565,0.0,0.0,0.0,0.33333333333333337,0.0,0.6666666666666667,0.6666666666666667,0.37647227808101114,0.0,0.0,0.0,0.0,0.0,0.5015576323987538,0.0,0.0,0.0,0.0,0.0,1.0,0.33333333333333337,0.0,0.0,0.6363636363636365,0.5,0.0,0.0,0.33333333333333326,0.0,0.7609173735469683,0.0,0.0,0.0,0.8725761772853186,0.0,0.9583333333333334,1.0,0.0,0.0,0.0,0.0,0.8084866691701089,0.5676065676065676,0.13301262778111855,0.4406546644844518,1.0,0.0,0.0,0.6602085214678598,1.0,0.7803353864137033,0.65,0.5348837209302325,0.0,0.0,0.0,0.0,0.0,0.0,0.0,0.9526282669130708,0.1888952489982827,0.0,0.6130445363835484,0.0,0.0,0.0,0.0,0.18844566712517186,0.0,0.0,0.964066779895872,0.643473260494537,0.8732394366197183,0.09084612978656847,0.5283626631297222,0.27648348636425923,0.4605626445787627,0.0,0.0,0.0,0.0,0.0,0.9450265222918768,0.0,0.0,0.0,0.0,0.0,0.0,0.5,0.0,0.0,0.0,0.0,0.7027787248550972,0.0,1.0,0.0,0.0,0.4722222222222222,0.0,0.0,0.7553233107919297,0.8159509202453988,0.0,0.0,0.0,0.0,0.0,0.0,0.9333333333333333,0.0,0.0,0.0,0.0,0.0,0.0,0.0,0.33333333333333326,0.0,0.0,0.6211142814236372,0.0,0.0,0.691510678852451,0.0,0.0,0.0,0.0,0.0,0.0,0.0,0.0,0.0,0.0,0.8237704918032787,0.0,1.0,0.0,0.0,0.0,0.4516599781101788,0.0,0.0,0.9612903225806452,0.18579234972677594,0.40931239848402823,0.5301620130989314,0.0,0.5656565656565657,0.8267944716897013,0.0,0.3076923076923076,0.7893379191745485,0.3091216216216216,0.0,0.20512820512820518,0.8545454545454545,0.0,0.0,0.25,0.0,0.0,0.4409828167656977,0.18765957446808512,0.72,0.3407671721677076,0.29129662522202504,0.5081967213114755,0.0,0.7254901960784315,0.8380952380952381,0.6546546546546548,0.0,0.0,0.06578947368421051,0.23076923076923073,0.8861997940267765,0.8571428571428572,0.0,0.0,1.0,0.0,1.0,0.0,0.0,0.33333333333333326,0.10441767068273089,0.6838085539714867,0.5714285714285714,0.0,0.1966580976863751,0.19999999999999996,0.21052631578947367,1.0,1.0,1.0,1.0,0.5,0.41176470588235303,0.0,0.0,0.36,0.6000000000000001,0.5,0.0,0.5,0.5,0.0,0.0,1.0,0.2135179153094463,0.0,0.0,0.25,0.03758542141230081,0.2716202783300199,0.33333333333333337,0.45496246872393664,0.5773115773115773,0.625,0.25015832805573157,0.0,0.25,0.19999999999999996,0.31707317073170727,0.8075284090909092,0.2222222222222221,0.0,0.2978723404255321,1.0,0.0,0.7508090614886731,0.7142857142857143,0.17391304347826086,0.4285714285714285,1.0,0.5639821554355482,1.0,0.0,0.0,1.0,0.3147368421052632,0.3549175320708613,0.0,0.5396825396825395,0.0,1.0,0.9090909090909091,0.08333333333333326,0.27350427350427353,0.6666666666666667,1.0,0.11868686868686873,0.0,0.0,1.0,1.0,1.0,0.0,0.0,0.2310286677908936,0.6666666666666666,0.0,0.2373831775700933,0.5555555555555556,0.5279785257072063,0.0,0.5822357311719013,0.0,0.6936110834246985,0.0,0.0,0.0,0.0,1.0,0.023363738198111772,0.0,0.3353789207091369,0.0,0.5659121171770972,0.29268292682926833,0.353631284916201,0.0,0.4,1.0,0.0,0.0,0.0,0.0,0.8541666666666667,0.0,0.0,0.2068965517241379,0.6430605422805495,0.0,0.6666666666666667,0.0,0.0,0.0,0.0,0.9113556022791336,1.0,0.9203682878830475,0.0,0.6801944464903882,0.0,0.19996399207825732,0.0,0.0,0.0,0.0,0.0,0.9191517857142857,0.0,0.0,0.0,0.0,0.0,0.0,0.5555555555555556,0.0,0.0,0.15294815987336774,0.0,0.0,0.0,0.9,1.0,0.3571428571428572,0.5671712393566699,1.0,0.0,0.6779866936650274,0.75,qsampled
0.5714285714285714,0.0,0.7948518329989719,0.0,0.0,0.0,0.0,0.0,0.0,0.7538447782546496,0.651779593988927,0.5392265193370165,0.9053763440860215,0.0,0.4,0.0,0.0,0.0,1.0,0.0,0.6564677055971428,0.0,0.0,0.0,0.0,0.0,0.0,0.0,0.0,0.0,0.0,0.6996633257226887,0.0,0.0,0.0,0.0,0.0,0.0,0.0,0.0,0.0,0.0,0.0,0.0,0.0,0.2591496426766766,0.0697826942416161,0.6185369996814948,0.36499870812160873,0.0,0.0,0.33333333333333337,0.0,0.06351160071389006,0.0,0.2385065477848981,0.7431587177482408,0.0,0.0,0.5625835490803256,0.264437378192635,0.22502896871378897,0.8023475445223961,0.0,0.9382716049382716,0.3880292151522655,0.15233362143474505,0.055445544554455606,0.8027195720017833,0.0,0.05921052631578949,0.0,0.0,0.045139277324085514,0.33333333333333337,0.0,0.0,0.0,0.0,0.4,0.0,0.0,0.0,0.12289275712481473,0.0,0.22222222222222232,0.9460059993334073,0.0,0.0,0.0,1.0,0.0,0.0,0.0,0.6000000000000001,0.026502011932843073,0.0625,0.0,0.0,0.10821643286573146,0.7142857142857142,0.0,0.0,0.7345132743362832,0.0,0.0,0.0,0.009895227008148932,0.0,0.0,0.0,0.0,0.8773364485981309,0.0,1.0,0.0,0.9166666666666666,0.5516504023949302,0.5110115714818961,0.0,0.0,0.0,0.0,0.0,0.0205214248838409,0.479023646071701,0.0,0.6666666666666667,0.9250645994832042,1.0,0.0,0.4444444444444444,0.0,0.0,1.0,0.5,0.6381080475229769,0.0,0.31229502222870076,0.6233231707317073,0.0,0.0,0.33333333333333337,0.0,0.7012987012987013,0.0,0.10378220354467393,0.33333333333333337,0.0,0.34941468605888604,0.25,0.0,0.5,0.0,0.0,0.0,0.0,0.6585257548845471,0.5991623711340206,0.0,0.5149525156597292,0.4722222222222222,0.6599782424755227,0.6666666666666667,0.40166340508806253,0.4322474032105761,0.9216561955945802,0.0,0.28364389233954446,0.6100070193910678,1.0,1.0,0.04721549636803879,0.0,0.0,0.0,0.0,0.3076923076923077,0.7662742382271468,0.75,0.0,0.0,0.9678083506980251,0.0,0.0,0.6206148873933766,0.9563727880041638,0.4346097636698193,0.0,0.0,0.7970942758982124,0.753555425676992,0.0,0.0,0.0,0.15999999999999992,0.9954720554102923,0.0,0.933728981206726,0.0,0.6784980212903028,0.4429949890255519,0.5063841347459929,0.22430072800919587,0.0,0.0,0.0,0.0,0.0,0.0,0.0,0.0,0.0,0.0,0.0,0.0,0.0,0.8950943396226415,0.0,0.5031760057351495,0.0,0.09144581346008618,0.0,0.0,0.7123287671232876,0.6818181818181819,0.5048439821693911,0.5,0.0,0.6923823477262758,0.0,0.0,1.0,0.8350481430536452,0.0,0.0,0.0,0.0,0.0,0.0,0.5454545454545454,0.9027777777777778,0.8,0.9385206532180596,0.0,0.5,0.0,0.0,0.0,1.0,0.0,0.889615642406453,0.0,0.0,0.0,0.15052660374777727,0.0,0.0,0.0,0.0,0.0,0.0,0.6421052631578947,0.0,0.25,0.0,0.0,0.0,0.0,0.0,0.0,0.0,0.0,0.0,0.0,0.41698987796802567,0.7058307759754494,0.7448655515562144,0.5775911204439778,0.14259485924112625,0.0,0.3076923076923076,0.0,0.0,0.7356849876948319,0.20121488230827644,0.23777116120799657,0.764279743661187,0.0,0.0,0.7234922057871407,0.22990654205607486,0.0,0.7319544111439426,0.0,0.18887015177065758,0.0,0.0,0.0,1.0,0.0,0.0,0.18738585169852673,0.0,0.0,1.0,0.0,1.0,0.0,1.0,1.0,0.0,0.5,0.0,0.0,0.18316100443131456,0.0,1.0,0.6370967741935484,0.0,0.0,0.6000000000000001,0.10830172777075431,0.0,0.0,1.0,0.0,0.12494402149574546,0.0,0.0,0.0,0.8636363636363636,0.0,0.0,0.4285714285714286,0.0,0.0,0.0,0.0,0.0,0.0,1.0,0.0,0.5707849592791544,0.0,0.381578947368421,0.42743764172335597,0.3798387096774194,1.0,0.6363636363636365,0.0,0.0,0.0,0.0,0.0,0.11557994757536039,0.6381634372367313,0.0,0.0,0.8254497001998667,0.6666666666666667,0.0,0.6666666666666667,0.6666666666666667,0.0,0.0,0.25,0.36791194129419613,0.0,0.7123417721518988,0.7476635514018692,0.0,0.0,0.0,0.0,0.3529411764705882,0.0,0.23951285520974308,0.6000000000000001,0.0,0.6363636363636365,0.0,0.0,0.75,0.0,1.0,0.0,0.0,0.901479955936587,0.7142857142857143,0.15147407658420875,0.3144411300228108,0.39522653721682854,0.38847305389221554,0.6470588235294118,0.5040530582166545,0.6724346450832636,1.0,0.0,0.5676065676065676,0.9312390158172232,1.0,0.6,0.0,0.0,0.0,0.0,0.0,0.65,1.0,0.6666666666666666,1.0,1.0,0.9490520556779147,0.0,0.0,0.6776953793496863,0.9029495950638682,0.0,0.0,0.5062515322382937,0.8966520492494519,0.8031178840427395,0.0,0.0,0.0,0.13636363636363646,0.9958935904302804,0.0,0.9314707432788614,0.0,0.7399480253908746,0.8454593360266994,0.669781221513218,0.37669885941528647,0.0,0.0,0.0,0.0,0.0,0.0,0.0,0.0,0.0,0.0,0.0,0.0,0.0,0.8309859154929577,0.0,0.9296484323008766,0.0,0.9406435699069402,0.0,0.0,1.0,1.0,0.48043818466353694,1.0,0.0,0.7553857229883147,0.0,0.0,0.0,0.7731729879740981,0.0,0.0,0.0,0.0,0.0,0.0,0.8336798336798337,0.4366578793204453,0.6074766355140186,0.9432835820895522,0.0,0.33333333333333326,0.0,0.0,0.0,0.6666666666666667,0.0,0.9000347554088105,0.0,0.0,0.0,0.0,0.0,0.0,0.0,0.0,0.0,0.0,0.8225734968237552,0.0,0.0,0.0,0.0,0.0,0.0,0.0,0.0,0.6878154289834174,0.0,0.0,0.0,0.0,0.0,0.0,0.8888672635266641,0.3076923076923076,0.0,0.39634146341463417,0.6666666666666667,0.0,0.0,0.01638530287984097,0.4042553191489361,1.0,0.0,0.0,0.0,0.650352733686067,0.2857142857142857,0.2202932098765431,0.0,0.0,0.7417311752287121,0.4374999999999999,0.2857142857142857,0.0,0.5,0.0,0.14724770642201834,0.23076923076923073,0.0,0.1428571428571428,0.0,0.0,0.0,0.0,0.4,0.0,0.0,0.33333333333333326,0.0,0.0,0.5714285714285714,0.811505138021358,0.0,0.0,0.0,1.0,0.0,1.0,1.0,0.0,0.41176470588235303,0.0,0.5,0.0,0.6666666666666667,0.75,0.0,1.0,0.5,0.0,0.0,0.0,0.18478540221022877,0.20000000000000007,0.0,0.0,0.0,0.2806666666666666,0.38888888888888884,0.9977409638554217,0.0,0.0,0.04966887417218546,0.12337662337662325,0.25,0.7,0.31707317073170727,0.7770807193642828,0.2222222222222221,0.12590639419907723,0.0,1.0,1.0,0.717741935483871,0.5714285714285714,0.26923076923076916,0.4285714285714285,1.0,0.0,1.0,1.0,0.2284241201524322,1.0,0.12779631689531568,0.0,0.0,0.0,1.0,1.0,0.0,0.0,0.330952380952381,0.33333333333333337,1.0,0.9473684210526316,0.6666666666666666,0.0,0.5,0.0,0.0,0.674916706330319,0.0,0.0,0.3846153846153846,0.0,0.0,0.7777777777777778,0.0,1.0,0.38662486938349017,0.10030165912518862,0.8735059760956175,0.7211474316210806,0.0,0.34548513740886155,1.0,0.8,0.005981247979308102,0.375,0.21800116890707188,0.5,0.6390773405698779,0.29268292682926833,0.7202072538860104,0.8,0.0,0.0,0.9165705177766411,0.0,0.0,0.5967741935483871,0.6530612244897959,0.7089556095292233,0.0,1.0,0.0,0.06535433070866148,0.0,0.0,0.0,0.5,0.9952908990652156,0.0,1.0,0.0,0.6719680199445507,0.20188399251564615,0.448087431693989,0.10954280454127052,0.0,0.0,0.0,0.0,0.0,0.0,0.0,0.0,0.0,0.0,0.0,0.0,0.0,0.8571428571428572,0.0,0.24534284581847,0.0,0.057612312811980204,0.0,0.0,1.0,0.7142857142857143,0.5613437195715678,0.0,0.0,0.7079743759664237,0.0,qsampled
0.0,0.0,0.0,0.0,0.0,0.0,0.0,0.0,0.7422760709649503,0.0,0.6930712213986464,0.31818181818181823,0.0,0.0,0.0,0.0,0.0,0.0,0.0,0.0,0.0,0.0,0.0,0.0,0.0,0.0,0.0,0.7603911980440098,0.14842952375232732,0.0,0.0,0.0,0.0,0.33333333333333326,0.0,0.8121722329561136,0.4855494839101395,0.0,0.0,0.0,0.0,0.6334427090169314,0.0,0.0,0.4531037113739168,0.8826247022305638,0.0,0.6293193717277488,0.36499870812160873,0.5595556745182012,0.0,0.0,0.7863806823378762,0.0,0.0,0.16229671423830072,0.0,0.0,0.413762211509748,0.9792215308927796,0.39156202541023066,0.21781946072684644,0.5788786916619548,0.4487169607767588,0.4649122807017544,0.3891935684905896,0.39152981849611057,0.5816125860373649,0.12119635890767233,0.7131782945736433,0.6418181818181817,0.13324732768153325,0.0,0.045139277324085514,0.7777777777777778,0.0,0.0,0.06328405017921146,0.0,0.4,1.0,0.33333333333333337,0.0,0.16698526931294277,0.8502862711657936,0.0,0.0,0.28442991418062935,0.5714285714285714,0.44067796610169496,0.6666666666666667,0.0,0.0,0.9721588315837517,0.6000000000000001,0.7217318200924758,0.0,0.09670329670329691,0.0,0.007504690431519689,0.7448648648648649,0.0,0.2857142857142857,0.0,0.3104796963073738,0.6428571428571428,0.18181818181818188,0.30726886025272115,0.0,0.9834854411125598,0.7777777777777778,0.0,0.0,0.25714285714285723,0.0,0.6186770428015564,0.9166666666666666,0.47523861766319253,0.051010886469673555,0.4626865671641792,0.45833333333333337,0.0,0.40297000297000296,0.0,0.6200514355579915,0.0,0.75,0.6666666666666667,0.9345472440944882,0.44976076555023936,0.0,0.33333333333333326,0.25,0.0,1.0,0.0,0.24100682767757065,0.0,0.0,0.01344157572531246,0.0,0.4958096782914302,0.0,0.8214285714285715,0.5260545905707197,0.29115341545352746,0.10378220354467393,0.0,0.0,0.0,0.75,1.0,0.5,0.0,0.0,0.4249785857047683,0.0,0.7445283546605133,0.6620714033227288,0.1638452857289422,0.6856860454667985,0.4722222222222222,0.6145975650484258,0.6666666666666667,0.009584013050570883,0.0,0.7153886912421468,0.0,0.7718637542890618,0.26116094025227266,1.0,1.0,0.5825242718446602,0.0714285714285714,0.0,0.8333333333333334,0.4401325636091511,0.1923076923076923,0.6241610738255033,0.0,0.0,0.0,0.0,0.0,0.0,0.0,0.06954793840039741,0.9075793695841374,0.0,0.461441213653603,0.5668865697328068,0.0,0.9624726362973002,0.0,0.751230718739744,1.0,0.0,0.0,0.0,0.9383378264454387,0.9144309256121977,0.4092919599304127,0.0,0.21239075493808868,0.0,0.0,0.0,0.0,0.0,0.0,0.9473684210526315,0.0,0.0,0.0,0.0,0.0,0.0,0.0,0.0,0.937967075106569,0.0,0.38970903295612536,0.7880213139642187,0.0,0.2500000000000001,0.6818181818181819,0.0,0.0,0.0,0.6564956625588934,0.0,0.0,1.0,0.0,0.0,0.0,0.0,0.0,0.0,0.7789347216659992,0.0,0.9027777777777778,0.0,0.0,0.0,0.0,0.0,0.0,0.0,0.0,0.0,0.0,0.0,0.0,0.0,0.0,0.0,0.0,0.5189873417721519,0.6415554554352386,0.0,0.0,0.0,0.0,0.0,0.0,1.0,0.6843365466697204,0.0,0.0,0.0,0.0,0.8451989090567102,0.0,0.0,0.914568253644612,1.0,0.35968704961910647,0.6191949282004278,0.2182223638101306,0.5574294853154986,0.2787212787212786,1.0,1.0,0.0,0.0,0.4380664652567976,0.0,0.0,0.5646342403453326,0.9998459840336782,0.2801449025357944,0.0,0.7260495914342068,0.4193548387096775,1.0,0.0,0.5838150289017342,0.7399286078531362,0.0,0.8189655172413793,0.748303934871099,0.0,0.0,0.0,0.75,0.0,1.0,0.0,0.0,0.5,0.0,0.0,0.0,0.0,0.9630723781388478,0.5,0.0,0.5660377358490567,1.0,0.3392857142857143,1.0,0.10830172777075431,0.0,0.9621525724423419,1.0,0.8717948717948718,0.0,0.36363636363636365,0.0,0.0,0.8636363636363636,0.0,0.5714285714285714,0.0,0.3907162619120812,0.75,0.0,0.5238095238095237,0.0,0.7981072555205048,1.0,0.07142857142857129,0.0,0.0,0.0,0.6923076923076923,0.3012195121951219,1.0,0.4545454545454546,0.08333333333333337,0.5416666666666667,0.0,0.1931540342298288,0.0,0.0,0.12384161752316747,1.0,0.0,0.9183140619171951,1.0,0.0,0.33333333333333337,0.33333333333333337,0.0,0.375,0.0,0.0,0.0,0.040506329113924044,0.0,0.0,0.0,0.0,0.9,0.0,0.06249999999999989,0.2325581395348837,0.0,0.0,0.7272727272727273,1.0,0.8571428571428572,1.0,0.0,0.5,0.759937286728765,0.0,0.7019888551624156,0.0,0.8412371134020619,0.8090893139147218,0.39522653721682854,0.45115664243225384,0.6470588235294118,0.0,0.0,0.25271149674620386,0.0,0.7085801320020308,0.0,1.0,0.6,0.2515942028985507,0.0,0.0,1.0,0.38904776391846685,0.0,0.20000000000000007,0.0,1.0,1.0,0.0,0.0,0.0,0.0,0.37038689172289085,1.0,0.0,0.0,0.8963723997970573,0.0,0.9850746268656716,0.0,0.1244047619047619,0.6818181818181819,0.0,0.0,0.0,0.9436619718309859,0.9677150736838889,0.5717856428714256,0.0,0.3665998663994656,0.0,0.0,0.0,0.0,0.0,0.0,0.9375,0.0,0.0,0.0,0.0,0.0,0.0,0.0,0.0,0.9605688234050904,0.0,0.0,0.45089953323967913,0.0,0.0,1.0,0.0,0.5,0.0,0.7121946994630175,0.0,1.0,0.0,0.0,0.0,0.0,0.0,0.0,0.0,0.6993185689948893,0.0,0.4366578793204453,0.0,0.0,0.0,0.0,0.0,0.0,0.0,0.0,0.0,0.0,0.0,0.0,0.0,0.7764705882352941,0.0,0.0,0.7639902676399027,0.918918918918919,0.0,0.0,0.0,0.0,0.8181818181818181,0.0,0.865752777121248,0.0,0.0,0.0,0.0,0.6548514142499104,0.6333153055705787,0.0,0.0,0.3043235184494968,0.6689214580984593,0.0,0.9010511054729975,0.3076923076923076,0.8229994700582937,0.7096491228070176,0.0,0.7948717948717949,0.4873338870431895,0.01638530287984097,0.41666666666666663,0.0,0.0,0.5734870317002883,0.8888710454472459,0.796756996890271,0.2857142857142857,0.3087315130830488,0.37435897435897436,0.5081967213114753,0.7692793931731985,0.0,0.0,0.7052154195011338,0.2500000000000001,0.0,0.0,0.0,0.0,1.0,0.0,0.0,0.4220055710306406,0.6666666666666666,0.6,0.0,1.0,0.33333333333333326,0.0,0.7780040733197556,0.0,0.0,0.20142036869144775,0.3999999999999999,0.21052631578947367,0.5714285714285714,0.0,1.0,0.38888888888888884,0.0,0.41176470588235303,0.0,0.0,0.0,0.33333333333333337,0.75,0.0,0.0,0.0,0.0,0.0,0.5,0.3900277970813064,0.20000000000000007,0.9766997708174179,0.8333333333333333,0.0,0.5784444444444444,0.33333333333333326,0.6737967914438503,0.0,1.0,0.24445851804939833,0.4285714285714286,0.75,0.0,0.31707317073170727,0.0,0.2222222222222221,0.4842209072978303,0.4285714285714286,0.0,1.0,0.5786516853932584,0.5714285714285714,0.4204545454545454,0.4285714285714285,0.0,0.2320390170699681,1.0,0.0,0.8206680116565792,1.0,0.36185758513931887,0.25778863775198524,0.0,0.818880351262349,0.0,1.0,0.9090909090909091,0.5,0.27350427350427353,0.6666666666666667,1.0,0.6085858585858586,0.6666666666666666,0.5,0.0,0.0,0.5,0.0,0.0,1.0,0.6923076923076923,0.0,1.0,0.7777777777777778,0.8541666666666666,1.0,0.5733194009056078,0.0,0.9465518967070363,0.33208114199849725,0.3083475298126065,0.6827654181920586,1.0,0.8,0.6907533139346913,0.0,0.21800116890707188,0.0,0.9265593561368209,0.41463414634146345,0.735483870967742,0.0,0.0,0.0,0.0,0.0,0.0,0.0,0.0,0.9351305213742087,0.0,0.6681896551724138,0.01687733062133756,0.682249322493225,0.6666666666666667,0.0,0.328054298642534,1.0,0.0,0.0,0.0,0.933486622377775,0.8247816963379138,0.7003677656623009,0.448087431693989,0.06401667154642376,0.0,0.0,0.0,0.0,0.0,0.0,1.0,0.0,0.0,0.0,0.0,0.0,0.0,0.0,0.0,0.8865107018417123,0.0,0.6308777723571133,0.7644025717741422,0.0,1.0,0.7857142857142857,0.0,0.0,0.0,0.693792216146671,0.0,qsampled
0.0,0.0,0.0,0.0,0.0,0.0,0.0,0.0,0.0,0.0,0.0,0.5691428571428572,0.0,0.0,0.0,0.0,0.0,0.0,0.0,0.0,0.0,0.5,0.0,0.0,0.10638994190961892,0.0,0.0,0.0,0.8332626219770896,0.0,0.0,0.7006835305387982,0.0,0.0,0.0,0.0,0.7285450412048877,0.0,0.892483422131933,0.0,0.0,0.31001447033581153,0.0,0.48956507885932765,0.0,0.3834903544190219,0.07798165137614688,0.49092344119968423,0.35018963337547415,0.2116029510395706,0.2278784717694614,0.6666666666666667,0.24544030717930587,0.48059581858259304,0.0,0.0,0.0,0.0,0.0,0.5976472656421676,0.0,0.12974758197688152,0.5643269039570491,0.0,0.0,0.0,0.0,0.0,0.0,0.35558112773302664,0.43803680981595094,0.6706030150753768,0.0,0.0,0.33333333333333337,0.0,0.0,0.0,0.0,0.4,0.0,0.33333333333333337,0.0,0.0,0.3511897022493825,0.44444444444444453,0.0,0.2796162552549314,0.0,0.9491525423728814,0.6666666666666667,0.8235062893081762,0.5,0.15422047538835848,0.30000000000000004,0.7336420129158037,0.78125,0.0,0.34733828536056943,0.0,0.0,0.0,0.5714285714285714,0.0,0.0,0.6428571428571428,0.18181818181818188,0.014888027023645556,0.5714285714285714,0.0,0.11111111111111116,0.46219794655512136,0.0,1.0,0.19879280934260601,0.0,0.0,0.23043547172801848,0.3000949667616334,0.4626865671641792,0.7142857142857142,0.0,0.28810323260254134,0.795380053066958,0.5663404298254464,0.7879490150637312,0.0,0.0,0.0,0.3065693430656935,0.0,0.7777777777777778,0.0,0.0,0.375,0.5,0.9596084787237423,0.0,0.0,0.4825234441602727,0.5,0.3723915328028822,0.6666666666666667,0.2997275204359672,0.6328059950041631,0.29115341545352746,0.1976962228770427,0.0,0.0,0.0,0.25,0.7894736842105263,0.0,0.0,0.0,0.27682418591509494,0.0,0.669472898436528,0.5547487844408427,0.2201748317715868,0.0,0.0,0.6739347385611032,0.0,0.525357448368569,0.6918116376724655,0.6121567417463746,0.0,0.0,0.6680959154643366,0.41740996168582367,1.0,0.0,0.0714285714285714,0.7796129032258065,0.0,0.0,0.1923076923076923,0.0,0.0,0.6000000000000001,0.5,0.0,0.0,0.0,0.0,0.04471330878485025,0.0,0.0,0.40862480685489533,0.0,0.6966689949179894,0.0,0.31763656353413305,0.0,0.16000000000000003,0.0,0.0,0.9333333333333333,0.9398034623404736,0.0,0.551356693445013,0.9075844486934354,0.9357660872568205,0.0,0.0,0.0,0.0,0.0,0.0,0.7368421052631579,0.0,0.0,0.0,0.0,0.0,0.0,0.0,0.896526334026334,0.41637180355843306,0.0,0.020553058339554342,0.5755800209381648,0.0,0.0,0.3835227272727273,0.5395493461685905,0.0,0.0,0.9946414747435649,0.0,0.0,0.0,0.0,0.0,0.0,0.0,0.0,0.0,0.0,0.0,0.0,0.8,0.0,0.0,0.0,0.0,0.0,0.0,0.0,0.0,0.0,0.0,0.0,0.0,0.0,0.0,0.0,0.0,0.6936368981511727,0.0,0.0,0.6107893692978976,0.0,0.0,0.0,0.0,0.6843135213906526,0.0,0.8914711536825629,0.0,0.0,0.25599548575190445,0.5400552486187844,0.15984697272122428,0.0,0.5898043864848844,0.0,0.46539520251671274,0.1919850885368125,0.0,0.4363636363636364,1.0,0.0,0.51617144359716,0.0,0.0,0.3846153846153847,0.0,0.0,0.8106601544872987,0.0,0.0,0.0,0.0,0.18887015177065758,0.0,0.16473988439306364,0.31218274111675126,0.0,0.36413043478260865,0.9594882729211087,0.022101517138040983,0.0,0.18467220683287167,1.0,0.0,0.0,0.07450393111194331,0.0,1.0,0.0,0.0,0.0,0.0,0.5066469719350074,0.75,0.1428571428571429,0.5165745856353592,0.0,1.0,1.0,0.9620733249051833,1.0,0.49039098740888,0.29999999999999993,0.9818824569155987,0.8948194662480377,0.0,0.24775583482944352,0.0,0.0,0.0,0.8571428571428571,0.0,0.0,0.75,0.0,0.0,0.5,0.0,0.0,0.5431612438922767,0.0,0.8125,0.73,0.0,0.0,0.34615384615384615,0.2727272727272728,0.08333333333333337,0.0,0.0,0.21439006574141706,0.8571428571428572,0.9844364351245085,0.7266217354675653,0.0,0.0,0.5154433742942544,1.0,0.0,1.0,0.0,0.0,0.375,0.25,0.9301409881874761,0.0,0.0,0.31464174454828653,1.0,0.19155590304925707,1.0,0.44999999999999996,0.0,0.0,0.7400468384074941,0.0,0.0,1.0,0.0,0.8571428571428572,0.0,0.0,0.5,0.5867630118336999,0.0,0.9256192236598891,0.0,0.8412371134020619,0.0,0.0,0.8163912756113682,0.0,0.7945922372437855,0.8537001706998695,0.3709327548806941,0.0,0.0,0.9441549983718659,0.5076923076923077,0.8,0.0,0.0,0.6568277920570433,0.0,0.0,0.0,0.20000000000000007,0.0,1.0,0.0,0.0,0.0,0.0,0.0,0.0,0.7954812471757795,0.0,0.0,0.0,0.31853281853281856,0.5,0.30879918742005885,0.17872968980797643,0.13636363636363646,0.0,0.0,0.9310344827586207,0.9436619718309859,0.1159042130949931,0.5368838663140179,0.9261340276826093,0.7866577121110365,0.0,0.0,0.0,0.0,0.0,0.0,0.6875,0.0,0.0,0.0,0.0,0.0,0.0,0.0,0.9503321256038647,0.7885628868745329,0.0,0.6275371113385442,0.49047379032258054,0.0,1.0,0.0,0.48043818466353694,0.0,0.0,1.0,0.0,1.0,0.0,0.0,0.0,0.0,0.0,0.0,0.0,0.0,0.0,0.0,0.3037037037037037,0.0,0.0,0.0,0.0,0.0,0.0,0.0,0.0,0.0,0.6000000000000001,0.0,0.0,0.0,0.0,0.0,0.0,0.8955223880597015,0.0,0.0,0.8237704918032787,0.0,0.0,0.0,0.0,0.14102564102564086,0.0,0.8519553072625698,0.0,0.0,0.4861351264809479,0.0,0.0,0.6747708995698523,0.0,0.7567567567567568,0.8709040235949888,0.7692307692307692,0.0,0.0,0.6666666666666667,0.0,0.46096345514950177,0.01638530287984097,1.0,0.25,0.0,0.0,0.0,0.0,0.5054945054945055,0.7065120428189118,0.0,0.0,0.6923076923076923,0.3088942307692307,0.0,0.6666666666666666,0.0,0.8571428571428572,0.14724770642201834,0.23076923076923073,0.25185396463205934,0.2857142857142858,0.0,1.0,0.6373626373626373,0.6666666666666666,0.4,0.0,1.0,0.33333333333333326,0.0,0.2515723270440251,0.4285714285714285,0.0,0.06169665809768643,0.0,0.21052631578947367,0.5714285714285714,1.0,0.0,0.33333333333333337,1.0,0.41176470588235303,0.6666666666666667,0.5,0.6,0.6000000000000001,0.0,0.0,0.0,0.0,0.0,0.0,0.5,0.0357142857142857,0.0,0.0,0.25,0.07017543859649122,0.5658548707753479,0.4999999999999999,0.0,0.5257192676547515,0.625,0.0,0.5950920245398772,0.75,0.7,0.31707317073170727,0.6210526315789474,0.4444444444444444,0.6282135794330916,0.2222222222222222,1.0,0.0,0.0,0.5714285714285714,0.17391304347826086,0.7142857142857142,0.0,0.0,1.0,1.0,0.6678571428571428,1.0,0.294234592445328,0.07147220525351261,0.0,0.0,0.0,0.0,0.9090909090909091,0.5,0.07692307692307698,0.6666666666666667,1.0,0.6085858585858586,0.6666666666666666,0.5,1.0,0.0,0.5,0.20505321309610847,0.0,0.0,0.6666666666666666,0.0,0.19999999999999996,0.0,0.0,0.0,0.0,0.20667209113100082,0.0,0.4279250161603103,0.5559619604974396,0.3997231621039681,0.0,0.8,0.023363738198111772,0.0,0.3353789207091369,0.5,0.4918247220405493,0.41463414634146345,0.2927669345579794,0.0,0.6000000000000001,1.0,0.0,0.0,0.0,0.0,0.04166666666666674,0.0,0.0,0.6681896551724138,0.6434480165444632,0.20772200772200777,0.0,0.16211544137281642,0.22390317700453843,0.0,0.0,0.0,1.0,0.933486622377775,0.0,0.6652146292767038,0.004424778761061843,0.7028799779523218,0.0,0.0,0.0,0.0,0.0,0.0,1.0,0.0,0.0,0.0,0.0,0.0,0.0,0.0,0.7768773635872501,0.0,0.0,0.299744419223964,0.47767636223676246,0.0,0.0,0.3571428571428572,0.5419233860166086,1.0,0.0,0.994133831698074,0.0,qsampled
0.5714285714285714,0.0,0.0,0.0,0.0,0.0,0.0,0.0,0.0,0.0,0.0,0.0,0.0,0.0,0.0,0.0,0.0,0.0,1.0,0.0,0.0,0.0,0.7373658766654876,0.0,0.0,0.0,0.0,0.0,0.3946418575923103,0.0,0.0,0.2300826880168001,0.0,0.8328173374613003,0.0,0.0,0.0,0.7673119713171241,0.9490729875616053,0.0,0.42933676202721527,0.46314381270903016,0.44537250384024585,0.0,0.45474613686534215,0.9239153973868476,0.0,0.9349697162894485,1.0,0.6404494382022472,0.37473500436463403,0.33333333333333337,0.0,0.2021113470158057,0.01566291639091122,0.0,0.0,0.047592877555506785,0.0,0.0,0.7244066906033804,0.21781946072684644,0.5907060771817132,0.929979972269296,0.0,0.7276347225909212,0.45299145299145305,0.7491459248413861,0.09546862896979069,0.0,0.0,0.13324732768153325,0.0,0.045139277324085514,0.4444444444444444,0.5272727272727272,0.0,0.13070175438596487,0.0,0.4,0.0,0.0,0.0,0.0,0.025711159737418,0.0,0.0,0.5945239068246833,0.1428571428571428,0.0,0.0,0.3587953313880785,0.5,0.9721588315837517,0.6000000000000001,0.7181779480630055,1.0,0.1428571428571428,0.0,0.0,0.0,0.0,0.2857142857142857,0.7741626794258374,0.31014289060669953,0.0,0.18181818181818188,0.716035208572522,0.66,0.0,0.33333333333333337,0.5492580719785849,0.6514423076923076,0.2702020202020202,0.49237742068397206,0.0,0.0,0.20373681938706323,1.0,0.4626865671641792,0.0,0.07361491108071117,0.7389993972272453,0.5924424262082386,0.3617963745400027,0.0,0.75,0.0,0.7333333333333333,0.043062200956938024,0.7818774959221554,0.11111111111111105,0.25,0.0,0.0,0.0,0.30353430353430366,0.6666666666666667,0.330119694431962,0.16792225403043526,0.5,0.15069860279441116,0.33333333333333337,0.0,0.4267990074441689,0.490092879256966,0.296875,0.0,0.0,0.9658980188372849,1.0,0.9555555555555556,0.5,0.4285714285714285,0.0,0.6117950186086458,0.0,0.4173021211414871,0.0,0.12638134196226858,0.5356497288612172,0.0,0.0,0.0,0.6873980424143555,0.5619444858235265,0.0,0.18483829650976635,0.0,0.5019731649565903,1.0,1.0,0.04721549636803879,0.0,0.0,0.0,0.6483471074380165,0.0,0.2826388888888888,0.0,0.0,0.0,0.0,0.0,0.0,0.0,0.9544390036193315,0.1372943029381415,0.0,0.5200534759358288,0.6900974576271186,0.7853964930646428,0.0,0.0,1.0,0.0,0.9623115760415532,0.0,0.16666666666666663,0.6329161413327593,0.5128782195548887,0.5098924925467523,0.36786791994727885,0.8550667993177943,0.0,0.0,0.0,0.0,0.7190733373054772,0.0,0.0,0.0,0.0,0.0,0.0,0.0,0.0,0.0,0.0,0.6074902418514754,0.0,0.2559715304752599,0.0,0.0,0.5,1.0,0.0,0.0,0.0,0.0,0.96875,0.0,0.0,0.0,0.0,0.0,0.0,0.0,0.0,0.0,0.0,0.0,0.0,0.0,0.0,0.0,0.0,0.0,0.0,1.0,0.0,0.0,0.0,0.8643086368075903,0.0,0.188821211035471,0.0,0.0,0.0,0.6222093918398768,0.0,0.0,0.0,0.0,0.5,0.0,0.0,0.0,0.79553669370066,0.8841913080833392,0.0,0.0,0.26201448321263987,0.4650349650349651,0.0,0.9064716795809233,1.0,0.6821639898562974,0.3679256965944272,0.4521474467365574,0.2476043276661516,0.34593175853018376,0.0,0.681029658645775,0.0,0.23717155041958993,0.0,0.0,0.15859609609609604,0.0,0.0,0.8571428571428571,0.0,0.0,0.9010309278350516,0.18887015177065758,0.6819757365684576,0.5838150289017342,0.7341703056768558,0.6296296296296297,0.0,0.0,0.0,0.0,0.0,0.0,0.2500000000000001,1.0,0.9206090266449157,1.0,1.0,0.0,0.5,0.0,0.05942237468186329,0.18316100443131456,0.5,0.0,0.8294036061026353,0.0,0.0,1.0,0.34899328859060397,1.0,0.9629955947136564,1.0,0.8717948717948718,0.0,0.36363636363636365,0.0,1.0,0.0,0.0,0.5714285714285714,0.4285714285714286,0.3431763766959298,0.0,0.0,0.6666666666666666,0.5,0.0,1.0,0.5421245421245422,0.2924369747899159,0.0625,0.029114435907804492,0.4078947368421053,0.0,1.0,0.4545454545454546,0.08333333333333337,0.0,0.3269461077844311,0.8343722172751558,0.5,0.0,0.10878112712975097,1.0,0.0,0.8328971962616822,0.25,0.7106202773395334,0.0,0.33333333333333337,0.0,0.0,0.0,0.0,1.0,0.01951077460687245,0.5015576323987538,1.0,0.889795918367347,0.0,0.0,0.8823529411764706,0.7549770290964778,0.0,0.0,0.0,1.0,0.5,0.8571428571428572,1.0,0.33333333333333326,0.5,0.9258118037449633,0.0,0.6834929047700462,0.3505102040816328,0.12535816618911177,0.9019126162484646,0.0,0.0,0.0,0.47236551215917466,0.8124787487249234,0.20610687022900764,0.8338220918866079,0.0,0.9307063197026022,1.0,0.6,0.0,0.0,0.0,0.0,0.316305021698698,0.44999999999999996,1.0,0.0,0.0,1.0,0.0,0.0,0.0,0.0,0.9452159691432137,0.9770867430441899,0.0,0.0,1.0,0.0,0.0,0.0,1.0,0.0,0.9667962506573724,0.0,0.1724137931034483,0.46478873239436613,0.2344038215958001,0.5477309461643665,0.6437731849496555,0.9395146235220908,0.0,0.0,0.0,0.0,0.7401648066120611,0.0,0.0,0.0,0.0,0.0,0.0,0.0,0.0,0.0,0.0,0.8775317807533106,0.0,0.0,0.0,0.0,0.0,0.6666666666666667,0.0,0.5,0.0,0.0,1.0,0.0,0.0,0.0,0.0,0.0,0.0,0.0,0.0,0.0,0.0,0.0,0.0,0.0,0.0,0.0,0.0,0.0,0.0,0.6666666666666667,0.0,0.0,0.0,0.8922180801491146,0.0,0.7754524886877828,0.0,0.0,0.0,0.918918918918919,0.0,0.0,0.4772896500372301,0.0,0.8181818181818181,0.0,0.0,0.0,0.5308689024390245,0.9807923169267707,0.0,0.9576271186440678,0.5414358867175253,0.40931239848402823,0.0,0.3058234421364987,0.9345794392523364,0.0,1.0,0.7692307692307692,1.0,0.0,0.6666666666666667,0.20512820512820518,0.8493975903614458,0.0,1.0,0.0,0.1438356164383563,0.0,0.0,0.3193493150684932,0.2857142857142857,0.7377701934015928,0.8388079918726719,0.0,0.7973453749315819,1.0,0.0,0.7052154195011338,0.5,0.0,0.0,0.0,0.0,1.0,0.6785714285714285,0.0,0.04038997214484685,0.0,0.4,0.0,0.0,0.33333333333333326,0.0,0.3930753564154785,0.0,0.0,0.3998137513580632,0.19999999999999996,0.0,0.0,0.6956521739130435,0.0,0.7777777777777778,0.0,0.23529411764705876,0.0,0.0,0.0,0.6666666666666667,0.0,0.0,0.0,0.5,0.0,0.0,0.5,0.42741935483870974,1.0,0.0,0.16666666666666663,1.0,0.30409356725146186,0.0,0.9966814159292036,0.0,0.0,0.0,0.1986062717770034,0.75,0.7,0.0,0.5105837075048107,0.8888888888888888,0.4842209072978303,0.37903225806451624,0.0,0.0,0.0,0.0,0.0,0.2857142857142857,1.0,0.2320390170699681,1.0,0.0,0.8166666666666667,0.0,0.8008350730688936,0.6793924466338259,0.0,0.2727272727272727,1.0,1.0,0.18181818181818177,0.08333333333333326,1.0,0.6666666666666667,1.0,1.0,0.0,0.5,0.0,1.0,0.5,0.04838511605059548,0.0,0.04166666666666674,0.0,0.0,0.25773195876288646,0.0,0.3773067331670823,0.0,1.0,0.2566171723692705,0.0,0.0,0.6883394746226078,0.0,1.0,0.8,0.025924147863658265,0.0,0.23647711511789193,0.5,0.7623211446740858,0.0,0.3979274611398964,0.0,0.4,0.0,0.0,0.0,0.0,0.0,0.8476425052779732,0.018287508486082737,0.4375,0.6681896551724138,0.385953468145249,0.6376106194690265,0.0,0.0,1.0,0.0,0.9726297341377821,0.0,0.5,0.656423950928102,0.09640718562874273,0.5076441196211499,0.0,0.0,0.0,0.0,0.0,0.0,0.9366544644278211,0.0,0.0,0.0,0.0,0.0,0.0,0.0,0.0,0.0,0.0,0.7849676455948233,0.0,0.6986709263193809,0.0,0.0,1.0,0.0,0.0,0.0,0.0,0.0,0.9375,qsampled
0.0,0.0,0.7948518329989719,0.0,0.0,0.0,0.0,0.18181818181818188,0.3748296228986825,0.7527198145175673,0.0,0.0,0.0,0.0,0.4,0.0,0.0,0.0,0.0,0.0,0.924780623644076,0.5,0.0,0.8248816048528708,0.0,0.0,0.668931277763261,0.0,0.0,0.0,0.0,0.0,0.0,0.0,0.0,0.0,0.0,0.765895560931851,0.0,0.0,0.535928042471173,0.5662750375239377,0.2532039619971699,0.9535911602209944,0.8940170940170941,0.22718707940780614,0.06897909194296215,0.0,0.6820291777188329,0.2420490928495198,0.2117704162116245,0.33333333333333337,0.0,0.6871743486973948,0.0,0.0,0.0,0.07188634907071134,0.4821470245040841,0.49373704341732605,0.0,0.3018418201516794,0.24574143804913062,0.0,0.17543859649122806,0.6425441342181044,0.49572649572649563,0.8237623762376238,0.12521499828001392,0.0,0.0,0.8630653266331658,0.0,0.0,0.0,1.0,0.0,0.6808367071524966,0.6666666666666667,0.6000000000000001,0.0,0.0,1.0,0.0,0.0,0.0,0.0,0.23170630645562296,0.0,0.44067796610169496,0.25,0.09350356740518218,0.5,0.204192401272693,0.0,0.0,0.0625,1.0,0.7526975794692331,0.007504690431519689,0.0,0.0,0.0,0.7533129459734964,0.0,0.6428571428571428,0.18181818181818188,0.2826086956521737,0.0,1.0,0.0,0.46464779028183334,1.0,0.0,0.24650971803996713,0.45966562173458725,0.5,0.5767632145888191,0.9001821493624772,0.0,0.5,0.1456704572376215,0.4055836055836056,0.8329004329004328,0.0,0.4338289962825279,0.75,0.6666666666666667,0.12598425196850382,0.043062200956938024,0.506588579795022,0.0,0.0,0.07539118065433859,0.0,0.5,0.23565816007231766,0.6666666666666667,0.17970379641218182,0.09192565743811199,0.0,0.0,0.33333333333333337,0.0,1.0,0.0,0.4430752745780874,0.0,0.0,0.32851550737729596,0.25,1.0,0.5,0.4285714285714285,0.0,0.4476168003775366,0.0,0.3987043368724129,0.3923344947735192,0.0,0.5755153225174385,0.41666666666666663,0.0,0.0,0.03111874761359268,0.579192142578379,0.9743906201789572,0.3528837257119358,0.5851635453075279,0.0,0.0,0.0,0.0,0.0,0.07790055248618777,0.6666666666666667,0.5179394108613709,1.0,0.6200312989045385,0.0,0.0,0.0,0.0,0.0,0.0,0.0,0.09272467902995718,0.8535099282756043,0.0,0.04111064288055433,0.0,0.0,0.0,0.0,0.4038585209003215,0.76,0.0,0.0,0.2049488972565896,0.0,0.9144399791391846,0.0,0.0,0.0,0.0,0.0,0.0,0.0,0.0,0.0,0.9473684210526315,0.0,0.0,0.6666666666666667,0.0,0.6428665430400191,0.0,0.7485581450094162,0.0,0.0,0.0,0.1349316921067002,0.8069609438011784,0.0,0.0,0.0,0.0,0.5,0.0,0.0,0.0,0.0,0.0,0.783127779899708,0.0,0.0,0.0,0.0,0.875,0.4487209140953877,0.8636363636363636,0.0,0.8,0.0,0.0,0.5,0.0,0.0,0.0,0.0,0.0,0.9001801098018792,0.0,0.0,0.9775561097256857,0.17674072235323324,0.0,0.8,0.0,0.0,0.0,0.0,0.0,0.0,0.25,0.0,0.0,0.0,0.7755662938307483,0.0,0.0,0.21945636623748188,0.7762636512998936,0.4983811285846439,0.8137711345258515,0.9097580152004892,0.0,0.648129958443521,0.0,0.7249129471351694,0.0,0.0,1.0,0.0,0.7423473088640651,0.0,0.0,0.0,0.14491614255765184,0.6155277851635204,0.31983117882833867,0.0,0.5714285714285714,0.6322973195198158,0.0,0.0,0.31351351351351353,0.8473684210526315,0.9202127659574468,0.0,0.0,0.0,0.790356394129979,0.0,0.18467220683287167,0.5,0.2500000000000001,1.0,0.9099794238683128,1.0,0.0,0.0,0.5,0.0,0.0,0.0,0.5,0.0,0.5053763440860214,0.0,0.3392857142857143,0.6000000000000001,0.0,1.0,0.24579753455360454,0.0,0.0,0.11641321447299424,0.8636363636363636,0.6236949614162506,0.0,0.36363636363636365,0.0,0.0,0.4285714285714286,0.0,0.75,0.33333333333333326,0.5238095238095237,0.0,0.6160000000000001,0.0,0.0,1.0,0.0,0.7576443941109853,0.14473684210526327,0.4947478991596639,1.0,0.8181818181818182,0.0,0.5833333333333333,0.28759595959595974,0.4392439243924393,0.8571428571428572,0.11557994757536039,0.714663143989432,1.0,0.0,0.4973919523099851,0.25,0.933142311365807,0.33333333333333337,0.6666666666666667,0.6318333069244177,0.0,0.25,0.8218210361067504,1.0,0.0,1.0,0.0,0.0,0.0,0.44999999999999996,0.8235294117647058,0.0,0.0013280212483400833,0.0,0.0,0.6363636363636365,0.0,0.8571428571428572,1.0,0.33333333333333326,1.0,0.712253606990449,0.0,0.6858755519140607,0.6513075965130761,0.0,0.3144411300228108,0.5202265372168284,0.0,0.0,0.0,0.5394617933527462,0.9375487900078064,0.8338220918866079,0.51559767586168,0.13301262778111855,0.0,0.0,0.0,0.0,0.48078495502861807,1.0,0.38904776391846685,0.65,0.0,0.0,1.0,1.0,0.0,0.0,0.0,0.0,0.37038689172289085,0.9875463698993111,0.0,0.29969614584999205,0.0,0.0,0.5,0.0,0.0,0.8181818181818182,0.0,0.0,0.21219091431857395,0.0,0.9409339327920311,0.0,0.0,0.0,0.0,0.0,0.0,0.0,0.0,0.0,0.9375,0.0,0.0,0.5,0.0,0.6637663144810442,0.0,0.7258335080729713,0.0,0.0,0.0,0.6188758720547585,0.49154118800432367,0.0,0.75,0.0,0.0,1.0,0.0,0.0,0.0,1.0,0.0,0.7453006170182235,0.0,0.0,0.0,0.0,0.7142857142857143,0.7128416323474355,0.8461538461538461,0.0,0.96,0.0,0.0,0.33333333333333326,0.0,0.0,0.0,0.0,0.0,0.8732261890156627,0.6000000000000001,0.0,0.7979041916167664,0.46820809248554907,0.0,0.6077795786061588,0.0,0.0,0.0,0.0,0.0,0.0,0.0,0.0,0.0,0.28042328042328046,0.5308689024390245,0.0,0.0,0.9688506981740065,0.43640661938534264,0.4229473310870723,0.39142695995487864,0.30025964391691384,0.5860889395667046,0.0,0.5272654570900186,0.0,0.0,0.6798245614035088,0.33333333333333337,0.0,0.0,0.01638530287984097,0.0,0.25,0.25356633380884475,0.4930875576036866,0.7926518734085122,0.0,0.9010989010989011,0.0,0.0,0.4918032786885246,0.48921568627450973,1.0,0.7806122448979592,0.5185185185185185,0.5,0.0,0.6057339449541284,0.5,0.2280701754385963,0.0,0.6666666666666667,0.0,0.7362637362637363,0.6666666666666666,1.0,0.0,0.0,1.0,0.0,0.0,0.0,0.0,0.3239649440918707,0.0,0.21052631578947367,1.0,0.0,0.0,0.08823529411764708,1.0,0.0,0.0,0.75,0.5,0.6000000000000001,0.5,0.0,1.0,0.5,0.0,0.0,0.5,0.17189542483660125,0.0,0.8244401437655515,0.25,0.0,0.6906063618290258,0.33333333333333337,0.0,0.5257192676547515,0.0,0.8822039265357822,1.0,0.25,0.19999999999999996,0.0,0.16149068322981364,0.4444444444444444,0.0,0.0,0.0,1.0,0.0,0.0,0.52,0.0,1.0,0.0,1.0,1.0,0.7527777777777778,0.0,0.7884779516358463,0.3549175320708613,0.0,0.20279720279720292,1.0,1.0,0.36363636363636365,0.0,1.0,0.6666666666666667,1.0,0.11868686868686873,0.6666666666666666,1.0,0.0,1.0,0.0,0.0,0.0,0.0567734682405846,0.3846153846153846,0.5998012108069035,0.0,0.0,0.36431718061674,0.0,0.580209388720027,0.8340865074241446,0.5544675642594858,0.0,0.9548713622943905,0.0,0.6543110394842868,0.0,0.0,0.0,0.5279211637728766,0.0,0.9241952232606438,1.0,0.7868325973504616,0.0,0.0,0.0,0.0,0.0,0.0,0.0,0.0,0.837755174621239,0.0,0.4469827586206896,0.7820698651978548,0.4688768606224628,0.0,0.0,0.0,0.41666666666666663,0.0,0.0,0.5,0.0,0.8367216324071982,0.0,0.0,0.0,0.0,0.0,0.0,0.0,0.0,0.0,1.0,0.0,0.0,1.0,0.0,0.8642010163749294,0.0,0.7272727272727273,0.0,0.232001582278481,0.0,0.49937936384794424,0.8202080237741456,0.0,0.0,0.3571428571428572,0.0,0.0,0.0,0.0,0.0,qsampled
0.0,0.0,0.0,0.0,0.0,0.7053637859896738,0.0,0.0,0.6831448232223365,0.7682854546172996,0.0,0.0,0.0,0.0,0.4,0.0,0.0,0.0,0.0,0.0,0.0,0.5,0.7001684944869786,0.8373757880115397,0.0,0.0,0.0,0.0,0.0,0.0,1.0,0.0,0.0,0.0,0.0,0.8606837606837607,0.8035017840843084,0.7673119713171241,0.8596480040811121,0.0,0.8263570477739979,0.6805932531989143,0.0,0.4917981072555204,0.0,0.0,0.6168409031011157,0.8280166713421232,0.0,0.2405468916898098,0.2130763219588434,0.0,0.3457811726430441,0.8554403143722219,0.4211244835638587,0.0,0.8299673014041162,0.0,0.0,0.0,0.39156202541023066,0.0,0.0,0.48842353635157054,0.0,0.0,0.49295290477827425,0.0,0.12119635890767233,0.29931972789115635,0.4375,0.6706030150753768,0.0,0.0,0.0,0.0,0.0,0.8932571684587813,0.0,0.4,0.5,0.33333333333333337,0.0,0.0,0.5927835051546392,0.0,0.0,0.0,0.0,0.9491525423728814,0.25,0.4745011086474501,0.0,0.0,0.0,0.9649172846548774,0.0625,0.0,0.0,0.007504690431519689,0.0,0.0,0.2857142857142857,0.0,0.80927291886196,0.0,0.0,0.7952769000498918,1.0,0.0,0.0,0.49332648870636553,0.0,1.0,0.0,0.46207689093188475,0.5,0.5745751672686366,0.4123861566484517,0.0,0.0,0.6490754679467151,0.7598576934479693,0.5805194805194804,0.0,0.0,0.75,0.0,0.9074803149606299,0.44976076555023936,0.8245640752303358,0.4444444444444444,0.0,0.25,0.375,0.0,0.6186734693877551,0.0,0.21079948098612644,0.014176296694436985,0.5,0.5396565821749796,0.6666666666666667,0.8656716417910448,1.0,0.6501547987616099,0.10378220354467393,0.33333333333333337,0.0,1.0,1.0,0.0,0.0,0.4285714285714285,0.0,0.15333968396279263,0.25,0.7284243488162452,0.0,0.0,0.8923505879500545,0.4722222222222222,0.9003488879197558,0.6666666666666667,0.0,0.0,0.9743906201789572,0.0,0.9181138211382114,0.6025966198739359,0.5476785416815402,0.75,0.04721549636803879,0.0,0.9912983425414365,0.7916666666666666,0.45246405137512224,0.0,0.0,0.0,0.0,0.0,0.0,0.0,0.0,0.0,0.06954793840039741,0.6547728674754807,0.0,0.1289124500031743,0.0,0.0,0.0,0.0,0.0,0.76,0.0,0.0,0.0,0.0,0.9139938080495356,0.7809308250494756,0.44913830348999084,0.5392008294783857,0.0,0.0,0.0,0.0,0.9582197143551392,0.0,0.9473684210526315,0.0,0.0,0.0,0.0,0.7561007971095848,0.6911764705882353,0.7151366503153469,0.0,0.0,0.0,0.23534455042332003,0.9117508397666333,0.0,0.75,0.0,0.0,0.5,0.0,0.6724106656992563,0.8125,0.0,0.0,0.0,0.0,0.0,0.6000000000000001,0.0,0.0,0.7777777777777778,1.0,0.0,0.0,0.0,0.0,0.5,0.0,0.0,0.0,0.0,0.0,0.0,0.0,0.8579145054551959,0.9775561097256857,0.0,0.0,0.0,0.0,0.0,0.0,0.6666666666666667,0.17588440458395616,0.0,0.25,0.0,0.7391304347826086,0.6100330305532617,0.795833704066198,0.8801670249302004,0.0,0.95867460908414,0.8534457114526525,0.0,0.15984697272122428,0.0,0.0,0.8034821582485778,0.947694044594976,0.0,0.0,0.0,1.0,0.6885422270037654,0.7609515996718622,0.23757891847378543,0.0,0.7567039106145252,0.0,0.0,0.0,0.2801449025357944,0.19999999999999996,0.0,0.6833156216790648,0.18887015177065758,0.0,0.7514450867052023,0.0,0.0,0.4568965517241379,0.3724559023066486,0.17464615384615367,0.0,0.0764119601328902,0.5,0.0,0.0,0.9248971193415638,1.0,1.0,1.0,0.0,0.0,0.0,0.5066469719350074,0.5,0.0,0.0,0.0,1.0,0.0,0.8322211630123928,0.0,0.0,0.0,0.9280575539568345,0.140068886337543,0.0,0.0,0.0,0.0,0.0,0.5714285714285714,0.0,0.8036284470246734,0.0,0.0,1.0,0.5,0.0,0.0,0.4585454231731516,0.0,0.8125,0.0,0.14473684210526327,0.5,1.0,0.2727272727272728,0.0,0.0,0.931477172430394,0.9001839926402944,0.5,0.605466593042518,0.12384161752316747,1.0,0.0,0.8029906542056074,1.0,0.7475822050290135,0.6666666666666667,0.6666666666666667,0.6457946010262512,0.375,0.0,0.3462956754944686,0.0,0.0,0.0,1.0,0.7994791666666666,1.0,0.0,0.8235294117647058,0.6875957120980092,0.2325581395348837,0.8,0.0,0.5454545454545454,0.5,0.0,0.0,0.33333333333333326,0.5,0.5894125242091672,1.0,0.7052147814668919,0.0,0.0,0.9079123826553419,0.39522653721682854,0.7103293413173652,0.6470588235294118,0.6989247311827957,0.0,0.9370932754880694,0.8076923076923077,0.4838751966439434,0.856978527607362,0.6194331983805668,0.0,0.0,0.0,1.0,1.0,0.5872728140056289,0.44999999999999996,0.4,0.0,0.0,1.0,0.0,0.0,0.0,0.0,0.30843251456064813,0.9144936325045482,0.0,0.7952613958279681,0.0,0.0,0.0,0.0,0.0,0.8181818181818182,0.0,0.0,0.0,0.0,0.933133858003738,0.823946225339125,0.6427246496290189,0.7205600974082449,0.0,0.0,0.0,0.0,0.9517507461019167,0.0,1.0,0.0,0.0,0.0,0.0,0.706151832460733,0.5,0.5583554376657824,0.0,0.0,0.0,0.0,0.7400818986394259,0.0,0.25,0.25,0.0,1.0,0.0,0.7411988582302569,1.0,1.0,0.0,0.0,0.0,0.0,0.8651975382171928,0.0,0.0,0.7065619223659889,0.8461538461538461,0.0,0.0,0.0,0.0,0.33333333333333326,0.0,0.0,0.0,0.0,0.0,0.0,0.6000000000000001,0.89,0.7958078602620087,0.0,0.0,0.0,0.0,0.0,0.0,0.7777777777777778,0.0,0.0,0.0,0.0,0.8885922330097087,0.14102564102564086,0.5759430427179615,0.7487191998048305,0.0,0.350071225071225,0.5997438360550753,0.0,0.0,0.6749123130884253,0.31396011396011403,0.43112272677774144,0.6728630570663203,0.15384615384615385,0.0,0.5373754152823921,0.0,0.20512820512820518,1.0,0.01746216530849809,0.0,0.0,0.0,0.0,0.0,0.7853191489361703,0.0,0.31311329170383595,0.20318169132012276,0.0,0.8052287581699346,1.0,0.2857142857142857,0.7052154195011338,0.0,1.0,0.14724770642201834,0.0,0.22863027806385183,0.0,0.0,1.0,1.0,0.0,0.4,0.0,1.0,0.33333333333333326,0.0,0.4745417515274949,0.0,0.0,0.0,0.0,0.21052631578947367,1.0,1.0,1.0,0.08823529411764708,1.0,0.9411764705882353,1.0,0.5,0.0,0.6000000000000001,0.0,0.0,0.0,0.0,0.2857142857142857,0.0,0.0,0.5561770428015562,0.20000000000000007,0.0,0.25,0.0,0.5658548707753479,0.6140350877192982,0.5221625251846878,0.5773115773115773,1.0,0.8822039265357822,0.0,0.25,0.7,0.46341463414634154,0.8426501035196687,0.8888888888888888,0.0,0.3504273504273504,0.0,0.0,0.4900000000000001,0.5714285714285714,1.0,0.4285714285714285,1.0,0.0,1.0,0.0,0.2337301587301588,1.0,0.7612383900928793,0.25778863775198524,0.0,1.0,0.0,1.0,0.36363636363636365,0.5,0.27350427350427353,0.0,1.0,0.6843434343434343,1.0,0.0,1.0,1.0,0.5,0.20505321309610847,0.25,0.918918918918919,0.0,0.6056552856975244,0.23974763406940058,0.7777777777777778,0.5490611750454271,1.0,0.0,0.0,0.5544675642594858,0.0,0.9548713622943905,0.23322637106184374,0.0,0.8,0.025924147863658265,0.375,0.9153952843273232,0.0,0.0,0.0,0.0,0.0,0.4,0.0,0.0,0.0,0.0,0.0,0.0,0.4326621686234925,0.0,0.206896551724138,0.8115532362107705,0.1226190476190474,0.0,0.0,0.0,0.41666666666666663,0.0,0.0,0.0,0.0,0.8565410819059082,0.5285705165038628,0.4336283185840708,0.613299347260734,0.0,0.0,0.0,0.0,0.9885173927727119,0.0,0.6666666666666667,0.0,0.0,0.0,0.0,0.8642010163749294,0.5555555555555556,0.7272727272727273,0.0,0.0,0.0,0.6085337470907681,0.8493220446877586,0.0,0.5,0.3571428571428572,0.0,0.0,0.0,0.670653173873045,0.75,qsampled
0.0,0.0,0.0,0.0,0.0,0.0,0.8636363636363636,0.0,0.0,0.7527443342776204,0.0,0.0,0.8384924189642016,0.0,0.0,0.0,0.0,0.0,0.0,0.0,0.0,0.0,0.0,0.0,0.0,0.6891049156272928,0.6729471316085489,0.0,0.0,0.9308662541646835,1.0,0.0,0.0,0.0,0.0,0.0,0.4855494839101395,0.7673119713171241,0.0,0.0,0.8991143886587871,0.0,0.34441035284802324,0.0,0.0,0.3641088572872303,0.07281305789339465,0.0,0.0,0.0,0.0,0.33333333333333337,0.09215239335721237,0.9168336673346693,0.3927984485932158,0.0,0.0,0.05222088835534233,0.4800154320987655,0.8183485704303267,0.0,0.2103432802333406,0.5744649734314824,0.0,0.1578947368421052,0.0,0.39152981849611057,0.0,0.8001300390117034,0.3355704697986577,0.8534241089307169,0.0,0.0,0.045139277324085514,0.6666666666666667,0.5851063829787233,0.0,0.0,0.0,0.0,0.0,0.0,1.0,0.0,0.5070202808112325,0.33333333333333337,0.7100322186423731,0.2553151458137347,0.0,0.9491525423728814,0.25,0.0,0.0,0.0,0.5,0.19620500782472605,0.78125,0.0851648351648352,0.3570448307410796,0.007504690431519689,0.0,0.39560439560439553,0.0,0.0,0.3031441291040624,0.0,0.18181818181818188,0.014888027023645556,0.10000000000000009,1.0,0.75,0.0,0.0,0.0,0.49237742068397206,0.9517102615694165,0.0,0.22875519898179508,0.0,0.0,0.5,0.13969513468365002,0.38041875552934235,0.0,0.022605231248917446,0.440484937545922,0.0,0.0,0.11909448818897639,0.44976076555023936,0.0,0.0,0.25,0.11024182076813649,1.0,0.5,0.0,0.0,0.4386527095349997,0.010249882762778828,0.0,0.2874378992193044,0.33333333333333337,0.697986577181208,0.631578947368421,0.3775100401606424,0.18892746208660693,0.0,0.0,0.35875888817065305,0.25,0.6666666666666667,0.75,0.4285714285714285,0.0,0.2936583735256195,0.0,0.7427161245433989,0.35425821301527516,0.25152542372881337,0.0,0.4722222222222222,0.0,0.0,0.0,0.5737580708920806,0.5155173718870638,0.0,0.334572219793033,0.0,1.0,1.0,0.5825242718446602,0.15384615384615385,0.0,0.0,0.0,0.0,0.7501850481125092,0.0,0.0,0.0,0.0,0.0,0.0,0.0,0.9570708585828284,0.5868237763572177,0.9801560717712878,0.0,0.5646851964563467,0.6890218985120551,0.0,0.0,0.8007456503728252,0.84,0.0,0.0,0.16666666666666663,0.0,0.9771446172801479,0.42799963300227095,0.3625717017208414,0.3449531958151554,0.0,0.0,0.0,0.0,0.7544746632570611,0.0,0.0,0.0,0.0,0.0,0.0,0.9598112430579515,0.0,0.0,0.0,0.0,0.0,0.04437287348430552,0.0,0.0,0.7990867579908676,0.13636363636363635,0.8382913806254767,0.0,0.0,0.9956170362288018,0.0,0.0,1.0,0.0,0.0,0.0,0.0,0.7857142857142856,0.0,0.0,0.5480225988700564,0.0,0.0,0.8200388283953743,0.0,0.0,0.0,0.0,0.0,0.0,0.0,0.0,0.0,0.0,0.0,0.0,0.9360986547085202,1.0,0.0,0.0,0.8268965517241379,0.6666666666666667,0.20274914089347085,0.0,0.0,0.0,0.0,0.6797433547204399,0.7926881866884591,0.0,0.0,0.8031201248049922,0.0,0.5405173890697276,0.0,0.44649092178770944,0.0,0.0,0.0,0.0,0.0,0.2787212787212786,1.0,0.6885422270037654,0.9889400921658986,0.3435048887933815,0.0,0.0,0.14491614255765184,0.6232337761231914,0.8296142724644007,0.0,0.0,0.1090592911560121,0.0,0.12850812407680945,0.14825832453699261,0.6157894736842104,0.0,0.8148148148148149,0.4374999999999999,0.9559023066485753,0.1824955968026013,0.0,0.0,0.75,0.2500000000000001,0.0,0.10387944854119913,0.0,1.0,0.0,0.5,0.0,0.02546789860222698,0.5066469719350074,0.2500000000000001,0.5555555555555556,0.5053763440860214,0.0,1.0,1.0,0.0,0.0,0.0,0.7,0.4545454545454546,0.8890368397691967,0.36363636363636365,0.21996879875195008,0.0,0.0,0.4274999999999999,0.0,0.0,0.3538461538461539,0.0,0.0,0.0,0.0,1.0,1.0,0.0,0.0,0.0,0.46739130434782616,1.0,0.0,0.0,0.0,0.0,0.5833333333333333,0.2815691360025938,0.1931540342298288,0.0,0.1298545923062765,0.6524852569502948,0.0,0.0,0.4973919523099851,1.0,0.0,0.33333333333333337,0.33333333333333337,0.6439933343432813,0.0,0.25,0.0,0.0,0.7216035634743876,0.0,0.0,0.5210843373493976,0.0,0.9,0.0,0.0,0.7442489851150202,0.0,0.0,0.6363636363636365,0.0,0.8571428571428572,0.75,0.33333333333333326,1.0,0.5894125242091672,0.0,0.7036188731103985,0.0,0.8805970149253731,0.0,0.39522653721682854,0.0,0.0,0.7888725128960943,0.5394617933527462,0.9370932754880694,0.0,0.7465387465387465,0.11625176139032412,1.0,1.0,0.2515942028985507,0.0,0.0,0.0,0.0,0.44999999999999996,1.0,0.0,1.0,1.0,0.0,0.0,0.0,0.0,0.9526282669130708,0.9590570719602978,0.992336077206926,0.6933689363595906,0.5455104723022286,0.36711478800413655,0.0,0.0,0.0892857142857143,0.9545454545454546,0.0,0.0,0.1724137931034483,0.0,0.9887741015488706,0.5624231695923685,0.3453566423249982,0.1895791583166332,0.0,0.0,0.0,0.0,0.7357533191321615,0.0,0.0,0.0,0.0,0.0,0.0,0.9629629629629629,0.0,0.0,0.0,0.0,0.0,0.0,0.0,0.0,0.7708333333333334,1.0,0.7871674491392802,0.5,0.0,0.992320905324846,0.0,1.0,0.0,0.0,0.0,0.0,0.0,0.9333333333333333,0.0,0.0,0.839541547277937,0.0,0.0,0.9480789200415368,0.0,0.0,0.0,0.0,0.0,0.0,0.0,0.0,0.0,0.0,0.0,0.6720302375809935,0.125,0.8194444444444444,0.0,0.0,0.9566003616636528,0.7777777777777778,0.0,0.0,0.0,0.0,0.0,0.0,0.5308689024390245,0.0,0.0,0.350071225071225,0.0,0.3864946889226101,0.0,0.0,0.5926760563380282,0.7521865889212828,0.6382747372236317,0.15384615384615385,0.0,0.40582655826558267,0.33333333333333337,0.20512820512820518,0.4651162790697675,0.0,0.0,0.0,0.05882352941176461,0.5555555555555556,0.49729500371273994,0.0,0.2857142857142857,0.7377701934015928,0.0,0.09836065573770503,0.1791187739463601,0.0,0.2857142857142857,0.0,0.0,0.8571428571428572,0.14724770642201834,0.0,0.0,0.7142857142857143,0.5952380952380952,1.0,0.0,0.6666666666666666,0.0,0.0,0.0,1.0,0.0234375,0.4745417515274949,0.5714285714285714,0.4515416290047203,0.051948051948052076,0.0,0.21052631578947367,1.0,0.0,1.0,0.0,0.5,0.3203883495145631,0.0,0.0,1.0,0.33333333333333337,0.0,0.0,1.0,0.0,0.0,0.0,0.5,0.0357142857142857,0.0,0.8296931158418579,0.33333333333333326,0.0,0.5784444444444444,0.38888888888888884,0.9959893048128342,0.0,0.0,0.0,0.5714285714285714,0.25,0.19999999999999996,0.0,0.0,0.2222222222222221,0.1374095989480606,0.02336448598130847,1.0,0.0,0.45560747663551415,0.5714285714285714,0.4204545454545454,0.0,0.0,0.0,1.0,1.0,0.0,1.0,0.0,0.0,0.0,0.6153846153846154,1.0,1.0,0.9090909090909091,0.5,0.07692307692307698,0.6666666666666667,1.0,0.11868686868686873,0.6666666666666666,0.5,1.0,1.0,0.0,0.22942286420717017,0.0,0.9166666666666666,0.6923076923076923,0.0,0.768041237113402,0.7777777777777778,0.2912588592642593,0.0,0.0,0.7978030919446705,0.3684262948207172,0.4279250161603103,0.2512801755669348,0.0,1.0,0.0,0.6910766246362754,0.0,0.21152715153891388,0.5,0.6796628029504742,0.0,0.7202072538860104,0.0,0.0,0.0,0.0,0.0,0.0,0.0,0.8541666666666667,0.5250729070346398,0.917989417989418,0.0,0.02225940205135668,0.0,0.0,0.0,0.03944773175542404,0.0,0.0,0.0,0.5,0.0,0.9577037976315846,0.777330987685348,0.0,0.2507061527395218,0.0,0.0,0.0,0.0,0.9329288843950118,0.0,0.0,0.0,0.0,0.0,0.0,0.9655561829474872,0.0,0.0,0.0,0.0,0.0,0.5960942343459392,0.0,0.0,0.5,0.0,0.8935230618253189,0.0,0.0,1.0,0.0,qsampled
0.0,0.0,0.0,0.0,0.0,0.0,0.0,0.9117647058823529,0.0,0.8475842097241274,0.0,0.7857142857142857,0.0,0.0,0.4,0.0,0.0,0.0,0.0,0.0,0.0,0.0,0.0,0.0,0.23409676414800573,0.7263681592039801,0.7138461538461538,0.0,0.22662545243190413,0.8886847905951506,0.0,0.0,0.8931419457735248,0.8328173374613003,0.0,0.0,0.0,0.0,0.8378152384774902,0.0,0.16015209975954814,0.6279063545150502,0.0,0.0,0.8305471124620061,0.3641088572872303,0.12604248623131387,0.0,0.31343283582089543,0.0,0.0,0.6666666666666667,0.0,0.0,0.0,0.2385065477848981,0.0,0.05222088835534233,0.0,0.8002605595172791,0.9011569881344028,0.2228630753258739,0.5907060771817132,0.0,0.0,0.0,0.0,0.1500732064421667,0.94713400464756,0.0,0.03521126760563398,0.49493180980464424,0.4285714285714286,0.0,0.7777777777777778,0.0,0.0,0.0,0.0,0.8,0.0,0.0,0.0,0.0,0.025711159737418,0.44444444444444453,0.977095841672226,0.2661444210103443,0.8571428571428571,0.45197740112994356,1.0,0.32164696290256833,0.0,0.6406513194834362,0.5,0.17590971006032308,0.0625,0.060439560439560336,0.0,0.007504690431519689,0.0,0.0,0.8571428571428572,0.7533129459734964,0.31950207468879654,0.0,0.0,0.0,1.0,1.0,0.0,0.0,0.655035685963521,1.0,1.0,0.2809822361546499,0.9166666666666666,0.0,0.5110115714818961,0.6194029850746269,0.45833333333333337,0.4499510922725791,0.27868288994294355,0.5749063670411985,0.546473886102095,0.0,0.75,0.6666666666666667,0.8666666666666667,0.043062200956938024,0.34023372287145237,0.0,0.0,0.0,1.0,0.0,0.0,0.6666666666666667,0.2715029078665443,0.3139695712309819,0.5,0.15430575399402535,0.33333333333333337,0.0,1.0,0.0,0.0,0.0,0.8571428571428572,0.0,0.75,0.0,0.5,0.9285714285714286,0.0,0.54919341697898,0.0,0.4085412735024814,0.49510522304941673,0.18994472229534076,0.1909395973154362,0.0,0.6644458379056278,0.6666666666666667,0.0,0.5597260634795206,0.0,0.6268043409545886,0.0,0.14160866814299256,0.616717080056463,0.75,0.5825242718446602,0.15384615384615385,1.0,0.0,0.0,0.0,0.6462585034013606,0.0,0.0,0.0,0.0,0.0,0.0,0.6203431291527554,0.09272467902995718,0.0,0.0,0.461441213653603,0.9386214442013129,0.0,0.0,0.0,0.48843464228079625,0.16000000000000003,0.0,0.0,0.6666666666666667,0.0,0.019036009002250553,0.0,0.6636263261485287,0.23609391021799642,0.0,0.0,0.0,0.0,0.0,0.0,0.0,0.0,0.0,0.0,0.9087551596784705,0.0,0.0,0.0,0.0,0.23937312532169042,0.0,0.09551902900370124,0.8069609438011784,0.0,0.5,1.0,0.0,0.0,1.0,0.0,0.0,0.0,1.0,0.0,0.0,0.0,0.0,0.0,0.8318452380952381,0.0,0.5,0.0,0.0,0.0,0.0,0.5,0.0,0.0,0.0,0.0,0.0,0.0,0.0,0.0,0.0,0.09673487157161509,0.9444822116474054,0.6000000000000001,0.0,0.5996626081854188,0.8268965517241379,0.0,0.0,0.45679012345679015,0.0,0.0,0.0,0.0,0.0,0.8775792239067375,0.0,0.19530553629791003,0.7895719844357976,0.0,0.0,0.9565172802789458,0.0,0.32523678582340365,0.0,0.7199745141764893,0.0,0.0,1.0,0.6839779005524863,0.0,0.0,0.22377919320594475,0.0,0.15859609609609604,0.0,0.80359371100574,1.0,0.0,0.3645418326693227,0.0,0.18887015177065758,0.14825832453699261,0.16473988439306364,0.31218274111675126,1.0,0.0,0.0,0.790356394129979,0.26521739130434796,0.18467220683287167,0.75,0.0,0.0,0.9120711562897077,0.0,1.0,0.0,0.5,0.0,0.045702245150039955,0.18316100443131456,0.75,0.917246713070379,0.5283018867924529,1.0,0.3392857142857143,1.0,0.861995753715499,0.0,0.8714672861014325,0.7,0.5897435897435898,0.0,0.36363636363636365,0.0,1.0,0.0,0.0,1.0,0.4285714285714286,0.3435692921236292,0.0,0.0,0.1428571428571428,0.5,0.6845425867507886,1.0,0.0,0.9931993817619784,0.8125,0.1413969335604771,0.0,0.4947478991596639,0.0,0.6363636363636365,1.0,0.5416666666666667,0.2908207034601086,0.20658949243098834,0.5,0.9844364351245085,0.0,1.0,0.0,0.9045335658238884,0.25,0.894178589047854,0.33333333333333337,0.0,0.0,0.0,0.0,0.5416012558869703,1.0,0.6522686025408349,1.0,1.0,0.23250345781466109,0.0,0.0,0.8235294117647058,0.0,0.2962529274004685,0.0,1.0,0.7272727272727273,0.0,0.0,0.75,1.0,0.5,0.9258118037449633,0.0,0.6858755519140607,0.6513075965130761,0.12174069411976263,0.3144411300228108,0.0,0.5984481086323958,0.6470588235294118,0.7962170682278766,0.6632097925875553,0.2775041050903121,0.5524245458446574,0.0,0.0,0.6864707108609548,0.0,0.2515942028985507,0.0,1.0,0.0,0.0,0.0,0.0,0.0,1.0,1.0,0.0,0.0,0.0,0.6527586954949742,0.37038689172289085,0.9875463698993111,0.0,0.0,0.9545227613125766,0.0,0.5,0.0,0.0,0.13636363636363646,0.0,0.0,0.6551724137931034,0.0,0.7160721384943439,0.0,0.764213942457717,0.33936529890886724,0.0,0.0,0.0,0.0,0.0,0.0,0.0,0.0,0.0,0.0,0.8736604624929498,0.0,0.0,0.0,0.0,0.7808147632311977,0.0,0.6245058767722553,0.4992197755925991,0.0,0.0,1.0,0.0,0.5,1.0,0.0,0.0,1.0,0.0,0.0,0.0,0.0,0.0,0.0,0.7142857142857143,0.0,0.8336798336798337,0.0,0.0,0.0,0.0,0.33333333333333326,0.0,0.0,0.0,0.0,0.0,0.0,0.0,0.0,0.0,0.7754524886877828,0.8888888888888888,0.6080525883319639,0.0,0.8955223880597015,0.671461897356143,0.0,0.0,0.5467608951707892,0.8181818181818181,0.0,0.0,0.0,0.0,0.7830968015251006,0.0,0.0,0.5258647716584806,0.0,0.0,0.7605712166172107,0.5924464487034948,0.08838757396449692,0.6617984560817859,0.0,0.75,0.18360433604336024,0.6666666666666667,0.20512820512820518,0.4873338870431895,0.16374687164819457,0.0,0.25,0.25356633380884475,0.0,0.28409928729417555,0.5497872340425531,0.2857142857142857,0.7377701934015928,0.0,0.0,0.1791187739463601,0.5,0.0,0.5555555555555556,0.5,0.0,0.6057339449541284,0.0,0.3467782851344495,1.0,0.0,1.0,0.04038997214484685,0.6666666666666666,0.8,0.0,0.0,0.33333333333333326,0.0,0.3930753564154785,0.4285714285714285,0.9280457098586093,0.459784515159108,0.8,0.21052631578947367,0.8571428571428572,0.13043478260869568,1.0,0.7777777777777778,0.5,0.41176470588235303,0.0,0.0,0.0,0.33333333333333337,0.0,0.0,0.5,0.5,0.0,0.0,0.0,0.0,1.0,0.8101604278074865,0.0,0.0,0.0,0.4999999999999999,0.9910179640718563,0.4785223367697595,0.0,0.2811906269791008,0.12337662337662325,0.0,0.0,0.0,0.8248877485567672,0.8888888888888888,0.6282722513089005,0.37903225806451624,0.0,1.0,0.7258064516129032,0.0,0.532608695652174,0.0,1.0,0.2320390170699681,1.0,0.0,0.0,0.0,0.33046107331821617,0.6793924466338259,0.0,0.2727272727272727,1.0,1.0,0.36363636363636365,0.0,0.0,0.6666666666666667,0.0,0.6085858585858586,0.6666666666666666,0.0,0.5,0.5,0.5,0.1351595919710431,0.0,0.0567734682405846,0.3846153846153846,0.0,0.0,0.0,0.8865107018417123,1.0,0.0,0.10030165912518862,0.0,1.0,0.6407415078707539,0.7698216735253773,0.0,0.8,0.6893903024483918,0.0,0.8722969023962595,0.5,0.6047548291233283,0.0,0.6870967741935485,0.0,0.0,0.0,0.0,0.0,0.0,0.5967741935483871,0.0,0.0,0.0,0.6681896551724138,0.12277007237431337,0.7012113055181697,0.0,0.0,0.0,0.5,0.0,0.0,1.0,0.0,0.1378580499506138,0.0,0.0,0.06401667154642376,0.0,0.0,0.0,0.0,0.0,0.0,0.0,0.0,0.0,0.0,0.9111713339355616,0.0,0.0,0.0,0.0,0.0,0.0,0.34906406538360135,0.522810901367158,0.0,0.0,0.7857142857142857,0.0,0.0,1.0,0.0,0.0,qsampled
0.5714285714285714,0.0,0.0,0.0,0.0,0.0,0.0,0.0,0.0,0.0,0.6930712213986464,0.0,0.0,0.9062431703941138,0.4,0.0,0.0,0.9092715231788079,0.0,0.0,0.0,0.0,0.0,0.8615885855521852,0.0,0.7264857276555918,0.0,0.0,0.0,0.0,1.0,0.6996633257226887,0.0,0.0,0.0,0.0,0.0,0.0,0.9441033925686592,0.0,0.8980596582681726,0.0,0.0,0.1812690465824992,0.48351408796119677,0.3641088572872303,0.3135906697419383,0.0,0.3599759098339499,0.5542023554603854,0.0,0.33333333333333337,0.25142857142857133,0.6139278557114228,0.4595782445167561,0.0,0.0,0.15666692673792615,0.7438286479250336,0.5803469378897266,0.6127713117332495,0.24736369755440868,0.47131654973173753,0.5322011878247959,0.1992982456140352,0.6203504043126685,0.49572649572649563,0.0,0.8001300390117034,0.7131782945736433,0.0,0.49493180980464424,0.0,0.0,0.0,0.5272727272727272,0.0,0.880747275557862,0.0,0.4,0.0,0.0,1.0,0.4447361512207929,0.025711159737418,0.33333333333333337,0.7634707254749472,0.0,0.8571428571428571,0.0,0.6666666666666667,0.3531439314810946,0.0,0.9721588315837517,0.0,0.18260188087774298,0.0,0.0,0.0,0.007504690431519689,0.0,0.0,0.0,0.5196172248803828,0.0,0.0,0.0,0.0,0.66,1.0,1.0,0.0,0.0,1.0,0.5150242750295236,0.27651356993736953,0.0,0.23043547172801848,0.015677491601343907,0.0,0.5,0.08296020951254535,0.7595612214645715,0.9663245670301476,0.4400830436461953,0.479023646071701,0.0,0.6666666666666667,0.7476851851851851,0.043062200956938024,0.8010235222310906,0.11111111111111105,0.0,0.25,1.0,0.5,0.8322797579018157,0.0,0.3468194652051154,0.0,0.5,0.8164779968513382,0.33333333333333337,0.0,1.0,0.0,0.0,0.6666666666666667,0.0,0.534906270200388,0.0,0.2142857142857143,0.5,0.0,0.0,0.0,0.0,0.0,0.09088848594741616,0.41419287756693524,0.0,0.4722222222222222,0.6777012316960425,0.8333333333333334,0.4979169146530176,0.5095018885741265,0.41291348118991744,0.18483829650976635,0.0,0.0,0.616717080056463,0.75,0.0,0.0,0.8791436464088398,0.0,0.4406109805597095,0.1923076923076923,0.0,0.0,0.0,0.0,0.0,0.0,0.0,0.0,0.988362943177914,0.45376889213800997,0.0,0.19286256643887623,0.7964088397790055,0.0,0.0,0.0,0.0,0.0,0.0,0.0,0.0,0.0,0.0,0.5078918722786647,0.0,0.2241541161585242,0.0,0.0,0.0,0.0,0.0,0.0,0.7368421052631579,0.0,0.0,0.0,0.0,0.0,0.0,0.0,0.0,0.0,0.0,0.0,0.0,0.0,0.5,0.0,0.0,0.0,0.0,0.0,0.0,0.0,1.0,0.0,0.0,0.0,0.0,0.0,0.0,0.0,0.0,0.9027777777777778,0.0,0.0,0.9465167306637411,0.5,0.0,0.0,0.8938244853737811,0.0,0.0,0.0,0.0,0.0,0.9803921568627451,0.0,0.9444822116474054,0.0,0.0,0.0,0.0,0.6666666666666667,0.6421052631578947,0.0,0.0,0.0,0.0,0.0,0.0,0.8827698317096846,0.0,0.7563451776649746,0.0,0.0,0.4162673228856365,0.0,0.0,0.0,0.0,0.20177086128253285,0.7558576800694243,0.3170603674540683,0.0,0.6885422270037654,0.6571884520528073,0.2280918970972624,0.0,0.0,0.14491614255765184,0.8285401259928786,0.8166046772303459,0.7177647314633616,0.5714285714285714,0.5520460038336528,0.7961302501179802,0.013605442176870763,0.0,0.8473684210526315,0.0,0.8148148148148149,0.8125,0.0,0.7946298984034833,0.0,0.0764119601328902,0.5,0.2500000000000001,1.0,0.9179140511830034,0.0,1.0,0.0,0.5,1.0,0.4520597621119814,0.18316100443131456,0.2500000000000001,0.5657971014492754,0.6370967741935484,1.0,0.0,1.0,0.35595390524967974,0.0,0.9568302779420461,0.0,0.5323741007194244,0.0,0.0,0.0,0.0,0.0,0.0,0.0,0.0,0.0,0.0,0.0,0.1428571428571428,0.5,1.0,1.0,0.0,0.0,0.6875,0.029114435907804492,0.0,0.0,0.0,0.4545454545454546,0.0,0.5833333333333333,0.3140711462450593,0.793644996347699,1.0,0.0,0.6415332771693345,0.0,0.0,0.8374417055296469,0.25,0.7293675918427447,0.0,0.6666666666666667,0.0,0.0,0.25,0.7413358538122243,0.0,0.7370413511939429,0.5015576323987538,1.0,0.48962655601659744,0.0,0.0,0.8823529411764706,0.0,0.3667117726657646,0.8,0.0,0.0,0.5,0.1428571428571429,0.75,0.0,0.5,0.0,0.0,0.0,0.3429833169774289,0.8064746914684314,0.0,0.39522653721682854,0.38847305389221554,0.8823529411764706,0.7888725128960943,0.8817564424597637,0.0,0.8084866691701089,0.0,0.07895910780669146,0.6864707108609548,0.0,0.590621403912543,0.0,0.8857218848353207,0.0,0.43786671754996886,0.0,1.0,0.0,1.0,1.0,0.0,0.0,0.0,0.0,0.9718100980757142,0.0,0.0,0.269183623437117,0.6055775198741657,0.0,0.0,0.0,0.0,0.0,0.0,0.0,0.0,0.0,0.03605058532000327,0.8510141446490526,0.0,0.2603896103896104,0.0,0.0,0.0,0.0,0.0,0.0,0.6875,0.0,0.0,0.0,0.0,0.0,0.0,0.0,0.0,0.0,0.0,0.0,0.0,0.0,0.0,0.0,0.0,0.0,0.0,0.0,0.0,0.0,0.0,0.0,0.0,0.0,0.0,0.0,0.0,0.0,0.0,0.526849702230746,0.8333333333333334,0.0,0.749478253610485,0.33333333333333326,0.0,0.0,0.6136104133363782,0.0,0.0,0.0,0.0,0.0,0.7958078602620087,0.6720302375809935,0.5357142857142858,0.0,0.0,0.0,0.0,0.7777777777777778,0.8225734968237552,0.0,0.0,0.0,0.0,0.0,0.0,0.8264798915499322,0.0,0.9644549763033176,0.0,0.0,0.3409169251982076,0.6763446863949376,0.5905229375117991,0.7668269230769231,0.636696580838156,0.3076923076923076,0.2925278219395867,0.39634146341463417,0.6666666666666667,0.7857142857142857,0.45977011494252884,0.03128103277060568,0.0,0.0,0.1438356164383563,1.0,0.0,0.34832451499118167,0.09523809523809523,0.0,0.36190476190476195,0.4918032786885246,0.7417311752287121,1.0,0.2857142857142857,0.0,0.2500000000000001,0.0,0.6057339449541284,0.0,0.25185396463205934,0.0,0.6785714285714285,0.0,0.04038997214484685,0.6666666666666666,0.4,0.0,0.0,0.0,0.653142402545744,0.3930753564154785,0.5714285714285714,0.5328430384847875,0.0,0.8,0.0,1.0,0.6956521739130435,1.0,0.7777777777777778,1.0,0.4259818731117825,0.0,0.5,0.0,0.33333333333333337,0.0,0.0,1.0,0.25,0.0,0.0,0.0,0.0,1.0,0.820855614973262,0.8333333333333333,0.0,0.5784444444444444,0.0,0.9977409638554217,0.1134421134421133,0.0,0.0,0.1986062717770034,0.25,0.19999999999999996,0.0,0.5105837075048107,0.6666666666666667,0.4680290046143706,0.0,1.0,1.0,0.0,0.0,0.0,0.2857142857142857,1.0,0.0,1.0,1.0,0.5523425240977359,1.0,0.0,0.3549175320708613,0.0,0.08120649651972156,1.0,1.0,0.18181818181818177,0.0,0.0,0.6666666666666667,1.0,0.0,0.0,1.0,0.5,0.0,0.5,0.6742791892663431,0.0,0.2060185185185185,0.0,0.7850420168067227,0.2373831775700933,0.7777777777777778,0.0,0.0,0.0,0.2566171723692705,0.6936110834246985,0.0,0.6163011387600168,0.0,0.0,0.8,0.0,1.0,0.0,0.5,0.8042944785276074,0.41463414634146345,0.0,0.0,0.0,0.0,0.0,0.0,0.0,0.0,0.8476425052779732,0.7089556095292233,0.0,0.0,0.0,0.0,0.0,0.0,0.0,0.0,0.0,0.0,0.5,0.0,0.0,0.5137364660823451,0.0,0.6008529171581526,0.0,0.0,0.0,0.0,0.0,0.0,1.0,0.0,0.0,0.0,0.0,0.0,0.0,0.0,0.0,0.0,0.0,0.38505050505050487,0.0,0.0,0.5,0.3571428571428572,0.0,1.0,0.0,0.0,0.0,qsampled
0.0,0.0,0.0,0.8964732650739476,0.0,0.0,0.0,0.0,0.3842251840063656,0.0,0.5021487275967917,1.0,0.0,0.0,0.4,0.0,0.8125,0.0,0.0,0.0,0.0,0.5,0.0,0.0,0.0,0.8528336380255941,0.0,0.0,0.0,0.0,0.7954545454545454,0.0,0.0,0.01176470588235301,0.0,0.0,0.0,0.0,0.0,0.0,0.28739537581834773,0.5655512321660182,0.0,0.0,0.0,0.0,0.06800070058674146,0.4899489533457323,0.0,1.0,0.2489220670570823,0.33333333333333337,0.23684966944524277,0.05638679361938914,0.0,0.0,0.0,0.07188634907071134,0.513286093888397,0.49515828950645313,0.0,0.12858952702702686,0.0,0.5640199542714612,0.1578947368421052,0.9891774891774892,0.8608470181503889,0.055445544554455606,0.9631989596879064,0.0,0.0,0.0,0.4285714285714286,0.045139277324085514,0.4444444444444444,0.5094339622641508,0.0,0.07140586926581216,0.0,0.0,0.5,0.0,1.0,0.23938525657723375,0.34441693196557,0.0,0.7626195241271959,0.0,0.5714285714285714,0.0,0.6666666666666667,0.055227987421383795,0.0,0.6406513194834362,0.5,0.2485726369211252,0.0,1.0,0.0,0.3066132264529058,0.0,0.0,0.0,0.7660377358490567,0.0,0.6428571428571428,1.0,0.0,0.5714285714285714,0.0,1.0,0.5525115653400701,0.6441281138790036,0.0,0.0,0.27011494252873547,0.0,0.0,0.23642987249544645,0.0,0.5,0.0,0.21289373697757086,0.8766284727672266,0.05653727307840861,0.0,0.0,0.6666666666666667,0.0,0.6698564593301436,0.0,0.0,0.0,0.11495063469675593,0.0,0.5,0.8322797579018157,0.0,0.24008846657929228,0.01171848540269571,0.0,0.4148736786865582,0.33333333333333337,0.0,1.0,0.0,0.0,0.0,0.0,0.5930749682337992,0.0,0.0,0.0,0.4285714285714285,0.0,0.16115702479338856,0.0,0.6717935626608804,0.9949339207048458,0.01642235203350606,0.0,0.9166666666666666,0.6667465835531048,0.0,0.4026640596358303,0.5614706452237939,0.6500718046912399,0.0,0.0,0.39697035983812756,0.41740996168582367,0.75,0.19552058111380144,0.15384615384615385,0.7845303867403315,0.5,0.3664197530864196,0.0,0.745475113122172,0.875,0.0,0.0,0.0,0.0,0.0,0.620553761147338,0.09251991913426105,0.0,0.8131714684676983,0.04111064288055433,0.0,0.0,0.939171785218942,0.0,0.4038585209003215,0.0,0.0,0.0,0.16666666666666663,0.6342344876506596,0.0,0.3869567163511034,0.0,0.0,0.0,0.0,0.0,0.0,0.0,0.6700187125562741,0.0,0.0,0.0,0.6666666666666667,0.0,0.0,0.0,0.9634533898305084,0.0,0.0,0.0,0.11938741982028311,0.5651969871178167,0.0,0.40201005025125625,0.9130434782608696,0.5518042434567136,0.0,0.0,0.0,0.0,0.0,0.0,0.0,0.9228915662650603,0.0,0.0,0.0,0.0,0.4839962392184115,0.0,0.7904191616766467,0.0,0.0,0.0,0.5,0.0,0.8571428571428572,0.0,0.0,0.0,0.0,0.0,0.0,0.0,0.0,0.9444822116474054,0.0,0.0,0.0,0.0,0.6666666666666667,0.0,0.0,0.0,0.0,0.0,0.0,0.0,0.0,0.0,0.27661347939985725,0.7721680936915658,0.0,0.12343558282208589,0.0,0.0,0.6642748423570342,0.4767716493357985,0.0,0.9579987646695491,0.0,1.0,0.6798884412767277,0.7423473088640651,0.0,0.0,0.0,0.18067075369635777,0.6421636615811372,0.303276533080888,0.0,0.0,0.0,0.7294845360824742,0.12850812407680945,0.8139284296489536,1.0,0.0,1.0,0.0,0.0,0.0,0.39047619047619064,0.0,0.0,0.2500000000000001,0.0,0.354673495518566,1.0,1.0,1.0,0.5,0.0,0.04931960544315639,0.43582510578279265,0.5,0.5650406504065042,0.6370967741935484,0.5,0.0,1.0,0.0,0.0,0.8797216699801194,0.7,0.5748031496062993,0.0,0.8636363636363636,0.0,0.8571428571428572,0.0,0.572944297082228,0.0,0.4285714285714286,0.0,0.75,0.0,0.1428571428571428,0.5,0.0,1.0,0.5978541029790805,0.38389343021495603,0.0,0.0,0.0,0.0,1.0,0.0,0.0,0.5833333333333333,0.0,0.21439006574141706,0.8928571428571428,0.593872870249017,0.06908171861836565,0.0,0.0,0.6009327115256495,0.33333333333333337,0.0,0.33333333333333337,0.0,0.6881209046713168,0.0,0.25,0.7312333290994539,0.0,0.01951077460687245,1.0,0.0,0.5363546519836228,0.0,0.0,0.8235294117647058,0.0,0.2941176470588235,0.0,0.0,0.0,0.5,0.0,0.0,0.33333333333333326,0.5,0.6341567291311755,0.0,0.9064490630957363,1.0,0.0,0.0,0.9785598705501618,0.0,0.0,0.5674499564838991,0.8537001706998695,0.3709327548806941,0.0,0.0,0.0,0.5076923076923077,0.0,0.905638665132336,0.0,0.6402241095646761,1.0,0.41533914798529514,0.44999999999999996,1.0,1.0,0.0,1.0,0.0,0.0,0.0,0.6760481816075978,0.37038689172289085,0.12138927097661634,0.8971558120362737,0.0,0.0,0.0,0.0,0.0,0.18431911966987624,0.0,0.0,0.0,0.1724137931034483,0.46478873239436613,0.05972176524680872,0.5631320906657824,0.0,0.0,0.0,0.0,0.0,0.0,0.0,0.7659462540002631,0.0,0.0,0.0,0.5,0.0,0.0,0.0,0.9568043615013629,0.0,0.0,0.0,0.703421729791804,0.49966591600880994,0.0,1.0,1.0,0.45661914460285136,0.5,0.0,0.0,0.0,0.0,0.0,0.0,0.9411764705882353,0.0,0.0,0.0,0.0,0.7085346215780998,0.0,0.7229976379643548,0.0,0.0,0.0,0.33333333333333326,0.0,0.8609756097560975,0.0,0.0,0.0,0.0,0.6000000000000001,0.0,0.0,0.4084507042253521,0.5357142857142858,0.0,0.0,0.0,0.0,0.7777777777777778,0.0,0.0,0.8181818181818181,0.0,0.0,0.2843137254901962,0.4516599781101788,0.0,0.0,0.6154838709677419,0.4093499839897534,0.0,0.5301620130989314,0.06666666666666654,0.31396011396011403,0.0,0.8709040235949888,0.15384615384615385,0.7893379191745485,0.0,0.33333333333333337,0.20512820512820518,0.0,0.01638530287984097,0.0,0.25,0.1438356164383563,0.4930875576036866,0.7926518734085122,0.0,0.0,0.31311329170383595,0.20318169132012276,0.0,0.6923076923076923,0.75,0.2857142857142857,0.5555555555555556,0.5,0.0,0.0,0.0,0.0,0.8571428571428572,0.0,1.0,0.0,0.0,0.0,0.0,0.0,1.0,0.10441767068273089,0.4745417515274949,0.0,0.5130295530644928,0.0,0.6,0.0,0.0,0.0,1.0,0.7777777777777778,0.5,0.3203883495145631,0.0,0.75,0.0,0.0,0.0,0.0,1.0,1.0,0.0,0.0,0.0,0.0,1.0,0.0,0.0,1.0,0.8431908548707754,0.33333333333333337,0.5663716814159292,0.0,0.625,0.2811906269791006,0.5950920245398772,0.25,0.19999999999999996,0.31707317073170727,0.8075284090909092,0.0,0.0,0.2978723404255321,1.0,1.0,0.0,0.7142857142857143,0.26923076923076916,0.0,0.0,0.03686311340690296,1.0,1.0,0.5511904761904762,1.0,0.6314955640050697,0.049342105263158076,0.0,1.0,1.0,1.0,0.36363636363636365,0.0,0.08565737051792799,0.6666666666666667,1.0,0.0,0.0,0.0,1.0,1.0,0.5,0.20505321309610847,0.0,0.0,1.0,0.5905691915193103,0.19999999999999996,0.7777777777777778,0.0,0.0,0.38662486938349017,0.2566171723692705,0.0,0.7211474316210806,0.6080726891490477,0.672787477423239,0.0,0.8,0.002400384061449712,0.375,0.38104176442984505,0.0,0.0,0.0,0.7202072538860104,0.8,0.4,0.0,0.0,0.0,0.0,0.5967741935483871,0.0,0.0,0.4441087613293052,0.4482758620689655,0.6577671790352264,0.0,0.6666666666666667,0.0,0.0,0.0,0.0,0.0,0.5,0.6562186727260576,0.0,0.4941278618105379,0.0,0.0,0.0,0.0,0.0,0.0,0.0,0.7467049060288016,0.0,0.0,0.0,1.0,0.0,0.0,0.0,1.0,0.0,0.15294815987336774,0.0,0.0,0.8202080237741456,0.0,0.0,0.0,0.5419233860166086,0.0,0.0,0.0,0.0,qsampled
0.0,0.0,0.0,0.0,0.0,0.0,0.0,0.0,0.0,0.0,0.0,0.5392265193370165,0.0,0.0,0.0,0.5930980392156862,0.0,0.0,0.0,0.0,0.0,0.0,0.0,0.0,0.6144698426262194,0.0,0.0,0.0,0.0,0.0,0.0,0.0,0.0,0.0,0.0,0.0,0.0,0.0,0.8601289850432237,0.0,0.0,0.0,0.6057846945592201,0.48279672509920135,0.0,0.9250199030180213,0.5025963808025177,0.5111404115279276,0.6158301158301158,0.0,0.0,0.6666666666666667,0.0,0.15450719045948802,0.0,0.0,0.7631406761177754,0.047592877555506785,0.0,0.5341812945693911,0.0,0.24580565251660857,0.6147057137944869,0.4430796884361893,0.2049364248317127,0.0,0.0,0.7501196744853997,0.78125,0.0,0.6382592928377153,0.0,1.0,0.0,0.0,0.021739130434782483,0.0,0.2426660408354846,0.6666666666666667,0.4,0.0,0.33333333333333337,0.0,0.6553426096088213,0.41617819460726846,0.22222222222222232,0.7634707254749472,0.32941649091091685,0.5714285714285714,0.9491525423728814,1.0,0.3309767710287116,0.0,0.0,0.6000000000000001,0.7365312763649511,1.0,0.0,0.0,0.013793103448275779,0.0,0.0,0.2857142857142857,0.0,0.31534939279315155,0.6428571428571428,0.0,0.0,0.66,0.0,1.0,0.0,0.8773364485981309,1.0,0.0,0.519435736677116,0.0,0.21604722930363585,0.6666666666666667,0.4626865671641792,0.45833333333333337,0.0,0.7378517478778157,0.0,0.5694110262579768,0.0,0.0,0.0,0.0,1.0,0.5454217952566797,0.11111111111111105,0.0,0.07539118065433859,0.875,0.5,0.8933137333511515,0.0,0.0,0.514858171994597,0.5,0.0,0.0,0.2997275204359672,0.8111888111888111,0.0,0.02941176470588247,0.33333333333333337,0.0,0.35888275414095494,0.0,0.0,0.0,0.0,0.0,0.0,0.0,0.0,0.06845576529451891,0.16066467743595003,0.6735068912710567,0.0,0.6646778042959427,0.6666666666666667,0.4026640596358303,0.0,0.5155173718870638,0.38820988304709725,0.4153642384105961,0.2565359477124183,0.7586206896551724,1.0,0.7378640776699029,0.0,0.07790055248618777,0.7916666666666666,0.0,1.0,0.6130448416431484,0.0,0.8,0.5,0.0,0.0,0.0,0.0,0.8398987501977535,0.32071121131379376,0.0,0.14419159994381248,0.9867614879649891,0.0,0.0,0.0,0.0,0.0,0.0,0.0,0.66864490603363,0.6329161413327593,0.0,0.0,0.0,0.0,0.0,0.0,0.0,0.0,0.0,0.8691651818520421,0.0,0.0,0.0,0.0,0.0,0.0,0.0,0.0,0.0,0.0,0.0,0.13496756156538714,0.0,0.0,0.2500000000000001,0.8275862068965517,0.0,0.5,0.0,0.0,0.0,0.0,0.0,0.0,0.0,0.0,0.0,0.0,0.0,0.0,0.0,0.0,0.8,0.0,0.0,0.0,0.6277598087470115,0.0,0.0,0.0,0.0,0.0,0.0,0.0,0.0,0.16897041725875217,0.0,0.0,0.0,0.0,0.0,0.0,0.0,0.0,0.25,0.0,0.0,0.0,0.0,0.8089303326459248,0.0,0.0,0.0,0.7286277197190336,0.6345059493016036,0.33523414549853137,1.0,0.0,0.5040392098911386,0.7123107307439104,0.0,0.2787212787212786,1.0,0.0,0.0,0.0,0.0,0.7567039106145252,0.14491614255765184,0.0,0.32084432717678124,0.0,0.5714285714285714,0.0,0.4193548387096775,0.0,0.3124635993011067,0.0368421052631579,0.7399286078531362,1.0,0.0,0.7509135200974422,0.18650217706821492,0.8826086956521739,0.0764119601328902,0.5,0.0,0.0,0.3566958698372966,1.0,1.0,0.0,0.0,0.0,0.8210094319245446,0.2609308885754583,0.0,0.5657971014492754,0.5483870967741935,0.5,1.0,0.6000000000000001,0.0,0.0,0.0,1.0,0.9633333333333334,0.0,0.0,0.0,1.0,0.0,0.0,0.5714285714285714,0.0,0.34526650755767707,0.75,0.33333333333333326,0.1428571428571428,0.5,0.0,1.0,0.0,0.7861089187056038,0.8125,0.4565587734241908,0.13961038961038952,0.0,0.0,0.2727272727272728,0.08333333333333337,0.5416666666666667,0.0,0.6625916870415648,0.0,0.9825463898585339,0.0,0.0,0.0,0.0,1.0,0.6308846941096201,0.0,0.0,0.6688142873290381,1.0,0.25,0.9739826551034023,0.0,0.8408227848101266,0.7560975609756098,1.0,0.0,0.0,0.44999999999999996,0.3529411764705882,0.0,0.23951285520974308,0.6000000000000001,0.0,0.6363636363636365,0.5,0.0,0.0,0.0,0.5,0.0,0.0,0.0,0.3429833169774289,0.12174069411976263,0.9019126162484646,0.0,0.5984481086323958,0.6470588235294118,0.48306734137796803,0.0,0.8973727422003284,0.8084866691701089,0.745992745992746,0.0,0.9384615384615385,0.6,0.6321752265861027,0.0,0.4833029481079639,1.0,0.0,0.44999999999999996,0.0,0.0,1.0,0.0,0.0,0.0,0.0,0.0,0.82698834362208,0.19259083353122763,0.0,0.6285046728971964,0.9970304380103935,0.0,0.0,0.0,0.03529411764705914,0.0,0.0,0.0,0.6573537163943068,0.46478873239436613,0.8068918580076656,0.0,0.0,0.0,0.0,0.0,0.0,0.0,0.0,0.9514230667384972,0.0,0.0,0.0,0.0,0.0,0.0,0.0,0.0,0.0,0.0,0.0,0.0,0.0,0.0,0.0,1.0,0.0,1.0,0.0,0.0,0.0,0.0,0.0,0.0,0.0,0.0,0.0,0.0,0.0,0.0,0.0,0.0,0.6074766355140186,0.0,0.0,0.0,0.9119897959183674,0.0,0.0,0.0,0.0,0.0,0.0,0.0,0.0,0.0,0.0,0.0,0.0,0.0,0.0,0.0,0.0,0.0,0.0,0.0,0.0,0.0,0.4516599781101788,0.75,0.0,0.6759225429302156,0.0,0.4652914798206277,0.5185185185185184,0.4642857142857143,0.9481781376518219,0.7921680603712014,0.8679563354981346,0.0,0.75,0.3091216216216216,0.6666666666666667,0.0,0.4873338870431895,0.1646803900325028,0.0,0.6923076923076923,0.25356633380884475,0.0,0.8129761612189728,0.0,0.09523809523809523,0.7377701934015928,0.44627407200669833,0.4918032786885246,0.0,0.0,0.0,0.0,0.5,1.0,0.06578947368421051,1.0,0.3902439024390244,0.0,0.5609756097560975,1.0,0.4220055710306406,0.6666666666666666,0.4,0.0,1.0,0.33333333333333326,0.26483762597984317,0.0,0.5714285714285714,0.5285785536159602,0.14678669667416877,0.6,0.6842105263157894,1.0,0.6956521739130435,1.0,0.0,0.0,0.16666666666666663,0.0,0.5,0.0,0.33333333333333337,0.0,0.0,0.0,0.0,0.0,0.0,0.5,0.0,1.0,0.0,0.0,0.0,0.5555555555555556,1.0,0.0,0.8939068100358423,0.0,0.0,0.0,0.75,0.0,0.31707317073170727,0.5105837075048107,0.2222222222222221,1.0,0.2978723404255321,1.0,0.0,1.0,0.5714285714285714,0.0,0.2857142857142857,1.0,0.03686311340690296,0.0,1.0,0.1333333333333333,1.0,0.0,0.0,0.0,0.7692307692307692,0.0,1.0,0.0,0.0,0.3447488584474886,0.33333333333333337,1.0,0.11868686868686873,0.0,0.0,1.0,0.0,0.5,0.553150367220719,0.0,0.20833333333333326,0.0,0.0,0.5551401869158878,0.0,0.8764980702823482,1.0,0.3829787234042553,0.0,0.3684262948207172,0.0,0.004349627174813464,0.6429177268871926,0.7963636363636364,0.8,0.0,0.375,0.5661634973534602,0.0,0.6047548291233283,1.0,0.792003402807316,0.0,0.8,1.0,0.0,0.0,0.0,0.0,0.6530612244897959,0.5463121387283237,0.050000000000000044,0.2068965517241379,0.97453447640118,0.0,0.0,0.0,0.0,0.0,0.0,0.0,1.0,0.6562186727260576,0.4140910156380806,0.0,0.0,0.0,0.0,0.0,0.0,0.0,0.0,0.9114383269312847,0.0,0.0,0.0,0.0,0.0,0.0,0.0,0.0,0.0,0.0,0.0,0.7485934138672845,0.0,0.0,1.0,0.0,0.0,0.0,0.0,0.0,0.0,qsampled
0.0,0.0,0.0,0.0,0.0,0.0,0.746875,0.0,0.0,0.0,0.0,0.0,0.0,0.0,0.0,0.8827170915639597,0.0,0.0,0.0,0.7003670551870693,0.0,0.0,0.0,0.0,0.10638994190961892,0.0,0.5983193277310924,0.0,0.0,0.0,0.0,0.0,0.8986522911051213,0.0,0.0,0.0,0.0,0.0,0.0,0.0,0.32705508402935113,0.0,0.24428217717906753,0.4898665348492338,1.0,0.23177083333333326,0.06800070058674135,0.5836597222553515,0.34700544464609806,0.2420490928495198,0.2117704162116245,0.33333333333333337,0.006352910670296752,0.48059581858259304,0.4688859017948921,0.23749650740430273,0.7539406892866685,0.06641967353951883,0.0,0.0,0.38841265149275783,0.276294020326164,0.5634543432096268,0.4479623824451411,0.17543859649122806,0.0,0.42041829138603337,0.0,0.7218465539661898,0.0,0.0,0.8630653266331658,0.4285714285714286,0.45032728477918627,1.0,0.0,0.0,0.6812450301033739,0.0,0.6000000000000001,0.0,0.33333333333333337,0.0,0.7976035425892158,0.3551546391752576,0.33333333333333337,0.0,0.0,0.5714285714285714,0.44067796610169496,0.0,0.5623357116034549,0.5,0.20775142550202452,0.30000000000000004,0.20003953350464543,0.0,0.0,0.0,0.37335834896810494,0.34702702702702726,0.35642857142857143,0.5714285714285714,0.0,0.0,0.0,0.0,0.014002763703362842,1.0,0.0,1.0,0.46464779028183334,0.9079016221873365,0.2165242165242166,0.29191863661352413,0.0,0.0,0.0,0.16682494460272246,0.0,1.0,0.3216348705779498,0.7174959871589086,0.0,0.7149381541389153,0.0,0.0,0.0,0.0,0.3065693430656935,0.0,0.0,0.25,0.6050775740479548,0.0,0.0,0.8358597896208726,0.0,0.3980087336244542,0.0,0.0,0.0,0.0,0.2997275204359672,0.1606994171523728,0.4745596868884542,0.0,0.0,0.0,0.6330913490623109,0.75,0.0,0.0,0.8571428571428571,0.0,0.3001708927994088,0.0,0.417472229288561,0.009619896762083524,0.1389701579871272,0.7303863939180186,0.4722222222222222,0.0,0.8333333333333334,0.0,0.0,0.282937365010799,0.38820988304709725,0.42182751755213244,0.0,0.23065338276181646,1.0,0.7333333333333334,0.15384615384615385,0.9911367473269556,0.0,0.39662301860785654,0.3076923076923077,0.6496756255792401,0.875,0.0,0.0,0.0,0.0,0.0,0.0,0.9809201141226819,0.0,0.0,0.04111064288055433,0.0,0.0,0.0,0.648801940248424,0.0,0.16000000000000003,0.0,0.0,0.0,0.6342344876506596,0.0,0.0,0.7266137144046338,0.5331826587220053,0.0,0.0,0.0,0.0,0.0,0.0,0.7368421052631579,0.0,0.0,0.0,0.0,0.0,0.0,0.0,0.0,0.0,0.0,0.0690687242059933,0.9759784634499896,0.0,0.7336683417085427,0.0,0.46476510067114096,0.0,0.0,0.8686294965418647,0.0,0.0,0.0,0.0,0.0,0.0,0.0,0.6425925925925926,0.0,0.0,0.0,0.0,0.0,0.0,0.0,0.0,0.8996006489454637,0.0,0.0,0.0,0.9910055289542604,0.0,0.0,0.0,0.0,0.0,0.0,1.0,0.0,0.0,0.0,0.0,0.0,0.7608247422680412,0.0,0.0,0.0,0.0,0.0,0.0,0.0,0.6048632218844985,0.0,0.46401925391095067,0.15984697272122428,0.9613967362695209,0.035644847699286886,0.6153500224853845,0.7687184716594623,0.45120000000000005,0.0,0.0,0.0,0.6533882783882783,0.51617144359716,0.34715080281246724,0.21698513800424635,0.7567039106145252,0.14491614255765184,0.0,0.0,0.28346592874437915,0.5714285714285714,0.28054596283506006,0.41917525773195874,0.0,0.0,0.8473684210526315,0.31218274111675126,0.9393939393939393,0.0,0.0,0.7926563257392147,0.39047619047619064,0.7743589743589743,0.0,0.0,1.0,0.9098944267124969,0.0,0.0,0.0,0.0,0.0,0.4510644481581051,0.18316100443131456,0.2500000000000001,0.0,0.6280991735537189,0.5,0.3392857142857143,0.0,0.0,1.0,0.1474486414844267,0.29999999999999993,0.8275862068965517,0.0,0.0,0.0,0.8571428571428572,0.36363636363636365,0.5625,0.8571428571428571,0.0,0.0,0.0,0.0,0.0,0.5,0.0,1.0,0.6325602546612096,0.9796144471526701,0.0625,0.7576443941109853,0.4604700854700854,0.0,0.0,0.0,0.0,0.5,0.6308300395256916,0.6625916870415648,0.0,0.5018020969855832,0.0,0.0,0.0,0.47748447204968925,1.0,0.0,0.33333333333333337,0.33333333333333337,0.37647227808101114,0.0,0.0,0.7413358538122243,0.0,0.8701223063482819,0.0,0.0,0.0,0.0,0.44999999999999996,0.5882352941176471,0.7549770290964778,0.2962529274004685,0.0,0.0,0.0,1.0,0.0,0.0,1.0,1.0,0.5867630118336999,0.0,0.7028130334743561,0.0,0.15147407658420875,0.674074074074074,0.39522653721682854,0.0,0.8823529411764706,0.0,0.0,0.0,0.7648921914971373,0.7466167466167466,0.13301262778111855,0.0,0.8,0.6321752265861027,0.0,1.0,0.0,0.4286292316683902,0.65,1.0,1.0,0.0,1.0,0.0,0.0,0.0,0.0,0.9762225284572922,0.21176734785537832,0.0,0.0,0.0,0.0,0.5,0.772268633033089,0.21702127659574466,0.13636363636363646,0.0,0.0,0.0,0.46478873239436613,0.09282981076798891,0.0,0.7738457932973987,0.17327342114982147,0.0,0.0,0.0,0.0,0.0,0.0,0.6875,0.0,0.0,0.0,0.0,0.0,0.0,0.0,0.0,0.0,0.0,0.6275371113385442,0.8677538446492751,0.0,1.0,0.0,0.6388888888888888,0.0,0.0,0.7973902728351127,0.0,1.0,0.0,0.0,0.0,0.0,0.0,0.9333333333333333,0.0,0.0,0.0,0.0,0.0,0.0,0.0,0.0,0.48583106267029974,0.0,0.0,0.0,0.9687094982410664,0.0,0.0,0.0,0.0,0.0,0.0,0.47490347490347506,0.0,0.0,0.0,0.0,0.0,0.611087600507829,0.0,0.0,0.0,0.0,0.0,0.0,0.0,0.62400906002265,0.0,0.40986547085201785,0.0,0.32635122498597346,0.3148992778411249,0.0,0.0,0.7692307692307692,0.0,0.0,0.6666666666666667,0.20512820512820518,0.46096345514950177,0.03128103277060568,0.5051546391752577,0.0,0.25356633380884475,0.0,0.04999999999999982,0.7910353535353536,0.9010989010989011,0.7065120428189118,0.44627407200669833,0.4918032786885246,0.6923076923076923,1.0,0.0,0.2222222222222221,0.5,0.0,0.6057339449541284,0.0,0.36972193614830084,0.8571428571428572,0.0,0.0,0.7362637362637363,0.6666666666666666,1.0,0.0,1.0,0.33333333333333326,0.6475343573160874,0.17924528301886788,0.5714285714285714,0.0,0.0,0.6,0.21052631578947367,1.0,1.0,0.0,0.0,1.0,0.3203883495145631,0.0,0.5,0.0,0.0,0.5,0.0,0.0,0.0,0.0,0.0,0.0,0.24392023346303482,0.5142857142857142,0.0,0.16666666666666663,0.0,0.0,0.0,0.0,0.07712532865907107,0.625,0.2811906269791006,0.5950920245398772,0.25,1.0,0.04878048780487809,0.8973451327433628,0.2222222222222221,0.7831245880026367,0.2978723404255321,1.0,0.0,0.0,0.5714285714285714,0.4204545454545454,0.0,0.0,0.5639821554355482,1.0,0.0,0.5511904761904762,1.0,0.0,0.25778863775198524,0.0,0.7692307692307692,0.0,1.0,0.18181818181818177,0.08333333333333326,0.0,0.6666666666666667,1.0,0.0,0.6666666666666666,0.0,1.0,0.0,0.0,0.20656279508970732,0.0,0.0567734682405846,0.0,0.0,1.0,0.7777777777777778,0.2981927710843373,0.0,0.5822357311719013,0.0,0.695626183122447,0.0,0.05820328975115985,0.0,0.8509803921568627,0.8,0.2924528301886793,0.0,0.8746277546158427,0.5,0.7915032679738562,0.29268292682926833,0.62786029706945,0.8,0.4,0.0,0.0,0.0,0.0,0.0,0.934201266713582,0.0,0.0,0.4482758620689655,0.608608097141655,0.0,0.0,0.382316978904614,0.3204819277108434,0.0,0.0,0.0,0.0,0.6562186727260576,0.0,0.0,0.004424778761061843,0.11343530384456357,0.0,0.0,0.0,0.0,0.0,0.0,1.0,0.0,0.0,0.0,0.0,0.0,0.0,0.0,0.0,0.18717790146361568,0.0,0.5055928411633109,0.9798841428480489,0.0,1.0,0.3571428571428572,0.5219482862297053,1.0,0.0,0.8675887209177656,0.0,qsampled
0.0,0.0,0.0,0.0,0.8562376237623762,0.8822845516640023,0.0,0.0,0.0,0.0,0.645282168012369,0.0,0.0,0.0,0.4,0.0,0.0,0.9131545338441891,0.0,0.6485136741973841,0.0,0.0,0.0,0.0,0.22377840024898854,0.0,0.4129793510324483,0.557112397197685,0.245775965951337,0.0,0.0,0.08221007893139043,0.8909682668836453,0.8328173374613003,0.0,0.0,0.0,0.0,0.0,0.0,0.2525353411186233,0.4371348808354443,0.0,0.0,0.4541359096830221,0.05355404089581306,0.0,0.6193300767620376,0.43038850912866666,0.5587841456882698,0.24955640776143329,0.0,0.2889201877934272,0.8513139270108929,0.0,0.0,0.0,0.1493276716206653,0.0,0.5061688878542747,0.26290415553110125,0.24280928728196838,0.9265414999487022,0.4597017742544356,1.0,0.0,0.8265845070422535,0.055445544554455606,0.7218465539661898,0.16402116402116407,0.48026315789473684,0.0,0.0,0.45032728477918627,0.0,0.19148936170212771,0.0,0.8921098517872712,0.6666666666666667,0.4,0.0,0.33333333333333337,0.0,0.4370984569765526,0.0,0.0,0.4389501711677444,0.0,0.5714285714285714,0.0,1.0,0.3300793166564976,0.0,0.0,0.30000000000000004,0.007894736842105288,0.0625,1.0,0.9894736842105263,0.0,0.34702702702702726,0.0,0.2857142857142857,0.515897435897436,0.0,0.0,0.0,0.003733935394233945,1.0,0.0,0.0,0.6915964727559885,0.619349722442506,0.09481216457960617,0.42647058823529405,0.28877061156334816,0.9166666666666666,0.8742916790933493,0.051010886469673555,0.6194029850746269,0.0,0.12537945863900857,0.10715557137771459,0.5406432748538011,0.9140520766085647,0.0,0.0,0.6666666666666667,0.0,0.0,0.0,0.0,0.0,0.5471698113207546,0.0,0.5,0.0,0.0,0.3277667510779553,0.0,0.0,0.0,0.6666666666666667,0.0,0.5260545905707197,0.0,0.0,0.33333333333333337,0.0,0.43641975308641967,0.0,0.0,0.0,0.0,0.0,0.6151657883691648,0.0,0.41484929643327806,0.0,0.0,0.9437112418508506,0.0,0.6720876859765749,0.0,0.0,0.5597260634795206,0.0,0.0,0.7342288043166294,0.6425400814804305,0.0,1.0,0.8888888888888888,0.0,0.10259150414106344,0.0,0.29278227014076086,0.3076923076923077,0.0,0.75,0.0,0.0,0.0,0.0,0.9851745576279293,0.6203431291527554,0.7093247588424436,0.6593028667965315,0.0,0.657796852646638,0.7967128412988286,0.0,0.0,0.858685944628159,0.0,0.0,0.0,0.9872073863547539,0.2049488972565896,0.5688553166763509,0.6733379632552559,0.0,0.3761701310546781,0.22430072800919576,0.0,0.0,0.0,0.0,0.7189357646211219,0.0,0.7368421052631579,0.0,0.0,0.0,0.0,0.0,0.6911764705882353,0.0,0.0,0.28281038431320105,0.0,0.0,0.0,0.0,0.5,0.0,0.0,0.0,0.0,0.9038438208643231,0.8125,0.0,1.0,0.0,0.0,0.8888888888888888,0.6714285714285715,0.0,0.0,0.0,0.0,0.8434268833087148,0.8,0.0,0.0,0.5,0.0,0.0,0.9468085106382979,0.0,0.9008662996628686,0.0,0.0,0.0,0.0,0.2120636017974422,0.0,0.6000000000000001,0.5189873417721519,0.6770560413760252,0.0,0.0,0.0,0.4513031550068588,0.0,0.0,0.0,0.0,0.0,0.0,0.0,0.19530553629791003,0.2626122373414793,0.0,0.0,0.9166497461928934,0.04893617021276597,0.3899160911858618,0.7189140542972852,0.3978974195603696,0.7582802547770701,0.0,1.0,0.0,0.6995893667603199,0.0,0.0,0.0,0.14491614255765184,0.0,0.3160311931695592,0.22063285652362385,0.5714285714285714,0.9266505406943654,0.4104513064133015,0.8754098360655738,0.17621173882094088,0.5028901734104047,0.0,0.8666666666666667,0.25,0.9318681318681319,0.1874697043141058,0.0,0.7743589743589743,0.5,0.2500000000000001,1.0,0.9247034553893759,1.0,1.0,0.0,0.0,0.0,0.4793190003274036,0.4927536231884059,0.5,0.5650406504065042,0.4475138121546962,1.0,0.0,1.0,0.8121170864533697,0.0,0.0,0.29999999999999993,0.5323741007194244,0.1133837261004893,0.8636363636363636,1.0,0.0,0.36363636363636365,0.0,0.5714285714285714,0.0,0.0,0.0,0.0,0.0,0.5,0.0,0.5,0.9081400636653024,0.2530744336569579,0.0625,0.0,0.0,0.37099125364431496,1.0,0.4545454545454546,1.0,0.5416666666666667,0.3004897959183672,0.0,0.5,0.5837993289662885,0.0,0.0,0.0,0.30080213903743325,0.6666666666666667,0.0,0.33333333333333337,0.0,0.8553348285805832,0.875,0.25,0.17919075144508667,0.0,0.7123417721518988,0.0,0.0,0.5679012345679013,1.0,0.0,0.0,0.0,0.2941176470588235,0.8,0.0,0.0,0.5,0.0,0.0,0.0,0.0,0.48112111530641877,0.0,0.6873555928056903,0.2552356020942408,0.12535816618911177,0.9148148148148149,0.0,0.789282250242483,0.0,0.0,0.6620507748104187,0.3709327548806941,0.0,0.745992745992746,0.9403487672880337,0.0,1.0,0.918429003021148,0.0,0.5341421143847488,0.0,0.4286292316683902,0.65,1.0,0.6666666666666666,1.0,1.0,0.0,0.0,0.9888888888888889,0.6527586954949742,0.5379211854528143,0.0,0.0,0.0,0.7257730773652143,0.0,0.5,0.8454990254186722,0.19622093023255804,0.0,0.0,0.9893082329047675,0.21219091431857395,0.46478873239436613,0.7293452918884847,0.2585764949611995,0.655374940673944,0.37669885941528647,0.0,0.0,0.0,0.0,0.7374778271832767,0.0,0.6875,0.0,0.0,0.0,0.0,0.0,0.5,0.0,0.0,0.6454953716432957,0.0,0.8228431691475877,0.0,0.0,0.0,0.6666666666666667,0.0,0.5,0.0,0.9388487390711073,0.9680851063829787,1.0,0.0,0.0,0.0,0.6842105263157895,0.593969592436438,0.0,0.0,0.0,0.0,0.3431276169670491,0.6074766355140186,0.0,0.0,0.33333333333333326,0.0,0.0,0.6163630653266332,0.0,0.9697804808514682,0.0,0.0,0.0,0.0,0.7464932126696833,0.0,0.47339593114240996,0.7891472868217054,0.6241134751773051,0.0,0.0,0.42810188989318,0.8231511254019293,0.5454545454545454,0.0,0.0,0.0,0.0,0.0,0.0,0.0,0.4861351264809479,0.0,0.0,0.32737762888516664,0.2550623052959501,0.161167374496352,0.0,0.7692307692307692,0.8229994700582937,0.0,0.0,0.0,0.9767441860465116,0.01638530287984097,0.0,0.0,0.25356633380884475,0.0,0.7966217758502625,0.6650862068965517,0.05714285714285716,0.3946759259259258,0.24127310061601648,0.6557377049180328,0.0,0.75,0.2857142857142857,0.22222222222222232,0.0,0.8571428571428572,0.14724770642201834,0.23076923076923073,0.32943525385054195,0.0,0.6785714285714285,0.0,0.04038997214484685,0.6666666666666666,0.4,0.0,1.0,0.33333333333333326,0.6475343573160874,0.17924528301886788,0.0,0.5328430384847875,0.0,0.3999999999999999,0.0,0.5714285714285714,0.13043478260869568,1.0,0.5,1.0,0.41176470588235303,0.0,0.75,0.96,0.33333333333333337,0.5,0.0,0.0,0.25,0.0,0.0,0.0,0.21915236051502163,0.5142857142857142,0.0,0.0,1.0,0.8382222222222222,0.0,0.5444915254237288,0.1134421134421133,0.0,0.37682077264091196,0.5064935064935064,0.0,0.0,0.0,0.7702996092053843,0.8888888888888888,0.75,0.2978723404255321,1.0,1.0,0.0,0.0,0.4204545454545454,0.0,0.0,0.3341159896689365,1.0,1.0,0.0,1.0,0.12804953560371535,0.25778863775198524,0.0,0.0,0.0,1.0,0.9090909090909091,0.0,0.0,0.0,1.0,0.0,0.0,0.0,1.0,0.0,1.0,0.9589503126028299,0.0,0.03986135181975747,0.0,0.0,0.5551401869158878,0.0,0.0,0.0,0.580209388720027,0.10030165912518862,0.0,0.6244784422809457,0.05820328975115985,0.4112095251923914,0.0,1.0,0.0,1.0,0.6076149141842572,0.5,0.7714941569282137,0.29268292682926833,0.0,0.8,0.0,0.0,0.0,0.0,0.9166666666666666,0.5967741935483871,0.0,0.7620769453283193,0.0,0.7707006369426752,0.0,0.0,0.0,0.9411438968436041,0.20414201183431946,1.0,0.0,0.9834703778721061,0.5,0.6513961078206212,0.6587704974586601,0.0,0.196078431372549,0.10954280454127052,0.0,0.0,0.0,0.0,0.9360762436076244,0.0,1.0,0.0,0.0,0.0,0.0,0.0,0.5555555555555556,0.0,0.0,0.0,0.0,0.0,0.0,0.0,0.0,0.3571428571428572,0.0,0.0,0.0,0.8819855884707766,0.75,qsampled
0.0,0.33333333333333326,0.0,0.0,0.0,0.0,0.8636363636363636,0.0,0.0,0.0,0.6514026272266641,0.783677482792527,0.0,0.6811834422091498,0.0,0.6322845266606106,0.0,0.0,0.0,0.0,0.0,0.5,0.7001684944869786,0.0,0.10638994190961892,0.0,0.0,0.0,0.0,0.0,0.0,0.0,0.0,0.0,0.0,0.0,0.0,0.0,0.0,0.0,0.0,0.0,0.5935000506226586,0.48279672509920135,0.0,0.578383641674781,0.13170731707317074,0.7259640307851816,0.0,0.7473219068023567,0.0,0.33333333333333337,0.2079078546193679,0.14788113240724465,0.3946345335748743,0.0,0.0,0.047020739602765205,0.0,0.5062704962340985,0.39184902629994,0.23019221753398944,0.3448726693951796,0.0,0.0,0.0,0.8259717314487632,0.055445544554455606,0.6981534090909091,0.0,0.0,0.49493180980464424,0.0,0.8904631701052282,0.8571428571428572,0.0,0.0,0.16805266805266816,0.0,0.6000000000000001,0.0,0.0,1.0,0.16698526931294277,0.0,0.0,0.3288702928870295,0.18681882292601626,0.1428571428571428,0.7796610169491526,0.6666666666666667,0.0,0.0,0.17676225105363186,0.7,0.0,0.0625,1.0,0.39619883040935666,1.0,0.0,0.3313253012048193,0.0,0.0,0.8512904547316673,0.0,0.0,0.7987969924812031,0.0,0.0,1.0,0.0,0.875,0.3750000000000001,0.0,0.5438413361169102,0.9166666666666666,0.4177538757759851,0.21313923105636423,0.6194029850746269,0.45833333333333337,0.4896351575456054,0.06947052196770542,0.0,0.6241373576120396,0.6545048399106477,0.0,0.0,0.7266666666666667,1.0,0.0,0.11111111111111105,0.25,0.5283018867924527,0.375,0.5,0.47171945701357465,0.0,0.42770117308088074,0.3568156214795343,0.0,0.05750885799945504,0.0,0.35164835164835184,0.7012987012987013,0.6911665542818611,0.18856203179243558,0.33333333333333337,0.8571428571428572,0.23972602739726023,1.0,0.33333333333333337,0.0,0.0,0.0,0.5429933076455079,1.0,0.0,0.5169569202566453,0.0,0.5519125683060109,0.4722222222222222,0.6389384687646782,0.8333333333333334,0.16085526315789478,0.5597260634795206,0.7153886912421468,0.0,0.2137692549512733,0.0,0.5476785416815402,0.0,0.8883495145631068,1.0,0.7845303867403315,0.0,0.0,0.8269230769230769,0.0,0.0,0.8,0.5,0.0,0.0,0.0,0.0,0.0,0.6695309307385604,0.0,0.0,0.9047619047619048,0.0,0.0,0.730150422952653,0.48843464228079625,1.0,0.0,0.0,0.0,0.0,0.001585081585081527,0.0,0.44913830348999084,0.5383724182014302,0.0,0.0,0.0,0.0,0.0,0.0,0.0,0.0,0.0,0.6666666666666667,0.0,0.0,0.0,0.0,0.0,0.0,0.9782608695652174,0.0,0.9094086629001883,0.0,0.0,0.13636363636363635,0.0,0.5,0.0,0.6759747831070533,0.0,0.0,0.0,0.0,0.0,0.0,0.0,0.7857142857142856,0.0,0.0,0.0,0.8660235798499465,0.8,0.0,0.8003170106569539,0.0,0.6340997475608924,0.0,0.0,0.0,0.0,0.0,0.0,0.8589232303090728,0.0,0.0,0.0,0.0,0.0,0.0,0.0,0.0,0.0,0.0,0.25,0.0,0.0,0.0,0.0,0.0,0.0,0.0,0.0,0.7009948157489141,0.6559028292104874,0.4294574997816021,0.0,0.3304117869285984,0.9469812630117974,0.0023474178403757318,0.8936996118244251,0.2787212787212786,0.0,0.0,0.0,0.7844929245283019,0.0,0.0,0.14491614255765184,0.0,0.3194610686554339,0.2801449025357944,0.5714285714285714,0.7248284157645228,0.0,0.18887015177065758,0.15286259541984748,0.5028901734104047,0.0,0.8666666666666667,0.0,0.46853146853146854,0.6283856988082339,0.0,0.8500461680517082,0.75,0.0,1.0,0.0,0.0,0.0,0.0,0.5,1.0,0.0,0.18316100443131456,0.5,0.41889276035617506,0.5121951219512195,0.0,0.8571428571428571,1.0,0.15625,0.0,0.4903909874088801,0.7,0.0,0.13008748573602136,0.8636363636363636,0.5338645418326693,1.0,0.0,0.4375,0.0,0.0,0.7986928104575164,0.0,0.0,1.0,0.0,0.0,1.0,0.0,0.8198737121967431,0.0,0.0,0.16792929292929282,0.5,1.0,0.2727272727272728,1.0,0.5416666666666667,0.36557575757575755,0.0,0.0,0.0,0.8024844720496894,0.0,0.0,0.727112676056338,0.6666666666666667,0.0,0.0,0.33333333333333337,0.3832056627557453,0.375,0.25,0.3462956754944686,0.0,0.9731397459165154,1.0,0.0,0.0,0.0,0.44999999999999996,0.3529411764705882,0.9019908116385911,1.0,0.6000000000000001,1.0,0.0,1.0,0.1428571428571429,0.0,0.0,1.0,0.9392234621414738,1.0,0.0,0.0,0.15147407658420875,0.950207468879668,0.39522653721682854,0.789282250242483,0.8823529411764706,0.0,0.6664632906243644,0.3275862068965518,0.0,0.5290548867191205,0.13301262778111855,0.6194331983805668,0.0,0.6976024748646559,0.0,0.6523520647083866,0.0,0.0,0.8,0.55,0.0,1.0,0.0,0.0,0.0,0.0,0.0,0.28298908162783,1.0,0.0,0.7092116661853884,0.9994697556797324,0.0,0.5,0.8479183673469388,0.0,0.13636363636363646,0.0,0.0,0.0,0.0,0.8517474429867361,0.0,0.6683622828784119,0.7220301214077147,0.0,0.0,0.0,0.0,0.0,0.0,0.0,0.0,0.0,0.5,0.0,0.0,0.0,0.0,0.0,0.0,0.9811932555123216,0.7670117067159581,0.7661734132322368,0.0,0.75,0.0,0.0,1.0,0.0,0.707004555808656,0.0,1.0,0.857645492582731,0.0,0.0,0.0,0.0,0.9333333333333333,0.0,0.0,0.0,0.526849702230746,0.07042253521126773,0.0,0.6871182177506289,0.0,0.48583106267029974,0.0,0.0,0.0,0.0,0.0,0.6000000000000001,0.8908052908776585,0.0,0.7764705882352941,0.0,0.0,0.0,0.0,0.0,0.0,0.0,0.0,0.0,0.0,0.0,0.0,0.0,0.0,0.0,0.7291204730229119,0.0,0.4910946567940764,0.5340423817581177,0.8781362007168458,0.5911404335532517,0.161167374496352,0.6520979932238727,0.15384615384615385,0.7641759406465289,0.7096491228070176,0.6666666666666667,0.0,0.8545454545454545,0.0,0.0,0.0,0.25356633380884475,0.0,0.8069696483057652,0.7853191489361703,0.05714285714285716,0.3087315130830488,0.0,0.0,0.1428571428571429,0.75,0.2857142857142857,0.2222222222222222,0.5,1.0,0.6057339449541284,0.5,0.8741755454084221,0.7142857142857143,0.0,0.0,0.0,0.6666666666666666,1.0,0.0,0.0,0.0,0.40866873065015485,0.17924528301886788,0.0,0.585494716618636,0.2139303482587065,0.19999999999999996,0.25531914893617036,0.0,0.0,1.0,0.0,1.0,1.0,0.0,0.75,0.6,1.0,0.0,0.0,1.0,0.0,0.2857142857142857,0.0,0.0,0.49096594857539966,0.2785714285714287,0.0,0.0,0.0,0.2564102564102564,1.0,0.5444915254237288,0.8939068100358423,0.0,0.29985337243401766,0.045112781954887105,0.0,0.0,0.7560975609756098,0.8035230352303523,0.2222222222222221,0.5026178010471205,0.038461538461538436,1.0,0.0,0.30666666666666664,0.5714285714285714,0.17391304347826086,0.2857142857142857,1.0,0.6976177077471394,1.0,1.0,0.2284241201524322,1.0,0.39578947368421047,0.11494252873563238,0.0,0.2206366630076837,0.0,1.0,0.0,0.41666666666666663,0.07692307692307698,0.33333333333333337,0.0,0.6085858585858586,0.6666666666666666,1.0,1.0,0.0,0.0,0.1351595919710431,0.25,0.7475728155339805,0.6923076923076923,0.0,0.23974763406940058,0.7777777777777778,0.05902777777777757,0.0,0.6250789639924195,0.1468689477081988,0.9465518967070363,0.5924812030075188,0.0,0.0,0.0,0.0,0.002400384061449823,0.11111111111111116,0.33469705825053575,0.5,0.6871227364185111,0.8780487804878049,0.0,0.0,0.8,1.0,0.0,0.0,0.0,0.0,0.0,0.7002468855529385,0.0,0.22413793103448276,0.0,0.6376106194690265,0.0,0.46259609698403303,0.0,0.5,0.0,0.0,0.0,0.0,0.0,0.0,0.448087431693989,0.613299347260734,0.0,0.0,0.0,0.0,0.0,0.0,0.0,0.0,0.0,1.0,0.0,0.0,0.0,0.0,0.0,0.15294815987336774,0.9254658385093167,0.3405852907200617,0.7197069448664708,0.0,1.0,0.0,0.0,0.0,0.0,0.693792216146671,0.0,qsampled
0.0,0.33333333333333326,0.0,0.0,0.0,0.0,0.0,0.0,0.0,0.0,0.6514026272266641,0.0,0.8456570875040361,0.6812137002659718,0.0,0.5992053102524217,0.9827373612823674,0.0,0.0,0.6213139102325346,0.0,0.5,0.0,0.0,0.22377840024898854,0.0,0.0,0.0,0.0,0.0,1.0,0.0,0.0,0.33333333333333326,0.0,0.0,0.0,0.7673119713171241,0.0,0.0,0.0,0.0,0.34441035284802324,0.0,0.48090948090948105,0.3641088572872303,0.6180488659252124,0.8044981597279708,0.37760664532318067,0.5532457081545064,0.5038451527412979,0.33333333333333337,0.2991833163190899,0.0,0.38613845277800374,0.23725271663415992,0.7344453269790838,0.046526939536925216,0.7437737668041347,0.5637428677538068,0.7169315109086195,0.0,0.0,0.8843292834118522,0.0,0.29421281891723705,0.10690959092471652,0.0,0.12617030762371828,0.0,0.0,0.49493180980464424,0.0,0.0,0.8571428571428572,1.0,0.0,0.6844354475933423,0.0,0.4,0.0,0.0,1.0,0.11815252416756161,0.025711159737418,0.44444444444444453,0.0,0.43096844792996536,0.0,0.44067796610169496,0.0,0.2615696430582142,0.0,0.0,0.30000000000000004,0.1654563059791817,0.0625,0.0,0.0,0.10821643286573146,0.25,0.4375,0.5714285714285714,0.515897435897436,0.3104796963073738,0.0,0.0,0.0,1.0,0.0,0.5,0.0,0.8754448398576512,0.0,0.4917491749174917,0.4488517745302715,0.5,0.0,0.015677491601343907,0.0,1.0,0.36806805169311274,0.3882805760169884,0.7918686473807662,0.41045390404515525,0.0,0.0,0.0,0.07763157894736838,0.2649572649572649,0.0,0.4444444444444444,0.0,0.25,1.0,0.0,0.0,0.0,0.19865442977805392,0.0,0.5,0.0,0.0,0.43728813559322033,1.0,0.6996996996996996,0.631578947368421,0.33333333333333337,0.0,0.34941468605888604,0.75,0.0,0.75,0.0,0.0,0.290271283791802,1.0,0.0,0.0,0.2222406570160521,0.9784060755787355,0.4722222222222222,0.0,0.0,0.18484898498101998,0.0,0.0,0.38820988304709725,0.7291288831685485,0.0,0.6608838437923895,0.0,0.889795918367347,0.15384615384615385,0.06605744125326363,1.0,0.3403118991668448,0.0,0.21595836947094538,0.75,0.0,0.0,0.0,0.0,0.0,0.0,0.09251991913426105,0.8935768587632954,0.0,0.461441213653603,0.5720568927789933,0.0,0.0,0.3129590001155238,0.3915159944367178,1.0,0.0,0.0,0.16666666666666663,0.0,0.0,0.0,0.0,0.25025810448069374,0.0,0.0,0.0,0.0,0.0,0.0,0.0,0.0,0.0,0.6666666666666667,0.994016454749439,0.9240163960205056,0.0,0.7770439887228209,0.0,0.5873355510606644,0.0,0.657343268405834,0.918066853510151,0.0,1.0,0.0,0.0,0.0,0.0,0.0,0.0,0.0,0.0,0.0,0.0,0.0,0.0,0.0,0.0,0.0,0.0,0.875,0.0,0.82699513672965,0.8003170106569539,0.0,0.6167664670658684,1.0,0.0,0.0,0.8827413178396937,0.0,0.0,0.0,0.0,0.06527596697088212,0.0,0.0,0.0,0.0,0.0,0.6666666666666667,0.0,0.0,0.0,0.0,0.0,0.0,0.7949388500016692,0.0,0.0,0.0,0.0,0.5617206109009388,0.0,0.0,0.0,0.8710837955329036,0.9543977881458441,0.29497054825555047,0.7472426470588236,0.34593175853018376,1.0,0.0,0.0,0.5288888888888889,0.22377919320594475,0.7293187347931873,0.14491614255765184,0.8269142804866891,0.808775538187303,0.8664826634466103,0.19999999999999996,0.0,0.9010309278350516,0.21088435374149672,0.6506035921091373,0.0,0.7496839443742098,0.0,0.0,0.0,0.7559191530317613,0.0,0.18467220683287167,0.75,0.75,0.0,0.9097472924187726,1.0,1.0,0.0,0.5,0.0,0.0,0.18316100443131456,0.75,0.0,0.5179063360881542,0.0,0.2647058823529411,0.0,0.8322211630123928,0.0,0.0,0.29999999999999993,0.5897435897435898,0.09316770186335399,0.0,0.0,0.0,0.0,0.0,0.8571428571428571,0.0,0.4084084084084084,0.0,0.0,1.0,0.5,0.0,1.0,0.0,0.8404958677685951,0.0,0.08531521328803304,0.75,0.3798387096774194,1.0,0.4545454545454546,0.0,0.5,0.3810672294241786,0.1931540342298288,0.8571428571428572,0.0,0.0,0.0,0.0,0.0,0.0,0.0,0.6666666666666667,0.0,0.0,0.0,0.0,0.013971802362504837,0.0,0.01951077460687245,1.0,1.0,0.0,0.0,0.44999999999999996,0.8823529411764706,0.7757125154894671,0.0,0.6000000000000001,0.0,0.8,0.0,0.0,0.75,0.0,0.5,0.5894125242091672,1.0,0.0,0.029088913282107498,0.0,0.9713902548055431,0.39522653721682854,0.0,0.0,0.5570817383472191,0.0,0.3709327548806941,0.8088694565896315,0.7085801320020308,0.13301262778111855,0.7762145748987854,0.0,0.7513043478260869,0.0,0.48091670730085534,0.0,0.44192272588986936,0.44999999999999996,0.20000000000000007,0.6666666666666666,1.0,1.0,0.0,0.0,0.0,0.0,0.37038689172289085,1.0,0.0,0.0,0.6967755712150331,0.0,0.0,0.3381984661136326,0.0,0.13636363636363646,0.0,0.0,0.1724137931034483,0.0,0.07702939769283934,0.0,0.0,0.26336237344007507,0.0,0.0,0.0,0.0,0.0,0.0,0.0,0.0,0.0,0.5,0.90995085995086,1.0,0.0,0.7598027423622805,0.0,0.9285631383472609,0.0,0.9868404855109929,0.7658298431265644,0.0,0.25,0.75,0.0,0.0,0.0,0.0,0.0,1.0,0.7509349289454001,0.0,0.0,0.0,0.0,0.0,0.0,0.0,0.0,0.3431276169670491,0.8333333333333334,0.8588314005352363,0.7531287175826791,0.0,0.9119897959183674,0.8625954198473282,0.0,0.0,0.9687094982410664,0.0,0.6000000000000001,0.0,0.0,0.7754524886877828,0.0,0.0,0.0,0.0,0.0,0.7777777777777778,0.0,0.0,0.8181818181818181,0.0,0.0,0.0,0.5759430427179615,0.0,0.0,0.0,0.0,0.37496169169475935,0.0,0.6718225866567276,0.6060407091267236,0.43112272677774144,0.6520979932238727,0.3076923076923076,0.2925278219395867,0.0,0.33333333333333337,0.0,0.4873338870431895,0.12598425196850394,0.5,1.0,0.25356633380884475,0.8410138248847927,0.025694555965954824,0.4075537988581466,0.0,0.31783276450511944,0.8813725490196078,0.0,0.0,0.4736842105263157,0.0,0.7052154195011338,0.5,0.0,0.6057339449541284,0.23076923076923073,0.22863027806385183,0.7142857142857143,1.0,1.0,0.07033426183844005,0.0,0.4,0.0,0.0,1.0,0.0,0.17924528301886788,0.4285714285714285,0.0,0.29895025102692807,0.0,0.0,1.0,0.13043478260869568,1.0,0.5,1.0,0.4259818731117825,0.0,0.5,0.0,0.6666666666666667,0.0,0.0,0.0,0.25,0.0,0.0,0.0,0.0,1.0,0.0,0.33333333333333326,0.0,0.2806666666666666,0.38888888888888884,1.0,0.48951048951048937,0.0,0.2543290043290044,0.1986062717770034,0.25,1.0,1.0,0.0,0.4444444444444444,0.2934782608695652,0.44594594594594594,1.0,0.0,1.0,0.5714285714285714,0.4204545454545454,0.4285714285714285,0.0,0.5613496932515338,1.0,0.0,0.0,1.0,0.6209702660406886,0.3549175320708613,0.0,0.20279720279720292,0.0,1.0,0.18181818181818177,0.5,1.0,0.33333333333333337,1.0,0.9473684210526316,0.6666666666666666,0.0,1.0,0.0,0.5,0.21758802237578145,0.25,0.5384615384615384,0.0,0.620193081255028,0.8580441640378549,0.7777777777777778,0.36444557477110895,0.0,0.42271293375394325,0.0,0.0,0.0,0.05820328975115985,0.0,0.924791834542036,0.0,0.0,0.0,0.5229938995776631,0.5,0.0,0.0,0.3784090909090909,0.8,0.0,0.0,0.0,0.0,0.0,0.0,0.0,0.9311541799247902,0.0,0.6724137931034482,0.04443957968476342,0.4928940568475453,0.0,0.15025218248581917,0.0,0.5,0.0,0.0,0.5,0.0,0.0,0.0,0.0,0.6103545547395555,0.0,0.0,0.0,0.0,0.0,0.0,0.0,0.0,0.0,1.0,0.9186977715877437,0.8935361216730038,0.0,0.8571428571428572,0.0,0.24495449149188775,0.0,0.5037579857196542,0.8783112158630937,0.0,0.5,0.3571428571428572,0.0,1.0,0.0,0.0,0.0,qsampled
0.0,0.5555555555555556,0.0,0.0,0.8258299226921327,0.7070504855262553,0.0,0.0,0.0,0.0,0.0,0.5664575014261266,0.0,0.0,0.4,0.0,0.8074051955807704,0.0,0.0,0.0,0.0,0.0,0.7001684944869786,0.7475028754767238,0.22377840024898854,0.7256219616814412,0.0,0.7603911980440098,0.0,0.8902217375499818,0.0,0.0,0.0,0.0,0.0,0.8634186966479284,0.0,0.765895560931851,0.0,0.0,0.0,0.34920552766419954,0.0,0.4540110650069157,0.0,0.3834903544190219,0.0,0.6473656924373015,0.33076418497868154,0.2420490928495198,0.0,0.33333333333333337,0.2458187475690392,0.0,0.38800739803368045,0.0,0.7344453269790838,0.0,0.512182061579652,0.9789630975227436,0.0,0.12858952702702686,0.0,0.0,0.17543859649122806,0.6342666831133588,0.45299145299145305,0.05351386202450048,0.7922256621947024,0.9449404761904762,0.0,0.8630653266331658,0.8571428571428572,0.0,0.4444444444444444,0.4545454545454545,0.0,0.8811283439158947,0.0,0.0,1.0,0.0,0.0,0.0,0.058119880379664646,0.22222222222222232,0.4389501711677444,0.2500455954769286,0.1428571428571428,0.8813559322033898,0.6666666666666667,0.09350356740518218,0.5,0.17676225105363186,0.0,0.0,0.0625,0.22157434402332365,0.0,1.0,0.0,0.0,0.5714285714285714,0.515897435897436,0.8983368470367767,0.0,0.0,0.0,0.0,0.5498938428874736,1.0,0.8661616161616161,0.7006802721088436,1.0,0.0,0.0,0.5,0.8566941166482723,0.0,0.23880597014925375,0.7142857142857142,0.14576110469078718,0.0,0.0,0.054518895485816454,0.8557981927710844,0.0,0.0,0.9178149606299213,0.3065693430656935,0.7710473491557446,0.33333333333333326,0.25,0.0,0.0,0.0,0.8316528753216049,0.0,0.2071895424836604,0.493808579051789,0.0,0.0,0.6666666666666667,0.35164835164835184,0.16625310173697294,0.7061919504643963,0.10378220354467393,0.33333333333333337,0.0,1.0,0.75,1.0,0.5,0.0,0.5,0.45017543859649123,0.0,0.0,0.0,0.5595681511470985,0.0,0.7222222222222222,0.0,0.0,0.773959526536846,0.0,0.282937365010799,0.38820988304709725,0.0,0.0,0.0,0.5,0.5795918367346938,0.0,0.0,0.0,0.4509831264816623,1.0,0.6138888888888889,0.75,0.0,0.0,0.0,0.0,0.0,0.707128278199253,0.0,0.8381168148139586,0.0,0.40862480685489533,0.0,0.0,0.0,0.317783691043406,0.0,0.0,0.0,0.0,0.14606126914660822,0.0,0.0,0.0,0.0,0.8337785083213478,0.0,0.0,0.0,0.0,0.0,0.0,0.0,0.0,0.0,0.6666666666666667,0.0,0.0,0.0,0.0,0.9041568844082309,0.0,0.9782608695652174,0.10395568124813714,0.0,0.0,0.0,0.0,0.7926374365559836,0.0,0.0,0.6939774970769201,0.0,0.0,0.0,0.0,0.0,0.8888888888888888,0.6714285714285715,0.0,0.0,0.0,0.0,0.0,0.8,0.0,0.0,0.5,0.0,0.8571428571428572,0.0,0.0,0.0,0.0,0.0,0.854355000717463,0.9803921568627451,0.3289448937370698,0.94,0.0,0.5189873417721519,0.0,0.8486074744108546,0.0,0.0,0.0,0.0,0.0,0.7073170731707317,0.0,0.7961190057098699,0.0,0.0,0.10739614994934144,0.24073890157910427,0.0,0.0,0.0,0.6875,0.3304117869285984,0.7167631819567206,0.27313691507798965,0.0,0.0,0.0,0.0,0.0,0.5549929676511955,0.0,0.7293187347931873,0.0,0.6690147287530875,1.0,0.0,0.0,0.049284436493738926,0.0,0.0,0.3083987310068458,0.5838150289017342,0.0,0.8148148148148149,1.0,0.09090909090909072,0.7413297566583636,0.8,0.18467220683287167,0.0,0.2500000000000001,0.0,0.9179140511830034,0.0,1.0,0.0,0.5,0.0,0.0,0.0,0.0,0.5650406504065042,0.5530085959885387,0.0,0.8609625668449198,1.0,0.0,1.0,0.4325737766156146,0.0,0.5917735515258734,0.13008748573602136,0.36363636363636365,0.0,1.0,0.0,0.0,0.8571428571428571,0.0,0.9410560785918952,0.0,0.0,0.1428571428571428,0.0,0.9058823529411765,1.0,0.6768760907504363,0.7797347249402045,0.8125,0.0,0.41627358490566035,0.3012195121951219,1.0,0.4545454545454546,0.75,0.0,0.3140711462450593,0.0,0.0,0.6061914385449201,0.885036496350365,0.0,0.0,0.8070044709388972,0.0,0.727899991882458,0.33333333333333337,0.33333333333333337,0.0,0.0,0.0,0.7413358538122243,0.0,0.01951077460687245,0.3292682926829268,0.0,0.0,1.0,0.44999999999999996,0.5882352941176471,0.9019908116385911,0.33333333333333337,0.6000000000000001,0.0,1.0,1.0,0.0,0.75,0.0,1.0,0.712253606990449,0.0,0.0,0.3429833169774289,0.8064746914684314,0.0,0.9583333333333334,0.0,0.0,1.0,0.0,0.0,0.8338220918866079,0.0,0.13301262778111855,0.0,0.0,0.2515942028985507,0.0,0.0,0.0,0.609602021478206,0.44999999999999996,0.0,0.6666666666666666,0.0,1.0,0.0,0.0,0.0,0.6454227590591226,0.0,1.0,0.0,0.0,0.0,0.0,0.5,0.30879918742005885,0.21702127659574466,0.0,0.0,0.0,0.14336492890995278,0.0,0.10539201356407835,0.0,0.0,0.5446879231810908,0.0,0.0,0.0,0.0,0.0,0.0,0.0,0.0,0.0,0.5,0.0,0.0,0.0,0.0,0.9503321256038647,0.0,1.0,0.7705673292088984,0.0,0.0,0.0,0.6666666666666667,0.7871674491392802,0.5,0.0,0.7510031208203299,0.0,1.0,0.8488965230064542,0.0,0.0,0.8695652173913043,0.593969592436438,0.0,0.0,0.0,0.0,0.0,0.6074766355140186,0.0,0.0,0.33333333333333326,0.0,0.8625954198473282,0.0,0.0,0.0,0.0,0.0,0.8922180801491146,0.709828674481515,0.0,0.8888888888888888,0.0,0.6913192461450599,0.0,0.6408875484704869,0.0,0.0,0.0,0.0,0.0,0.8877823658003401,0.28042328042328046,0.5308689024390245,0.0,0.0,0.0,0.4706961683756071,0.0,0.0,0.6734050445103859,0.0,0.161167374496352,0.15928346647300884,0.3076923076923076,0.0,0.40582655826558267,0.6666666666666667,0.0,0.4873338870431895,0.03128103277060568,0.0,0.0,0.0,0.5011337868480725,0.8888710454472459,0.0,0.0,0.31311329170383595,0.0,0.1641337386018238,0.48921568627450973,1.0,0.2857142857142857,0.0,0.75,0.0,0.6057339449541284,0.3076923076923077,0.22863027806385183,0.8571428571428572,0.5952380952380952,1.0,1.0,0.6666666666666666,0.0,0.0,0.0,0.33333333333333326,0.0,0.0,0.5714285714285714,0.5268199233716475,0.3295727316370619,0.19999999999999996,0.25531914893617036,1.0,0.0,0.0,0.33333333333333337,1.0,0.0,0.0,0.0,0.0,0.8,0.0,0.0,0.0,0.25,0.8571428571428571,0.0,0.0,0.0,0.2785714285714287,0.3963855421686746,0.0,0.8245614035087719,0.2716202783300199,0.6140350877192982,0.4509966777408638,0.0,0.0,0.38062064597846745,0.0,0.25,0.7,0.0,0.7232524964336662,0.2222222222222221,0.0,0.6653225806451614,1.0,0.0,0.8012048192771084,0.5714285714285714,0.0,0.4285714285714285,0.0,0.2320390170699681,1.0,0.0,0.5511904761904761,1.0,0.7411656118143459,0.07147220525351261,0.0,0.20279720279720292,0.0,1.0,0.18181818181818177,0.41666666666666663,0.27350427350427353,0.33333333333333337,1.0,0.6843434343434343,0.6666666666666666,0.0,0.5,0.0,0.5,0.0,0.0,0.2310286677908936,0.0,0.7632283302450072,0.768041237113402,0.5555555555555556,0.36463104325699736,0.0,0.7798041202296522,0.0,0.695626183122447,0.0,0.6163011387600168,0.0,0.44482891195693963,0.8,0.6893903024483918,1.0,0.23647711511789193,0.5,0.26291693917593195,1.0,0.7652849740932642,0.8,0.4,0.0,0.0,0.0,0.0,0.9583333333333334,0.045038705137227186,0.8394561758750361,0.0,0.6681896551724138,0.8135231489341062,0.4688768606224628,0.0,0.15055268344234674,0.328054298642534,0.0,0.0,0.0,0.5,0.0,0.0,0.0,0.0,0.08659598268566693,0.0,0.0,0.0,0.0,0.0,0.0,0.0,0.0,0.0,1.0,0.0,0.0,0.0,0.0,0.7768773635872501,0.15294815987336774,0.9264069264069265,0.0,0.0,0.0,0.25,0.3571428571428572,0.8266809536565765,0.0,0.0,0.71043312448924,0.0,qsampled
0.0,0.0,0.0,0.0,0.0,0.0,0.0,0.0,0.0,0.0,0.0,0.0,0.0,0.0,0.0,0.0,0.0,0.0,0.0,0.0,0.6564677055971428,0.0,0.0,0.0,0.22377840024898854,0.0,0.0,0.557112397197685,0.16394434361766475,0.0,0.0,0.2300826880168001,0.0,0.8714859437751004,0.0,0.0,0.0,0.765895560931851,0.0,0.0,0.06506464305789783,0.4669149630274032,0.6032546082949309,0.4518504442016248,0.0,0.0,0.5301237224314148,0.0,0.3603200550632366,0.0,0.8553190032858707,0.33333333333333337,0.3746341463414634,0.5629442235875196,0.7299112080133978,0.15937186769127987,0.0,0.15666692673792615,0.0,0.0,0.2625563594421727,0.5716799624589395,0.11476540938362456,0.0,0.9382716049382716,0.0,0.11418803418803403,0.05351386202450048,0.7816761363636364,0.0,0.03521126760563398,0.0,0.0,0.007466892082276577,0.8571428571428572,0.0,0.0,0.47921225382932153,0.0,0.4,0.0,0.0,1.0,0.12289275712481473,0.6312583749543184,0.0,0.696877269426289,0.28492031058438905,0.8571428571428571,0.5,1.0,0.6649645685702377,0.0,0.15422047538835848,0.6000000000000001,0.7421465968586387,0.0625,0.0,0.0,0.3066132264529058,0.7796610169491525,0.0,0.5714285714285714,0.9364102564102564,0.3273248668578451,0.0,0.18181818181818188,0.3153674832962138,0.5714285714285714,0.0,1.0,0.5917652501487013,0.8226415094339623,0.9352226720647774,1.0,0.9619952494061758,0.0,0.2059562560676147,0.0,0.6194029850746269,0.5,0.3698418156808805,0.21289373697757075,0.8292739503595454,0.01925288580312623,0.4477498093058734,0.0,0.0,0.8543111992071357,0.6698564593301436,0.41257179323548177,0.4444444444444444,0.0,0.07539118065433859,0.375,0.5,0.0,0.0,0.42741968656163865,0.0,0.0,0.0,0.6666666666666667,0.0,1.0,0.0,0.0,0.33333333333333337,0.0,1.0,0.25,0.33333333333333337,0.0,0.9285714285714286,0.0,0.5402510956601969,1.0,0.6594671964793095,0.0,0.5585428206220707,0.0,0.0,0.0,0.6666666666666667,0.4979169146530176,0.9448890079351793,0.0,0.38820988304709725,0.2621337997376475,0.26160893447108646,0.0,0.0,0.0,0.15384615384615385,0.8791436464088398,1.0,0.8592819465713799,0.1923076923076923,0.030518819938962327,0.0,0.8,0.0,0.0,0.0,0.0,0.0,0.0,0.3396534921494314,0.0,0.0,0.9820567755757901,0.0,0.33333333333333326,0.0,0.5965572888649813,0.15999999999999992,0.0,0.0,0.0,0.0,0.008702975856260453,0.37431480031323416,0.0,0.0,0.0,0.0,0.0,0.0,0.73338774826814,0.0,0.7368421052631579,0.0,0.9969868290258449,0.0,0.96579476861167,0.0,0.0,0.0,0.0,0.0,0.0,0.0,0.7863762257654017,0.0,1.0,0.0,0.0,0.5,0.0,0.8838512349962732,0.84375,0.0,0.0,0.0,0.0,0.0,0.0,0.0,0.0,0.0,0.0,0.0,0.0,0.0,0.0,0.0,0.0,0.0,0.0,0.0,0.0,0.8795356330068785,0.0,0.0,0.0,0.3289448937370698,0.0,0.0,0.5189873417721519,0.7465005383787109,0.0,0.0,0.0,0.0,1.0,0.0,0.0,0.0,0.795124511576369,0.0,0.0,0.19530553629791003,0.16075520117312792,0.6907332433648223,0.7176714560805807,0.34793618637629775,0.0,0.41751497005988014,0.0,0.21599235425294705,0.0,1.0,0.0,0.9151933701657459,0.7778258050572725,0.5488563297143461,0.19757575757575752,0.0,0.14491614255765184,0.0,0.0,0.21955440190352593,0.6857142857142857,0.7523015873015872,0.0,0.2100271002710028,0.20382320711067814,0.0,0.0,0.8148148148148149,0.0,0.0,0.18973862536302033,0.0,0.0,0.75,0.0,0.0,0.0,0.0,1.0,0.0,0.5,1.0,0.0,0.8581979320531757,0.5,0.41889276035617506,0.5660377358490567,1.0,0.0,0.0,0.9554140127388535,0.0,0.478454172366621,1.0,0.9818824569155987,0.14470186099506266,0.0,0.0,0.8571428571428572,0.8636363636363636,0.0,0.8571428571428571,1.0,0.3431763766959298,0.0,0.0,0.5238095238095237,0.5,0.0,0.5,0.6385242462386861,0.7062582635522257,0.6875,0.18114707552526987,0.9834437086092715,0.0,1.0,0.0,0.9166666666666666,0.5833333333333333,0.37746938775510186,0.4700697759823722,0.8928571428571428,0.11557994757536039,0.07636887608069165,0.0,0.0,0.9164441053033193,0.33333333333333337,0.6168439943596975,0.6666666666666667,0.6666666666666667,0.5780126849894293,0.375,0.25,0.5416012558869703,0.0,0.841936957514847,0.0,0.0,0.5692307692307692,1.0,0.0,0.0,0.46153846153846145,0.2941176470588235,0.6000000000000001,0.0,1.0,0.0,0.1428571428571429,0.0,1.0,0.5,0.9392234621414738,1.0,0.9063680640903091,0.0,0.0,0.0,0.0,0.0,0.6470588235294118,0.7945922372437855,0.9532049492976091,0.17508417508417495,0.8338220918866079,0.5344743541136328,0.0,0.0,0.0,0.0,0.0,0.9040709725561729,1.0,0.9355973481260993,0.0,0.55,0.0,1.0,1.0,0.0,0.0,0.0,0.0,0.0,0.0,0.0,0.0,0.964647917715601,0.0,0.5,0.0,0.9168674698795181,0.13636363636363646,0.0,0.0,0.0,0.0,0.6607951942167694,0.0,0.0,0.0,0.0,0.0,0.0,0.0,0.7388025847555875,0.0,0.6875,0.0,0.999246151404539,0.0,0.9351377322229341,0.0,0.0,0.0,0.0,0.0,0.0,0.8263532156396509,0.5366084543822425,0.0,0.75,0.6666666666666667,0.0,1.0,0.0,0.9382315333923478,0.8181818181818181,1.0,0.0,0.0,0.0,0.0,0.0,0.0,0.0,0.0,0.0,0.0,0.0,0.0,0.0,0.0,0.0,0.0,0.0,0.0,0.0,0.8726957096800859,0.0,0.0,0.0,0.7464932126696833,0.0,0.0,0.7637956748695004,0.8955223880597015,0.0,0.0,0.4772896500372301,0.0,0.8181818181818181,0.0,0.0,0.0,0.5308689024390245,0.0,0.0,0.0,0.543889021765128,0.33884909854285017,0.3877724313614491,0.0,0.2550623052959501,0.0,0.45085936252860115,0.3076923076923076,0.0,0.9239864864864865,0.6666666666666667,0.8571428571428572,0.46096345514950177,0.9540310721820856,0.4042553191489361,0.0,0.05882352941176461,0.0,0.0008551184949916468,0.6403081914030819,0.7034749034749035,0.2202932098765431,0.0,0.0,0.0,0.4736842105263157,0.2857142857142857,0.0,0.5,0.0,0.14724770642201834,0.23076923076923073,0.0,0.7142857142857143,0.0,1.0,0.4220055710306406,0.6666666666666666,0.4,0.0,0.0,0.0,0.3900928792569659,0.6838085539714867,0.0,0.4666342884895579,0.20045385779122538,0.8,0.0,0.8571428571428572,0.4347826086956522,1.0,0.0,0.0,0.13541666666666652,0.0,0.5,0.0,0.0,0.75,0.0,0.0,1.0,0.0,0.0,0.5,0.3900277970813064,0.0,0.0,0.0,0.2767653758542141,0.0,0.0,0.9959893048128342,0.0,0.625,0.0,0.3766233766233765,0.25,0.19999999999999996,1.0,0.8703471350899206,0.0,0.15551181102362233,0.8652482269503546,1.0,0.0,0.6909090909090909,0.7142857142857143,0.0,0.4285714285714285,0.6666666666666667,0.03686311340690296,1.0,1.0,0.0,1.0,0.3957894736842106,0.3928571428571429,0.0,0.035472972972972916,0.0,1.0,0.9090909090909091,0.0,0.0,0.33333333333333337,1.0,1.0,0.6666666666666666,1.0,1.0,0.5,0.5,0.14841564187650458,0.25,0.0,0.6923076923076923,0.8227046203226623,0.19999999999999996,0.0,0.29807306302689696,1.0,0.0,0.8503976143141153,0.0,0.0,0.0,0.6728619137505445,0.46873065015479887,0.0,0.0,0.0,0.0,0.5,0.5909774436090225,0.41463414634146345,0.0,0.0,0.8,0.0,0.0,0.0,0.0,0.0,0.04166666666666674,0.8506418066929246,0.0,0.0,0.7143675869630219,0.0,0.0,0.0,0.8,0.0,0.0,0.0,0.5,0.0,0.36014098045498244,0.6930345399987232,0.196078431372549,0.0,0.0,0.0,0.0,0.0,0.6168046899934487,0.0,1.0,0.0,1.0,0.0,0.8916595012897679,0.0,0.0,0.0,0.0,0.18648434403487912,0.0,0.19123818307585905,0.45497822343765826,0.0,0.75,0.3571428571428572,0.0,0.0,0.0,0.8807994804819972,1.0,qsampled
0.0,0.5555555555555556,0.0,0.0,0.0,0.0,0.0,0.0,0.0,0.0,0.651779593988927,0.0,0.0,0.7728935965334618,0.4,0.0,0.0,0.0,0.0,0.0,0.0,0.5,0.7001684944869786,0.0,0.0,0.0,0.0,0.7602256699576869,0.0,0.0,0.0,0.7209244727168445,0.6582400279916025,0.33333333333333326,0.0,0.774512518292924,0.0,0.0,0.0,0.0,0.06506464305789783,0.5658232327700611,0.0,0.0,0.4541359096830221,0.9239153973868476,0.4831536388140162,0.5651896716608225,0.6284161256228296,0.5587841456882698,0.1607973194748359,0.0,0.0,0.0,0.3955722295514512,0.0,0.0,0.0,0.7171955222624358,0.7908262498199107,0.39076626648880974,0.5707607806474232,0.5907060771817132,0.48060371710116,0.17543859649122806,0.0,0.11418803418803403,0.05351386202450048,0.6981534090909091,0.6231884057971013,1.0,0.13324732768153325,0.0,0.0,0.4444444444444444,1.0,0.0,0.18450779989241517,0.0,0.0,0.0,0.6666666666666667,1.0,0.5351962217474417,0.0,0.44444444444444453,0.0,0.5888787602552417,0.1428571428571428,0.0,0.6666666666666667,0.4362354029367558,0.5,0.5487149822328734,0.30000000000000004,0.0,0.0625,0.0,0.0,0.0,0.0,0.35642857142857143,0.2857142857142857,0.515897435897436,0.3192182410423453,0.0,0.18181818181818188,0.3311159155163811,0.6734693877551021,0.0,0.5,0.4611393827242086,0.0,1.0,0.24702503077554383,0.9642023346303502,0.9166666666666666,0.0,0.015677491601343907,0.9402985074626866,0.5,0.0,0.7928667728888344,0.5860472541507024,0.09562825189880964,0.0,0.0,0.0,0.5364102564102564,0.6698564593301436,0.0,0.11111111111111105,0.0,0.0,0.375,0.5,0.0,0.0,0.8081048867699643,0.0,0.5,0.41700735895339336,0.33333333333333337,0.2997275204359672,0.7272727272727273,0.3775100401606424,0.0,0.0,0.8571428571428572,0.22602739726027377,0.0,0.0,0.75,0.4285714285714285,0.0,0.16936371826098562,0.0,0.6700528240552621,0.0,0.10581048311882113,0.0,0.4722222222222222,0.0,0.6666666666666667,0.16085526315789478,0.5717107862504938,0.4862318251969783,0.38820988304709725,0.3756613756613757,0.2349738398060316,1.0,0.0,0.7378640776699029,0.15384615384615385,0.0,0.0,0.0,0.3076923076923077,0.2729323308270678,0.0,0.8,0.5,0.0,0.0,0.0,0.0,0.08655757761125538,0.0,0.0,0.04588659455916089,0.9047619047619048,0.0,0.0,0.0,0.48843464228079625,0.84,0.0,0.0,0.0,0.0,0.36773972175432024,0.3226495726495726,0.0,0.0,0.0,0.0,0.0,0.0,0.0,0.0,0.0,0.0,0.0,0.0,0.0,0.0,0.0,0.0,0.0,0.6357537598636276,0.0,0.09385876503393142,0.7853150750967898,0.0,0.23115577889447236,0.3835227272727273,0.49981749604574743,0.0,0.0,0.655466173998948,0.875,0.0,0.0,0.0,0.0,0.0,0.0,0.0,0.0,0.0,0.0,0.9027777777777778,0.0,0.0,0.9517114914425427,0.5,0.0,0.0,0.0,0.0,0.0,0.0,0.0,0.8629384192662033,0.0,0.371274387712744,0.0,0.0,0.5189873417721519,0.0,0.0,0.0,0.6107893692978976,0.7608247422680412,1.0,0.0,1.0,0.0,0.0,0.0,0.0,0.12886115444617785,0.7846557869067716,0.0,0.0,0.9097580152004892,1.0,0.3537347560975611,0.9639328750730526,0.7199745141764893,0.5241889584519068,0.08653295128939842,1.0,0.6491152968036529,0.7407578558225508,0.4770565485523153,0.0,0.0,0.0,0.7265473700519016,0.8042495003681498,0.2791939373062349,0.6857142857142857,0.09270941467699434,0.41917525773195874,0.0,0.16206123973114261,0.0,0.0,1.0,0.7880434782608695,0.0,0.0,0.0,0.14663827198052937,0.0,0.2500000000000001,1.0,0.9079833279897402,1.0,1.0,0.0,1.0,0.0,0.8433799784714747,0.18316100443131456,0.75,0.0,0.8125,0.0,0.0,1.0,0.0,1.0,0.7723577235772358,0.29999999999999993,0.5236270753512133,0.14470186099506266,0.0,0.0,0.0,0.0,0.4274999999999999,0.5714285714285714,0.0,0.4143692564745197,0.0,0.0,0.5238095238095237,1.0,0.0,1.0,0.5145532441146592,0.0,0.6875,0.7576443941109853,1.0,0.4947478991596639,0.0,0.0,0.9166666666666666,0.5,0.0,0.7918201915991158,0.5,0.6021060549078601,0.0,0.0,0.0,0.46643417611159554,0.33333333333333337,0.0,0.0,0.6666666666666667,0.0,0.375,0.25,0.013971802362504837,0.0,0.0,0.0,1.0,0.40104166666666663,0.0,0.44999999999999996,0.3529411764705882,0.06249999999999989,0.7764705882352941,0.0,1.0,0.0,0.5,0.0,0.75,0.33333333333333326,0.5,0.5894125242091672,0.0,0.9256192236598891,0.0,0.5103092783505154,0.3144411300228108,0.39522653721682854,0.0,0.6470588235294118,0.0,0.5394617933527462,0.8973727422003284,0.8338220918866079,0.5181173157125062,0.0,1.0,0.0,0.4371014492753623,0.0,0.0,0.0,0.0,0.65,0.20000000000000007,0.0,1.0,0.0,0.0,0.0,0.0,0.0,0.0,0.9773863950170293,0.0,0.9041943616777447,0.9992828773168579,0.0,0.5,0.0,0.0,0.9545454545454546,0.0,0.0,0.0,0.0,0.0,0.5608971233544613,0.0,0.1364257367770476,0.0,0.0,0.0,0.0,0.0,0.0,0.0,0.0,0.0,0.0,0.0,0.0,0.0,0.0,0.0,0.9297637070964527,0.0,0.7653911118877046,0.5469018261276729,0.0,0.0,0.0,0.48043818466353694,0.5,0.0,0.7361132843060554,1.0,1.0,0.8607655502392344,0.0,0.0,0.0,0.0,0.0,0.0,0.0,0.0,0.4366578793204453,0.0,0.0,0.688253282964562,0.33333333333333326,0.0,0.0,0.0,0.0,0.0,0.0,0.6000000000000001,0.8922180801491146,0.0,0.0,0.0,0.0,0.7639902676399027,0.0,0.0,0.0,0.8237704918032787,0.576288144072036,0.8181818181818181,0.0,0.8885922330097087,0.33333333333333326,0.0,0.0,0.0,0.0,0.30389800397115674,0.0,0.0,0.3027505999630793,0.9380281690140845,0.1681717840658239,0.5275974025974027,0.0,0.8229994700582937,0.18360433604336024,0.0,0.20512820512820518,0.0,0.0,0.0,0.0,0.0,0.8125,0.4707166242269917,0.7853191489361703,0.7034749034749035,0.7377701934015928,0.44627407200669833,0.1641337386018238,0.1791187739463601,0.4736842105263157,0.2857142857142857,0.11616161616161602,0.2500000000000001,1.0,0.0,0.43333333333333335,0.3900589721988207,0.8571428571428572,0.6666666666666667,0.0,0.07033426183844005,0.0,0.0,0.0,0.5,1.0,0.2648376259798433,0.3930753564154785,0.4285714285714285,0.0,0.42259291776412067,0.19999999999999996,0.08510638297872364,1.0,0.6956521739130435,0.0,0.4411764705882353,1.0,0.0,1.0,0.5,0.0,1.0,0.0,0.0,0.0,0.25,0.0,0.0,0.5,0.3643322475570032,0.6000000000000001,0.0,0.33333333333333326,0.07017543859649122,0.6969314838167298,0.0,0.0,0.0,0.0,0.2811906269791008,0.1986062717770034,0.25,1.0,0.31707317073170727,0.3851944792973653,0.8888888888888888,0.0,0.3457943925233645,1.0,0.0,0.0,0.7142857142857143,0.4900000000000001,0.2857142857142857,0.33333333333333337,0.2320390170699681,1.0,1.0,0.0,1.0,0.6209702660406886,0.3501144164759725,0.0,1.0,1.0,0.0,0.0,0.5,0.0,0.6666666666666667,0.0,0.0,0.0,0.0,1.0,1.0,0.5,0.22942286420717017,0.0,0.0,0.0,0.6194728348574503,0.0,0.7777777777777778,0.3438759065269943,1.0,0.6250789639924195,0.7978030919446705,0.5762514551804423,0.0,0.9335604770017036,0.6827654181920586,1.0,0.0,0.0,0.375,0.2278273111215391,0.5,0.5054421768707483,0.29268292682926833,0.3979274611398964,0.0,0.8,1.0,0.0,0.0,0.0,0.0,0.0,0.061444759206798594,0.0,0.4482758620689655,0.0,0.4609004739336493,0.0,0.0,0.0,1.0,0.0,0.0,0.0,0.0,0.6616469080422942,0.6574636907800102,0.448087431693989,0.08610962501823838,0.0,0.0,0.0,0.0,0.0,0.0,0.0,0.0,0.0,0.0,0.0,0.0,0.0,0.0,0.0,0.24495449149188764,0.0,0.01425226035576388,0.45497822343765826,0.0,0.5,0.3571428571428572,0.5613437195715678,0.0,0.0,0.693792216146671,0.8125,qsampled
0.0,0.0,0.7952518807548192,0.0,0.8579136690647482,0.6717303278054316,0.0,0.0,0.0,0.0,0.0,0.32978723404255317,0.0,0.0,0.4,0.0,0.0,0.0,0.0,0.6213139102325346,0.0,0.5,0.0,0.0,0.22377840024898854,0.6728329809725158,0.778125,0.7098052613597541,0.0,0.0,0.9473684210526315,0.0,0.0,0.0,0.0,0.0,0.47390642948061223,0.14360658534504822,0.9144555507588085,0.0,0.014689356236955997,0.3874623046696518,0.0,0.21808510638297884,0.48420538428137216,0.9239153973868476,0.1293623720808188,0.6037741968615027,0.7294117647058823,0.9467710997442456,0.0,0.0,0.41278697521265884,0.5361861335204021,0.42023391139021715,0.34429065743944653,0.0,0.0,0.7562800641368252,0.5285605483625285,0.888671875,0.213602071838757,0.34070720385122377,0.5339458112737463,0.2049364248317127,0.4553086731473298,0.0,0.0,0.7685088633993744,0.6301369863013699,0.5050545895673271,0.492360097323601,0.0,0.045139277324085514,1.0,0.0,0.0,0.0,0.0,0.4,0.0,0.33333333333333337,0.0,0.5531149301825993,0.0,0.22222222222222232,0.9460059993334073,0.27007541228142884,0.1428571428571428,0.0,0.0,0.4362354029367558,0.5,0.0,0.5,0.0,1.0,0.0,0.39619883040935666,0.28125,0.25,0.0,0.8571428571428572,0.7660377358490567,0.3100339538695702,0.0,1.0,0.3455577901336804,0.0,0.0,0.5,0.5492580719785849,0.0,1.0,0.0,0.4482758620689655,0.5,0.2599716879007412,0.33009708737864074,1.0,0.875,0.23566789439649127,0.0,0.5969250277381518,0.44286608561660346,0.0,0.0,0.6666666666666667,0.12024048096192397,0.7708333333333333,0.7524508123671763,0.11111111111111105,0.0,1.0,0.375,0.5,0.0,0.0,0.21452817379497624,0.3568156214795343,0.0,0.0,0.0,0.8228882833787465,0.5260545905707197,0.7018018018018017,0.0,0.0,0.0,0.4397705544933078,0.0,0.0,0.0,0.4285714285714285,0.0,0.5965221774193549,0.0,0.6654485338901941,0.0,0.0,0.0,0.0,0.6098522659213416,0.6666666666666667,0.0,0.4322474032105761,0.9190077470850614,0.6794748639129042,0.2834356532216421,0.5276848044372191,1.0,1.0,0.04721549636803879,0.0,0.05717339032861313,0.0,0.6477649006622517,0.3076923076923077,0.0,0.0,0.6000000000000001,0.0,0.0,0.0,0.0,0.0,0.0,0.1496768587411068,0.0,0.04588659455916089,0.9872938274867323,0.6890218985120551,0.0,0.0,0.0,0.0,0.0,0.0,0.16666666666666663,0.8995203836930455,0.4090132090132089,0.2365983911309404,0.0,0.5322696860524961,0.0,0.0,0.0,0.0,0.0,0.6647928408978543,0.0,0.0,0.0,0.0,0.0,0.0,0.0,0.0,0.0,0.5031760057351495,0.0,0.6518282988871225,0.0,0.0,0.5,0.9130434782608696,0.0,0.5,0.0,0.0,0.0,0.0,0.0,0.7597056394082751,0.0,0.8936170212765957,0.6714285714285715,0.0,0.0,0.0,0.0,0.0,0.0,0.0,0.0,0.5,0.0,0.0,0.0,0.0,0.8929843727734764,0.0,0.0,0.0,0.0,0.20774282751469075,0.9444822116474054,0.6000000000000001,0.5189873417721519,0.0,0.0,0.6666666666666667,0.0,0.0,0.25,0.0,0.0,0.6843135213906526,0.7374912905108939,0.7821019993584946,0.0,0.0,0.06483931947069921,0.0,0.4162673228856365,0.0,1.0,0.3537347560975611,0.7708299534150694,0.0,0.9844981607987389,0.3076923076923076,1.0,0.7835330498647082,0.6571884520528073,0.23757891847378543,0.2552476910159531,0.0,0.0,0.5861425061425062,0.8080315818132318,0.9965648854961832,0.0,0.734208367514356,0.7294845360824742,0.0,0.0,0.0,0.0,1.0,0.8125,0.3724559023066486,0.8067092651757188,0.0,0.0,0.0,0.0,1.0,0.0,0.0,0.5,0.0,0.0,0.0,0.8196982883666957,0.0,0.0,1.0,0.0,0.0,0.0,0.0,0.0,1.0,0.0,0.7,0.0,0.0,0.0,0.5509391007398975,1.0,0.0,0.0,1.0,0.4285714285714286,0.40441801189464743,0.0,0.0,0.5238095238095237,0.0,0.0,1.0,0.5421245421245422,0.0,0.6875,0.0,0.7730337078651686,0.1095041322314051,0.0,0.0,0.75,0.9583333333333334,0.724933055638203,0.0,0.5,0.0,0.045071609098567667,0.0,0.0,0.8328971962616822,0.33333333333333337,0.71,0.0,0.0,0.9725100748416811,0.375,0.25,0.0,0.0,0.7370413511939429,1.0,0.0,0.0,0.0,0.9,0.0,0.8686493184634448,0.944372574385511,0.0,0.0,0.0,0.5,0.1428571428571429,0.0,0.33333333333333326,1.0,0.9536258012820513,0.0,0.9064490630957363,0.3429833169774289,0.12645322840279005,0.3144411300228108,0.0,0.0,0.6470588235294118,0.7959094865100087,0.515552099533437,1.0,0.5012490496361464,0.5679628690666563,0.9352256186317321,1.0,0.6,0.0,0.0,0.48569083447332406,0.0,0.41022129315937417,0.65,1.0,0.0,1.0,1.0,0.0,0.0,0.0,0.0,0.2829484113103736,0.8871829105473965,0.0,0.34536529021079987,0.9932138572285543,0.36711478800413655,0.0,0.0,0.0,0.0,0.0,0.0,0.1724137931034483,0.8732394366197183,0.0,0.5473369835739174,0.0,0.6163036714374611,0.0,0.0,0.0,0.0,0.0,0.7164589648590995,0.0,0.0,0.0,0.0,0.0,0.0,0.0,0.0,0.0,0.9279595015576324,0.0,0.9240179723297299,0.0,0.0,0.0,1.0,0.0,1.0,0.0,0.0,0.0,0.0,0.0,0.7453006170182235,0.0,1.0,0.8428734321550742,0.0,0.0,0.0,0.0,0.0,0.0,0.0,0.0,0.33333333333333326,0.0,0.0,0.0,0.0,0.9687094982410664,0.0,0.6000000000000001,0.0,0.0,0.7475113122171946,0.2410714285714286,0.6077795786061588,0.7620676548840745,0.0,0.0,0.7777777777777778,0.0,0.0,0.0,0.0,0.0,0.0,0.0,0.832116788321168,0.0,0.0,0.5414358867175253,0.0,0.033661740558292186,0.6749123130884254,0.9345794392523364,0.2353212065392587,0.6268125707509029,0.15384615384615385,0.75,0.45584415584415583,0.0,0.46153846153846156,0.6626506024096386,0.0,0.5,0.0,0.0,0.7606837606837606,0.0,0.40745393634840876,0.25482625482625487,0.3087315130830488,0.20318169132012276,0.6307692307692307,0.7701149425287357,0.0,0.2857142857142857,0.0,0.2500000000000001,0.8571428571428572,0.6057339449541284,0.43333333333333335,0.0,0.8571428571428572,0.4626865671641791,0.0,0.0,0.6666666666666666,0.6,0.0,1.0,0.33333333333333326,0.1578947368421052,0.3930753564154785,0.5714285714285714,0.7389184397163121,0.32345180816389885,0.19999999999999996,0.0,1.0,0.6956521739130435,0.0,1.0,0.5,0.0,1.0,0.5,0.75,0.0,0.0,0.0,0.5,1.0,0.0,0.0,0.0,0.3691450461431308,0.0,0.0,0.33333333333333326,1.0,0.0,0.0,0.5221625251846878,0.288840262582057,0.0,0.02056277056277056,0.1986062717770034,0.25,0.8,0.04878048780487809,0.7702996092053843,0.8888888888888888,0.2934782608695652,0.3457943925233645,1.0,1.0,0.14545454545454573,0.7142857142857143,0.0,0.2857142857142857,1.0,0.7715250422059652,1.0,1.0,1.0,1.0,0.27772353187334353,0.11494252873563238,0.0,0.7692307692307693,0.0,0.0,0.9090909090909091,0.41666666666666663,0.574074074074074,0.6666666666666667,1.0,0.2592592592592592,0.0,1.0,1.0,1.0,0.0,0.15919487648673392,0.0,0.0,0.0,0.0,0.0,0.0,0.0,1.0,0.0,0.1468689477081988,0.8734177215189873,1.0,0.0854629739688576,0.0,1.0,0.8,0.0,0.11111111111111116,0.5661634973534602,0.5,0.7479871175523349,0.29268292682926833,0.0,0.0,0.6000000000000001,0.0,0.0,0.0,0.0,0.0,0.44272445820433437,0.0,0.4375,0.4482758620689655,0.384838803369155,0.00873362445414827,0.0,0.0,0.2571819425444597,0.0,0.0,0.0,0.5,0.9130691037684365,0.6468242766407905,0.4849179254548004,0.0,0.0,0.0,0.0,0.0,0.0,0.0,0.7711033361257577,0.0,0.0,0.0,0.0,0.0,0.0,0.0,0.0,0.0,0.24495449149188764,0.0,0.5034816457561142,0.0,0.0,1.0,0.0,0.0,0.0,0.0,0.0,0.0,qsampled
0.0,0.0,0.7512074968006496,0.0,0.0,0.0,0.0,0.0,0.0,0.7527198145175673,0.0,0.0,0.0,0.0,0.0,0.0,0.0,0.98562561254492,0.0,0.0,0.0,0.0,0.0,0.743700245406117,0.0,0.0,0.0,0.0,0.1767254986368202,0.0,0.0,0.70024611181981,0.8909682668836453,0.0,0.0,0.0,0.4750626915575369,0.0,0.0,0.0,0.0,0.38658424908424915,0.6032546082949309,0.4840578224318228,0.0,0.2591496426766766,0.37587688530340246,0.9224046422758474,0.336885370680469,0.5586105150214593,0.2117704162116245,0.33333333333333337,0.2991833163190899,0.06351160071389006,0.46209976931005703,0.36620890553474805,0.0,0.0,0.0,0.0,0.7171537578249435,0.21781946072684644,0.5723276529821844,0.6652944203484525,0.0,0.2840550435551068,0.4330008673026887,0.055445544554455606,0.717119928666964,0.0,0.045292014302741324,0.13324732768153325,0.6486486486486487,0.045139277324085514,0.0,1.0,0.0,0.0,0.0,0.4,0.0,0.33333333333333337,0.0,0.238445968739458,0.025711159737418,0.44444444444444453,0.3288702928870295,0.27007541228142895,0.0,0.0,0.0,0.7431079104309666,0.0,0.0,0.6000000000000001,0.0,0.0625,0.0,0.735166872682324,0.0,0.48305084745762705,0.4300518134715027,0.8571428571428572,0.0,0.0,0.0,0.18181818181818188,0.7931292708040812,1.0,0.0,0.0,0.0,0.6514423076923076,1.0,0.0,0.27651356993736953,0.0,0.0,0.15832037325038884,0.0,0.7142857142857142,0.12218056857232107,0.2263413108086969,0.0,0.0,0.6547619047619047,0.0,0.0,0.9125,0.35766423357664245,0.0,0.0,0.0,0.6017069701280229,1.0,0.0,0.6360475627564148,0.0,0.0,0.0,0.0,0.4958096782914302,0.0,0.0,0.478908188585608,0.490092879256966,0.7158779462817468,0.33333333333333337,0.0,1.0,1.0,0.0,0.5,0.4285714285714285,0.0,0.2950266597461425,0.0,0.0,0.0,0.5322292039449046,0.0,0.4722222222222222,0.6517862503752627,0.0,0.05717509873989113,0.5677838416981953,0.0,0.0,0.0,0.0,1.0,1.0,0.889795918367347,0.0,0.07790055248618777,0.0,0.5180790171715761,0.1923076923076923,0.0,0.0,0.0,0.5,0.0,0.0,0.0,0.0,0.06954793840039741,0.5674032291451045,0.0,0.025026923257011724,0.5668865697328068,0.0,0.0,0.3142449011107802,0.751230718739744,0.72,0.0,0.0,0.07692307692307698,0.0,0.250299107279811,0.0,0.36786791994727885,0.0,0.0,0.0,0.0,0.0,0.0,0.0,0.0,0.0,0.0,0.0,0.0,0.0,0.19999999999999996,0.0,0.0,0.56186216566388,0.0,0.13316285208627043,0.9094168512074238,0.0,0.7487437185929648,0.0,0.33352769679300287,0.5,0.0,0.8593791608019172,0.0,0.0,1.0,0.7804808491115822,0.0,0.0,0.0,0.0,0.0,0.0,1.0,0.0,0.0,0.0,0.0,0.0,0.0,0.0,0.8938244853737811,0.0,0.0,0.0,0.0,0.0,0.9775561097256857,0.15052660374777727,0.0,0.0,0.0,0.6350829440541435,0.0,0.0,0.6437462235649547,0.7916666666666666,0.25,0.0,0.0,0.6797433547204399,0.0,0.0,0.0,0.0,0.0,0.7377622377622377,0.6560415122312824,0.43040330920372294,0.6637744034707158,0.0,0.9073646317684115,0.29497054825555047,0.7186629526462396,0.0,1.0,0.0,0.7356849876948319,0.7844929245283019,0.2552476910159531,0.0,0.0,0.0,0.0,0.8664826634466103,0.0,0.36489068138399505,0.2680412371134021,0.22008862629246662,0.6603053435114504,0.8473684210526315,0.0,0.8666666666666667,0.0,0.4370629370629371,0.013760481616856501,0.9375,0.0,0.5,1.0,1.0,0.0,1.0,1.0,0.0,0.0,0.0,0.4720593117184906,0.18316100443131456,0.75,0.4189868522815158,0.0,0.0,0.0,0.0,1.0,0.0,0.0,1.0,0.0,0.1133837261004893,0.0,0.6497257769652651,0.0,0.36363636363636365,0.0,1.0,0.0,0.0,0.0,0.33333333333333326,1.0,0.5,0.0,1.0,0.31135531135531136,0.9878409464344396,0.8125,0.0,0.0,0.0,0.0,0.7142857142857143,0.08333333333333337,0.0,0.2956508086041767,0.3071585098612125,0.0,0.1344213012669101,0.7514698022447889,0.0,0.0,0.9184053651266766,0.6666666666666667,0.0,0.33333333333333337,0.6666666666666667,0.3790188570190016,0.375,0.0,0.6451918522027476,0.0,0.0,0.0,0.0,0.0,0.0,0.0,0.8235294117647058,0.6716232961586122,0.944372574385511,0.6000000000000001,0.0,1.0,1.0,0.0,0.75,0.33333333333333326,0.5,0.5894125242091672,0.0,0.0,0.0,0.830735343951203,0.0,0.39522653721682854,0.5984481086323958,0.0,0.0,0.5663807570389707,0.3709327548806941,0.0,0.0,0.08567874358575667,1.0,1.0,0.7513043478260869,0.0,0.48198498378426413,0.0,0.4286292316683902,0.0,0.55,0.0,1.0,0.0,0.0,0.0,0.0,0.0,0.37038689172289085,0.895117540687161,0.0,0.7486777311690681,0.8067463318711239,0.0,0.0,0.4558980778760139,0.30335365853658536,0.6818181818181819,0.0,0.0,0.10526315789473684,0.0,0.0,0.0,0.655374940673944,0.0,0.0,0.0,0.0,0.0,0.0,0.0,0.0,0.0,0.0,0.0,0.0,0.0,0.5,0.0,0.0,0.9285631383472609,0.0,0.8986954346029862,0.7839839964992342,0.0,1.0,0.25,0.48043818466353694,1.0,0.0,0.8502289077828646,0.0,1.0,0.0,0.7453006170182235,0.0,0.0,0.0,0.0,0.0,0.0,0.6623056035546779,0.0,0.0,0.0,0.0,0.0,0.0,0.0,0.6264591439688716,0.0,0.0,0.0,0.0,0.0,0.7027386839102321,0.0,0.0,0.2455357142857143,0.0,0.625,0.0,0.0,0.8225734968237552,1.0,0.0,0.0,0.0,0.14102564102564086,0.0,0.0,0.0,0.6878154289834174,0.4861351264809479,0.5478125,0.5340423817581177,0.7017543859649122,0.0,0.7904824131547425,0.0,0.3076923076923076,0.8229994700582937,0.18360433604336024,0.33333333333333337,0.0,0.0,0.01746216530849809,0.20000000000000007,0.0,0.0,0.0,0.015080226806611252,0.4064860062194582,0.2857142857142857,0.7377701934015928,0.8478503629257399,0.0,0.0,0.25,0.2857142857142857,0.17257683215130037,0.5,0.0,0.0,0.0,0.0,0.0,0.8095238095238095,0.0,0.0,0.0,0.4,0.0,1.0,0.33333333333333326,0.6952380952380952,0.17924528301886788,0.4285714285714285,0.46797692382907985,0.3084013297068601,0.0,0.0,0.0,0.5652173913043479,1.0,0.5,0.0,0.0,1.0,0.5,0.8,0.33333333333333337,0.5,0.0,0.5,0.0,0.0,0.0,0.5,0.4827859749325718,0.5142857142857142,0.0,0.0,0.0,0.0,0.6140350877192982,0.5444915254237288,0.16377171215880904,0.0,0.2543290043290044,0.5714285714285714,0.75,0.7,0.0,0.0,0.2222222222222221,0.0,0.0,1.0,0.0,0.6693548387096774,0.7142857142857143,0.26923076923076916,0.0,1.0,0.6976177077471394,1.0,0.0,0.22797579018157388,1.0,0.11533586818757924,0.0,0.0,0.9365079365079365,0.0,1.0,0.36363636363636365,0.08333333333333326,0.5730593607305936,0.33333333333333337,1.0,0.0,0.6666666666666666,0.0,0.5,1.0,0.5,0.21758802237578145,0.0,0.21734169994295482,0.0,0.4034007928228669,0.7634069400630914,0.7777777777777778,0.8785015187310159,0.0,0.5822357311719013,0.8340865074241446,0.0,0.5924812030075188,0.6163011387600168,0.0,1.0,0.0,0.0,0.0,0.5661634973534602,0.5,0.7775551102204409,0.41463414634146345,0.0,0.0,0.0,1.0,0.0,0.0,0.0,0.0,0.44272445820433437,0.527769742551345,0.0,0.0,0.11066875091592987,0.19010989010989,0.0,0.16211544137281642,0.3071253071253073,1.0,0.0,0.0,0.0,0.0,0.6560402684563759,0.0,0.448087431693989,0.08610962501823838,0.0,0.0,0.0,0.0,0.0,0.0,0.0,0.0,0.0,0.0,0.0,0.0,0.5555555555555556,0.0,0.0,0.24495449149188764,0.0,0.06475308752301134,0.8493220446877586,0.0,0.5,0.3571428571428572,0.5647693817468106,0.0,0.0,0.8675887209177656,0.0,qsampled
0.0,0.5555555555555556,0.0,0.0,0.0,0.0,0.0,0.23529411764705888,0.7422760709649503,0.0,0.0,0.0,0.0,0.0,0.0,0.0,0.0,0.8702205882352941,0.0,0.0,0.6721683576131727,0.0,0.0,0.0,0.3775092649783818,0.0,0.0,0.4565295169946332,0.0,0.0,0.0,0.0,0.0,0.8714859437751004,0.0,0.0,0.4750626915575369,0.11907894736842095,0.0,0.0,0.4428115015974441,0.6219280121792083,0.34730435212905464,0.0,0.0,0.0,0.0,0.5901986963009503,0.0,0.0,0.15128263857077417,0.33333333333333337,0.018050082623617625,0.19052921526109112,0.7199217140502678,0.0,0.0,0.0,0.0,0.5800140934867957,0.0,0.23468316022873137,0.41352345906163757,0.0,0.9382716049382716,0.0,0.39152981849611057,0.14296351451973188,0.0,0.0,0.0,0.49493180980464424,0.4285714285714286,0.9243763284483724,0.0,0.021739130434782483,0.0,0.28584044745363557,0.0,0.4,0.0,0.33333333333333337,0.0,0.4370984569765526,0.3294810534503836,0.0,0.0,0.2831689732327838,0.1428571428571428,0.0,0.6666666666666667,0.2743112434847358,0.0,0.0,0.5,0.9729610903495274,0.0,1.0,0.0,0.37335834896810494,0.0,0.0,0.2857142857142857,0.7560975609756098,0.3273248668578451,0.0,0.0,0.6887177163570457,0.0,0.0,0.0,0.6810518982932776,0.35007849293563587,1.0,0.19879280934260601,0.0,0.0,0.5826321467098166,0.15832037325038884,0.6194029850746269,0.7142857142857142,0.0,0.0,0.5930194270661837,0.06793529971455758,0.4723831595210506,0.75,0.0,0.7462834489593657,0.35766423357664245,0.7931875853991801,0.33333333333333326,0.0,0.5508021390374331,1.0,0.0,0.30384426923248253,0.0,0.14412827063694822,0.30878336710421983,0.5,0.0,0.0,0.40801886792452824,0.0,0.0,0.0,0.33333333333333337,0.0,1.0,1.0,0.0,0.0,0.8571428571428571,0.0,0.0,0.0,0.417472229288561,0.7688028482421005,0.45982665729679084,0.0,0.41666666666666663,0.6242997028304185,0.0,0.9550331525015069,0.6918116376724655,0.5155173718870638,0.9464388779868406,0.3349599417334306,0.0,1.0,0.0,0.5795918367346938,0.0714285714285714,0.7868601986249045,0.0,0.3002847988608045,0.0,0.0,0.0,0.6000000000000001,0.0,0.0,0.0,0.0,0.0,0.0,0.5036620500538027,0.0,0.12505643340857808,0.9739581013466364,0.9840137437215585,0.0,0.44099309843072676,0.0,0.0,0.0,0.0,1.0,0.0,0.3665855636658556,0.5563491518439667,0.0,0.8669882335745085,0.0,0.0,0.0,0.0,0.9260892524619931,0.8362148493037693,0.7368421052631579,0.0,0.0,0.6666666666666667,0.0,0.0,0.0,0.0,0.0,0.0,0.0,0.06347165231462781,0.5668482326538244,0.0,1.0,1.0,0.0,0.5,0.0,0.0,0.0,0.0,0.0,0.0,0.0,0.0,0.0,0.0,0.0,0.7789347216659992,0.0,0.0,0.0,0.0,0.0,0.0,0.0,0.0,0.6796116504854368,0.0,0.0,0.8537492952452547,0.0,0.0,0.0,0.27523413111342354,0.0,0.0,0.5189873417721519,0.0,0.0,0.0,0.0,0.0,1.0,0.0,0.0,0.7005188572834847,0.6303939962476548,0.0,0.0,0.36957506568814,0.7936421435059038,0.5412026726057906,0.0,0.24225142573766423,0.10584677419354827,0.0,0.7737907982697602,0.0,0.0,0.08653295128939842,0.0,0.518047788510422,0.0,0.550890052356021,0.0,0.0,0.0,0.0,0.7968946963873943,0.0,0.5714285714285714,0.9148412698412698,0.0,0.18887015177065758,0.18963130741160195,0.5838150289017342,0.4154751892346509,0.0,0.0,0.0,0.7443341449709684,0.39047619047619064,0.8500461680517082,0.5,0.0,0.0,0.17557932263814624,1.0,0.5,0.0,0.0,0.0,0.5171600733560389,0.43582510578279265,0.5,0.0,0.5179063360881542,0.0,0.0,0.8333333333333334,0.8202054794520548,0.0,0.0,0.7,1.0,0.0,0.8636363636363636,0.0,1.0,0.0,0.0,0.5714285714285714,0.4285714285714286,0.3286128097843579,0.0,0.0,0.6666666666666666,0.0,0.0,0.0,0.905319896883056,0.2813216195569138,0.8125,0.6812499999999999,0.0,0.0,1.0,0.2727272727272728,0.9166666666666666,0.0,0.0,0.0,0.5,0.593872870249017,0.6415332771693345,1.0,0.0,0.8073254483021748,0.0,0.703943998634113,0.33333333333333337,0.6666666666666667,0.8523076923076923,0.375,0.0,0.19201010579504174,0.0,0.8706954760297096,0.5015576323987538,1.0,0.5679012345679013,0.0,0.44999999999999996,0.3529411764705882,0.46153846153846145,0.2962529274004685,0.8,0.0,1.0,0.5,0.0,0.0,1.0,0.5,0.0,0.0,0.6898671030051482,0.6335078534031413,0.0,0.0,0.5202265372168284,0.8163912756113682,0.0,1.0,0.7750481695568401,0.6153846153846154,1.0,0.7466167466167466,0.17232930414897085,1.0,0.0,0.2784491440080564,0.0,0.637136739063934,0.0,0.4286292316683902,0.44999999999999996,0.4,0.0,1.0,1.0,0.0,0.0,0.0,0.0,0.0,0.0,0.0,0.9015461573442474,0.970163474074817,0.8810754912099276,0.5,0.44420970561235396,0.0,0.0,0.0,0.0,1.0,0.0,0.3181105617667833,0.0,0.0,0.31536003263751944,0.0,0.0,0.0,0.0,0.9516537817805053,0.9468206009535425,0.6875,0.0,0.0,0.5,0.0,0.0,0.0,0.0,0.0,0.0,0.0,0.6621275605214152,0.5196473978640448,0.0,0.0,0.6666666666666667,0.0,1.0,0.0,0.0,0.0,0.0,0.8522536687631027,0.0,0.0,0.0,0.0,0.0,0.0,0.7201708880073238,0.0,0.0,0.0,0.0,0.0,0.0,0.0,0.0,0.6708860759493671,0.0,0.0,0.6112967695432803,0.0,0.0,0.0,0.6720302375809935,0.0,0.0,0.7729549248747913,0.0,0.0,0.0,0.0,0.0,0.8181818181818181,0.0,0.0,0.2846153846153847,0.0,0.0,0.0,0.9583911234396671,0.5224032586558045,0.26865671641791056,0.0,0.0,0.3469936177359758,0.8267944716897013,0.5343423887194695,0.15384615384615385,0.75,0.0,0.6666666666666667,0.7857142857142857,0.4873338870431895,0.9543796925277083,0.0,0.25,0.0,0.0,0.014008355861391042,0.0,0.09523809523809523,0.3946759259259258,0.0,0.0,0.0,0.0,0.0,0.7735042735042734,0.5,0.0,0.6469298245614035,0.0,0.8741755454084221,0.0,0.5609756097560975,1.0,0.4220055710306406,0.0,0.6,0.0,1.0,0.33333333333333326,0.07502799552071682,0.2515723270440251,0.0,0.0,0.11235431235431226,0.19999999999999996,0.0,1.0,0.13043478260869568,1.0,0.5,0.5,0.9411764705882353,0.0,0.75,0.0,0.0,0.0,0.0,0.0,0.5,0.0,0.0,0.5,0.4207082371054658,0.10909090909090913,0.0,0.25,1.0,0.8896595208070618,0.4999999999999999,0.0,0.872852233676976,0.625,0.8796706776440786,0.5714285714285714,0.25,0.7,0.31707317073170727,0.5505473277527366,0.8888888888888888,0.0,0.0,0.0,0.0,0.7659574468085106,0.7142857142857143,0.0,0.4285714285714285,0.33333333333333337,0.3341159896689365,1.0,0.0,0.8206680116565792,1.0,0.0,0.6793924466338259,0.0,0.0,0.0,0.0,0.0,0.0,0.0,0.0,1.0,0.6843434343434343,1.0,0.0,1.0,0.0,0.5,0.6362157589953803,0.0,0.0567734682405846,0.3846153846153846,0.8225697379543533,0.19999999999999996,0.0,0.0,0.0,0.7795062563408861,0.20667209113100082,0.34884970973984086,0.8080155138978669,0.0,0.10270979020978999,1.0,0.0,0.6890702512401985,0.0,0.3353789207091369,0.5,0.7823990355635926,0.0,0.0,0.0,0.6000000000000001,0.0,0.0,0.0,0.0,0.0,0.04166666666666674,0.8992619926199262,0.0,0.7707006369426752,0.8674555106049623,0.827027027027027,0.0,0.7436961030455191,0.48571428571428565,0.0,0.0,0.0,1.0,0.0,0.0,0.6524982730831224,0.4444444444444444,0.2575370606851368,0.0,0.0,0.0,0.0,0.9885173927727119,0.5971189214590119,1.0,0.0,0.0,1.0,0.0,0.0,0.0,0.0,0.0,0.15294815987336774,0.0,0.5923449388978557,0.522810901367158,0.0,0.25,0.3571428571428572,0.0,0.0,0.0,0.0,0.0,qsampled
0.5714285714285714,0.6928571428571428,0.0,0.0,0.0,0.7078925022376243,0.8636363636363636,0.0,0.0,0.0,0.5208602797413144,0.32978723404255317,0.0,0.0,0.0,0.0,0.0,0.0,0.0,0.0,0.0,0.0,0.7373658766654876,0.0,0.0,0.7239557121288374,0.0,0.0,0.23062891585375533,0.0,0.9473684210526315,0.0,0.0,0.0,0.0,0.0,0.0,0.0,0.0,0.0,0.0,0.0,0.6217777895042348,0.5765122615803815,0.48021321272815376,0.0,0.05821917808219168,0.6757152467254957,0.47054346171411177,0.0,0.4305723255252353,0.0,0.0,0.0,0.38767389033509647,0.0,0.0,0.0,0.0,0.0,0.0,0.0,0.5744649734314824,0.6236374961071317,0.17543859649122806,0.2840550435551067,0.4492254733218588,0.0,0.0,0.0,0.0,0.2699756690997567,0.0,0.045139277324085514,0.4444444444444444,0.0,0.0,0.07702888583218703,0.0,0.0,0.5,0.0,1.0,0.25515574650913,0.0,0.33333333333333337,0.7847898793078377,0.24854428440085807,0.1428571428571428,0.0,0.6666666666666667,0.4362354029367558,0.0,0.2498472816127062,0.5,0.0,0.0625,0.0,0.36555823051459513,0.007504690431519689,0.0,0.0,0.0,0.7933333333333332,0.3031441291040624,0.0,1.0,0.0,0.6734693877551021,0.8822251195132551,1.0,0.0,0.49919871794871795,0.0,0.5150242750295236,0.0,0.0,0.5744541744264373,0.051010886469673555,0.6194029850746269,0.45833333333333337,0.1473575435488631,0.38041875552934235,0.0,0.5941156642750518,0.8592946362968406,0.0,0.0,0.8871794871794871,0.6698564593301436,0.9061359681131758,0.0,0.0,0.0,1.0,0.5,0.23565816007231766,0.6666666666666667,0.0,0.0,0.0,0.14852902889872444,0.6666666666666667,0.0,0.4736842105263158,0.5020080321285141,0.0,0.33333333333333337,0.0,0.0,0.0,0.0,0.0,0.4285714285714285,0.0,0.7012602613018847,0.0,0.4215983079666571,0.0,0.16075102880658432,0.5500943480995597,0.41666666666666663,0.6146210475500844,0.6666666666666667,0.0,0.5677838416981953,0.41291348118991744,0.38820988304709725,0.26256372906045145,0.6851847287605057,1.0,1.0,0.0,0.0,0.7845303867403315,0.7916666666666666,0.0,0.3076923076923077,0.0,0.75,0.0,0.5,0.0,0.0,0.0,0.0,0.19342930970837957,0.5868237763572177,0.0,0.0,0.5662945101407149,0.0,0.0,0.0,0.7708237459733088,0.84,0.0,0.0,0.6666666666666667,0.0,0.0,0.40492334905660377,0.1053695879825226,0.4897859127308384,0.0,0.0,0.0,0.0,0.0,0.650211643729362,0.0,0.0,0.0,0.0,0.0,0.0,0.0,0.0,0.0,0.0,0.9347826086956522,0.0,0.8617717763797248,0.0,0.0,0.3835227272727273,0.5743879472693032,0.0,0.0,0.9910356305318103,0.875,0.0,0.0,0.0,0.0,0.0,0.6714285714285715,0.7857142857142856,0.0,0.0,0.0,0.7904191616766467,0.0,0.0,0.0,0.0,0.0,0.0,0.0,0.0,0.0,0.0,0.0,0.843405398996087,0.0,0.0,0.9444822116474054,0.0,0.0,0.48777912927730493,0.0,0.6666666666666667,0.0,0.0,0.25,0.0,0.0,0.0,0.0,0.0,0.0,0.0,0.0,0.7286277197190336,0.6560415122312824,0.0,0.03267973856209183,0.0,0.7836089723670431,0.3602693602693603,0.0,0.34593175853018376,1.0,0.0,0.0,0.5373134328358209,0.0,0.0,0.0,0.0,0.0,0.0,0.19999999999999996,0.30846717385178934,0.2680412371134021,0.0,0.667662434652726,0.8125,0.0,0.6000000000000001,0.0,0.0,0.0,0.0,0.0,0.0,0.0,0.0,0.15348837209302324,1.0,1.0,1.0,0.5,1.0,0.4583869834952593,0.0,0.2500000000000001,0.5657971014492754,0.5561719833564494,0.0,0.0,1.0,0.0,0.0,0.45965909090909074,0.7,0.0,0.13049267643142493,0.0,0.19656786271450832,0.0,0.36363636363636365,0.0,0.0,0.4285714285714286,0.3462555066079296,0.0,0.0,0.1428571428571428,0.0,0.8153846153846154,1.0,0.0,0.43534743202416915,0.0,0.08531521328803304,0.0,0.0,1.0,0.4545454545454546,0.9166666666666666,0.5416666666666667,0.3140711462450593,0.3071585098612125,0.0,0.9844364351245085,0.8622577927548442,0.0,0.0,0.8070044709388972,1.0,0.9450514138817481,0.33333333333333337,0.0,0.0,0.0,0.25,0.1915563957151859,1.0,0.0,1.0,0.0,0.2213855421686748,1.0,0.0,0.8235294117647058,1.0,0.3667117726657646,0.6000000000000001,0.0,0.7272727272727273,0.5,0.0,0.0,0.33333333333333326,1.0,0.9471270821635785,0.0,0.6968226753729982,0.3429833169774289,0.8725761772853186,0.3144411300228108,0.5202265372168284,0.5129495338167825,0.6470588235294118,0.7959094865100087,0.5663807570389707,0.0,0.8084866691701089,0.5680408752291431,0.9438656507541595,1.0,1.0,0.0,0.0,0.6568277920570433,1.0,0.0,0.65,0.625,0.6666666666666666,0.0,0.0,0.0,0.0,0.0,0.0,0.37038689172289085,0.9077901430842608,0.0,0.7121212121212122,0.6995002744157832,0.0,0.0,0.0,0.0,0.9545454545454546,0.0,0.0,0.6551724137931034,0.0,0.07702939769283934,0.5519359017415919,0.3453566423249982,0.08859506469631606,0.0,0.0,0.0,0.0,0.0,0.7659462540002631,0.0,0.0,0.0,0.0,0.0,0.0,0.0,0.0,0.0,0.0,0.9347546143940477,0.0,0.8509360156468287,0.0,1.0,0.08333333333333337,0.0,0.5,0.0,0.9223117006158219,1.0,1.0,0.8522536687631027,0.0,0.0,0.0,0.8617954070981211,0.9333333333333333,0.0,0.0,0.0,0.526849702230746,0.0,0.0,0.0,0.0,0.0,0.0,0.0,0.0,0.0,0.0,0.0,0.8050628829409868,0.0,0.6720302375809935,1.0,0.0,0.0,0.6292134831460674,0.0,0.7777777777777778,0.0,0.0,0.0,0.0,0.0,0.0,0.4516599781101788,0.0,0.0,0.0,0.0,0.4529271425949717,0.5301620130989314,0.8207885304659499,0.30571213829387445,0.8267944716897013,0.5659294804923847,0.7692307692307692,0.0,0.0,0.0,0.0,0.4873338870431895,0.0,1.0,0.0,0.0,0.0,0.0,0.0,0.0,0.7377701934015928,0.6981684981684981,0.0,0.0,1.0,0.2857142857142857,0.8078078078078078,0.5,0.0,0.0,0.0,0.0,0.8571428571428572,0.4626865671641791,1.0,0.4220055710306406,0.0,0.0,0.0,0.0,0.0,0.6497991967871486,0.3930753564154785,0.5714285714285714,0.48436319685753126,0.3295727316370619,0.19999999999999996,0.08510638297872364,0.5714285714285714,0.6956521739130435,1.0,1.0,0.5,0.0,1.0,0.5,0.75,0.33333333333333337,0.5,0.0,1.0,1.0,0.0,0.0,0.0,0.0,0.75,0.53781512605042,0.0,0.0,0.2806666666666666,0.33333333333333326,1.0,0.523225241016652,0.0,0.8822039265357822,0.1986062717770034,0.25,0.0,0.0,0.0,0.2222222222222221,0.6291913214990139,0.6857142857142857,1.0,0.0,0.7295081967213115,0.7142857142857143,0.532608695652174,0.0,0.0,0.2320390170699681,1.0,1.0,0.8202196816857208,0.0,0.3121044303797468,0.3549175320708613,0.0,0.0,0.0,1.0,0.36363636363636365,0.08333333333333326,0.6851851851851851,0.33333333333333337,1.0,0.5833333333333333,0.0,0.0,1.0,1.0,0.0,0.22961271291274143,0.0,0.04166666666666652,0.0,0.0,0.0,0.0,0.8902009529728611,1.0,0.0,0.7978030919446705,0.6936110834246985,0.0,0.0,0.24739509997183895,0.0,1.0,0.00630455868089197,0.0,0.3312095667516173,0.0,0.5343558282208589,0.29268292682926833,0.0,0.8,0.4,1.0,0.0,0.0,0.0,0.0,0.0,0.5250729070346398,0.0,0.22413793103448276,0.020511705443212347,0.06858407079646034,0.0,0.0,0.3071253071253073,1.0,0.0,0.0,1.0,0.0,0.0,0.6628433030206096,0.0,0.0,0.0,0.0,0.0,0.0,0.0,0.7616837387964148,0.0,0.0,0.0,0.0,0.0,0.0,0.0,0.0,0.0,0.0,0.9482758620689655,0.5139242459307258,0.9701872386838757,0.0,0.0,0.3571428571428572,0.5647693817468106,0.0,0.0,1.0,0.8125,qsampled
0.5714285714285714,0.6928571428571428,0.0,0.0,0.0,0.0,0.9,0.9052863436123348,0.0,0.0,0.0,0.0,0.0,0.0,0.0,0.0,0.0,0.0,0.0,0.5785170090318881,0.0,0.5,0.0,0.0,0.0,0.6106060606060606,0.0,0.0,0.39019621699290985,0.9039204859193816,1.0,0.0,0.0,0.0,0.0,0.0,0.47390642948061223,0.765895560931851,0.8936666040218004,0.0,0.24037430950614236,0.55784519784337,0.341120785663663,0.3861558554636484,0.45575933075933084,0.578383641674781,0.3631790744466802,0.0,0.6373569646390778,0.0,0.675436904440415,0.33333333333333337,0.41569847223492806,0.6934406912804398,0.511575221238938,0.0,0.0,0.06741720120434613,0.0,0.5008388776395718,0.5593675889328062,0.25727242561663544,0.5771621148459383,0.6664885496183206,0.0,0.3880292151522655,0.0,0.01577669902912604,0.9631989596879064,0.3829787234042552,0.0,0.0,0.8571428571428572,0.5406929895245769,0.5,0.0,0.0,0.08073070123747805,0.0,0.8,0.5,0.0,1.0,0.0770805985823052,0.0,0.33333333333333337,0.0,0.1975468805283641,0.0,0.44067796610169496,0.6666666666666667,0.7844935389745727,0.5,0.0,0.0,0.0,0.0625,1.0,0.380252100840336,0.0,0.0,0.2970479704797049,0.5714285714285714,0.515897435897436,0.8009893017370298,0.6428571428571428,0.18181818181818188,0.3153674832962138,0.0,0.5337837837837838,0.0,0.0,0.8220960492074758,0.0,0.8098828598357345,0.5462325193070341,0.0,0.0,0.051010886469673555,0.0,0.5,0.20461133069828707,0.12092534174553116,0.5935887412040657,0.7034286821204883,0.0,0.75,0.0,0.935570987654321,0.3065693430656935,0.8057004470938898,0.0,0.0,1.0,1.0,0.5,0.8322797579018157,0.0,0.2430702895079051,0.8685956994956199,0.0,0.4300283788577509,0.33333333333333337,0.8228882833787465,0.6328059950041631,0.0,0.10378220354467393,0.6666666666666667,0.0,0.486716621253406,0.75,0.33333333333333337,0.75,0.0,0.0,0.17945190093783325,0.0,0.4225048185703514,0.13266261113710798,0.5269846796657383,0.5024375684011542,0.4722222222222222,0.90430094833353,0.0,0.3588858469229853,0.5614706452237939,0.5155173718870638,0.6619436439321166,0.0,0.966182231184665,0.7954627949183303,0.0,0.0,0.0,0.7868601986249045,0.0,0.0,0.1923076923076923,1.0,0.75,0.8,0.5,0.0,0.0,0.0,0.7879817774242535,0.04498224385111127,0.0,0.0,0.11951871657753987,0.5646851964563467,0.6966689949179894,0.0,0.730150422952653,0.0,0.16000000000000003,0.0,0.0,0.07692307692307698,0.0,0.250299107279811,0.2645175910713272,0.0,0.2468929763511113,0.0,0.0,0.0,0.0,0.734303358897933,0.0,0.0,0.0,0.0,0.0,0.96579476861167,0.0,0.23214285714285698,0.0,0.0,0.0,0.0,0.9316990462734016,0.0,0.0,1.0,0.9130434782608696,0.0,0.0,0.0,0.0,0.0,0.0,0.0,0.0,0.0,0.0,0.0,0.8571428571428572,0.85875,0.0,0.0,0.0,0.0,0.0,0.0,0.0,0.0,0.0,0.0,0.0,0.8931087652710236,0.0,0.0,0.0,0.0,0.15052660374777727,0.9360986547085202,0.0,0.0,0.6235687294685074,0.906093906093906,0.6666666666666667,0.21212121212121204,0.0,0.0,0.0,0.0,0.6843135213906526,0.7955584657728847,0.8866811386155947,0.0,0.0,0.7301197420939516,0.5617206109009388,0.7373397228338299,0.9021486373360618,0.0,0.0,0.0,0.7007251153592616,0.0,0.41002865329512894,1.0,0.9771458942333244,0.8731105807478122,0.25328154299491046,0.0,0.0,0.9263024142312579,0.0,0.303276533080888,0.713472976467546,0.5714285714285714,0.7507785674359179,0.2680412371134021,0.21088435374149672,0.0,0.0368421052631579,0.4397641112047177,1.0,0.4374999999999999,0.0,0.46850393700787407,0.9375,0.763614237906906,1.0,0.0,1.0,0.0827399950896146,0.0,1.0,1.0,0.5,0.0,0.0,0.0,0.2500000000000001,1.0,0.5552486187845305,0.0,0.2857142857142856,0.0,1.0,1.0,0.0,0.0,0.5236270753512133,0.12494402149574546,0.8636363636363636,0.5338645418326693,0.0,0.36363636363636365,0.5625,0.8571428571428571,0.0,0.8124746861077359,0.75,0.0,0.5238095238095237,0.0,0.9047619047619048,0.0,0.0,0.7054794520547945,0.0,0.9574844995571302,0.12072649572649552,0.0,1.0,0.0,0.08333333333333337,0.5833333333333333,0.6245936731943234,0.0,0.5,0.43606619029710414,0.045071609098567667,1.0,0.0,0.8639562157935887,0.0,0.7153406383992377,0.33333333333333337,0.6666666666666667,0.8654289004029937,0.375,0.25,0.7413358538122243,0.0,0.8701223063482819,0.7476635514018692,0.0,0.5005020080321285,0.0,0.9,0.0,0.0,0.5,0.8,0.0,0.16129032258064502,0.5,0.1428571428571429,0.75,0.0,1.0,0.5867630118336999,0.0,0.6834929047700462,0.3429833169774289,0.8305343511450382,0.43333333333333335,0.39522653721682854,0.7103293413173652,0.0,0.5671609245529874,0.8537001706998695,0.9370932754880694,1.0,0.0,1.0,0.9493016468626225,0.0,0.6337056504599212,0.0,0.6519816748348604,0.0,0.0,0.0,1.0,0.6666666666666666,1.0,0.0,0.0,0.0,0.0,0.6695478723404256,0.0,0.8288224503588324,0.0,1.0,0.6441961607678464,0.36711478800413655,0.5,0.8522711092125872,0.07350427350427335,0.13636363636363646,0.0,0.0,0.10526315789473684,0.0,0.0,0.5569255865278511,0.0,0.26336237344007507,0.0,0.0,0.0,0.0,0.735224920519262,0.0,0.0,0.0,0.0,0.0,0.9222470238095238,0.0,0.5,0.0,0.0,0.0,0.0,0.7901658349258678,0.0,0.0,0.75,1.0,0.0,0.5,0.0,0.0,0.0,0.0,0.8876033057851239,0.0,0.0,0.0,0.0,0.9333333333333333,0.7142857142857143,0.0,0.0,0.0,0.8333333333333334,0.0,0.0,0.0,0.0,0.0,0.0,0.0,0.9689540937056318,0.0,0.6000000000000001,0.0,0.0,0.0,0.2410714285714286,0.0,0.0,0.8955223880597015,0.6551652463105384,0.7777777777777778,0.0,0.0,0.0,0.0,0.0,0.14102564102564086,0.5759430427179615,0.9452449567723343,0.0,0.0,0.43640661938534264,0.37771988967208103,0.3877724313614491,0.3218627267626707,0.5889710062535533,0.7668269230769231,0.6133032694475762,0.0,0.0,0.6077235772357723,0.33333333333333337,0.46153846153846156,0.0,0.0,0.0,0.0,0.1438356164383563,0.0,0.7946676318011823,0.28085199824330254,0.05714285714285716,0.3087315130830488,0.8134803921568627,0.0,0.7417311752287121,0.2932692307692307,0.0,0.5555555555555556,0.0,0.0,0.14724770642201834,0.5,0.32943525385054195,0.2857142857142858,0.0,0.0,0.4220055710306406,0.6666666666666666,0.8,0.0,0.0,1.0,0.0,0.0,0.5714285714285714,0.0,0.2023845457289466,0.0,0.0,0.5714285714285714,0.5652173913043479,0.0,0.5,1.0,0.0,0.0,0.75,0.75,0.33333333333333337,0.5,0.0,0.0,0.25,0.2857142857142857,0.0,0.5,0.3643322475570032,0.10909090909090913,0.4741498479402819,0.25,0.0,0.0,1.0,0.7628012048192772,0.4652605459057072,0.625,0.2873900293255133,0.1986062717770034,0.75,0.19999999999999996,1.0,0.7749238136700044,0.8888888888888888,0.7831245880026367,0.2520325203252033,0.0,0.0,0.7295081967213115,0.5714285714285714,0.0,0.0,1.0,0.75,1.0,1.0,0.5523425240977359,1.0,0.18124207858048158,0.0,0.0,1.0,1.0,0.0,0.9090909090909091,0.0,0.3447488584474886,0.6666666666666667,1.0,0.0,1.0,1.0,1.0,0.0,0.0,0.22942286420717017,0.0,0.03986135181975747,0.0,0.40734487125369356,0.0,0.7777777777777778,0.5431553592934564,0.0,0.39311043566362713,0.2566171723692705,0.3670886075949368,0.4701653486700216,0.6080726891490477,0.922700296735905,0.7831050228310502,0.0,0.0,0.11111111111111116,0.3312095667516173,0.5,0.4622926093514329,0.41463414634146345,1.0,0.8,0.8,1.0,0.0,0.0,0.0,0.9583333333333334,0.0,0.0,0.0,0.22413793103448276,0.0,0.035381750465549255,0.0,0.479335066122076,0.06883365200764835,0.5,0.0,0.0,0.0,0.0,0.6784305725554196,0.46832322634718726,0.0,0.5966101694915253,0.0,0.0,0.0,0.0,0.613202953366702,0.0,0.0,0.0,0.0,0.0,0.9160493827160494,0.0,0.5555555555555556,0.0,0.0,0.15294815987336774,0.0,0.06370996128123907,0.0,0.0,1.0,0.0,0.0,0.0,0.0,0.0,0.0,qsampled
0.0,0.0,0.7499120845114009,0.0,0.0,0.0,0.0,0.0,0.3748296228986825,0.0,0.6514026272266641,0.0,0.9764705882352941,0.6916635653144771,0.4,0.0,0.0,0.0,0.0,0.0,0.0,0.0,0.0,0.0,0.0,0.0,0.0,0.0,0.0,0.0,0.0,0.0,0.0,0.8328173374613003,0.0,0.0,0.0,0.7673119713171241,0.0,0.0,0.5378699214178231,0.0,0.341120785663663,0.0,0.0,0.0,0.12164786145368678,0.0,0.0,0.0,0.23555437571896287,0.33333333333333337,0.2354111735734542,0.1664328305857593,0.465529289451707,0.0,0.0,0.15003538570417552,0.5368922641649915,0.0,0.7154673283705542,0.24468444144448198,0.08965517241379306,0.0,0.3950617283950617,0.3874907017108852,0.8268955650929899,0.8510796723752792,0.0,0.0,0.0,0.0,0.0,0.08351976137211015,0.7142857142857143,0.5851063829787233,0.0,0.0,0.6666666666666667,0.0,0.5,0.33333333333333337,1.0,0.0770805985823052,0.025711159737418,0.33333333333333337,0.4389501711677444,0.24588929333500664,0.5714285714285714,0.0,0.0,0.3014394580863675,0.5,0.17676225105363186,0.6000000000000001,0.7505351235648959,0.0625,0.0,0.6552631578947369,0.09540636042402828,0.25,0.0,0.0,0.0,0.0,0.0,0.18181818181818188,0.3081105573176257,0.8,0.0,0.33333333333333337,0.9837837837837837,0.821969696969697,0.0,0.0,0.0,0.0,0.5140232901426931,0.0,0.23880597014925375,0.45833333333333337,0.5081860050512553,0.865278628291488,0.0,0.6323984158845548,0.47217928902627515,0.75,0.6666666666666667,0.47214484679665725,1.0,0.0,0.0,0.0,0.25,1.0,0.0,0.5225408293821028,0.6666666666666667,0.4055668478035426,0.0,0.5,0.8164779968513382,0.0,1.0,0.0,0.6281186783546865,0.18856203179243558,0.33333333333333337,0.0,0.0,0.25,0.0,0.5,0.4285714285714285,0.0,0.09360299143580886,0.25,0.7241806993273865,0.5619388418998047,0.0,0.0,0.4722222222222222,0.5266410048622366,0.0,0.4285714285714286,0.47799171338045343,0.41291348118991744,0.9891568931179464,0.0,0.0,0.0,0.75,0.19552058111380144,0.0,0.8776737033412554,0.0,0.5254361351714043,0.3076923076923077,0.12727834414581407,0.75,0.6000000000000001,0.0,0.0,0.0,0.0,0.0,0.0,0.6341194877441039,0.0,0.19286256643887623,0.9748473393428322,0.0,0.0,0.9005450662730413,0.0,0.15999999999999992,0.0,0.0,0.2049488972565896,0.6324534357055895,0.0,0.5773787255268736,0.0,0.5318053298001666,0.0,0.0,0.0,0.0,0.0,0.0,0.0,0.0,0.9775720675944334,0.0,0.0,0.634155295845316,0.19999999999999996,0.0,0.0,0.5031760057351495,0.0,0.05712788421523163,0.0,0.0,0.525,0.9130434782608696,0.9207309281424373,0.5,0.0,0.0,0.0,0.0,1.0,0.8553404122423486,0.0,0.0,0.0,0.0,0.0,0.44626059420694797,0.0,0.8660235798499465,0.0,0.8660714285714286,0.8003170106569539,0.5,0.0,0.0,0.0,0.0,0.0,0.0,0.0,0.0,0.0,0.0,0.0,0.0,0.0,0.7082335352179285,0.0,0.0,0.0,0.0,1.0,0.0,0.0,0.0,0.8149240321150059,0.0,0.0,0.7906354515050167,0.0,0.5617206109009388,0.0,0.34319526627218944,0.5556445156124901,0.24653215636822212,0.7031899773648471,0.0,0.0,0.8221590909090909,1.0,0.0,0.0,0.25328154299491046,0.0,0.0,0.14491614255765184,0.6120897791290352,0.0,0.8678347393467445,0.5714285714285714,0.7523015873015872,0.5183246073298431,0.0,0.0,0.5028901734104047,0.9202127659574468,0.0,0.0,0.0,0.22687439143135346,0.0,0.18467220683287167,0.0,0.2500000000000001,1.0,0.0,1.0,1.0,1.0,0.0,1.0,0.0,0.18316100443131456,0.2500000000000001,0.5655452436194895,0.5165745856353592,0.5,0.0,0.0,0.8202054794520548,1.0,0.49039098740888,1.0,0.9818664307828394,0.14750000000000008,0.0,0.5959510754955715,1.0,0.0,0.0,0.0,0.0,0.0,0.0,0.09999999999999998,0.5238095238095237,0.0,0.0,1.0,0.0,0.7710718002081165,0.0,0.0,0.42743764172335597,0.0,0.0,0.0,0.75,0.5416666666666667,0.3791821561338289,0.2854545454545454,0.0,0.0,0.6524852569502948,1.0,0.0,0.8031496062992126,0.6666666666666667,0.0,0.33333333333333337,0.6666666666666667,0.5845122079010794,0.375,0.0,0.0,1.0,0.0,0.0,1.0,0.48962655601659744,0.0,0.9,0.0,0.7757125154894671,0.75,0.8,0.0,0.16129032258064502,0.0,0.0,0.75,0.33333333333333326,0.0,0.776254807218223,1.0,0.8697670013260087,0.0,0.12645322840279005,0.7087136929460582,0.39522653721682854,0.38847305389221554,0.0,0.6989247311827957,0.592485549132948,0.0,0.48477011494252864,0.8058468799160986,0.05880946688979194,0.0,0.0,0.90473061760841,0.0,0.8753317057637193,0.0,0.5872728140056289,0.65,1.0,0.6666666666666666,1.0,1.0,0.0,0.0,0.0,0.0,0.0,0.0,0.0,0.0,0.9682197342129468,0.0,0.0,0.8751793400286945,0.0,0.13636363636363646,0.0,0.0,0.21219091431857395,1.0,0.8089775907125183,0.9903927186920614,0.0,0.7223229774483519,0.0,0.0,0.0,0.0,0.0,0.0,0.0,0.0,0.9890295191239485,0.0,0.0,0.6637663144810442,0.5,0.0,0.0,0.8897971894585232,0.0,0.9351756314207528,0.0,0.0,0.032258064516129115,1.0,0.8935837245696401,1.0,0.0,0.0,0.0,1.0,0.0,0.7365705440577882,0.0,0.0,0.0,0.0,0.0,0.6962134251290878,0.0,0.7245346432264737,0.0,0.9479429051217464,0.5505566311713455,0.33333333333333326,0.0,0.0,0.0,0.0,0.0,0.0,0.0,0.0,0.0,0.0,0.0,0.0,0.0,0.9090909090909091,0.0,0.0,0.0,0.0,0.8181818181818181,0.0,0.0,0.08994708994708978,0.5759430427179615,0.0,0.0,0.3281881661153987,0.0,0.3223506743737956,0.0,0.0,0.0,0.161167374496352,0.0,0.15384615384615385,0.75,0.6134751773049646,0.33333333333333337,0.0,0.8493975903614458,0.0,0.0,0.25,0.0685563612392881,0.446969696969697,0.0,0.3390105433901054,0.09523809523809523,0.2202932098765431,0.0,0.4918032786885246,0.7417311752287121,1.0,1.0,0.8078078078078078,0.5,0.0,0.14724770642201834,0.5,0.3467782851344495,0.8571428571428572,0.5952380952380952,0.0,0.0,0.6666666666666666,0.0,0.0,1.0,0.0,0.12765957446808518,0.17924528301886788,0.5714285714285714,0.5350763655190266,0.3927228988122088,0.6,0.0,0.0,0.13043478260869568,0.0,0.33333333333333337,0.0,0.41176470588235303,0.0,0.5,0.36,0.6666666666666667,0.0,0.0,1.0,0.0,0.0,0.0,0.5,0.2766355140186917,0.8,0.0,0.16666666666666663,0.07017543859649122,0.0,0.33333333333333337,0.5221625251846878,0.0,0.0,0.0,0.16541353383458646,0.25,0.0,0.7560975609756098,0.8035230352303523,0.2222222222222221,0.48654855643044626,0.0,0.0,1.0,0.0,0.5714285714285714,0.4900000000000001,0.0,0.33333333333333337,0.03686311340690296,1.0,0.0,0.2284241201524322,0.0,0.8114882506527415,0.3928571428571429,0.0,0.08120649651972156,0.0,0.0,0.9090909090909091,0.5,0.1187214611872146,0.0,1.0,0.052631578947368474,0.6666666666666666,0.0,0.5,1.0,1.0,0.0,0.25,0.0,0.6923076923076923,0.0,0.0,0.7777777777777778,0.0,0.0,0.0,0.12948717948717947,0.7276361279170267,1.0,0.0,0.7062572421784472,0.0,0.8,0.002400384061449823,0.0,0.0,0.5,0.0,0.29268292682926833,0.3191489361702129,0.8,0.6000000000000001,0.0,0.0,0.0,0.0,0.0,0.04166666666666674,0.8885524252419834,0.0,0.0,0.8635838531867841,0.0,0.0,0.9392272102038264,0.0,0.5,0.0,0.0,0.5,0.6603307825228338,0.45862295081967197,0.4667242247643716,0.0,0.6282908867750845,0.0,0.0,0.0,0.0,0.0,0.0,0.0,0.0,0.9732388823297914,0.0,0.0,0.6115589353612167,0.5555555555555556,0.0,0.0,0.245253164556962,0.0,0.0,0.0,0.0,1.0,0.0,1.0,0.0,0.0,0.0,0.0,qsampled
0.5714285714285714,0.0,0.0,0.0,0.0,0.0,0.0,0.0,0.6831448232223365,0.0,0.0,0.5691428571428572,0.0,0.7517777079704144,0.0,0.8877743187670548,0.0,0.0,0.0,0.0,0.9269694953910481,0.0,0.0,0.0,0.4760606661379857,0.0,0.668931277763261,0.0,0.0,0.0,0.0,0.0,0.0,0.0,0.0,0.0,0.0,0.0,0.9151131280812302,0.0,0.0,0.35280298985584635,0.3435606060606061,0.9518211157215306,0.8792679595738869,0.3834903544190219,0.8051732925586137,0.4899721393428047,0.6742286751361162,1.0,0.49322862408846857,0.0,0.0,0.11141540311268472,0.5405526907311914,0.0,0.8006587202007528,0.0,0.384847101780009,0.5967116852613037,0.5633781984913475,0.0,0.24399804017638427,0.5640199542714612,0.2049364248317127,0.9708906230645361,0.4492254733218588,0.0,0.9631989596879064,0.0,0.8766999093381687,0.8650602409638555,0.0,0.6205392102024835,1.0,0.5094339622641508,0.0,0.0,0.0,0.0,0.0,0.33333333333333337,1.0,0.7976035425892158,0.0,0.0,0.0,0.28198823219460767,0.8571428571428571,0.8813559322033898,1.0,0.0,0.0,0.0,0.6000000000000001,0.0,0.0,0.2142857142857143,0.0,0.0,0.4285714285714285,0.28380024360535927,0.2857142857142857,0.5366666666666666,0.31534939279315155,0.6428571428571428,0.0,0.3751652842889771,1.0,0.0,0.33333333333333337,0.593917123265199,0.9082138200782268,0.37142857142857144,0.4799618320610688,0.9801871216290589,0.0,0.0,0.7049180327868853,0.4626865671641792,0.0,0.34379613771924633,0.39276608360509946,0.0,0.020111081250560048,0.0,0.0,0.0,0.0,0.0,0.6931988041853514,0.0,0.0,0.5283018867924527,0.0,0.0,0.6483299965042744,0.0,0.0,0.6394881916558905,0.0,0.4148736786865582,0.6666666666666667,0.8656716417910448,1.0,0.0,0.36543029417138684,0.33333333333333337,0.0,0.9785238959467635,0.75,0.0,0.0,0.8571428571428571,0.0,0.6973438956197577,0.0,0.0,0.5991623711340206,0.23311659048477418,0.6202635914332784,0.0,0.0,0.0,0.0,0.5482475598935226,0.282937365010799,0.38820988304709725,0.0,0.3343356419293618,0.41740996168582367,0.0,0.0,1.0,0.0,1.0,0.3405936365577621,1.0,0.6175471115230151,0.0,0.0,0.0,0.0,0.0,0.0,0.0,0.0,0.0,0.0,0.04111064288055433,0.0,0.0,0.0,0.0,0.0,0.16000000000000003,0.9621428768558603,0.0,0.16666666666666663,0.0,0.674063272681164,0.40509198907240096,0.9133686506699906,0.5204052873368845,0.0,0.0,0.0,0.0,0.0,0.6804944235851775,0.0,0.0,0.0,0.0,0.0,0.7456963726994777,0.0,0.0,0.0,0.8672768494415988,0.8369565217391304,0.33386728212437544,0.9267708757045732,0.0,0.5,0.9130434782608696,0.0,0.5,0.0,0.0,0.0,0.0,0.0,0.0,0.0,0.0,0.0,0.0,0.0,0.7724679797653643,0.0,0.0,0.8,0.0,0.9442764578833693,0.0,0.8981680044114944,0.0,0.0,0.0,0.0,0.8794961430676336,0.0,0.0,0.0,0.19329989251164437,0.0,0.6000000000000001,0.0,0.0,0.0,0.0,0.0,0.0,0.0,0.0,0.0,0.0,0.0,0.8753620531622365,0.0,0.11524255109578918,0.13197519929140844,0.2835272504592775,0.8532934131736527,0.7202863961813843,0.6799660441426147,0.8911665257819104,0.464197638637306,0.7256944444444444,0.9245678365636458,0.8221590909090909,1.0,0.0,0.0,0.7704770477047704,0.0,0.7567039106145252,0.0,0.3247311827956989,0.7948817140306501,0.7039269720978298,0.19999999999999996,0.5989225031081642,0.7270471464019851,0.0,0.7555791118054006,0.6626506024096386,0.0,1.0,0.0,0.936028968014484,0.7944444444444444,0.0,0.7892738490745135,0.0,0.2500000000000001,0.0,0.0,1.0,1.0,0.0,0.0,1.0,0.4502791968634906,0.0,0.5,0.0,0.5483870967741935,1.0,0.8474025974025974,0.6000000000000001,0.10830172777075431,0.0,0.0,1.0,0.5917735515258734,0.0,0.36363636363636365,0.0,0.0,0.36363636363636365,0.5625,0.5714285714285714,0.0,0.3462555066079296,0.75,0.0,0.5238095238095237,0.5,0.0,1.0,0.6385242462386861,0.7715867797196747,0.0,0.0,0.9791666666666666,0.0,0.0,0.6363636363636365,0.08333333333333337,0.0,0.6195555555555556,0.3071585098612125,0.0,0.13099393716700336,0.045071609098567667,0.0,0.0,0.5154433742942544,0.0,0.7280369903320724,0.33333333333333337,0.6666666666666667,0.36690403526619186,0.0,0.0,0.36791194129419613,0.0,0.040506329113924044,0.7476635514018692,0.0,0.50567081604426,1.0,0.0,0.8235294117647058,0.46153846153846145,0.0,0.6000000000000001,0.0,1.0,0.5,0.0,0.0,1.0,0.5,0.9464437819420783,0.0,0.0,0.7252208047105004,0.8877364246491763,0.3144411300228108,0.0,0.0,0.0,0.0,0.668842253238277,0.0,0.7239307681304534,0.0,0.0,0.5076923076923077,0.0,0.0,0.0,0.0,1.0,0.480719794344473,0.44999999999999996,0.0,0.0,1.0,1.0,0.0,0.0,0.0,0.0,0.0,0.7918881201935924,0.0,0.9063349362324901,0.0,0.0,0.0,0.0,0.0,0.13636363636363646,0.9664415534416657,0.0,0.1724137931034483,0.0,0.7739099755975656,0.5461580166592734,0.9261340276826093,0.7181336742147553,0.0,0.0,0.0,0.0,0.0,0.6324950015784488,0.0,0.0,0.0,0.0,0.0,0.6854674796747968,0.0,0.0,0.0,0.88,0.7749343082371758,0.0,0.8559341104460146,0.0,0.0,0.5,0.8444444444444444,1.0,0.0,0.0,0.0,1.0,0.0,0.0,0.0,0.0,0.0,0.0,0.0,0.21471730686232204,0.0,0.0,0.33333333333333326,0.0,0.6435538387252535,0.0,0.48583106267029974,0.0,0.0,0.0,0.0,0.7130930775213897,0.0,0.0,0.0,0.0,0.0,0.48206896551724143,0.0,0.0,0.0,0.0,0.0,0.0,0.0,0.0,0.0,0.2843137254901962,0.39429012345679004,0.5827067669172932,0.0,0.6373075546007877,0.4706961683756071,0.36444308445532425,0.39142695995487864,0.3274733495417992,0.0,0.5263157894736843,0.8709947813860422,0.0,0.7893379191745485,0.6013513513513513,0.0,0.0,0.8545454545454545,0.0,0.0,0.0,0.0,0.446969696969697,0.032439376907017925,0.18765957446808512,0.0,0.0,0.14696918388079927,0.6307692307692307,0.6538461538461539,1.0,0.2857142857142856,0.5555555555555556,0.5,1.0,0.6057339449541284,0.0,0.32943525385054195,1.0,0.0,1.0,0.6373626373626373,0.0,0.0,0.0,1.0,0.0,0.653142402545744,0.3930753564154785,0.0,0.0,0.21484945922244936,0.8,0.21052631578947367,1.0,0.6666666666666667,1.0,0.0,0.0,0.0,0.0,0.0,0.0,0.6000000000000001,0.5,0.0,0.0,1.0,0.0,0.0,0.5,0.3643322475570032,1.0,0.0,0.16666666666666663,0.75,0.0,0.38888888888888884,0.14814814814814836,0.07712532865907107,0.0,0.2811906269791006,0.0,0.75,0.7,0.04878048780487809,0.0,0.2222222222222221,0.12590639419907723,0.20740740740740748,1.0,0.0,0.0,0.7142857142857143,0.9021739130434783,0.0,1.0,0.5639821554355482,1.0,0.0,0.23452380952380958,1.0,0.3509597523219814,0.0,0.0,0.9365079365079365,0.0,1.0,0.36363636363636365,0.0,0.8333333333333334,0.33333333333333337,1.0,0.9811827956989247,1.0,0.0,1.0,0.0,0.5,0.2264733521278025,0.0,0.22972972972972971,0.8666666666666667,0.0,0.0,0.0,0.3303737352880446,0.0,0.5733194009056078,0.09542743538767418,0.6945219123505977,0.0,0.5611158432708688,0.672787477423239,0.0,0.0,0.023363738198111772,0.11111111111111116,0.22072861874147687,0.5,0.0,1.0,0.7868325973504616,0.0,0.0,0.0,0.0,0.0,0.0,0.0,0.04166666666666674,0.0,0.0,0.4469827586206896,0.6512038672492331,0.0,0.0,0.0,0.0,0.5,0.9726312433402972,0.0,0.5,0.0,0.6598751380468345,0.7097460277743025,0.004424778761061843,0.6299938912645082,0.0,0.0,0.0,0.0,0.0,0.7952232142857143,0.0,0.0,0.0,0.0,0.0,0.5767016593294954,0.0,0.0,0.0,0.7508710801393728,0.7630662020905923,0.67044275027739,0.9849934754240974,0.0,0.0,1.0,0.0,0.0,0.0,0.0,0.0,qsampled
0.0,0.0,0.0,0.0,0.0,0.8453077314343845,0.0,0.7887017925040739,0.3842251840063656,0.0,0.0,0.0,0.0,0.0,0.4,0.0,0.878290054760643,0.0,0.0,0.0,0.0,0.0,0.0,0.0,0.0,0.6609657947686117,0.0,0.0,0.38399260702734195,0.0,0.0,0.0,0.8737151248164464,0.0,0.0,0.0,0.476566454094544,0.0,0.0,0.0,0.1554135605253818,0.6215090641842236,0.0,0.4755012274959084,0.0,0.2591496426766766,0.10060606060606037,0.7504848093083387,0.39284317559640203,0.7477346278317152,0.15745601589103309,0.33333333333333337,0.0,0.0,0.49717955255274415,0.15937186769127987,0.0,0.0,0.0,0.7925900862798173,0.264437378192635,0.21793071161048672,0.0,0.5153862707122875,0.0,0.44600703164239075,0.434961106309421,0.0,0.78125,0.3078651685393258,0.06625766871165617,0.7397714706966458,0.4285714285714286,0.045139277324085514,0.4444444444444444,0.5272727272727272,0.0,0.3817427385892116,0.0,0.4,0.0,0.6666666666666667,1.0,0.4370984569765526,0.0415397734194175,0.0,0.37747476071849995,0.0,0.0,0.45197740112994356,0.6666666666666667,0.3106329642782535,0.0,0.17676225105363186,0.0,0.0,0.9375,0.0,0.0,0.37335834896810494,0.0,0.0,0.2857142857142857,1.0,0.0,0.6428571428571428,0.18181818181818188,0.04546734234234229,0.8,0.0,1.0,0.0,0.967948717948718,1.0,0.24650971803996713,1.0,0.9166666666666666,0.21328272237411416,0.0,0.0,1.0,0.0,0.0,0.7962634884844582,0.0568880835439417,0.0,0.75,0.6666666666666667,0.7462834489593657,0.583941605839416,0.9748194417333593,0.11111111111111105,0.0,0.0,1.0,0.5,0.0,0.6666666666666667,0.0,0.0,0.0,0.0,0.0,0.0,1.0,0.0,0.19716046075542482,0.33333333333333337,0.8571428571428572,1.0,0.25,0.0,0.5,0.0,0.0,0.0,1.0,0.0,0.014895228477657119,0.08533038622615163,0.6634569850039462,0.0,0.0,0.0,0.4048305695746216,0.0,0.0,0.0,0.0,0.5814615627965833,0.0,1.0,0.5795918367346938,0.0,0.07790055248618777,0.0,0.3411578828574654,0.1923076923076923,0.03707317073170713,0.875,0.0,0.0,0.9442152729561004,0.0,0.0,0.0,0.9536579562472882,0.5661656658220233,0.0,0.0,0.9748151167530426,0.9860105351343287,0.0,0.5662646253797335,0.48843464228079625,1.0,0.9816051878797347,0.0,0.0,0.6328404659687796,0.3665855636658556,0.551356693445013,0.0,0.916525624534561,0.0,0.0,0.0,0.0,0.0,0.0,0.7368421052631579,0.0,0.0,0.6666666666666667,0.0,0.0,0.4666666666666667,0.0,0.0,0.0,0.8369565217391304,0.19210292006614216,0.0,0.0,1.0,0.9130434782608696,0.0,0.0,0.0,0.0,0.8125,0.0,1.0,0.0,0.0,0.0,0.6714285714285715,0.0,0.8191340782122905,0.4213154871897318,0.0,0.0,0.0,0.0,0.0,0.5,0.0,1.0,0.0,0.0,0.0,0.0,0.0,0.0,0.0,0.3669601677148847,0.9444822116474054,0.0,0.0,0.7115475347959425,0.0,0.0,0.0,0.8,0.25,0.0,0.0,0.7005188572834847,0.0,0.0,0.0,0.12886115444617785,0.7799601043424889,0.0,0.3834995466908432,0.4226233206850579,0.6637744034707158,0.6961826347305389,0.9466882364836297,0.16239316239316237,0.5214669051878353,0.0,1.0,0.9020108522183211,0.7356849876948319,0.46926360725720384,0.18872549019607832,0.0,0.0,0.0,0.7998155265180631,0.22063285652362385,0.0,0.0,0.41009910335063704,0.07251264755480591,0.0,0.7514450867052023,0.0,1.0,0.4374999999999999,0.5814977973568283,0.8467877879752763,0.39047619047619064,0.0,0.0,0.2500000000000001,0.0,0.0,0.0,0.5,0.0,1.0,0.0,0.5006773232186399,0.0,0.5,0.39630996309963107,0.33149171270718236,0.0,0.2647058823529411,1.0,0.84375,0.0,0.5069056714663532,0.0,0.42391304347826086,0.9795918367346939,0.0,0.0,1.0,0.0,0.0,0.5714285714285714,1.0,0.0,0.75,0.0,0.0,0.0,0.0,1.0,0.0,0.9751718869365928,0.6875,0.7263999999999999,1.0,0.5,1.0,0.0,0.0,0.5,0.0,0.0,0.8571428571428572,0.6061914385449201,0.06908171861836565,1.0,0.0,0.8073254483021748,1.0,0.9646127580319727,0.0,0.6666666666666667,0.0,0.375,0.25,0.013945233265720058,1.0,0.16644159351789323,0.0,0.0,0.0,0.0,0.0,0.8235294117647058,0.46153846153846145,0.7400468384074941,0.6000000000000001,1.0,1.0,0.0,0.0,1.0,0.0,0.0,0.0,1.0,0.0,0.16326530612244894,0.8412371134020619,0.8428967154728927,0.0,0.0,0.0,0.7888725128960943,0.0,0.2775041050903121,0.0,0.0,0.9439725579875857,0.0,1.0,0.2784491440080564,0.0,0.42549923195084494,0.0,0.4452636784606394,0.0,0.6511627906976745,0.6666666666666666,0.0,1.0,0.9453303435973526,0.0,0.0,0.0,0.9029495950638682,0.0,0.0,0.632682837862484,0.999185718759787,0.9775208734746307,0.5,0.449896694214876,0.0,0.9545454545454546,0.9959415454210045,0.0,0.0,0.46478873239436613,0.30451831702405785,0.0,0.0,0.7636499626028421,0.0,0.0,0.0,0.0,0.0,0.0,0.6875,0.0,0.0,0.5,0.0,0.0,0.5,0.0,0.0,0.0,0.7820041553460124,0.7183207648801508,0.0,0.0,0.0,1.0,0.0,0.0,0.0,0.0,0.8087431693989071,1.0,0.0,0.0,0.0,0.0,0.5556794425087107,0.0,0.7142857142857143,0.7085346215780998,0.0,0.0,0.0,0.0,0.0,0.33333333333333326,0.0,0.8625954198473282,0.0,0.0,0.0,0.0,0.0,0.0,0.0,0.0,0.125,0.0,0.0,0.6241134751773051,0.0,0.0,0.0,0.5340240169531433,0.0,0.0,0.0,0.2846153846153847,0.0,0.0,0.0,0.5922330097087378,0.5430519014589812,0.0,0.5070686989176054,0.14583333333333315,0.0,0.0,0.5591443622625445,0.7692307692307692,1.0,0.0,0.33333333333333337,0.8571428571428572,0.0,0.0,0.4042553191489361,0.25,0.0,0.0,0.390920757138274,0.6403081914030819,0.2857142857142857,0.29899691358024694,0.6483848477806182,0.09836065573770503,0.7417311752287121,0.25,0.2857142857142857,0.0,0.0,1.0,0.7458715596330274,0.0,0.0,1.0,0.6785714285714285,1.0,0.44537230340988165,0.6666666666666666,0.6,0.0,0.5,1.0,0.0,0.6198347107438016,0.0,0.45027431421446396,0.3674568965517242,0.0,0.8202247191011236,0.8571428571428572,0.13043478260869568,1.0,0.33333333333333337,1.0,0.0,1.0,0.5,0.0,0.0,0.0,0.0,0.0,1.0,0.0,0.0,0.5,0.35511363636363613,0.8,0.0,0.0,0.0,0.658890290037831,0.0,0.0,0.8279569892473119,0.0,0.0,0.5714285714285714,0.25,1.0,0.31707317073170727,0.5505473277527366,0.4444444444444444,0.34426229508196726,0.20740740740740748,0.0,1.0,0.7659574468085106,0.7142857142857143,1.0,0.2857142857142857,0.0,0.0,1.0,1.0,0.0,0.0,0.4327361563517914,0.3928571428571429,0.0,0.035472972972972916,0.0,1.0,0.36363636363636365,0.0,0.16666666666666674,0.33333333333333337,0.0,1.0,0.6666666666666666,0.0,0.0,0.0,1.0,0.6362157589953803,0.25,0.2310286677908936,0.6923076923076923,0.0,0.5551401869158878,0.0,0.23569794050343262,0.0,0.0,0.0,0.0,0.4279250161603103,0.8710732984293195,0.0,0.7560690943043884,1.0,0.5869565217391304,0.0,0.5751022793687901,0.5,0.0,0.41463414634146345,0.0,1.0,0.4,0.0,0.9211036472656778,0.0,0.0,0.0,0.7083333333333334,0.8992877209909476,0.0,1.0,0.8683987374570123,0.827027027027027,0.0,0.7236573759347382,0.0,1.0,0.9666928938568509,0.0,0.0,0.6617158058080248,0.0,0.6628433030206096,0.4444444444444444,0.7007106768086169,0.0,0.0,0.0,0.0,0.0,0.0,1.0,0.0,0.0,1.0,0.0,0.0,0.5555555555555556,0.0,0.0,0.15294815987336774,0.9008620689655172,0.5923449388978559,0.0,0.0,0.0,0.0,0.0,1.0,0.0,0.0,0.75,qsampled
0.0,0.0,0.0,0.0,0.0,0.0,0.0,0.7801788375558867,0.0,0.7527443342776204,0.0,0.32978723404255317,0.0,0.0,0.4,0.0,0.0,0.0,0.33333333333333326,0.0,0.0,0.0,0.0,0.0,0.23409676414800573,0.0,0.6729471316085489,0.0,0.0,0.0,0.0,0.0,0.8986522911051213,0.01176470588235301,0.0,0.0,0.0,0.11907894736842095,0.0,0.0,0.0,0.0,0.25794324520979883,0.4898665348492338,0.5618233618233619,0.22954361328652428,0.3576231225986728,0.0,0.3540394973070017,0.0,0.0,0.33333333333333337,0.47188627201357936,0.6934406912804398,0.4532444926378266,0.23749650740430273,0.0,0.0,0.512182061579652,0.8173533376311317,0.0,0.29668184775536754,0.7135633104691333,0.5946796629099401,0.1578947368421052,0.0,0.434961106309421,0.055445544554455606,0.12119635890767233,0.9556354916067146,0.0,0.6706030150753768,0.0,0.0,0.0,0.0,0.0,0.9343649946638207,0.0,0.0,0.0,0.0,1.0,0.23938525657723375,0.34441693196557,0.33333333333333337,0.7100322186423731,0.0,0.1428571428571428,0.0,0.6666666666666667,0.7886792452830189,0.0,0.6406513194834362,0.5,0.18103448275862066,0.0,0.0,0.6884753901560624,0.7695390781563126,0.0,0.0,0.2857142857142857,0.5294117647058822,0.31534939279315155,0.0,0.0,0.7952769000498918,0.0,0.0,1.0,0.0,0.875,0.0,0.0,0.0,0.5,0.8721083037861694,0.23642987249544645,0.0,0.5,0.0,0.0,0.0,0.019514976099635928,0.44474290099769764,0.0,0.6666666666666667,0.935570987654321,0.0,0.5211864406779659,0.0,0.0,0.5283018867924527,0.0,0.5,0.28563102443398336,0.0,0.20276963862145947,0.6293436293436292,0.0,0.977509558437664,0.6666666666666667,0.8228882833787465,0.0,0.7061919504643963,0.18892746208660693,0.0,0.0,0.5950047423332281,1.0,0.0,0.75,0.4285714285714285,0.0,0.6355153126211441,0.0,0.0,0.08917055814987773,0.0,0.7449617790132035,0.4722222222222222,0.0,0.8333333333333334,0.49958338293060345,0.0,0.2706342811097041,0.5461385262226157,0.4616585365853658,0.6145415750678909,0.0,0.75,0.7669491525423728,0.0,0.0,0.0,0.5298140628339387,0.0,0.11288805268109114,0.0,0.0,0.0,0.0,0.0,0.0,0.0,0.09251991913426105,0.0,0.0,0.40862480685489533,0.0,0.0,0.0,0.0,0.4038585209003215,0.84,0.0,0.0,0.6557288864981172,0.0,0.9139938080495356,0.5810032705329586,0.0,0.5383724182014302,0.0,0.0,0.0,0.0,0.0,0.8682030486079744,0.0,0.0,0.0,0.0,0.9087551596784705,0.0,0.0,0.0,0.0,0.0,0.0,0.0,0.0,0.0,0.2500000000000001,0.0,0.9283855832800171,0.5,0.0,0.0,0.96875,0.0,0.0,0.0,0.0,0.0,0.0,0.0,0.7916666666666666,0.0,0.5454545454545454,0.0,0.0,0.0,0.0,0.5,0.0,0.0,0.0,0.5,0.0,0.0,0.0,0.0,0.0,0.09673487157161509,0.0,1.0,0.0,0.0,0.0,0.0,0.0,0.35035460992907796,0.0,0.0,0.0,0.0,0.6667149758454106,0.0,0.0,0.09233060312732677,0.0,0.43154761904761907,0.5754606036848293,0.2582952513411484,0.009484536082474126,0.0,0.0,0.33333333333333326,0.0,0.3170603674540683,0.0,0.8215060427641773,0.7423473088640651,0.26827430293896004,0.22937365010799127,0.0,0.0,0.5985830148224107,0.7996848113127183,0.0,0.5714285714285714,0.9258926382874418,0.21927027984413716,0.07251264755480591,0.0,0.7514450867052023,0.0,0.0,1.0,0.665934065934066,0.18856034900630148,0.0,0.18467220683287167,0.5,0.0,0.0,0.9631760644418872,0.0,1.0,0.0,0.5,0.0,0.04931960544315639,0.43582510578279265,0.2500000000000001,0.41889276035617506,0.6370967741935484,0.0,0.0,1.0,0.8516645596291614,0.0,0.8797216699801194,0.7,0.5748031496062993,0.0,0.0,0.6226522481502561,1.0,0.0,0.0,0.5714285714285714,0.0,0.3477878699091709,0.0,0.09999999999999998,0.6666666666666666,0.0,0.0,1.0,0.0,0.5223214285714286,0.0,0.0,0.42743764172335597,0.9404761904761905,1.0,0.0,0.0,0.5833333333333333,0.0,0.0,0.0,0.13099393716700336,0.0,0.0,0.0,0.8254497001998667,0.6666666666666667,0.6995359628770301,0.33333333333333337,0.0,0.3662526957685731,0.0,0.25,0.8014766201804757,0.0,0.0,0.8,0.0,0.8015214384508991,1.0,0.9,0.0,0.9019908116385911,1.0,0.0,0.0,0.0,0.5,0.0,0.75,0.33333333333333326,0.0,0.5171222117499215,0.0,0.0,0.3429833169774289,0.12174069411976263,0.8090893139147218,0.39522653721682854,0.0,0.8823529411764706,0.6989247311827957,0.0,0.0,0.0,0.5878342947037232,0.8785560602438441,0.0,0.0,0.5258918296892982,0.0,0.0,0.0,0.5872728140056289,0.44999999999999996,1.0,0.0,0.0,1.0,0.0,0.0,0.0,0.0,0.30843251456064813,0.1332607116920841,0.0,0.0,0.0,0.0,0.5,0.0,0.18844566712517186,0.9545454545454546,0.0,0.0,0.643473260494537,0.0,0.933133858003738,0.823946225339125,0.0,0.7205600974082449,0.0,0.0,0.0,0.0,0.0,0.9499756932198381,0.0,0.0,0.0,0.0,0.9222470238095238,0.0,0.0,0.0,0.0,0.0,0.0,0.703421729791804,0.0,0.0,0.35483870967741926,0.0,0.8888888888888888,1.0,0.0,0.0,1.0,0.0,0.0,0.0,0.0,0.0,0.0,0.0,0.7142857142857143,0.0,0.8461538461538461,0.0,0.0,0.0,0.0,0.33333333333333326,0.0,0.0,0.0,0.6666666666666667,0.0,0.0,0.0,0.0,0.0,0.0,0.0,0.48206896551724143,0.0,0.0,0.0,0.0,0.0,0.6340533672172808,0.8181818181818181,0.0,0.0,0.2843137254901962,0.0,0.0,0.0,0.6719826023921711,0.0,0.3896664681357952,0.0,0.0,0.6299342105263158,0.7892486255345144,0.5272654570900186,0.7692307692307692,0.7085124677558039,0.43085106382978733,0.6666666666666667,0.3076923076923077,0.0,0.03128103277060568,0.20000000000000007,0.25,0.0,0.5734870317002883,0.4707166242269917,0.0,0.72,0.5263157894736843,0.7256488975718671,0.09836065573770503,0.6923076923076923,0.25,0.2857142857142857,0.7052154195011338,0.75,1.0,0.06578947368421051,0.5,0.22863027806385183,0.0,0.5609756097560975,1.0,1.0,0.6666666666666666,0.0,0.0,0.0,1.0,0.0234375,0.4745417515274949,0.5714285714285714,0.4565591180337817,0.0,0.19999999999999996,0.0,1.0,1.0,1.0,1.0,0.5,0.41176470588235303,0.0,0.5,0.36,0.6000000000000001,0.0,0.0,0.0,0.2500000000000001,0.0,0.0,0.5,0.5561770428015562,0.0,0.0,0.16666666666666663,0.07017543859649122,0.2716202783300199,0.38888888888888884,0.5663716814159292,0.0,0.0,0.38062064597846745,0.22857142857142865,0.25,0.19999999999999996,1.0,0.7493936944219887,0.2222222222222221,0.12590639419907723,0.7905982905982907,1.0,1.0,0.3846153846153847,0.7142857142857143,0.0,0.0,0.0,0.5639821554355482,1.0,1.0,0.7535714285714286,1.0,0.7612383900928793,0.0,0.0,1.0,0.0,0.0,0.9090909090909091,0.41666666666666663,0.07692307692307698,0.6666666666666667,1.0,0.0,0.0,0.0,1.0,1.0,1.0,0.9559672439253591,0.0,0.2310286677908936,0.0,0.0,1.0,0.7777777777777778,0.12690355329949243,0.0,0.0,0.0,0.6930237213492143,0.728527175443537,0.0,0.40246839253461775,0.6543110394842868,0.8,0.6603773584905661,0.375,0.23647711511789193,0.5,0.0,0.0,0.2807316035729476,0.0,0.4,0.0,0.0,0.0,0.0,0.0,0.0,0.0,0.0,0.6681896551724138,0.6567593724531378,0.0,0.0,0.0,0.0,1.0,0.0,0.0,1.0,0.0,0.8671743959381658,0.5285705165038628,0.0,0.6299938912645082,0.0,0.0,0.0,0.0,0.0,0.898706370515011,0.0,0.0,0.0,0.0,0.9194504699927694,0.0,0.0,0.0,0.0,0.15294815987336774,0.0,0.0,0.0,0.0,1.0,0.3571428571428572,1.0,0.0,0.0,0.0,0.9375,qsampled
0.5714285714285714,0.0,0.0,0.0,0.0,0.7070504855262553,0.8636363636363636,0.0,0.7422760709649503,0.0,0.0,0.0,0.0,0.0,0.0,0.0,0.0,0.0,0.0,0.0,0.0,0.5,0.0,0.0,0.10493179433368316,0.6840855106888362,0.0,0.5575868372943327,0.0,0.0,0.0,0.22309997275946614,0.0,0.8714859437751004,0.0,0.0,0.4855494839101395,0.0,0.0,0.0,0.6595628415300545,0.0,0.3449655358832274,0.5743684668989546,0.48351408796119677,0.0,0.0,0.0,0.0,0.829339928891637,0.1399774176408075,0.33333333333333337,0.41569847223492806,0.5629442235875196,0.0,0.0,0.0,0.0,0.413762211509748,0.5131168359941944,0.6985734552332914,0.23223915592028133,0.09555479763528862,0.4682949029126213,0.1578947368421052,0.23504043126684637,0.27838908450704225,0.0,0.0,0.0,0.6382592928377153,0.0,0.0,0.0,0.0,0.0,0.0,0.0899258343634114,0.0,0.4,0.0,0.33333333333333337,0.0,0.238445968739458,0.15023041474654386,0.0,0.0,0.3007915567282321,0.1428571428571428,0.45197740112994356,0.0,0.0,0.0,0.0,0.5,0.11231723526805482,0.0625,0.0,0.3570448307410796,0.0,0.0,0.0,0.5714285714285714,0.9178082191780822,0.0,0.0,0.0,0.0,0.0,0.4157509157509157,0.0,0.5824630265647999,0.3538461538461537,0.0,0.0,0.28877061156334805,0.9166666666666666,0.0,0.051010886469673555,0.0,0.0,0.07346531833072201,0.3668633762517882,0.5737636211232189,0.04313435983969627,0.0,0.75,0.0,0.3142857142857144,0.35766423357664245,0.0,0.11111111111111105,0.0,0.0,0.0,0.0,0.4570024570024571,0.6666666666666667,0.40084264158338223,0.16912761789965358,0.0,0.7568196939454425,0.0,0.35164835164835184,1.0,0.0,0.10999451854558728,0.33333333333333337,0.0,0.37676056338028185,0.75,0.0,0.0,0.4285714285714285,0.0,0.0027245672129770915,0.0,0.6162296243798724,0.34883720930232565,0.6869136738368238,0.500108108108108,0.0,0.8292414069546047,0.0,0.028522205206737983,0.4751017244720016,0.501956334611472,0.1096502108657903,0.4616585365853658,0.0,0.616717080056463,0.0,0.04721549636803879,0.0,0.86707410236822,0.0,0.0,0.0,0.5121951219512194,0.0,0.8,0.0,0.0,0.0,0.0,0.0,0.9753853232114101,0.026275389050264275,0.0,0.5200534759358288,0.9044230943533037,0.9706102177110205,0.0,0.6317393247470848,0.9507712504102396,0.16000000000000003,0.0,0.0,0.0,0.898581386816681,0.008702975856260453,0.7809930981159107,0.50519978106185,0.23734569134273475,0.0,0.0,0.0,0.0,0.5894302742111104,0.7638018451392888,0.7368421052631579,0.0,0.0,0.0,0.0,0.0,0.0,0.0,0.0,0.0,0.8369565217391304,0.14698705558154102,0.5663711639221558,0.0,0.0,1.0,0.0,0.0,0.0,0.0,0.84375,0.0,0.0,0.0,0.0,0.0,0.6714285714285715,0.7857142857142856,0.0,0.7724679797653643,0.0,0.0,0.8,0.0,0.0,0.0,0.0,0.0,0.0,0.0,0.0,0.0,0.0,0.0,0.0,0.0,0.33333333333333326,0.0,0.5189873417721519,0.0,0.0,0.0,0.46182736957115533,0.0,0.5,0.0,0.0,0.6797829036635006,0.0,0.0,0.0,0.0,0.0,0.5617206109009388,0.6560415122312824,0.0,0.6998264893001735,0.43391692413319594,0.0,0.0,0.5567520372526193,0.0,0.0,0.8351455629603648,0.7838375796178344,0.20121488230827644,0.0,0.0,0.0,0.5364868277081054,0.2743965339385186,0.8661362850224836,0.5714285714285714,0.6427867004790082,0.43889479277364507,0.12850812407680945,0.6506035921091373,0.29999999999999993,0.0,0.0,0.0,0.7162253903598099,0.12034078807241733,0.0,0.0,0.5,0.0,0.0,0.8678777869529315,1.0,1.0,0.0,0.0,0.0,0.4793190003274036,0.2609308885754583,0.5,0.0,0.4931129476584022,0.0,0.2857142857142856,0.0,0.0,0.0,0.0,0.7,0.8275862068965517,0.140068886337543,0.0,0.46727605118829985,0.0,0.0,0.0,0.8571428571428571,1.0,0.0,0.0,0.09999999999999998,0.1428571428571428,0.0,0.6753246753246753,0.0,0.6353569046030688,0.2814847547503315,0.0,0.0,0.0,0.1095041322314051,0.0,0.4545454545454546,0.0,0.0,0.2815691360025938,0.6658851113716295,0.5,0.11557994757536039,0.0,1.0,0.0,0.7615658362989324,0.0,0.0,0.0,0.0,0.0,0.0,0.0,0.0,1.0,0.9731397459165154,0.5,0.0,0.0,0.0,0.44999999999999996,0.8823529411764706,0.0,0.23951285520974308,0.6000000000000001,0.0,0.25806451612903225,0.5,0.1428571428571429,0.0,0.33333333333333326,1.0,0.0,0.0,0.8413888568462338,0.6335078534031413,0.8210959885386819,0.8054267161410018,0.0,0.5286236297198539,0.0,0.0,0.668842253238277,0.8973727422003284,0.8846153846153846,0.49190938511326865,0.09798994974874387,0.6864707108609548,0.0,0.0,0.0,0.8848783155592015,0.0,0.0,0.0,0.0,0.0,1.0,1.0,0.0,0.0,0.0,0.0,0.945054945054945,0.9820542191676213,0.0,0.28105705112373425,0.9465760869565217,0.9775208734746307,0.0,0.8521413902915704,1.0,0.13636363636363646,0.0,0.0,0.0,0.0,0.39072261072261083,0.8229827408172297,0.669781221513218,0.2249116336253265,0.0,0.0,0.0,0.0,0.6533091417190644,0.853118467252542,0.6875,0.0,0.0,0.0,0.0,0.0,0.0,0.0,0.0,0.0,0.8044585987261146,0.0,0.44009269988412514,0.0,0.75,0.6666666666666667,0.0,0.0,0.0,0.0,0.7297297297297297,1.0,0.0,0.0,0.0,0.0,0.5829815303430079,0.9333333333333333,0.0,0.6969596827495044,0.0,0.0,0.3037037037037037,0.0,0.0,0.0,0.0,0.0,0.0,0.0,0.0,0.0,0.6000000000000001,0.0,0.0,0.6996760259179265,0.2410714285714286,0.2455357142857143,0.6913192461450599,0.0,0.0,0.0,0.4772896500372301,0.0,0.8181818181818181,0.0,0.0,0.0,0.4516599781101788,0.0,0.0,0.6930656934306569,0.0,0.36444308445532425,0.5684210526315789,0.8220640569395018,0.0,0.0,0.6617984560817859,0.15384615384615385,0.8229994700582937,0.09285714285714286,0.6666666666666667,0.46153846153846156,0.45977011494252884,0.09666901093280489,0.0,0.0,0.0,0.19999999999999996,0.7931834839970682,0.3331914893617022,0.09523809523809523,0.0,0.5915264544901683,0.0,0.0,0.43028846153846145,0.2857142857142857,0.8686868686868686,0.5,0.0,0.14724770642201834,0.0,0.0,0.0,0.4626865671641791,1.0,0.04038997214484685,0.0,0.4,0.0,1.0,0.33333333333333326,0.0750279955207167,0.0,0.0,0.0,0.35813730196831495,0.19999999999999996,0.21052631578947367,0.0,0.0,1.0,0.75,0.5,0.16666666666666652,0.0,0.5,1.0,0.5,0.0,0.0,0.0,0.0,0.0,0.0,0.5,0.0,0.10909090909090913,0.8101604278074865,0.25,1.0,0.8896595208070618,1.0,0.0,0.4785223367697595,1.0,0.2917888563049855,0.5064935064935064,0.25,0.7,0.0,0.0,0.8888888888888888,0.16688481675392686,0.37903225806451624,0.0,0.0,0.0,0.7142857142857143,0.17391304347826086,0.2857142857142857,1.0,0.2320390170699681,1.0,0.0,0.22797579018157388,0.0,0.5869266684976655,0.9839816933638444,0.0,0.818880351262349,0.0,0.0,0.18181818181818177,0.0,0.5308641975308642,0.33333333333333337,1.0,0.08333333333333337,1.0,1.0,1.0,1.0,0.0,0.6362157589953803,0.0,0.0,0.3846153846153846,0.4062922868741542,0.23809523809523803,0.0,0.41501976284584996,0.0,0.6080486980047344,0.06852791878172582,0.36752988047808755,0.16365873666940112,0.0,0.0,0.0,0.0,0.025924147863658265,0.0,0.0,0.5,0.6601626016260164,0.0,0.6870967741935485,0.0,0.8,0.0,0.0,0.0,0.0,0.0,0.9339689265536724,0.008543773319634518,0.0,0.6681896551724138,0.0,0.0,0.0,0.4628581561331697,0.7272727272727273,0.5,0.0,0.0,0.5,0.9090423043507319,0.1482998770995495,0.4852420306965761,0.196078431372549,0.21347501851437245,0.0,0.0,0.0,0.0,0.9329288843950118,0.4009443277499505,1.0,0.0,0.0,0.0,0.0,0.0,0.0,0.0,0.0,0.0,0.9008620689655172,0.6735894773277951,0.522810901367158,0.0,1.0,0.3571428571428572,0.0,1.0,0.0,0.0,1.0,qsampled
0.0,0.0,0.7941182202646605,0.0,0.0,0.0,0.0,0.0,0.7422760709649503,0.0,0.0,0.6727004063538973,0.0,0.0,0.0,0.0,0.0,0.0,0.0,0.0,0.0,0.0,0.7373658766654876,0.0,0.3775092649783818,0.0,0.0,0.7098052613597541,0.0,0.0,0.0,0.7203892312682452,0.0,0.0,0.0,0.0,0.0,0.0,0.0,0.0,0.0,0.5296053511705686,0.8510068928233545,0.1820702402957487,0.48420538428137216,0.9239153973868476,0.0,0.11983693158729536,0.5364431486880467,0.0,0.1355541804180418,0.33333333333333337,0.26154972097703766,0.15450719045948802,0.0,0.0,0.0,0.0,0.5556395851339672,0.7871475293909662,0.0,0.0,0.34070720385122377,0.6875376279349789,0.1578947368421052,0.4532270215971874,0.5357142857142858,0.14296351451973188,0.11334097859327197,0.6390465380249717,0.0,0.492360097323601,0.0,0.84375,0.33333333333333337,0.0,0.0,0.29085062847120724,0.0,0.4,0.0,0.33333333333333337,1.0,0.11815252416756161,0.24458273141460174,0.5555555555555556,0.0,0.43096844792996536,0.0,0.0,1.0,0.0,0.5,0.0,0.7,0.0,0.0625,0.0,0.34733828536056943,0.0,0.0,0.30688806888068865,0.0,0.4925373134328358,0.3192182410423453,0.6428571428571428,1.0,0.0,0.625,0.0,1.0,0.0,0.9082138200782268,0.9512195121951219,0.4799618320610688,0.4482758620689655,0.0,0.0,0.8719671519223591,0.0,0.2222222222222222,0.0,0.7347190779995885,0.5811275005051526,0.0,0.9029850746268656,0.0,0.0,0.0,1.0,0.4134537172604522,0.11111111111111105,0.0,0.0,1.0,0.0,0.0,0.6666666666666667,0.0,0.0,0.5,0.46512534095337055,0.6666666666666667,0.0,1.0,0.0,0.19716046075542482,0.0,0.0,0.3791821561338289,0.0,0.0,0.75,0.9285714285714286,0.5,0.1841916690033335,1.0,0.0,0.4546179932176341,0.42463991769547316,0.5158946412352406,0.41666666666666663,0.6329881162602014,0.0,0.147484094852516,0.0,0.0,0.6268043409545886,0.0,0.6615440907427734,0.0,0.0,0.0,0.15384615384615385,0.0,0.0,0.0,0.1923076923076923,0.0,0.0,0.0,0.0,0.9359374746727038,0.0,0.0,0.0,0.04471330878485025,0.017691230749650066,0.0,0.461441213653603,0.9386214442013129,0.7828759646871828,0.0,0.8362718957777853,0.7905759162303665,0.72,0.0,0.0,1.0,0.0,0.0,0.0,0.0,0.0,0.0,0.0,0.0,0.0,0.0,0.6647928408978543,0.9473684210526315,0.0,0.0,0.0,0.0,0.0,0.4666666666666667,0.0,0.0,0.0,0.0,0.09872120189136924,0.7593278135254756,0.0,0.2500000000000001,0.0,0.9238603732950467,0.0,0.0,0.0,0.875,0.0,1.0,0.7809116279069768,0.0,0.0,0.0,0.0,0.0,0.7693973754618424,0.0,0.0,0.8,0.0,0.0,0.0,0.0,0.0,0.0,0.0,0.0,0.0,0.0,0.8201295465869457,0.0,0.09673487157161509,0.0,0.0,0.5189873417721519,0.0,0.0,0.0,0.6437462235649547,0.0,0.0,0.0,0.0,0.0,0.0,0.0,0.0,0.0,0.7916814159292036,0.8912708420905142,0.4162673228856365,0.0,1.0,0.648129958443521,0.720977734643901,0.72782874617737,0.0,0.4363636363636364,1.0,0.0,0.0,0.0,0.0,0.36,0.0,0.5926431847009463,0.80359371100574,0.0,0.19999999999999996,0.7489543114543115,0.27626137303556675,0.22764227642276436,0.0,0.29999999999999993,0.4772036474164133,0.6296296296296297,0.8189655172413793,0.3787878787878788,0.6262188515709644,0.0,0.7750692520775623,1.0,0.0,1.0,0.3047404063205419,1.0,0.5,0.0,0.0,1.0,0.0,0.2609308885754583,0.75,0.1428571428571429,0.5121951219512195,0.0,0.0,0.6000000000000001,0.15625,1.0,0.0,0.7,0.5917735515258734,0.0,0.0,0.5674080798910577,1.0,0.0,0.0,0.0,0.0,0.3407572383073496,0.75,0.0,1.0,0.5,0.0,1.0,0.0,0.9815594307476448,0.6875,0.41217150760719223,0.7455919395465995,0.0,1.0,0.8181818181818182,0.0,0.5416666666666667,0.0,0.793644996347699,0.5,0.6061914385449201,0.37092463923035823,0.0,0.0,0.0,1.0,0.6187852383393131,0.0,0.0,0.0,0.0,0.0,0.5416012558869703,1.0,0.24972776769509974,0.0,1.0,0.48962655601659744,1.0,0.0,0.8235294117647058,0.0,0.7400468384074941,0.0,0.0,0.25806451612903225,0.5,0.0,0.75,1.0,1.0,0.7254607371794871,1.0,0.0,0.14932680538555698,0.8404963136126595,0.9071796018787743,0.5202265372168284,0.7658602150537634,0.0,0.5574028308245338,0.0,0.2775041050903121,0.4935536362498435,0.0,0.9511507750117426,0.4406546644844518,0.0,0.0,0.0,0.0,0.0,0.0,0.0,0.13333333333333341,0.0,1.0,1.0,0.9516648885816892,0.0,0.0,0.0,0.0,0.9794848621780389,0.0,0.0,0.9573635164461087,0.8031178840427395,0.5,0.9052084117071703,0.6778846153846154,0.6818181818181819,0.0,0.0,1.0,0.0,0.7294010232734415,0.0,0.0,0.0,0.0,0.0,0.0,0.0,0.0,0.7893112484819709,1.0,0.0,0.0,0.0,0.0,0.0,0.5,0.0,0.0,0.0,0.0,0.22372941858908557,0.7660812919525426,0.0,0.35483870967741926,0.75,0.8892057026476579,0.0,0.0,0.0,1.0,0.0,0.0,0.7195780484741932,0.0,0.0,0.0,0.0,0.0,0.7005225342913128,0.0,0.0,0.6074766355140186,0.0,0.0,0.0,0.0,0.0,0.0,0.0,0.0,0.0,0.0,0.7927819358112393,0.0,0.7464932126696833,0.0,0.0,0.7639902676399027,0.0,0.0,0.0,0.8237704918032787,0.0,0.0,0.0,0.0,0.2843137254901962,0.4516599781101788,0.0,0.0,0.6911070780399274,0.30389800397115674,0.810445580715851,0.0,0.6749123130884253,0.9377593360995851,0.0,0.0,0.0,0.75,0.18360433604336024,0.33333333333333337,0.0,0.4873338870431895,0.23679353080777,0.0,0.25,0.0,0.446969696969697,0.0,0.0,0.0,0.3087315130830488,0.8135009122237988,0.2184466019417476,0.7701149425287357,0.0,0.0,0.5363247863247862,0.2500000000000001,1.0,0.5653605531774778,0.23076923076923073,0.017964071856287345,0.2857142857142858,0.4626865671641791,0.0,0.44537230340988165,0.0,0.6,0.0,1.0,0.0,0.134344528710726,0.6198347107438016,0.5714285714285714,0.0,0.1450764219493864,0.0,0.0,1.0,0.0,0.0,0.5,1.0,0.0,1.0,0.5,0.75,0.6666666666666667,0.0,0.0,1.0,1.0,0.0,0.0,0.0,0.0,1.0,0.0,0.8333333333333333,0.0,0.0,0.5,0.4509966777408638,0.34838709677419366,0.625,0.2854430379746836,0.13636363636363613,0.25,0.0,0.31707317073170727,0.5086928525434643,0.8888888888888888,0.0,0.889795918367347,1.0,0.0,0.45390070921985815,0.5714285714285714,0.0,0.2857142857142857,1.0,0.2320390170699681,1.0,0.0,0.0,0.0,0.4817838246409675,0.3928571428571429,0.0,0.31746031746031755,0.0,1.0,0.36363636363636365,0.0,0.0,0.6666666666666667,1.0,0.08333333333333337,0.0,0.0,1.0,0.5,0.5,0.21758802237578145,0.25,0.2310286677908936,0.6923076923076923,0.8548033675469957,0.23974763406940058,0.0,0.0,0.0,0.3936422049374365,0.0,0.0,1.0,0.6883394746226078,0.0,0.0,0.0,0.025924147863658265,0.375,0.18254364089775565,0.5,0.6008739985433358,0.41463414634146345,0.2927669345579794,0.0,0.0,0.0,0.9284612122251198,0.0,0.0,0.0,0.045038705137227186,0.06375248367868303,0.0,0.6681896551724138,0.09652886616479528,0.0,0.0,0.7837285179449398,0.0,1.0,0.0,0.0,1.0,0.0,0.31401233591649524,0.0,0.0,0.0,0.0,0.0,0.0,0.0,0.0,0.3544172987306725,0.6666666666666667,0.0,0.0,0.0,0.0,0.0,0.5555555555555556,0.0,0.0,0.2221763369812101,0.0,0.6360998990918264,0.7513985700182486,0.0,0.5,0.3571428571428572,1.0,1.0,0.0,0.0,0.8125,qsampled
0.5714285714285714,0.0,0.0,0.0,0.0,0.0,0.0,0.0,0.0,0.0,0.0,0.0,0.0,0.0,0.0,0.0,0.0,0.0,0.0,0.0,0.0,0.0,0.0,0.0,0.5316148314186979,0.8528336380255941,0.6764032073310424,0.0,0.0,0.0,0.0,0.0,0.644626577032876,0.33333333333333326,0.9518348623853211,0.7660593163984573,0.0,0.0,0.0,0.0,0.30090786169596284,0.5433645067913604,0.0,0.0,0.0,0.9079407806191118,0.06628355851903833,0.5315476757855939,0.0,0.2405468916898098,0.2127256808878163,0.33333333333333337,0.0,0.4847067511846883,0.4743826838924775,0.0,0.0,0.07188634907071134,0.36891630834423883,0.5975942096934888,0.0,0.12923076923076893,0.5643269039570491,0.0,0.631578947368421,0.0,0.11284722222222221,0.5717044905842588,0.12119635890767233,0.29931972789115635,0.65625,0.9726130653266332,0.0,0.6139389193422083,0.0,0.0,0.0,0.0630906058921622,0.0,0.4,0.0,0.0,1.0,0.8811326967402041,0.5927835051546392,0.0,0.9446297531687792,0.24609595484477886,0.1428571428571428,0.9491525423728814,0.25,0.9263987983477281,0.5,0.0,0.0,0.7421465968586387,0.0,0.0,0.0,0.007504690431519689,0.34702702702702726,0.0,0.8571428571428572,0.7741626794258374,0.31534939279315155,0.0,0.18181818181818188,0.007769353177946359,0.5714285714285714,0.0,0.0,0.8824435318275154,0.0,0.5,0.24702503077554383,0.8620689655172413,0.9166666666666666,0.4721151577125777,0.0,0.6194029850746269,0.5,0.0,0.0,0.0,0.0,0.0,0.75,0.0,0.9382716049382716,0.44976076555023936,0.5454217952566797,0.33333333333333326,0.0,0.0,0.375,0.0,0.6483299965042744,0.0,0.21171739997341477,0.5096964023003878,0.5,0.39668058914047044,0.0,0.0,1.0,0.490092879256966,0.10378220354467393,0.33333333333333337,0.0,1.0,0.25,0.2142857142857143,0.0,0.0,0.0,0.0,1.0,0.6649874055415617,0.7132561132561134,0.8165686974674504,0.9468827368894891,0.0,0.6778376759508835,0.0,0.3734723220704529,0.0,0.9730631978818924,0.635858949316336,0.733079672546985,0.6654775417544998,0.663963546493667,0.75,0.5825242718446602,1.0,0.0,0.0,0.17194257048953465,0.1923076923076923,0.0,0.0,0.8,0.0,0.0,0.0,0.0,0.0,0.0,0.0,0.0,0.023832935337360195,0.0,0.0,0.0,0.0,0.0,0.16000000000000003,0.9824227987814917,0.0,0.5,0.8985758051990143,0.9126523139087064,0.0,0.44913830348999084,0.23609391021799642,0.0,0.0,0.0,0.0,0.0,0.0,0.0,0.0,0.0,0.0,0.0,0.0,0.0,0.0,0.0,0.6383171793421797,0.0,0.38135836145915214,0.8099790254920942,0.0,0.17808219178082185,1.0,0.5870350203473376,0.0,0.0,0.0,0.84375,0.0,0.0,0.0,0.0,0.0,0.0,0.0,0.0,0.0,0.0,0.0,0.0,0.0,0.0,0.0,0.0,0.0,0.0,0.0,0.0,0.0,0.0,0.0,0.0,0.7152226441146012,0.9444822116474054,0.8,0.0,0.0,0.0,0.0,0.0,0.35035460992907796,1.0,0.8699007717750826,0.7073170731707317,0.0,0.0,0.0,0.0,0.613395715341049,0.7759171425805826,0.0,0.0,0.0,1.0,0.6194289951798295,0.7757852546189099,0.0,0.0,0.08653295128939842,1.0,0.0,0.6561922365988909,0.3612996092946741,0.0,0.0,0.15859609609609604,0.5740534933688968,0.8161490999949008,0.0,0.0,0.0,0.0,0.8870151770657673,0.0,0.0,0.7399286078531362,0.6296296296296297,0.4568965517241379,0.7414383561643836,0.8708272859216255,0.0,0.6108210726150924,0.5,0.0,0.0,0.0827399950896146,1.0,1.0,0.0,0.5,1.0,0.8280732730081659,0.5066469719350074,0.5,0.8759420289855072,0.0,0.0,1.0,0.6000000000000001,1.0,1.0,0.0,0.0,0.9818824569155987,0.0,0.0,0.0,0.0,0.36363636363636365,0.0,1.0,0.4285714285714286,0.3477878699091709,0.0,0.33333333333333326,0.0,0.5,0.0,1.0,0.8370365585841623,0.0,0.0,0.7395732298739088,0.9251700680272109,0.5,1.0,0.4545454545454546,0.9166666666666666,0.5833333333333333,0.0,0.0,0.0,0.593872870249017,0.0,1.0,0.0,0.9272666888077051,1.0,0.7005223447475335,0.33333333333333337,0.0,0.0,0.375,0.0,0.0,0.0,0.0,0.3292682926829268,1.0,0.26822916666666674,0.0,0.0,0.5882352941176471,0.7549770290964778,0.2325581395348837,0.6000000000000001,0.0,0.5454545454545454,0.0,0.1428571428571429,0.0,0.0,0.5,0.0,1.0,0.9068092239387486,0.6836734693877551,0.830735343951203,0.9019126162484646,0.0,0.789282250242483,0.0,0.5570817383472191,0.0,0.9370932754880694,0.48856964397251723,0.7466167466167466,0.9403487672880337,0.7105073649754501,0.0,0.2784491440080564,0.0,0.0,0.0,0.6020320999865127,0.0,0.55,0.0,1.0,1.0,0.0,0.0,0.0,0.0,0.0,0.7954812471757795,0.0,1.0,0.0,0.0,0.0,0.0,0.0,0.13636363636363646,0.9979208270670513,0.0,0.5,0.8732394366197183,0.9421041861552854,0.0,0.6414850595371826,0.38132718733692805,0.0,0.0,0.0,0.0,0.0,0.0,0.0,0.0,0.0,0.0,0.0,0.0,0.0,0.0,0.0,0.8772114975887897,0.0,0.0,0.4405076189152889,0.0,0.0,0.6666666666666667,0.48043818466353694,0.5,0.0,0.0,0.5573770491803278,0.0,0.0,0.0,0.0,0.0,0.0,0.0,0.0,0.0,0.0,0.0,0.0,0.0,0.0,0.0,0.0,0.0,0.0,0.0,0.0,0.0,0.0,0.0,0.0,0.46712802768166095,0.8888888888888888,0.6080525883319639,0.0,0.0,0.0,0.0,0.0,1.0,0.8181818181818181,0.7121212121212122,0.8931799506984388,0.2843137254901962,0.0,0.0,0.0,0.0,0.4093499839897534,0.0,0.5301620130989314,0.06666666666666654,0.6736982136069936,0.0,0.0,0.15384615384615385,0.0,0.0,0.33333333333333337,0.0,0.46096345514950177,0.12598425196850394,0.0,0.25,0.25356633380884475,0.446969696969697,0.0,0.0,0.5054945054945055,0.7065120428189118,0.0,0.6557377049180327,0.6923076923076923,0.0,0.0,0.6546546546546548,0.0,1.0,0.7458715596330274,0.0,0.535015447991761,1.0,0.0,1.0,0.0,0.0,0.4,0.0,0.0,0.0,0.8095238095238095,0.4745417515274949,0.0,0.8170719700699025,0.1966580976863751,0.19999999999999996,0.21052631578947367,1.0,1.0,0.0,0.0,1.0,0.41176470588235303,0.0,0.5,0.0,0.6000000000000001,0.5,0.0,0.5,0.5,0.0,0.0,0.5,0.2135179153094463,1.0,0.0,0.0,1.0,0.5658548707753479,0.38888888888888884,0.0,1.0,1.0,0.25015832805573157,0.8714285714285714,0.25,0.19999999999999996,0.31707317073170727,0.0,0.2222222222222221,0.0,0.2682926829268293,0.0,0.0,0.66,0.5714285714285714,0.0,0.4285714285714285,0.0,0.0,1.0,0.0,0.23452380952380958,1.0,0.7612383900928793,0.07147220525351261,0.0,0.0,0.0,1.0,0.18181818181818177,0.08333333333333326,0.330952380952381,0.33333333333333337,1.0,0.6843434343434343,0.6666666666666666,1.0,1.0,0.0,0.5,0.533311345646438,0.25,0.0,0.8666666666666667,0.4429384657088641,0.5333333333333333,0.0,0.0,0.0,0.3971631205673758,0.0,0.3653287959163247,1.0,0.05820328975115985,0.40246839253461775,0.9201426024955437,1.0,0.6893903024483918,0.0,0.23647711511789193,0.5,0.0,0.41463414634146345,0.0,0.0,0.8,0.0,0.0,0.0,0.0,0.0,0.045038705137227186,0.0,0.0,0.0,0.6490748040625145,0.0,0.0,0.0,0.0,0.5,0.9687150764860748,0.0,0.0,0.9130691037684365,0.8554432145036173,0.0,0.4336283185840708,0.11107717369171244,0.0,0.0,0.0,0.0,0.0,0.0,0.0,0.0,0.0,0.0,0.0,0.0,0.0,0.0,0.0,0.7849676455948233,0.0,0.6513220229901495,0.8107872988255763,0.0,1.0,0.3571428571428572,0.5419233860166086,0.0,0.0,0.0,1.0,qsampled
0.0,0.0,0.0,0.0,0.0,0.0,0.0,0.8194285714285714,0.7422760709649503,0.0,0.0,0.7857142857142857,0.0,0.0,0.0,0.0,0.0,0.98562561254492,0.0,0.0,0.0,0.5,0.9131458469587965,0.0,0.28578416616496083,0.0,0.0,0.0,0.0,0.0,0.0,0.0,0.0,0.0,0.0,0.0,0.7908496732026143,0.0,0.0,0.0,0.189385094376338,0.3255081967213115,0.6035172832019406,0.4898665348492338,0.8741524274477895,0.0,0.6203925323121111,0.6717798782441525,0.34700544464609806,0.2420490928495198,0.6593155459064161,0.33333333333333337,0.19096553200599453,0.0,0.0,0.0,0.0,0.0,0.36891630834423883,0.8174335842535368,0.0,0.14216253762445008,0.22233083523406094,0.6354523227383864,0.8641975308641976,0.0,0.15233362143474505,0.0,0.12119635890767233,0.2574139976275208,0.0662576687116565,0.0,0.4285714285714286,0.6449704142011834,0.33333333333333337,0.5272727272727272,0.0,0.6554409597979374,0.0,0.0,0.0,0.33333333333333337,0.0,0.17583141257820223,0.3551546391752576,0.33333333333333337,0.4389501711677444,0.2500455954769286,0.5714285714285714,0.0,0.0,0.055227987421383795,0.5,0.20775142550202452,0.30000000000000004,0.9725385130609511,0.0625,0.0,0.0,0.10821643286573146,0.0,0.0,0.0,0.515897435897436,0.0,0.0,0.0,0.009895227008148932,0.0,0.0,0.75,0.5876862446848965,0.0,1.0,0.0,0.0,0.9166666666666666,0.5650256258624089,0.9001821493624772,0.0,0.7142857142857142,0.09964547986832117,0.0,0.7928159076330982,0.44286608561660346,0.4407106991116262,0.75,0.0,0.0,0.0,0.0,0.0,0.0,0.6017069701280229,0.375,0.0,0.8322797579018157,0.0,0.3272101823185415,0.0,0.5,0.39668058914047044,0.0,0.0,1.0,0.0,0.0,0.33333333333333337,0.0,0.538505912892991,0.75,0.0,0.0,0.0,0.0,0.6228118312023267,0.7,0.0,0.06980519480519487,0.0,0.5024375684011542,0.9166666666666666,0.5869573788589678,0.0,0.0,0.0,0.2728578267113452,0.0,0.0,0.9562052230182574,1.0,0.0,0.7672518159806296,0.0,0.0,1.0,0.3484174085064293,0.0,0.0,0.0,0.0,0.5,0.0,0.0,0.9851745576279293,0.6216121879106438,0.7093247588424436,0.4479495268138802,0.0,0.2222222222222222,0.0,0.0,0.0,0.5730239174891082,0.48843464228079625,0.0,0.0,0.0,0.0,0.0,0.250299107279811,0.2617991584214716,0.36786791994727885,0.5455612504401581,0.0,0.0,0.0,0.0,0.0,0.0,0.0,0.0,0.0,0.0,0.9087551596784705,0.0,0.0,0.0,0.0,0.0,0.0,0.9349829734303949,0.0,0.0,0.7487437185929648,0.8636363636363636,0.7978983819929548,0.0,0.0,0.6849975259772392,0.0,0.0,0.0,0.0,0.0,0.0,0.0,0.0,0.9112814895947426,0.7682410423452768,0.0,0.0,0.0,0.0,0.0,0.0,0.0,0.0,0.9468085106382979,0.0,0.0,0.0,0.0,0.8554595153664303,0.0,0.0,0.0,0.0,0.0,0.0,0.0,0.0,0.0,0.0,0.25,0.0,0.0,0.7080818542194922,0.0,0.0,0.0,0.27661347939985725,0.0,0.7397486772486772,0.15984697272122428,0.9021486373360618,0.0762514551804423,0.9181769519002829,0.7731865650578607,0.1282722513089003,0.0,0.34593175853018376,0.0,0.0,0.0,0.0,0.0,0.0,0.0,0.5646342403453326,0.8047293746715711,0.0,0.0,0.28054596283506006,0.2746578574799432,1.0,0.0,0.0,0.4772036474164133,0.0,0.4568965517241379,0.665934065934066,0.0,0.9375,0.763614237906906,1.0,0.2500000000000001,0.0,0.9097054563013037,0.0,1.0,0.0,0.0,0.0,0.06201721474288224,0.18316100443131456,0.2500000000000001,0.5650406504065042,0.5530085959885387,0.5,0.0,0.0,0.0,1.0,0.12824897400820812,0.29999999999999993,0.9358974358974359,0.140068886337543,0.0,0.0,0.0,0.0,0.0,0.0,0.0,0.0,0.0,0.0,0.0,0.0,0.0,1.0,0.5076165924537146,0.0,0.6875,0.0,0.45346320346320346,0.5,1.0,1.0,0.08333333333333337,0.0,0.2956508086041767,0.0,0.8571428571428572,0.0,0.0,1.0,0.0,0.6009327115256495,0.6666666666666667,0.0,0.33333333333333337,0.0,0.3064689612784266,0.375,0.0,0.7413358538122243,0.0,0.7370413511939429,0.0,1.0,0.26822916666666663,0.0,0.0,0.8235294117647058,0.0,0.7764705882352941,0.8,0.0,0.0,0.5,0.0,0.0,0.0,0.0,0.48381444249746375,1.0,0.0,0.3505102040816328,0.15147407658420875,0.3144411300228108,0.9785598705501618,0.2589820359281436,0.0,0.0,0.0,0.0,0.0,0.0,1.0,1.0,0.0,0.5258918296892982,0.0,0.0,1.0,0.41022129315937417,0.44999999999999996,1.0,0.0,1.0,0.0,0.0,0.0,0.9888888888888889,0.6760481816075978,0.5379211854528143,0.0,0.0,0.7457220534143612,0.0,0.0,0.5,0.824940120668223,0.0,0.0,0.0,0.0,0.0,0.0,0.0,0.857710422607414,0.6429452900041135,0.12900805021148887,0.0,0.0,0.0,0.0,0.0,0.0,0.0,0.0,0.0,0.0,0.9351377322229341,0.0,0.0,0.0,0.0,0.0,0.0,0.82305416732032,0.0,0.0,0.7708333333333334,1.0,0.7871674491392802,0.0,0.0,0.7524000893056486,0.0,1.0,0.0,0.0,0.0,0.0,0.0,0.0,0.7142857142857143,0.7425277540563622,0.0,0.0,0.0,0.0,0.0,0.0,0.0,0.0,0.6299610894941634,0.0,0.0,0.0,0.6000000000000001,0.89,0.0,0.0,0.0,0.0,0.0,0.0,0.0,0.0,0.0,0.0,0.0,0.0,0.0,0.0,0.0,0.0,0.0,0.0,0.0,0.2957198443579767,0.0,0.32737762888516664,0.27415086016762225,0.43112272677774144,0.5640062871114215,0.7692307692307692,0.0,0.6077235772357723,0.6666666666666667,0.0,0.4913793103448275,0.01638530287984097,1.0,0.25,0.0,0.3544973544973544,0.4409828167656977,0.0,0.0,0.0,0.8135009122237988,0.7142857142857144,0.6923076923076923,0.4374999999999999,0.0,0.6546546546546548,0.0,1.0,0.0,0.0,0.36972193614830084,0.2857142857142858,0.6785714285714285,1.0,0.7362637362637363,0.6666666666666666,0.0,0.0,1.0,0.33333333333333326,0.09862570735650766,0.17924528301886788,0.5714285714285714,0.5336300192171537,0.17979002624671914,0.6,0.0,1.0,0.0,0.0,0.0,1.0,0.9631067961165048,0.0,0.5,0.0,0.6000000000000001,0.0,0.0,1.0,0.25,0.0,0.0,0.0,0.19544822793606664,0.2785714285714287,0.0,0.33333333333333326,1.0,0.5658548707753479,0.0,0.5221625251846878,0.0,0.0,0.8822039265357822,0.05521472392638038,0.75,0.7,0.0,0.7232524964336662,0.4444444444444444,0.4680290046143706,0.8821138211382114,0.0,0.0,0.0,0.0,0.17391304347826086,0.0,0.0,0.5639821554355482,1.0,0.0,0.5511904761904762,1.0,0.13554852320675115,0.25778863775198524,0.0,0.3317865429234338,0.0,1.0,0.36363636363636365,0.0,0.0,0.0,1.0,0.0,1.0,0.0,1.0,0.0,1.0,0.9559672439253591,0.25,0.2310286677908936,0.0,0.0,0.0,0.7777777777777778,0.8529707955689829,0.0,0.580209388720027,0.0,0.695626183122447,0.698058950395399,0.6080726891490477,0.926604092937375,1.0,0.0,0.6890702512401985,1.0,0.21152715153891388,0.0,0.7533490937746258,0.0,0.0,0.0,0.0,1.0,0.0,0.0,0.9166666666666666,0.5967741935483871,0.44272445820433437,0.7955020920502092,0.0,1.0,0.6579688428449635,0.0,0.0,0.7616592639593908,0.0,0.0,0.0,0.0,0.0,0.0,0.6784305725554196,0.4941278618105379,0.4336283185840708,0.11320859474765399,0.0,0.0,0.0,0.0,0.0,0.0,0.0,0.0,0.0,0.0,0.9111713339355616,0.0,0.0,0.0,0.0,0.15294815987336774,0.0,0.0,0.0,0.0,0.5,0.9285714285714286,0.8266809536565765,1.0,0.0,0.71043312448924,0.0,qsampled
0.0,0.0,0.7941182202646605,0.0,0.0,0.0,0.7723553477498539,0.0,0.3842251840063656,0.0,0.0,0.0,0.0,0.0,0.4,0.0,0.0,0.0,0.0,0.0,0.0,0.0,0.0,0.0,0.06845417017354005,0.0,0.778125,0.7237337798241943,0.8493703584113659,0.0,1.0,0.0,0.0,0.01176470588235301,0.0,0.0,0.8035017840843084,0.0,0.0,0.0,0.0,0.6512012813667912,0.2532039619971699,0.4917981072555204,0.5800803673938002,0.3834903544190219,0.0,0.6315842481619498,0.3808921798808017,0.2405468916898098,0.31282206729311934,0.33333333333333337,0.5806266168439205,0.6141301003138655,0.0,0.0,0.0,0.07188634907071134,0.0,0.5976472656421676,0.0,0.29341040462427725,0.5643269039570491,0.4419272168118913,0.4649122807017544,0.0,0.49295290477827425,0.5717044905842588,0.12119635890767233,0.0,0.5992721391023049,0.6706030150753768,0.0,0.045139277324085514,0.4444444444444444,0.5851063829787233,0.0,0.06900839291265148,0.0,0.4,0.5,0.0,0.0,0.0,0.0,0.0,0.9392439243924392,0.2677366405252597,0.5714285714285714,0.0,0.6666666666666667,0.0,0.5,0.9721588315837517,0.30000000000000004,0.0,0.0,0.09670329670329691,0.34733828536056943,0.007504690431519689,0.7796610169491525,0.0,0.2857142857142857,0.5196172248803828,0.8329683456101931,0.6428571428571428,0.0,0.014888027023645556,1.0,0.0,1.0,0.6113963039014374,0.6063401939910102,0.0,0.0,0.0,0.0,0.4862709488935827,0.23642987249544645,0.0,0.5,0.0,0.39276608360509946,0.8741997439180538,0.05634414831981449,0.44474290099769764,0.0,0.0,0.0,0.44976076555023936,0.6949327333239581,0.0,0.0,0.5320855614973262,0.375,0.0,0.0,0.6666666666666667,0.0,0.5096964023003878,0.0,0.8419432842382941,0.0,0.0,0.0,0.0,0.10378220354467393,0.33333333333333337,0.0,0.0,0.25,0.0,0.5,0.4285714285714285,0.0,0.4241819822386854,1.0,0.0,0.8472348141432458,0.9557575425724142,0.0,0.0,0.0,0.0,0.40290846877673225,0.0,1.0,0.38820988304709725,0.33296807655782,0.6654775417544998,1.0,1.0,0.0,0.0,0.7845303867403315,0.0,0.5271309549241614,0.0,0.0,0.0,0.0,0.5,0.0,0.0,0.0,0.707128278199253,0.0,0.0,0.0,0.40862480685489533,0.0,0.0,0.0,0.0,0.0,0.0,0.0,0.0,0.0,0.897986296483092,0.0,0.39862033030515853,0.0,0.8220265275059795,0.0,0.0,0.0,0.0,0.0,0.0,0.0,0.0,0.0,0.0,0.0,0.0,0.6911764705882353,0.0,0.0,0.0,0.0,0.0,0.9194229321286437,0.0,0.0,0.9130434782608696,0.5802798446347512,0.5,0.0,0.0,0.0,0.0,0.0,0.7517442465896075,0.0,0.0,0.0,0.6841750841750842,0.0,0.4839962392184115,0.0,0.0,0.0,0.0,0.0,0.5,0.0,0.0,0.0,0.0,0.0,0.0,0.0,0.0,0.0,0.2237486560745432,0.0,0.6000000000000001,0.5189873417721519,0.6937931935889686,0.0,0.6666666666666667,0.0,0.0,1.0,0.0,0.0,0.6843135213906526,0.0,0.0,0.0,0.0,0.8451989090567102,0.4302248677248677,0.15984697272122428,0.43725150372107247,0.6959429335711101,0.35968704961910647,0.5285049920322611,0.23484848484848475,0.0,0.5,1.0,0.9768692845615923,0.9340442986054143,0.0,0.0,0.0,0.14491614255765184,0.0,0.8033018036543094,0.0,0.5714285714285714,0.0,0.41917525773195874,1.0,0.0,0.7514450867052023,0.7399286078531362,0.6296296296296297,0.0,0.7495473747736874,0.1887681159420288,0.0,0.0,0.0,0.2500000000000001,1.0,0.0,1.0,1.0,1.0,0.5,0.0,0.0,0.18316100443131456,0.5,0.8759420289855072,0.5283018867924529,0.5,0.0,1.0,0.10830172777075431,1.0,0.9574095682613769,0.29999999999999993,0.6311584553928096,0.0,0.36363636363636365,0.19656786271450832,0.0,0.8636363636363636,0.0,0.5714285714285714,0.0,0.8042584434654919,0.75,0.0,0.33333333333333326,0.5,0.0,1.0,0.6444257847823278,0.5480714957666981,0.0,0.0,0.0,0.0,1.0,0.0,0.0,0.5833333333333333,0.0,0.1931540342298288,0.8928571428571428,0.6061914385449201,0.0,0.0,0.0,0.5154433742942544,1.0,0.7198769703960015,0.33333333333333337,0.0,0.3813147326146691,0.375,0.0,0.013971802362504837,1.0,0.0,0.31464174454828653,0.0,0.5054121565362197,0.0,0.0,0.0,0.46153846153846145,0.23951285520974308,0.8,0.0,0.7272727272727273,0.0,0.0,0.75,0.33333333333333326,0.5,0.7609173735469683,1.0,0.0,1.0,1.0,0.0,0.0,0.0,0.0,0.5671609245529874,0.0,1.0,0.8338220918866079,0.7466167466167466,0.9403487672880337,1.0,0.8,0.0,0.0,0.6568277920570433,0.0,0.6774455418752536,0.44999999999999996,0.4,0.0,0.0,0.0,0.0,0.0,0.0,0.6454227590591226,0.0,0.7954812471757795,0.0,0.0,0.0,0.0,0.0,0.0,0.0,0.0,0.0,0.0,0.0,0.8732394366197183,0.1159042130949931,0.5283626631297222,0.0,0.4605626445787627,0.0,0.0,0.0,0.0,0.0,0.0,0.0,0.0,0.0,0.0,0.0,0.0,0.5,0.0,0.0,0.0,0.0,0.0,0.7356305868185818,0.0,1.0,0.0,0.48043818466353694,1.0,0.0,0.0,0.0,1.0,0.0,0.7202407825432655,0.0,0.0,0.0,0.9333333333333333,0.0,0.7158119658119657,0.0,0.0,0.0,0.0,0.0,0.33333333333333326,0.0,0.0,0.0,0.0,0.0,0.0,0.0,0.0,0.0,0.32258064516129037,0.0,0.6080525883319639,0.7637956748695004,0.918918918918919,0.0,0.7777777777777778,0.0,0.0,0.8181818181818181,0.0,0.0,0.14102564102564086,0.0,0.0,0.0,0.0,0.5997438360550753,0.40931239848402823,0.0,0.0,0.0,0.0,0.8980876301137739,0.3076923076923076,0.0,0.0,0.33333333333333337,0.46153846153846156,0.4651162790697675,0.01638530287984097,0.0,0.25,0.05882352941176461,0.0,0.017078604009759135,0.0,0.9010989010989011,0.7065120428189118,0.44627407200669833,0.5081967213114753,0.6923076923076923,1.0,0.0,0.7052154195011338,0.5,1.0,0.14724770642201834,0.0,0.0,0.8571428571428572,0.5952380952380952,0.0,0.0,0.0,0.4,0.0,0.0,0.33333333333333326,0.0,0.3930753564154785,0.0,0.8170719700699025,0.06169665809768643,0.6,0.0,0.8571428571428572,0.6666666666666667,0.0,0.7777777777777778,1.0,0.0,0.0,0.0,0.6,0.6000000000000001,0.75,0.0,0.0,0.25,0.2857142857142857,0.0,0.0,0.0,1.0,0.0,0.0,0.8245614035087719,0.2716202783300199,0.38888888888888884,0.14814814814814836,0.5773115773115773,0.0,0.25015832805573157,0.5950920245398772,0.25,0.19999999999999996,0.31707317073170727,0.0,0.0,0.0,0.8652482269503546,1.0,0.0,0.0,0.5714285714285714,0.87,0.0,0.0,0.5639821554355482,1.0,0.0,0.0,0.0,0.3121044303797468,0.07147220525351261,0.0,0.31746031746031755,0.0,1.0,0.9090909090909091,0.0,0.3447488584474886,0.0,1.0,0.6085858585858586,0.6666666666666666,0.0,0.5,1.0,0.5,0.0,0.25,0.22972972972972971,0.8666666666666667,0.8725550751492691,0.2093023255813954,0.0,0.2981927710843373,0.0,0.38662486938349017,0.0,0.9778812572759022,0.0,0.2512801755669348,0.40246839253461775,1.0,0.8,0.023363738198111772,0.0,0.3353789207091369,0.5,0.30758988015978705,0.0,0.0,0.0,0.4,1.0,0.0,0.0,0.0,0.9583333333333334,0.04166666666666674,0.0,0.0,0.6681896551724138,0.6490748040625145,0.0,0.0,0.0,0.0,0.0,0.0,0.0,0.0,0.9090423043507319,0.0,0.6628433030206096,0.4336283185840708,0.2594736116852693,0.0,0.0,0.0,0.0,0.0,0.0,0.0,0.0,0.0,0.0,0.0,0.0,0.5555555555555556,0.0,0.0,0.0,0.0,0.5262182407907947,0.8783112158630937,0.0,0.75,0.0,0.5419233860166086,0.0,0.0,0.0,0.0,qsampled
0.0,0.5555555555555556,0.0,0.0,0.0,0.0,0.0,0.0,0.0,0.0,0.6925552594652351,0.6508854354897,0.0,0.0,0.0,0.0,0.0,0.0,0.0,0.0,0.0,0.0,0.0,0.0,0.6232406572835056,0.0,0.0,0.0,0.0,0.0,0.0,0.0,0.6506511001347104,0.0,0.9518348623853211,0.7899923881254758,0.48794424626767074,0.0,0.0,0.0,0.24022438541494806,0.3874623046696518,0.8593797049081602,0.0,0.4531037113739168,0.578383641674781,0.6192990878540565,0.8050419100838202,0.43038850912866655,0.4867665816326531,0.18130194315459458,0.33333333333333337,0.018050082623617625,0.0,0.0,0.0,0.0,0.0,0.8487156775907884,0.0,0.7465760477808672,0.5875028045770697,0.9254477301124531,0.48753482915383484,0.0,0.29796979450359007,0.4244984160506864,0.0,0.12119635890767233,0.0,0.5098117741289547,0.0,0.0,0.45032728477918627,0.7777777777777778,0.0,0.0,0.6557187827911857,0.6666666666666667,0.4,0.0,0.6666666666666667,1.0,0.4447361512207929,0.0,0.0,0.4389501711677444,0.0,0.0,0.44067796610169496,0.0,0.3531439314810946,0.0,0.2498472816127062,0.0,0.18575624082232012,0.78125,0.0,0.0,0.007504690431519689,0.0,0.0,0.8571428571428572,0.0,0.0,0.0,0.0,0.003733935394233945,0.66,0.5695006747638327,1.0,0.5512305869965781,0.0,1.0,0.24609695973705836,0.5157620041753653,0.9166666666666666,0.5746676630221033,0.0,0.01492537313432818,0.0,0.06643502019482073,0.7170501159265205,0.8770914777169664,0.045982935349023424,0.4816941852117732,0.0,0.6666666666666667,0.0,0.0,0.9178505803791511,0.11111111111111105,0.0,0.0,1.0,0.5,0.0,0.0,0.6102271226726528,0.5058300195457304,0.5,0.4148736786865582,0.33333333333333337,0.0,0.7012987012987013,0.8106350420811017,0.10378220354467393,0.0,0.0,0.0,0.0,0.2142857142857143,0.0,0.4285714285714285,0.0,0.17416703935599298,0.0,0.0,0.8298409492552385,0.050430606160980496,0.5233838336313165,0.41666666666666663,0.6777012316960425,0.0,0.0,0.0,0.0,0.18483829650976635,0.4140604258482451,0.0,0.6608838437923895,0.8,0.7678571428571429,0.15384615384615385,0.08103545301069204,0.0,0.0,0.0,0.6300940438871474,0.875,0.0,0.0,0.0,0.0,0.0,0.0,0.0,0.6593028667965315,0.0,0.07947355099974684,0.7964088397790055,0.9500316110121272,0.0,0.8596439222993206,0.0,0.15999999999999992,0.0,0.0,0.16666666666666663,0.0,0.250299107279811,0.4893495012245386,0.0,0.8365373321326495,0.0,0.0,0.0,0.0,0.0,0.0,0.0,0.0,0.0,0.0,0.0,0.0,0.6911764705882353,0.0,0.0,0.0,0.0,0.0,0.0,0.0,0.0,1.0,0.933311416897572,0.0,0.0,0.0,0.0,0.0,0.0,0.0,0.0,0.0,0.0,0.0,0.0,0.0,0.0,0.8660235798499465,0.8,0.0,0.0,0.0,0.0,0.0,0.0,0.0,0.0,0.0,0.0,0.0,0.0,0.6237826755509994,0.0,0.0,0.0,0.0,0.0,0.0,0.0,0.7916666666666666,0.0,0.8881735005083022,0.7391304347826086,0.7080818542194922,0.0,0.0,0.0,0.14095982142857155,0.06903020071281163,0.9046408137317228,0.0,0.9069691706469822,0.0,0.9045086878370282,0.9545015689114168,0.3978974195603696,0.7433903576982892,0.4363636363636364,0.0,0.6494893221912721,0.0,0.0,0.0,0.0,0.0,0.9335692171605484,0.0,0.8758021895054737,0.6857142857142857,0.9152649451156913,0.7961302501179802,0.07251264755480591,0.7705299941758882,0.7514450867052023,0.0,0.6296296296296297,0.0,0.25709112854556426,0.1996108949416343,0.0,0.9585798816568047,0.75,0.0,1.0,0.9097054563013037,1.0,0.5,0.0,1.0,1.0,0.4520597621119814,0.0,0.5,1.0,0.6280991735537189,0.0,0.3392857142857143,0.0,0.0,0.0,0.5122975404919016,0.0,0.0,0.8880429914912673,0.0,0.0,0.0,0.36363636363636365,0.0,1.0,0.0,0.0,0.0,0.0,0.0,0.5,1.0,1.0,0.6202321724709784,0.0,0.6875,0.8387286639199529,0.13961038961038952,0.5,1.0,0.5,0.0,0.5416666666666667,0.2956508086041767,0.6625916870415648,0.8928571428571428,0.6176723212368478,0.6381634372367313,0.0,0.0,0.6778733385457387,0.25,0.9461459727580506,0.0,0.0,0.0,0.0,0.25,0.013945233265720058,0.0,0.9606872451951077,0.31464174454828653,1.0,0.5363546519836228,0.0,0.0,0.3529411764705882,0.9019908116385911,0.2619663648124193,0.0,0.0,0.7272727272727273,0.5,0.1428571428571429,0.0,0.33333333333333326,1.0,0.5894125242091672,0.0,0.0,0.6964504283965728,0.0,0.28531390134529144,0.5202265372168284,0.38847305389221554,0.0,0.0,0.0,0.3709327548806941,0.8088694565896315,0.7465387465387465,0.10591350397175647,0.7762145748987854,0.8,0.5258918296892982,0.0,0.4812741570038651,0.0,0.0,0.0,0.0,0.6666666666666666,1.0,1.0,0.0,0.0,0.0,0.0,0.0,0.0,0.0,0.9203095586697343,0.7818992536107789,0.9716821393121972,0.0,0.903288769492308,0.0,0.13636363636363646,0.0,0.0,0.1724137931034483,0.0,0.0,0.8510141446490526,0.0,0.5173376623376624,0.0,0.0,0.0,0.0,0.0,0.0,0.0,0.0,0.0,0.0,0.0,0.0,0.5,0.0,0.0,0.0,0.0,0.0,0.0,0.0,0.35483870967741926,1.0,0.97339593114241,0.0,0.0,0.0,0.0,1.0,0.8876033057851239,0.0,0.0,0.0,0.0,0.0,0.0,0.0,0.0,0.526849702230746,0.6074766355140186,0.0,0.0,0.0,0.0,0.0,0.0,0.0,0.0,0.0,0.0,0.0,0.0,0.0,0.0,0.0,0.0,0.0,0.0,0.0,0.0,1.0,0.0,0.7121212121212122,0.8686716791979949,0.3638068448195031,0.0,0.0,0.0,0.0,0.43345153664302594,0.8439620081411127,0.0,0.32737762888516664,0.5303738317757009,0.43112272677774144,0.6270318663794309,0.7692307692307692,0.2925278219395867,0.0,0.6666666666666667,0.7857142857142857,0.4913793103448275,0.0,0.0,0.0,0.0,0.4818181818181817,0.038942220612207756,0.4850088183421516,0.7142857142857143,0.3946759259259258,0.36190476190476195,0.09836065573770503,0.18508092892329342,1.0,0.2857142857142857,0.7052154195011338,0.5,1.0,0.14724770642201834,0.0,0.36972193614830084,1.0,0.0,0.0,0.07033426183844005,0.6666666666666666,0.6,0.0,0.5,0.0,0.6475343573160874,0.0,0.0,0.5328430384847875,0.0,0.0,0.3882352941176471,1.0,0.6956521739130435,1.0,0.5,1.0,0.41176470588235303,0.6666666666666667,0.5,0.0,0.33333333333333337,0.5,0.0,0.5,0.0,0.0,0.0,0.0,0.21915236051502163,0.0,0.7979319258940112,0.0,1.0,0.5784444444444444,0.0,0.0,0.4652605459057072,1.0,0.8822039265357822,0.5714285714285714,0.25,0.0,0.0,0.5105837075048107,0.0,0.7833333333333333,0.0,1.0,1.0,0.0,0.0,0.52,0.2857142857142857,0.0,0.0,1.0,1.0,0.0,1.0,0.3822521097046414,0.07147220525351261,0.0,0.7466216216216216,1.0,1.0,0.0,0.6666666666666666,0.3447488584474886,0.6666666666666667,1.0,0.6085858585858586,0.0,1.0,1.0,1.0,0.0,0.22942286420717017,0.0,0.2060185185185185,0.26923076923076916,0.6358103197674418,0.0,0.0,0.0,0.0,0.5990536277602525,0.0,0.0,0.0,0.05820328975115985,0.0,0.8990429505135388,0.8,0.6907533139346913,0.0,0.6076149141842572,0.5,0.5436337625178828,0.0,0.6870967741935485,1.0,0.0,0.0,0.0,0.0,0.0,0.0,0.0,0.7955020920502092,0.0,0.7707006369426752,0.0,0.3978895096213533,0.0,0.935174697220528,0.0,0.5,0.0,0.0,0.5,0.0,0.6567302112660922,0.47269082196469603,0.0,0.2575370606851368,0.0,0.0,0.0,0.0,0.0,0.0,0.0,0.0,0.0,0.0,0.0,0.0,0.5555555555555556,0.0,0.0,0.0,0.0,0.38505050505050487,0.0,0.0,0.5,0.9285714285714286,0.8889970788704966,1.0,0.0,0.0,0.0,qsampled
0.0,0.5555555555555556,0.0,0.0,0.0,0.6717303278054316,0.0,0.0,0.0,0.0,0.0,0.0,0.0,0.7734197678026159,0.0,0.0,0.0,0.8738277919863597,0.0,0.0,0.0,0.0,0.0,0.0,0.10638994190961892,0.0,0.6729471316085489,0.0,0.0,0.0,0.0,0.0,0.6513523195414652,0.0,0.0,0.7905242905242905,0.476566454094544,0.0,0.0,0.0,0.32875925237435366,0.5296053511705685,0.0,0.38588850174216016,0.0,0.3641088572872303,0.06549240094878295,0.3427025402074252,0.0,0.5532457081545064,0.2117704162116245,0.33333333333333337,0.8203082600672962,0.0,0.4619148936170213,0.0,0.8141592920353982,0.05222088835534233,0.0,0.0,0.0,0.23223915592028133,0.0,0.9299529937581876,0.4649122807017544,0.2454134538686522,0.0,0.918353576248313,0.12617030762371828,0.3355704697986577,0.0,0.13324732768153325,0.8648648648648649,0.0,0.33333333333333337,0.0,0.0,0.05660377358490576,0.0,0.0,0.0,0.33333333333333337,1.0,0.11815252416756161,0.0,0.22222222222222232,0.7044104410441044,0.43096844792996536,0.5714285714285714,0.0,0.0,0.7431079104309666,0.0,0.20775142550202452,0.30000000000000004,0.0,0.0625,0.0,0.735166872682324,0.10821643286573146,0.34702702702702726,0.0,0.0,0.75,0.0,0.0,0.0,0.02850779510022272,0.0,0.0,0.0,0.5986029016657711,1.0,0.0,0.0,0.5157620041753653,0.9166666666666666,0.5788298872180451,0.015677491601343907,0.0,0.0,0.0,0.7928667728888344,0.0,0.0010219449225474797,0.0,0.0,0.0,0.0,0.0,0.6909783022459078,0.0,0.25,0.0,1.0,0.0,0.0,0.6666666666666667,0.0,0.0,0.0,0.0,0.0,0.8991825613079019,0.0,0.0,0.18892746208660693,0.33333333333333337,0.0,0.0,0.0,1.0,0.0,0.4285714285714285,0.0,0.0,0.0,0.656627447478288,0.4577915777217155,0.0,0.931614024920313,0.4722222222222222,0.0,0.0,0.0,0.0,0.4862318251969783,0.0,0.6042974151685991,0.2616750445921844,0.0,0.0,0.5825242718446602,0.0,0.8791436464088398,0.0,0.4533016892363535,1.0,0.5899333826794966,0.0,0.0,0.5,0.0,0.0,0.0,0.0,0.9807403851922961,0.5940288341468952,0.0,0.461441213653603,0.5720568927789933,0.9696103648661523,0.0,0.0,0.0,0.0,0.0,0.0,0.0,0.0,0.9144399791391846,0.0,0.6636263261485287,0.2368263353441732,0.0,0.0,0.0,0.0,0.0,0.0,0.0,1.0,0.9775720675944334,0.0,0.0,0.0,0.0,0.7179312110608518,0.0,0.0,0.0,0.021719715643196302,0.0,0.0,0.0,0.13636363636363635,0.49917828230567873,0.0,0.0,0.6781948834743683,0.0,0.0,0.0,0.0,0.0,0.0,0.6714285714285715,0.0,0.0,0.0,0.0,0.0,0.0,0.0,0.9517114914425427,0.0,0.0,0.0,0.6755718526279029,0.0,0.0,0.0,0.0,0.0,0.0,0.0,0.0,0.8,0.0,0.0,0.0,0.0,0.0,0.36857142857142855,0.0,0.0,0.7073170731707317,0.6843135213906526,0.0,0.0,0.0,0.12886115444617785,0.7759171425805826,0.0,0.7174203113417346,0.3735160802935463,0.3236228813559322,0.648129958443521,0.7121746591667462,0.0,0.7538782816229117,0.0,0.0,1.0,0.6184591112279779,0.48051539912005026,0.0,0.7567039106145252,0.14491614255765184,0.0,0.0,0.0,0.5714285714285714,0.0,0.9007444168734492,1.0,0.667662434652726,0.0368421052631579,1.0,0.24242424242424232,0.4568965517241379,0.3017543859649122,0.0,0.8,0.18467220683287167,1.0,0.0,0.0,0.04418155480444219,0.0,1.0,0.0,0.0,1.0,0.0,0.0,0.0,0.5,0.5483870967741935,0.5,0.0,0.0,0.6394849785407726,0.0,0.2543892416884571,0.29999999999999993,0.0,0.1133837261004893,0.0,0.5934204976803037,0.0,0.36363636363636365,1.0,0.0,0.4285714285714286,0.0,0.0,0.0,0.0,0.0,0.0,0.0,0.680527995858856,1.0,0.0625,0.0,0.17002518891687646,0.5,0.42307692307692313,0.4545454545454546,0.0,0.0,0.0,0.5475214312336938,0.0,0.593872870249017,0.0,0.0,0.0,0.4973919523099851,0.6666666666666667,0.6260720411663809,0.33333333333333337,0.33333333333333337,0.0,0.0,0.0,0.508613617719442,1.0,0.040506329113924044,0.0,0.0,0.0,0.0,0.9,0.0,0.0,0.75,0.6000000000000001,0.0,0.7272727272727273,0.5,0.1428571428571429,0.0,0.33333333333333326,0.5,0.0,0.0,0.9063680640903091,0.6585067319461445,0.15147407658420875,0.8428967154728927,0.39522653721682854,0.0,0.0,0.7962170682278766,0.0,0.9370932754880694,0.0,0.5055185055185055,0.0,0.4406546644844518,0.0,0.2515942028985507,0.0,0.885110744685592,0.0,0.6774455418752536,0.65,0.0,0.0,0.0,0.0,0.0,0.0,0.0,0.0,0.9762225284572922,0.907323568575233,0.0,0.0,0.6905120713516839,0.9597711216208326,0.0,0.0,0.0,0.0,0.0,0.0,0.0,0.0,0.9396924482338611,0.0,0.7696369245372567,0.10634051046842463,0.0,0.0,0.0,0.0,0.0,0.0,0.0,0.9512195121951219,0.9841182061695325,0.0,0.0,0.0,0.0,0.5583554376657824,0.0,0.0,0.0,0.8986954346029862,0.0,0.0,1.0,1.0,0.48043818466353694,0.0,0.0,0.7448555166374782,0.0,1.0,0.857645492582731,0.0,0.0,0.0,0.8475820379965457,0.0,0.0,0.0,0.0,0.0,0.0,0.0,0.688253282964562,0.0,0.0,0.0,0.5634328358208955,0.0,0.0,0.0,0.0,0.0,0.0,0.6720302375809935,0.0,0.8194444444444444,0.0,0.0,0.0,0.0,0.0,1.0,0.0,0.0,0.8665564478034955,0.14102564102564086,0.0,0.0,0.0,0.0,0.43640661938534264,0.0,0.39142695995487864,0.0,0.5926760563380282,0.0,0.0,0.15384615384615385,0.2925278219395867,0.6798245614035088,0.6666666666666667,0.7948717948717949,0.0,0.01746216530849809,0.0,1.0,0.25356633380884475,0.0,0.015080226806611252,0.0,0.09523809523809523,0.31783276450511944,0.8799283154121864,0.5081967213114753,0.0,0.2932692307692307,0.923469387755102,0.6453900709219857,0.0,1.0,0.0,0.25,0.22863027806385183,0.2857142857142858,0.0,1.0,0.4220055710306406,0.6666666666666666,0.0,0.0,1.0,0.0,0.0,0.0,0.5714285714285714,0.4515416290047203,0.4036511156186614,0.6,0.08510638297872364,1.0,0.5652173913043479,1.0,0.08823529411764708,1.0,0.0,1.0,0.5,0.8,0.6666666666666667,0.5,0.0,1.0,0.5,0.0,0.0,0.0,0.2135179153094463,0.20000000000000007,0.0,0.25,0.8245614035087719,0.7006666666666667,0.0,0.5444915254237288,0.5773115773115773,0.0,0.0,0.4285714285714286,0.25,0.7,0.31707317073170727,0.3297297297297299,0.2222222222222221,0.0,0.36448598130841114,1.0,0.0,0.13571428571428568,0.7142857142857143,0.8522727272727273,0.0,0.0,0.2320390170699681,1.0,0.0,0.0,0.0,0.24157608695652188,0.0,0.0,0.5396825396825395,0.0,1.0,0.9090909090909091,0.0,0.07692307692307698,0.33333333333333337,1.0,0.605263157894737,0.0,1.0,1.0,1.0,0.5,0.5999506416584404,0.0,0.0,0.3846153846153846,0.0,0.25773195876288646,0.7777777777777778,0.19723714504988477,0.0,0.0,0.0,0.3653287959163247,0.5924812030075188,0.9508998776865281,0.7343637670740475,0.0,0.0,0.6910766246362754,0.0,0.0,0.5,0.0,1.0,0.7652849740932642,0.0,0.4,1.0,0.0,0.0,0.0,0.0,0.934201266713582,0.5250729070346396,0.0,0.6681896551724138,0.10589904128350613,0.8989010989010989,0.0,0.0,0.0,0.0,0.0,0.0,0.0,0.0,0.8554432145036173,0.0,0.010928961748634003,0.21347501851437245,0.0,0.0,0.0,0.0,0.0,0.0,0.0,1.0,1.0,0.0,0.0,0.0,0.0,0.7272727272727273,0.0,0.15294815987336774,0.0,0.07182021777743475,0.0,0.0,0.0,0.0,0.5613437195715678,1.0,0.0,0.71043312448924,0.0,qsampled
0.0,0.0,0.0,0.0,0.0,0.0,0.0,0.9117647058823529,0.7045790251107829,0.7224732262382865,0.5017490464238424,0.5664575014261266,0.0,0.0,0.0,0.0,0.0,0.0,0.0,0.0,0.0,0.0,0.0,0.0,0.3704175349232076,0.0,0.0,0.7424600827912478,0.0,0.0,0.0,0.0,0.0,0.0,0.9518348623853211,0.0,0.0,0.0,0.8378152384774902,0.0,0.16283621316333974,0.0,0.0,0.3867565510492551,0.4541359096830221,0.3641088572872303,0.0,0.6041912585094513,0.0,0.0,0.0,0.6666666666666667,0.2991833163190899,0.16533583842179422,0.5397301349325339,0.0,0.0,0.047592877555506785,0.0,0.0,0.8722638988798684,0.2763929618768328,0.5930549939344925,0.4393738711619506,0.0,0.3880292151522655,0.0,0.0,0.0,0.7236238532110092,0.035211267605633645,0.7303163017031631,0.0,0.0,0.7142857142857143,0.0,0.0,0.18977591036414554,0.0,0.4,0.0,0.33333333333333337,1.0,0.11815252416756161,0.3107787519339864,0.5555555555555556,0.3288702928870295,0.0,0.1428571428571428,0.9491525423728814,0.0,0.0,0.5,0.17676225105363186,0.30000000000000004,0.0,1.0,0.2716346153846153,0.0,0.013793103448275779,0.0,0.4085308056872038,0.0,0.0,0.31534939279315155,0.0,1.0,0.0,1.0,0.46446558477895916,0.0,0.9230769230769231,0.9082138200782268,1.0,0.0,0.8620689655172413,0.0,0.3840414379971637,0.8333333333333333,0.6106194690265487,0.5555555555555556,0.48958549376314786,0.0,0.0,0.9162964204878866,0.41666666666666663,0.0,0.0,0.0,0.0,0.0,0.4444444444444444,0.0,0.07539118065433859,0.375,0.0,0.5786199095022624,0.6666666666666667,0.2574351545878413,0.31833727966324643,0.0,0.0,0.6666666666666667,0.8214285714285715,0.16625310173697294,0.6911665542818611,0.4270976616231086,0.33333333333333337,0.0,0.36786344908769875,0.75,0.0,0.75,0.0,0.0,0.5819592628516004,0.0,0.3985322157067309,0.6009811454577694,0.705812757201646,0.5158946412352406,0.0,0.5670002440810349,0.6666666666666667,0.028522205206737983,0.5586433187129608,0.532938022906344,0.0,0.0,0.0,1.0,0.0,0.7333333333333334,0.0,0.07790055248618777,0.0,0.5064077669902913,1.0,0.6175471115230151,0.0,0.8,0.5,0.0,0.0,0.0,0.7083934912397081,0.04936159010135588,0.5073295896691695,0.9861431870669746,0.46354825115887066,0.9866608065047797,0.9809556033545206,0.33333333333333326,0.8362718957777853,0.7736334405144695,1.0,0.0,0.0,0.25,0.0,0.0,0.0,0.0,0.0,0.0,0.0,0.0,0.0,0.0,0.6647928408978543,0.0,0.0,0.0,0.0,0.0,0.0,0.4666666666666667,0.0,0.0,0.5457623376145438,0.0,0.10395950572393642,0.0,0.0,0.17808219178082185,0.9130434782608696,0.805972159856309,0.0,0.0,0.0,0.0,0.0,0.0,0.0,0.0,0.0,0.0,0.0,0.7859195402298851,0.7693973754618424,0.8636363636363636,0.779874213836478,0.8,0.0,0.0,0.0,0.0,0.0,0.0,0.0,0.0,0.0,0.0,0.0,0.0,0.3289448937370698,0.0,0.0,0.5189873417721519,0.0,0.0,0.0,0.0,0.0,0.0,0.8881735005083022,0.0,0.0,0.0,0.8590931920916853,0.0,0.5927272727272725,0.0,0.0,0.7373397228338299,0.7613894222377379,0.0,0.6387278828553996,0.7710119075198072,0.0,0.0,0.0,1.0,0.0,0.0,0.48486419241136225,0.0,0.0,0.14491614255765184,0.0,0.0,0.9986187845303868,0.5714285714285714,0.0,0.4193548387096775,0.2100271002710028,0.1556350626118067,0.0,0.0,0.0,0.7880434782608695,0.11504424778761035,0.817984832069339,0.0,0.18467220683287167,0.0,0.0,1.0,0.0,0.0,0.5,0.0,0.0,0.0,0.0,0.43582510578279265,0.75,0.39630996309963107,0.6280991735537189,0.0,1.0,1.0,0.20719178082191791,1.0,0.478454172366621,0.29999999999999993,0.5917735515258734,0.825,0.36363636363636365,0.0,1.0,0.0,0.5263157894736842,0.0,0.0,0.4285714285714287,0.0,0.0,0.1428571428571428,0.5,1.0,1.0,0.6761696545693048,0.9813576494427558,0.8125,0.16109422492401204,0.9166666666666666,0.6296296296296295,0.0,0.0,0.08333333333333337,0.5,0.36557575757575755,0.0,0.0,0.5018020969855832,0.7509353287012293,0.0,0.0,0.0,0.25,0.0,0.6666666666666667,0.0,0.6418964610414006,0.375,0.0,0.2690730106644791,1.0,0.7123417721518988,0.3292682926829268,0.0,0.0,1.0,0.9,0.5882352941176471,0.8686493184634448,0.0,0.6000000000000001,0.0,0.25806451612903225,1.0,0.0,0.75,0.0,0.5,0.47586137820512797,0.0,0.6663996796155387,1.0,0.8213199785369343,0.8244929797191888,0.0,0.7658602150537634,0.6470588235294118,0.0,0.47889750215331617,0.0,0.0,0.0,0.17232930414897085,1.0,0.0,0.4872389791183296,0.0,0.48091670730085534,0.0,0.609602021478206,0.65,0.0,0.0,1.0,0.0,0.0,0.0,0.0,0.646873771136453,0.0,1.0,0.9958709282764949,0.0,0.990714649920833,0.8810754912099276,0.5,0.9052084117071703,0.984375,0.0,0.0,0.0,0.2592592592592593,0.0,0.7294010232734415,0.0,0.0,0.0,0.0,0.0,0.0,0.0,0.0,0.6510956344487855,0.0,0.0,0.0,0.0,0.0,0.0,0.5,0.0,0.0,0.9302272856090235,0.0,0.20867071524966252,0.0,0.0,0.5416666666666667,1.0,0.7784114052953157,0.5,0.0,0.0,0.0,0.0,0.0,0.0,0.0,0.0,0.0,0.0,0.7142857142857143,0.6960576515472657,0.6578385305425032,0.526849702230746,0.6074766355140186,0.0,0.0,0.0,0.0,0.0,0.0,0.0,0.0,0.0,0.0,0.0,0.0,0.6996760259179265,0.0,0.0,0.691456145330684,0.0,0.0,0.0,0.0,0.0,0.0,0.7121212121212122,0.0,0.0,0.4516599781101788,0.7508458192363461,0.0,0.0,0.0,0.0,0.16860143725815357,0.3043235184494968,0.5909090909090908,0.0,0.6268125707509029,0.15384615384615385,0.75,0.40582655826558267,0.6666666666666667,0.0,0.8545454545454545,0.0,0.0,0.0,0.25356633380884475,0.0,0.782312925170068,0.39982876712328774,0.09523809523809523,0.7377701934015928,0.5915264544901683,0.4461538461538461,0.7692793931731985,0.2932692307692307,0.2857142857142857,0.7735042735042734,0.2500000000000001,0.0,0.7072769180111953,0.23076923076923073,0.3839605734767023,0.8571428571428572,0.4626865671641791,0.0,0.0,0.6666666666666666,0.6,0.0,1.0,1.0,0.3900928792569659,0.2515723270440251,0.5714285714285714,0.3457446808510639,0.0,0.19999999999999996,0.21052631578947367,0.0,0.0,0.0,0.33333333333333337,1.0,0.0,0.6666666666666667,0.0,0.0,0.33333333333333337,0.0,0.0,1.0,1.0,0.0,0.0,0.0,0.0,0.0,0.7858681602757431,0.0,0.8245614035087719,0.30409356725146186,0.1515151515151516,0.0,0.8279569892473119,0.625,0.24445851804939833,0.3766233766233765,0.75,1.0,0.7560975609756098,0.553122987765615,0.2222222222222221,0.6739130434782609,0.0,1.0,0.0,1.0,0.0,0.17391304347826086,0.4285714285714285,1.0,0.0,1.0,0.0,0.11764705882352955,0.0,0.33046107331821617,0.11494252873563238,0.0,0.20279720279720292,0.0,0.0,0.18181818181818177,0.41666666666666663,0.9074074074074074,0.33333333333333337,1.0,0.08333333333333337,0.6666666666666666,0.0,1.0,0.0,0.5,0.9065934065934066,0.0,0.5076923076923077,0.26923076923076916,0.30654873917952585,0.25773195876288646,0.0,0.0,1.0,0.6080486980047344,0.10030165912518862,0.6945219123505977,0.4279250161603103,0.6883394746226078,0.3669467787114846,1.0,0.0,0.1847826086956521,0.11111111111111116,0.5722360764754779,0.5,0.3073561544064093,1.0,0.7868325973504616,0.0,0.8,1.0,0.0,0.0,0.0,0.9583333333333334,0.045038705137227186,0.5968571825893478,1.0,0.6681896551724138,0.3425428564085431,0.0,0.0,0.7836992481203007,0.9647058823529412,0.0,0.0,0.0,0.5,0.0,0.13024538986496303,0.0,0.0,0.0,0.0,0.0,0.0,0.0,0.0,0.40723701672122437,0.0,0.0,0.0,0.0,0.0,0.0,0.5555555555555556,0.0,0.0,0.2331199669626266,0.0,0.33594263807125335,0.0,0.0,1.0,0.0,0.8313047711781889,0.0,0.0,0.0,0.0,qsampled
0.0,0.0,0.7499120845114009,0.0,0.0,0.0,0.0,0.0,0.3842251840063656,0.0,0.0,0.0,0.0,0.681011160885423,0.0,0.0,0.0,0.0,0.0,0.4166110352346012,0.478460868588123,0.0,0.0,0.0,0.0,0.0,0.5970724191063175,0.0,0.0,0.8878708551483421,0.0,0.0,0.8962962962962963,0.0,0.0,0.0,0.0,0.0,0.0,0.0,0.0,0.5296053511705686,0.341120785663663,0.1820702402957487,0.0,0.7984420642648491,0.5314975085234723,0.5903011126655597,0.0,0.746811224489796,0.0,0.6666666666666667,0.031136065334694374,0.0,0.0,0.23364223532715522,0.0,0.0,0.0,0.0,0.38691343631594277,0.0,0.6147057137944869,0.45276236617957333,0.17543859649122806,0.45109241587142135,0.8265845070422535,0.749743062692703,0.09872159090909094,0.0,0.5050545895673272,0.0,0.8,0.5104813986245753,0.0,1.0,0.0,0.0,0.0,0.4,0.0,0.33333333333333337,1.0,0.11815252416756161,0.33438908515044463,0.44444444444444453,0.37747476071849995,0.5888787602552417,0.5714285714285714,0.0,0.6666666666666667,0.0,0.5,0.8585827733659133,0.0,0.0,0.0,0.0,0.0,0.007504690431519689,0.0,0.0,0.0,0.9406698564593301,0.3273248668578451,0.0,0.0,0.3190230391539718,0.0,0.0,0.0,0.6908003436653228,0.0,0.0,0.15579662789177884,0.5218345173422483,0.9166666666666666,0.20270394555320537,0.21313923105636423,0.4626865671641792,0.0,0.0,0.0,0.9656771799628943,0.6999178419827469,0.41542288557213924,0.0,0.0,0.0,0.35766423357664245,0.8944820909970959,0.33333333333333326,0.25,0.0,1.0,0.0,0.0,0.0,0.002323117052494439,0.0,0.0,0.2895807535821687,0.33333333333333337,0.35164835164835184,0.7012987012987013,0.6904937361827561,0.0,0.33333333333333337,0.0,0.38095238095238093,0.25,0.8690476190476191,0.0,0.0,0.0,0.1859077917236236,1.0,0.0,0.4890796093518792,0.0,0.0,0.0,0.6707539911521445,0.0,0.1079711557201325,0.5586433187129608,0.0,0.0,0.22416812609457104,0.5780522452845078,1.0,1.0,0.8888888888888888,0.0,0.7819358469330331,0.8333333333333334,0.41293071507965917,0.8269230769230769,0.765625,0.0,0.0,0.5,0.0,0.0,0.0,0.0,0.0,0.6521341710345147,0.0,0.049286987522281556,0.9385218365061591,0.7830504582767264,0.0,0.6445475804405616,0.0,1.0,0.9956974034016237,0.0,0.0,0.0,0.5138159539884972,0.0,0.0,0.8336759868421052,0.0,0.0,0.0,0.0,0.7347243847117838,0.0,0.0,0.0,0.0,0.0,0.0,0.0,0.0,0.8762264150943396,0.0,0.9489340996067808,0.9347826086956522,0.2588961539378243,0.0,0.0,0.5,0.13636363636363635,0.0,0.0,0.0,0.7023592778030647,0.8125,0.0,1.0,0.8541518037159962,0.0,0.0,0.0,0.0,0.0,0.4215754792332269,0.0,0.0,0.0,0.0,0.7360807317558162,0.0,0.0,0.0,0.0,0.0,0.7996276354853319,0.8815840061514801,0.0,0.0,0.0,0.7152226441146012,0.0,0.8,0.0,0.0,0.8486074744108546,0.0,0.0,0.8,1.0,0.0,0.0,0.0,0.0,0.0,0.0,0.0,0.7916814159292036,0.5405173890697276,0.4162673228856365,0.4418948283355063,1.0,0.8855307895731016,0.76669978314051,0.0,0.7003998769609351,0.0,1.0,0.5958950201884252,0.8731105807478122,0.0,0.30083857442348005,0.0,0.0,0.0,0.0,0.3149728471683476,0.19999999999999996,0.03524332810047093,0.41917525773195874,0.0,0.0,0.5028901734104047,0.7341703056768558,0.6296296296296297,0.0,0.17271505376344087,0.17378461538461543,0.39047619047619064,0.556084885231702,0.5,0.75,1.0,0.0,0.0,1.0,0.0,0.0,1.0,0.0,0.5066469719350074,0.75,0.5555555555555556,1.0,1.0,0.0,0.0,0.2071917808219178,1.0,0.9533275713050994,0.0,0.5236270753512133,0.0,0.0,0.0,1.0,0.36363636363636365,0.0,0.0,1.0,0.3941556993084987,0.0,0.0,0.5238095238095237,0.0,0.0,0.5,0.7847667514843087,0.0,0.0,0.73,0.14268585131894462,0.5,0.0,0.2727272727272728,0.08333333333333337,0.5416666666666667,0.0,0.0,1.0,0.47492191805989337,0.7475192943770672,0.0,0.0,0.0,0.0,0.9380579057672902,0.33333333333333337,0.33333333333333337,0.0,0.0,0.0,0.0,0.0,0.8706954760297096,0.0,0.0,0.4790343074968233,0.0,0.44999999999999996,0.3529411764705882,0.8888888888888888,0.3667117726657646,0.8,0.0,0.0,0.0,0.8571428571428572,0.0,0.0,0.5,0.6794201755250961,1.0,0.0,0.7252208047105004,0.1504664970313826,0.43333333333333335,0.0,0.5984481086323958,0.0,0.5570817383472191,0.47889750215331617,0.2775041050903121,0.0,0.5791730129181476,0.9441549983718659,1.0,0.8,0.7513043478260869,0.0,0.640224109564676,1.0,0.7162762397322787,0.8,1.0,0.0,0.0,0.0,0.0,0.0,0.0,0.0,0.0,1.0,0.0,0.9015461573442474,0.9599055660037613,0.8031178840427395,0.0,0.7534438684939289,0.0,0.13636363636363646,0.9959415454210045,0.0,0.0,0.0,0.3181105617667833,0.0,0.0,0.37040636578995323,0.0,0.0,0.0,0.0,0.7395586056722652,0.0,0.0,0.0,0.0,0.0,0.0,0.0,0.0,0.5,0.0,1.0,0.9385192668494733,0.0,0.0,0.0,0.0,1.0,0.0,0.0,0.0,0.7565651522715926,0.8446601941747572,1.0,0.0,0.7201734196863459,0.0,0.0,0.0,0.0,0.0,0.30114551637730447,0.0,0.0,0.0,0.0,0.5132487714171867,0.0,0.0,0.0,0.0,0.0,0.11642387218045114,0.4218023756240318,0.0,0.0,0.0,0.0,0.0,0.47339593114240996,0.0,0.0,0.95,0.0,0.0,0.5201448619284745,0.8181818181818181,0.0,0.0,0.0,0.0,0.0,0.0,0.0,0.3353264769193972,0.38485089012359674,0.08547362607014652,0.0,0.6689214580984593,0.43112272677774144,0.5666145426114151,0.15384615384615385,1.0,0.40582655826558267,0.6666666666666667,0.20512820512820518,0.0,0.16374687164819457,0.5051546391752577,0.25,0.0,0.0,0.10601265822784822,0.7910353535353536,0.0,0.7377701934015928,0.4988147646461225,0.4918032786885246,0.7692793931731985,0.75,0.0,0.6546546546546548,0.5,1.0,0.14724770642201834,0.8064516129032259,0.46752917300862507,0.0,1.0,0.0,0.0,0.6666666666666666,0.4,0.0,1.0,0.0,0.3900928792569659,0.2515723270440251,0.4285714285714285,0.4522673031026253,0.3647694849076436,0.3999999999999999,0.0,0.0,0.0,0.0,1.0,1.0,0.0,0.0,0.5,0.0,0.33333333333333337,0.5,0.0,1.0,1.0,0.0,0.0,0.0,0.39708900914349676,0.2785714285714287,0.0,0.0,0.2482915717539863,0.6969314838167298,0.33333333333333326,0.0,0.8939068100358423,1.0,0.0,0.5714285714285714,0.75,0.0,0.31707317073170727,0.5227736233854521,0.6666666666666667,0.7846858638743456,0.0,1.0,0.0,1.0,0.7142857142857143,0.6057692307692308,0.4285714285714285,1.0,0.2320390170699681,1.0,0.0,0.0,1.0,0.0,0.3928571428571429,0.0,0.0,1.0,1.0,0.0,0.41666666666666663,0.0,0.0,1.0,0.0,0.6666666666666666,1.0,1.0,0.0,0.5,0.21758802237578145,0.25,0.74,0.3846153846153846,0.0,0.0,0.0,0.8865107018417123,0.0,0.38958403787622586,0.1468689477081988,0.0,0.4279250161603103,0.0854629739688576,0.0,0.0,0.8,0.002400384061449823,0.0,0.3311304004734661,0.0,0.26478988168094664,0.8780487804878049,0.7202072538860104,0.0,0.4,1.0,0.0,0.0,0.0,0.0,0.045038705137227186,0.7001703093954017,0.0,0.4482758620689655,0.09641099631566752,0.19509043927648595,0.0,0.31007445580865944,0.0,0.5,0.995386825985026,0.0,0.0,0.0,0.13978494623655924,0.0,0.0,0.08659598268566693,0.0,0.0,0.0,0.0,0.9329288843950118,0.0,0.0,0.0,0.0,0.0,0.0,0.0,0.0,0.9047619047619048,0.0,0.98125,0.8679245283018868,0.6899679574040715,0.0,0.0,1.0,0.0,0.0,1.0,0.0,0.7026905829596413,0.75,qsampled
0.0,0.6928571428571428,0.7941182202646605,0.0,0.0,0.0,0.0,0.0,0.0,0.0,0.0,0.0,0.0,0.0,0.4,0.0,0.0,0.0,0.0,0.0,0.0,0.0,0.0,0.0,0.6232406572835056,0.0,0.0,0.0,0.0,0.0,0.0,0.07029812292970183,0.6580297365446482,0.0,0.0,0.7632592725318044,0.0,0.7673119713171241,0.0,0.0,0.0,0.3255081967213115,0.0,0.9583333333333334,0.8792679595738869,0.3834903544190219,0.6173451482716266,0.48901899016315487,0.0,0.9550033579583613,0.6596073493217331,0.0,0.0,0.0,0.4743826838924775,0.0,0.0,0.12338699766498717,0.9204283801874164,0.5977710084648956,0.7194071261682243,0.3170524527500532,0.7326519634211942,0.0,0.17543859649122806,0.990709773318469,0.8608470181503889,0.0,0.7218465539661898,0.29931972789115635,0.5050545895673271,0.6706030150753768,0.0,0.6139389193422083,0.7777777777777778,1.0,0.0,0.08024455483377912,0.0,0.6000000000000001,0.0,0.0,0.0,0.23938525657723375,0.5523038605230386,0.22222222222222232,0.785039941902687,0.0,0.1428571428571428,0.0,0.6666666666666667,0.0,0.0,0.0,0.30000000000000004,0.0,0.0,0.09670329670329691,0.0,0.8030018761726079,0.0,0.0,0.2857142857142857,0.5196172248803828,0.0,0.6428571428571428,0.18181818181818188,0.019672635057250587,0.6734693877551021,0.982672138622891,1.0,0.46464779028183334,0.35007849293563587,1.0,0.5169258920402562,0.2744463017133305,0.5,0.0,0.5979740424184868,1.0,0.5,0.13978269954032585,0.2658760747109399,0.877332517589477,0.5872459705676245,0.44474290099769764,0.0,0.0,0.7476851851851851,0.0,0.0,0.0,0.0,1.0,1.0,0.0,0.0,0.0,0.0,0.506362351040194,0.0,0.35748492373181984,0.33333333333333337,0.0,0.4267990074441689,0.7061919504643963,0.0,0.0,0.0,0.3284936479128856,0.0,0.0,0.0,0.0,0.0,0.6179362913471039,0.0,0.0,0.13794652886991676,0.0,0.0,0.0,0.6401535717055766,0.0,0.0,0.6918116376724655,0.9743906201789572,0.0,0.5981343085811204,0.0,0.41740996168582367,1.0,0.8883495145631068,0.15384615384615385,0.7845303867403315,0.0,0.3423134487919606,0.0,0.0,0.0,0.0,0.5,0.0,0.0,0.0,0.7109338154378242,0.0,0.0,0.0,0.41683340002667735,0.0,0.68933554258819,0.0,0.0,0.8007456503728252,0.0,0.0,0.0,0.2049488972565896,0.0,0.250299107279811,0.0,0.0,0.0,0.0,0.0,0.0,0.9987179786018974,0.7397198373248983,0.0,0.0,0.0,0.0,0.0,0.0,0.0,0.0,0.0,0.0,0.0,0.8369565217391304,0.0,0.7863762257654017,0.0,0.23115577889447236,0.3835227272727273,0.5317942763472441,0.5,0.0,0.6829703588143526,0.0,0.0,0.0,0.7444314994606257,0.0,0.0,0.0,0.0,0.0,0.0,0.0,0.0,0.0,0.0,0.0,0.5,0.0,0.0,0.0,0.0,0.0,0.0,0.0,0.0,0.0,0.7104978354978355,0.0,0.0,0.0,0.0,0.0,0.0,0.0,0.7608247422680412,0.0,0.0,0.7073170731707317,0.0,0.8013318534961155,0.0,0.0,0.10853494623655924,0.08719822109275732,0.0,0.8134969325153374,0.9087353324641461,0.72140522875817,0.9064071023638892,0.475587761331014,0.0,0.8885071830106184,0.41002865329512894,1.0,0.0,0.0,0.5596304591265397,0.0,0.0,0.3210652304009576,0.9414204689748582,0.8161490999949008,0.8712179984484096,0.5714285714285714,0.9213427268959801,0.0,0.0,0.816949341664807,0.6947368421052631,0.0,1.0,0.36413043478260865,0.25165962582981294,0.19844357976653704,0.0,0.719982471516214,0.75,0.75,1.0,0.08217379889734822,0.0,0.0,0.0,0.5,0.0,0.04931960544315639,0.5066469719350074,0.0,1.0,0.6370967741935484,0.0,0.0,0.0,0.10830172777075431,0.0,0.0,0.29999999999999993,0.5917735515258734,0.0,0.36363636363636365,0.0,1.0,0.0,0.0,0.5714285714285714,0.0,0.0,0.75,0.33333333333333326,0.0,1.0,0.8444084278768234,0.5,0.5126476053467601,0.18028169014084505,0.8125,0.20000000000000018,0.0,0.37099125364431496,1.0,1.0,0.75,0.5833333333333333,0.3269461077844311,0.20596904937361815,0.8928571428571428,0.3953188748121109,0.37092463923035823,0.0,0.0,0.8439056791763534,0.0,0.0,0.33333333333333337,0.0,0.9811320754716981,1.0,0.0,0.013971802362504837,0.0,0.0,0.3292682926829268,0.0,0.19155590304925707,0.0,0.0,0.8823529411764706,0.9019908116385911,0.4165588615782665,0.0,0.0,0.6363636363636365,0.5,0.0,0.0,0.0,0.5,0.5171222117499215,0.0,0.0,0.3429833169774289,0.0,0.0,0.0,0.5984481086323958,0.0,0.0,0.8537001706998695,0.9370932754880694,0.0,0.5055185055185056,0.17095408661673717,0.5076923076923077,1.0,0.918429003021148,0.0,0.6413404849505739,0.0,0.4452636784606394,0.44999999999999996,0.55,0.0,1.0,0.0,0.0,0.0,0.0,0.6454227590591226,0.0,0.8053587450883327,0.0,0.0,0.0,0.36711478800413655,0.0,0.0,0.1091676718938478,0.0,0.0,0.0,0.21219091431857395,0.0,0.01971636363636342,0.0,0.0,0.0,0.0,0.0,0.0,0.9922220855878012,0.7400647866363081,0.0,0.0,0.0,0.0,0.0,0.0,0.0,0.0,0.0,0.0,0.0,0.7781081081081082,0.0,0.5180986926622838,0.0,0.0,0.0,0.48043818466353694,1.0,0.0,0.7311699910687705,0.0,1.0,0.857645492582731,0.7202407825432655,0.0,0.0,0.0,0.0,0.0,0.0,0.0,0.0,0.0,0.0,0.0,0.33333333333333326,0.0,0.0,0.0,0.0,0.0,0.0,0.0,0.0,0.0,0.46712802768166095,0.0,0.0,0.0,0.0,0.0,0.0,0.4772896500372301,0.6340533672172808,0.0,0.0,0.8883483337387497,0.33333333333333326,0.5308689024390245,0.0,0.0,0.6373075546007877,0.0,0.0,0.3877724313614491,0.3274733495417992,0.0,0.4277777777777778,0.8709040235949888,0.15384615384615385,0.36801375752364573,0.6013513513513513,0.0,0.0,0.4873338870431895,0.03128103277060568,0.0,0.25,0.25356633380884475,1.0,0.032439376907017925,0.3331914893617022,0.9010989010989011,0.5263157894736843,0.0,0.4918032786885246,0.6923076923076923,0.75,0.2857142857142857,0.11616161616161602,0.0,0.8571428571428572,0.14724770642201834,0.0,0.5193953223046206,1.0,1.0,0.0,0.0,0.6666666666666666,1.0,0.0,0.0,0.33333333333333326,0.08910103420843296,0.4745417515274949,0.5714285714285714,0.5430737422467264,0.0,0.19999999999999996,0.08510638297872364,0.0,0.6666666666666667,1.0,0.08823529411764708,1.0,0.0,0.0,0.0,0.0,0.6000000000000001,0.0,0.0,0.0,0.25,0.0,0.0,0.5,0.2116959064327486,0.6000000000000001,0.9831351949129112,0.0,0.07017543859649122,0.8431908548707754,0.4999999999999999,0.9910179640718563,0.0,1.0,0.2811906269791006,0.7300613496932515,0.25,0.19999999999999996,0.0,0.59375,0.0,0.7831245880026367,0.8821138211382114,1.0,0.0,0.29323308270676685,0.7142857142857143,0.4900000000000001,0.0,0.0,0.8208499647804649,0.0,0.0,0.0,1.0,0.11533586818757924,0.5789473684210527,0.0,0.0,1.0,1.0,0.18181818181818177,0.41666666666666663,0.0,0.6666666666666667,1.0,0.11868686868686873,0.0,0.0,1.0,0.0,0.5,0.94448109058927,0.0,0.22972972972972971,0.0,0.5905691915193103,0.19999999999999996,0.0,0.8529707955689829,0.0,0.5733194009056078,0.2566171723692705,0.5762514551804423,0.33208114199849725,0.9548713622943905,0.0,0.0,1.0,0.002400384061449712,0.0,0.3312095667516173,0.5,0.0,0.0,0.0,0.0,0.0,1.0,0.0,0.0,0.0,0.9583333333333334,0.0,0.0,0.0,0.6681896551724138,0.6503724176699301,0.07883302296710115,0.0,0.0,0.06883365200764835,0.0,0.0,0.0,0.5,0.0,0.6560402684563759,0.0,0.16666666666666674,0.0,0.0,0.0,0.0,1.0,0.9360762436076244,0.0,0.0,0.0,0.0,0.0,0.0,0.0,0.0,0.0,0.0,0.0,0.8385093167701863,0.5139242459307258,0.7644025717741422,0.0,0.5,0.3571428571428572,0.5419233860166086,0.0,0.0,0.6794304672380426,0.0,qsampled
0.5714285714285714,0.5555555555555556,0.0,0.0,0.0,0.0,0.0,0.23529411764705888,0.0,0.0,0.0,0.0,0.0,0.0,0.0,0.0,0.0,0.9105950653120465,0.0,0.0,0.0,0.0,0.0,0.0,0.0,0.0,0.0,0.0,0.734974524279921,0.0,0.0,0.70024611181981,0.0,0.0,0.7988879464706437,0.0,0.0,0.0,0.0,0.0,0.3247889226612629,0.5433645067913605,0.23953837492963026,1.0,1.0,0.3834903544190219,0.0,0.0,0.0,1.0,0.21108271087177677,0.0,0.19096553200599453,0.621661429693637,0.5367773061611875,0.23749650740430273,0.8226351351351351,0.18138479001135077,0.0,0.4606594453041305,0.0,0.7037712895377128,0.46393365670474107,0.5635294117647058,0.0,0.966950497907346,0.3418708240534519,0.055445544554455606,0.0,0.0,0.0,0.8650602409638555,0.0,0.2682926829268293,0.33333333333333337,0.4339622641509433,0.0,0.0,0.0,0.6000000000000001,0.0,0.0,1.0,0.0,0.2720198089847894,0.33333333333333337,0.0,0.0,0.0,0.0,0.25,0.5623357116034549,0.5,0.15422047538835848,0.0,0.0,0.0,0.0,0.9924969987995198,0.10821643286573146,0.0,0.2970479704797049,0.5714285714285714,0.5,0.0,0.0,1.0,0.019672635057250587,0.8,0.5501762632197414,0.0,0.6816110743974123,0.6514423076923076,0.20640000000000003,0.0,0.4482758620689655,0.9166666666666666,0.48143291853244585,0.23642987249544645,0.0,0.2222222222222222,0.0,0.0,0.0,0.07578100835137658,0.0,0.0,0.0,0.0,0.0,0.7099912014859713,0.0,0.0,0.2860962566844919,0.0,0.0,0.0,0.0,0.21828219556216155,0.6306446169422883,0.5,0.3754404378139291,0.6666666666666667,0.40801886792452824,0.7012987012987013,0.4265003371544168,0.10378220354467393,0.0,0.0,0.0,0.0,0.0,0.0,0.0,0.0,0.27725218864727486,0.0,0.4215983079666571,0.052908786210198566,0.0,0.0,0.41666666666666663,0.9157144135811678,0.0,0.35864778002618725,0.0,0.6480948543801082,0.0,0.0,0.6572928476364175,0.0,0.6,0.5777777777777778,0.15384615384615385,0.07790055248618777,1.0,0.4303416746871991,0.1923076923076923,0.5777777777777778,0.0,0.0,0.0,0.0,0.96875,0.0,0.0,0.9580516412804431,0.49015399879216626,0.0,0.11444360077617477,0.0,0.0,0.0,0.885086707481786,0.4038585209003215,0.15999999999999992,0.0,0.0,0.0,0.6342344876506596,0.0,0.0,0.0,0.8364028213166144,0.0,0.0,0.0,0.0,0.0,0.6700187125562741,0.9473684210526315,0.0,0.0,0.0,0.9913100152074734,0.0,0.0,0.0,0.0,0.0,0.0,0.10617799831693764,0.0,0.0,1.0,0.13636363636363635,0.0,0.5,0.0,0.9087963484728953,0.0,0.0,0.0,0.0,0.0,0.0,0.0,0.0,0.0,0.0,0.0,0.0,0.0,0.0,0.0,0.0,0.0,0.0,0.9468085106382979,0.0,0.0,0.0,0.0,0.0,0.0,0.0,0.0,0.0,0.0,0.6973644803833483,0.0,0.0,0.6437462235649547,0.0,0.25,0.8644304682040531,0.0,0.0,0.0,0.0,0.0,0.6068548387096775,0.7442097461552715,0.5099908340971587,0.9737192282102461,0.9245941700122186,0.6758409785932722,0.41751497005988014,0.0,0.0,0.9551006932981182,0.0,1.0,0.0,0.6451662561576355,0.48063805226151746,0.23777116120799657,0.7513812154696132,0.15859609609609604,0.0,0.3179549604382226,0.0,0.5714285714285714,0.5207225288509785,0.7961302501179802,0.07251264755480591,0.7459111471987008,0.1325301204819277,0.0,0.6000000000000001,0.0,0.0,0.6660412757973733,0.0,0.0,1.0,0.2500000000000001,1.0,0.0,0.0,0.0,0.0,0.5,1.0,0.0,0.2609308885754583,0.2500000000000001,0.0,0.4475138121546962,0.0,0.0,0.6000000000000001,0.8516645596291614,1.0,0.49039098740888,0.0,0.5740432612312812,0.0,0.0,1.0,0.0,0.0,0.5625,0.8571428571428571,0.0,0.0,0.0,0.0,0.0,0.0,1.0,0.0,0.8073772959951822,0.9780782626510961,0.0625,0.0,0.7528344671201814,0.3571428571428572,0.0,0.0,0.0,0.5416666666666667,0.0,0.0,0.0,0.593872870249017,0.0,0.0,0.0,0.49288702928870276,0.6666666666666667,0.7135161606268364,0.33333333333333337,0.6666666666666667,0.643407893732346,0.0,0.0,0.0,0.0,0.8701223063482819,0.7560975609756098,1.0,0.2165748976422418,1.0,0.44999999999999996,0.3529411764705882,0.7549770290964778,0.33333333333333337,0.0,0.0,0.0,0.5,0.0,0.0,0.0,1.0,0.631106120157215,0.0,0.6885745200977839,0.25031133250311344,0.15147407658420875,0.0,0.5202265372168284,1.0,0.0,0.4839084916634355,0.0,0.3709327548806941,0.0,0.0,0.9403487672880337,0.0,0.6,0.1991525423728815,0.0,0.4852711796425866,1.0,0.7803353864137033,0.0,1.0,0.0,1.0,1.0,0.0,0.967741935483871,0.0,0.0,0.9029495950638682,0.0,0.0,0.7796257796257796,0.0,0.0,0.5,0.9485009671179884,0.20499999999999985,0.13636363636363646,0.0,0.0,0.0,0.46478873239436613,0.09745415334165453,0.2536926083752523,0.0,0.5040933278755629,0.0,0.0,0.0,0.0,0.0,0.7659462540002631,0.9375,0.0,0.0,0.0,1.0,0.0,0.0,0.0,0.0,0.0,0.0,0.745919393517444,0.0,0.0,0.0,1.0,0.0,1.0,0.0,0.9390811576603927,0.0,1.0,0.8488965230064542,0.0,0.0,0.0,0.0,0.0,0.0,0.0,0.0,0.0,0.0,0.0,0.0,0.0,0.0,0.0,0.6068097014925373,0.0,0.0,0.0,0.0,0.0,0.0,0.8769230769230769,0.0,0.0,0.0,0.8955223880597015,0.0,0.0,0.8237704918032787,0.0,0.0,1.0,0.0,0.0,0.4516599781101788,0.0,0.0,0.5747282608695652,0.4093499839897534,0.26865671641791056,0.8836515993876399,0.32961101805322923,0.0,0.21217674608022818,0.4566241525910605,0.15384615384615385,0.7893379191745485,0.0,0.0,0.0,0.8181818181818182,0.0,0.19012345679012344,0.0,0.25356633380884475,0.0,0.7778036295951606,0.0,0.72,0.8151260504201681,0.20737887695114543,0.0,0.6538461538461539,0.25,0.2857142857142857,0.7573696145124718,0.5,0.0,0.5653605531774778,0.23076923076923073,0.22147651006711422,0.2857142857142858,0.4925373134328359,0.0,0.6373626373626373,0.6666666666666666,1.0,0.0,0.0,0.0,0.0,0.0,0.5714285714285714,0.0,0.0,0.0,0.0,0.5714285714285714,1.0,0.0,0.33333333333333337,1.0,0.0,0.0,0.5,0.96,0.6000000000000001,0.0,0.0,0.0,1.0,0.0,0.0,0.0,0.21915236051502163,0.5652173913043479,0.7979319258940112,0.25,0.2402148887183423,0.0,1.0,0.12874251497005995,0.48951048951048937,0.0,0.25015832805573157,0.5950920245398772,0.25,0.0,0.34883720930232565,0.7261055634807418,0.2222222222222221,0.7833333333333333,0.2978723404255321,1.0,0.0,0.0,0.0,0.9134615384615384,0.0,1.0,0.03686311340690296,1.0,0.0,0.0,1.0,0.0,0.0,0.0,0.331786542923434,0.0,1.0,0.0,0.08333333333333326,0.38247011952191223,0.6666666666666667,1.0,0.5833333333333333,0.0,0.0,1.0,0.0,0.0,0.1806288478452066,0.0,0.0567734682405846,0.0,0.0,0.2373831775700933,0.0,0.6326530612244898,0.0,0.39311043566362713,0.0,0.0,0.6244784422809457,0.6163011387600168,0.400400554614081,0.46873065015479887,0.75,0.5869565217391304,0.375,0.5872676427043921,0.5,0.26169913637276565,0.41463414634146345,0.735483870967742,0.0,0.0,0.0,0.0,1.0,0.0,0.0,0.6530612244897959,0.7620769453283194,0.0,1.0,0.5970576487817867,0.0,0.0,1.0,0.0,0.0,0.0,0.0,0.0,0.6617158058080248,0.0,0.0,0.0,0.2575370606851368,0.0,0.0,0.0,0.0,0.0,0.3872855850366512,1.0,0.0,0.0,0.0,1.0,0.0,0.0,0.0,0.0,0.18717790146361568,0.0,0.06157042869641283,0.0,0.0,0.0,0.0,0.0,0.0,0.0,0.8934441115045855,0.0,qsampled
0.5714285714285714,0.0,0.7523421808230997,0.8801711840228246,0.0,0.6703692196157631,0.7380952380952381,0.0,0.6835443037974683,0.0,0.5017490464238424,0.857889237199582,0.0,0.5688410867435677,0.4,0.0,0.0,0.0,0.0,0.0,0.0,0.5,0.0,0.0,0.3704175349232076,0.0,0.0,0.7099220992209923,0.0,0.0,0.0,0.0,0.0,0.01176470588235301,0.0,0.0,0.0,0.11907894736842095,0.8927248300289052,0.0,0.9028008499130771,0.5535752515521302,0.0,0.0,0.0,0.3834903544190219,0.0,0.5830131513552779,0.6742286751361162,1.0,0.19311875693673697,0.0,0.41501361338000775,0.0,0.4592525889239082,0.0,0.0,0.0,0.4123821308187908,0.0,0.38689484016742615,0.2793151969981239,0.5643269039570491,0.0,0.0,0.9689754689754689,0.15233362143474505,0.0,0.12119635890767233,0.0,0.0,0.6462650602409639,0.0,0.045139277324085514,1.0,0.0,0.0,0.0,0.0,0.4,0.0,0.0,1.0,0.0,0.34441693196557,0.0,0.9062262140356219,0.2826717493991877,0.5714285714285714,0.44067796610169496,0.6666666666666667,0.1618955977868658,0.5,0.17676225105363186,0.5,0.0,0.0625,0.2744565217391305,0.34733828536056943,0.0,0.34702702702702726,0.35642857142857143,0.0,0.0,0.0,0.6428571428571428,0.0,0.9160902255639098,0.6734693877551021,0.5501762632197414,1.0,0.9267676767676768,0.0,0.0,0.29191863661352413,1.0,0.0,0.0,0.7049180327868853,0.6106194690265487,1.0,0.3415602500666647,0.0,0.793213828425096,0.0,0.0,0.75,0.6666666666666667,0.7545787545787546,0.35766423357664245,0.9695826456024522,0.4444444444444444,0.0,0.0,1.0,0.0,0.0,0.0,0.0,0.48582317073170733,0.0,0.0,0.0,0.43728813559322033,0.8111888111888111,0.0,0.7372086793463701,0.33333333333333337,0.0,0.3284936479128856,0.75,1.0,0.5,0.4285714285714285,0.0,0.6980421686746987,0.0,0.0,0.3905013192612138,0.0,0.9329481958518799,0.0,0.6733546866501481,0.8333333333333334,0.0,0.0,0.6480948543801082,0.0,0.4460206062416008,0.0,0.23065338276181646,0.0,0.0,0.15384615384615385,0.07790055248618777,0.0,0.17234226447709589,0.1923076923076923,0.6666666666666667,0.0,0.6000000000000001,0.0,0.9368650234880667,0.0,0.0,0.0,0.0,0.9687988060944712,0.8275472241063904,0.0,0.0,0.0,0.0,0.22032618392870873,0.48843464228079625,1.0,0.0,0.0,0.16666666666666663,0.9398034623404736,0.0,0.5576808595770428,0.0,0.0,0.0,0.0,0.0,0.0,0.0,0.6700187125562741,0.0,0.0,0.0,0.0,0.0,0.9164871124220811,0.0,0.0,0.0,0.0,0.0,0.06923740386688726,0.5705198762585593,0.0,0.0,0.9130434782608696,0.0,0.0,0.0,0.0,0.875,0.0,0.0,0.7630434614102674,0.889763779527559,0.0,0.6714285714285715,0.6296296296296295,0.0,0.7682410423452768,0.0,0.788659793814433,0.8,0.0,0.6427577570613608,0.5,0.0,0.0,0.0,0.0,0.0,0.0,0.0,0.0,0.0,0.2120636017974422,0.0,0.0,0.5189873417721519,0.0,0.0,0.0,0.0,0.0,0.0,0.0,0.0,0.0,0.739168078298513,0.8253251639256154,0.0,0.9610215053763441,0.7721680936915658,0.0,0.0,0.0,0.6875,0.3178767541183648,0.7684523043550197,0.8689788053949904,0.9228502544870077,0.0,1.0,0.7913892587660897,0.0,0.46926360725720384,0.0,0.0,0.0,0.5698385183833592,0.0,0.2801449025357944,0.5714285714285714,0.2794300389362936,0.0,0.22008862629246662,0.6673902153948906,0.29999999999999993,0.0,0.0,0.0,0.0,0.0,0.0,0.0,0.0,0.0,1.0,0.0,0.0,0.5,0.0,0.5,1.0,0.0,0.43582510578279265,0.5,0.917246713070379,0.5179063360881542,1.0,0.2647058823529411,1.0,0.0,1.0,0.49039098740888,0.7,0.0,0.13657770800627944,0.36363636363636365,0.27468581687612204,0.0,0.36363636363636365,0.4375,0.0,0.0,0.0,0.75,0.0,0.8095238095238095,0.0,0.6506550218340612,1.0,0.7844677137870855,0.0,0.0,0.7576443941109853,1.0,0.0,0.0,0.6363636363636365,0.08333333333333337,0.5,0.6308300395256916,0.0,0.8571428571428572,0.13099393716700336,0.06908171861836565,1.0,0.0,0.8411040656471466,0.0,0.9712403598971723,0.6666666666666667,0.6666666666666667,0.0,1.0,0.0,0.0,0.0,0.0,1.0,0.0,0.26822916666666674,0.0,0.44999999999999996,0.3529411764705882,0.46153846153846145,0.9250585480093677,0.8,0.0,0.8,0.0,0.8571428571428572,0.75,0.33333333333333326,1.0,0.9471270821635785,0.0,0.0,0.6441326530612245,0.6101281269066504,0.8916456677650707,0.0,0.7938434216368211,0.8823529411764706,0.7959094865100087,0.0,0.3709327548806941,0.0,0.5155430183356842,0.13301262778111855,0.0,0.0,0.0,0.0,0.3973401198587966,0.0,0.5688469729236386,0.0,0.4,0.0,1.0,1.0,0.9490520556779147,0.0,0.0,0.0,0.37038689172289085,1.0,0.8917116162589096,0.677914600991524,0.0,0.0,0.5,0.31034693877551,0.0,0.0,0.0,0.0,0.1724137931034483,0.9436619718309859,0.08892716278584267,0.5283626631297222,0.0,0.0,0.0,0.0,0.0,0.0,0.0,0.7084574694473156,0.0,0.0,0.0,0.0,0.0,1.0,0.0,0.0,0.0,0.0,0.0,0.1832640215803083,0.49966591600880994,0.0,0.75,1.0,0.0,0.5,0.0,0.0,1.0,1.0,0.0,0.724281133364874,0.9411764705882353,0.0,0.5514467184191953,0.9333333333333333,0.0,0.7189009661835748,0.0,0.7245346432264737,0.3037037037037037,0.0,0.500303900983534,0.33333333333333326,0.0,0.0,0.0,0.0,0.0,0.0,0.6000000000000001,0.0,0.0,0.0,0.0,0.2455357142857143,0.7639902676399027,0.0,0.0,0.0,0.0,0.0,0.8181818181818181,0.0,0.0,0.28042328042328046,0.0,0.8519553072625698,0.0,0.9640287769784173,0.4093499839897534,0.0,0.5301620130989314,0.8207885304659498,0.0,0.3125278644672316,0.0,0.0,0.7893379191745485,0.18360433604336024,0.0,0.46153846153846156,0.8545454545454545,0.0,0.0,0.25,0.0,0.4930875576036866,0.0,0.7853191489361703,0.9010989010989011,0.7065120428189118,0.0,0.4461538461538461,0.38701923076923084,0.43028846153846145,0.2857142857142857,0.3911111111111111,0.5,0.0,0.14724770642201834,0.23076923076923073,0.0,0.8571428571428572,1.0,0.0,0.4137931034482759,0.6666666666666666,0.6,0.0,0.0,0.0,0.0,0.165289256198347,0.0,0.9134782608695652,0.2139303482587065,0.3999999999999999,0.21052631578947367,1.0,0.0,0.0,0.0,0.5,0.0,0.0,0.0,1.0,0.6000000000000001,0.5,0.0,1.0,1.0,0.0,0.0,0.5,0.6578813988849468,0.8,0.8087349397590361,0.16666666666666663,1.0,0.5658548707753479,0.33333333333333326,0.0,0.5056669572798604,0.625,0.2854430379746836,0.7300613496932515,0.75,1.0,0.04878048780487809,0.015789473684210797,0.4444444444444444,0.0,0.44594594594594594,0.0,1.0,0.3037037037037037,0.7142857142857143,1.0,0.4285714285714285,1.0,0.2320390170699681,0.0,0.0,0.0,1.0,0.0,0.5789473684210527,0.0,0.24478594950603716,0.0,0.0,0.0,0.0,0.574074074074074,0.0,1.0,0.08333333333333337,0.6666666666666666,0.5,0.5,1.0,0.0,0.12633032740271344,0.0,0.7475728155339805,0.3846153846153846,0.5905691915193103,0.23809523809523803,0.0,0.0,0.0,0.0,0.0,0.0,0.4279250161603103,0.9348939283101683,0.0,0.8509803921568627,0.0,0.0,0.0,0.564105077435797,0.5,0.0,0.41463414634146345,0.735483870967742,0.0,0.6000000000000001,0.0,0.9311726127002193,0.0,0.0,0.0,0.0,0.9311541799247903,0.524547803617571,0.22413793103448265,0.7944812844616095,0.6664295874822191,0.0,0.16182508436445453,0.0,0.0,0.0,0.0,0.5,0.9316313573481254,0.0,0.6524982730831224,0.4336283185840708,0.08610962501823838,0.0,0.0,0.0,0.0,0.0,0.3872855850366512,0.0,0.0,0.0,0.0,0.0,0.9575356769926906,0.0,0.0,0.0,0.23209339137316987,0.0,0.3742086295899485,0.8202080237741456,0.0,0.75,0.0,0.0,0.0,0.0,0.0,0.8125,qsampled
0.0,0.33333333333333326,0.0,0.0,0.0,0.0,1.0,0.0,0.7045790251107829,0.0,0.48641600098568716,0.0,0.8992950654582075,0.0,0.0,0.0,0.0,0.0,0.0,0.0,0.0,0.0,0.7001684944869786,0.0,0.28578416616496083,0.0,0.0,0.742671437481535,0.1359556786703603,0.0,0.0,0.0,0.0,0.0,0.0,0.0,0.476566454094544,0.0,0.892483422131933,0.0,0.5369066469022673,0.0,0.8569307665660415,0.3867565510492551,0.48420538428137216,0.3641088572872303,0.3396849593495933,0.0,0.0,0.0,0.0,0.33333333333333337,0.0,0.6871743486973948,0.7247653358011634,0.0,0.0,0.0,0.8286647742488351,0.0,0.0,0.21743464776251675,0.0,0.0,0.1518324607329843,0.3880292151522655,0.39152981849611057,0.0,0.12119635890767233,0.39160045402951205,0.05921052631578949,0.0,0.0,0.6139389193422083,0.6666666666666667,0.358490566037736,0.0,0.679402307546813,0.0,0.4,0.0,0.0,1.0,0.4447361512207929,0.0,0.22222222222222232,0.7634707254749472,0.19217155944201525,0.5714285714285714,0.8813559322033898,0.0,0.3103242193336322,0.0,0.204192401272693,0.7,0.9761812548412083,1.0,0.0,0.0,0.007504690431519689,0.0,0.23661971830985917,0.0,0.48968105065666045,0.0,0.0,0.0,0.0,1.0,0.9847695390781563,1.0,0.6915964727559885,0.3716981132075472,1.0,0.4025735294117647,0.0,0.0,0.0,0.015677491601343907,0.0,0.45833333333333337,0.0,0.7598576934479693,0.783003300330033,0.019686938220722316,0.0,0.75,0.0,0.0,0.44976076555023936,0.8162532897360235,0.0,0.25,0.5471698113207546,1.0,0.0,0.6483299965042744,0.0,0.16424079700416871,0.0873861956267995,0.5,0.0,0.0,0.0,1.0,0.6045197740112995,0.0,0.6666666666666667,0.0,0.534906270200388,0.75,0.0,0.5,0.0,0.0,0.0,0.0,0.6594671964793095,0.0,0.7058551142210331,0.6083385481852315,0.4722222222222222,0.0,0.0,0.3588858469229854,0.5586433187129608,0.5155173718870638,0.7769465809714466,0.0,0.2619792725055883,0.0,0.0,0.5825242718446602,1.0,0.0,0.0,0.3203849922194685,0.0,0.6519174041297935,0.0,0.0,0.0,0.0,0.0,0.0,0.7083934912397081,0.0,0.0,0.0,0.461441213653603,0.5720568927789933,0.0,0.0,0.0,0.4038585209003215,0.0,0.0,0.0,0.5,0.0,0.6792237794547975,0.5457878322758514,0.2532164003027202,0.5194911545032262,0.0,0.0,0.0,0.0,0.0,0.9383367942252546,0.0,0.0,0.0,0.0,0.0,0.0,0.0,0.0,0.0,0.0,0.0,0.11266367177151615,0.0,0.0,0.273972602739726,0.4076704545454546,0.5181062231759657,0.0,0.0,0.8942286147181527,0.8125,0.0,0.0,0.0,0.0,0.0,0.0,1.0,0.0,0.7724679797653643,0.0,0.7904191616766467,0.0,0.9015151515151515,0.0,0.0,0.0,0.0,0.0,0.0,0.0,0.0,0.0,0.8310096522138808,0.0,0.0,0.0,0.0,0.5189873417721519,0.6349896447599324,0.0,0.0,0.0,0.0,0.0,0.0,0.0,0.6843135213906526,0.0,0.8776696815383447,0.0,0.36957506568814,0.0,0.8912708420905142,0.6916873449131513,0.0,0.010291595197255643,0.6436060304584066,0.0,0.0,0.0,0.0,0.0,0.0,0.7362637362637363,0.5488563297143461,0.0,0.0,0.0,0.9263075262486508,0.0,0.0,0.0,0.0,0.0,0.07251264755480591,0.0,0.5838150289017342,0.0,0.6296296296296297,0.4568965517241379,0.0,0.18973862536302033,0.0,0.605724838411819,0.75,0.2500000000000001,0.0,0.7825396825396825,1.0,0.5,0.0,0.5,1.0,0.4583869834952593,0.0,0.0,0.5655452436194895,0.5561719833564494,1.0,0.8474025974025974,1.0,0.0,0.0,0.13611491108071117,0.7,0.9693486590038314,1.0,0.0,0.0,0.0,0.36363636363636365,0.572944297082228,0.0,0.0,0.0,0.0,0.0,0.1428571428571428,0.5,0.864406779661017,1.0,0.9081400636653024,0.21097683786505528,0.8125,0.0,0.0,0.0,1.0,0.4545454545454546,0.0,0.5416666666666667,0.0,0.793644996347699,0.8571428571428572,0.11557994757536039,0.045071609098567667,1.0,0.0,0.5154433742942544,1.0,0.9566165777993214,0.33333333333333337,0.33333333333333337,0.8411680123880101,0.0,0.0,0.0,0.0,0.0,0.5015576323987538,1.0,0.0,0.0,0.0,0.5882352941176471,1.0,0.2962529274004685,0.8,0.0,0.0,0.5,0.0,0.75,0.0,0.5,0.0,0.0,0.8974525150805125,0.0,1.0,0.3144411300228108,0.39522653721682854,0.0,0.0,0.5697775839511556,0.668842253238277,0.9375951293759514,1.0,0.0,0.0,0.0,0.0,0.2784491440080564,0.0,0.0,0.0,0.4286292316683902,0.0,0.0,0.0,1.0,1.0,0.0,0.0,0.0,0.6454227590591226,0.0,0.7954812471757795,0.0,0.0,0.5986793518397846,0.0,0.5,0.0,0.23319615912208513,0.0,0.0,0.0,0.5,0.0,0.7348349555019794,0.5615626690268968,0.3453566423249982,0.725762636383879,0.0,0.0,0.0,0.0,0.0,0.9845959987947077,0.0,0.0,0.0,0.0,0.0,0.0,0.0,0.0,0.0,0.0,0.0,0.49063224379558945,0.0,0.0,1.0,0.0,0.45661914460285136,0.5,0.0,0.9390811576603927,0.7608695652173914,1.0,0.8522536687631027,0.0,0.0,0.0,0.0,0.0,0.0,0.7016848364717543,0.0,0.4366578793204453,0.0,0.9207772795216741,0.0,0.0,0.0,0.0,0.0,0.0,0.0,0.0,0.0,0.7927819358112393,0.0,0.6995249406175772,0.0,0.0,0.6371933827723901,0.6241134751773051,0.0,0.0,0.0,0.0,0.0,0.0,0.0,0.36009875382083234,0.39429012345679004,0.743896484375,0.0,0.9688506981740065,0.0,0.7916156670746634,0.5849706997587039,0.6747708995698523,0.5926760563380282,0.8461538461538461,0.5176217631111527,0.15384615384615385,0.0,0.3091216216216216,0.6666666666666667,0.0,0.0,0.9516509433962264,0.0,0.0,0.0,0.6417233560090703,0.015080226806611252,0.0,0.2857142857142857,0.31783276450511944,0.0,0.20668693009118533,0.7417311752287121,0.0,0.2857142857142857,0.5185185185185185,0.0,0.0,0.14724770642201834,0.23076923076923073,0.5193953223046206,0.7142857142857143,0.38235294117647056,1.0,0.07033426183844005,0.0,0.6,0.0,0.0,0.0,0.653142402545744,0.3930753564154785,0.5714285714285714,0.4966857487194939,0.332774317201725,0.3999999999999999,0.25531914893617036,0.5714285714285714,0.6956521739130435,1.0,0.0,1.0,0.9411764705882353,0.8333333333333334,0.5,0.0,0.33333333333333337,0.5,0.0,1.0,0.2500000000000001,0.0,0.0,0.0,0.0,0.20000000000000007,0.8525345622119815,0.0,1.0,0.8382222222222222,0.6140350877192982,0.6737967914438503,0.5773115773115773,0.625,0.27929069031032305,0.5064935064935064,0.25,0.0,0.31707317073170727,0.5105837075048107,0.4444444444444444,0.12590639419907723,0.20740740740740748,0.0,0.0,0.0,0.5714285714285714,1.0,0.0,0.0,0.3341159896689365,1.0,0.0,0.2284241201524322,1.0,0.7884779516358463,0.3549175320708613,0.0,0.7692307692307693,0.0,1.0,0.18181818181818177,0.08333333333333326,0.6851851851851851,0.6666666666666667,1.0,0.0,1.0,0.0,0.5,0.0,0.5,0.6362157589953803,0.0,0.0,0.6666666666666666,0.4169407894736843,0.0,0.7777777777777778,0.32885211995863506,0.0,0.39311043566362713,0.09542743538767418,0.3684262948207172,0.8080155138978669,0.5611158432708688,0.6725689404934688,0.6543110394842868,0.0,0.963855421686747,0.0,0.23647711511789193,0.5,0.7709205020920501,0.0,0.8180574555403557,0.0,0.0,0.0,0.0,0.0,0.0,0.9583333333333334,0.04166666666666674,0.0,0.0,0.6681896551724138,0.0,0.0,0.0,0.0,0.0,1.0,0.0,0.0,0.0,0.0,0.6534747722018224,0.7069041753521572,0.0,0.6299938912645082,0.0,0.0,0.0,0.0,0.0,0.9525714895433205,0.0,0.0,0.0,0.0,0.0,0.0,0.0,0.0,0.0,0.18648434403487912,0.0,0.5050583056606688,0.0,0.0,1.0,0.3571428571428572,0.5647693817468106,0.0,0.0,0.8934441115045855,0.75,qsampled
0.5714285714285714,0.0,0.7889382785459529,0.0,0.0,0.7078925022376243,0.0,0.0,0.0,0.0,0.0,0.0,0.0,0.0,0.4,0.0,0.0,0.0,0.0,0.0,0.0,0.0,0.0,0.0,0.0,0.0,0.0,0.7237337798241943,0.0,0.0,0.0,0.7209244727168445,0.8715596330275229,0.01176470588235301,0.0,0.0,0.0,0.0,0.0,0.0,0.7576630652260905,0.3874623046696518,0.0,0.21704394141145145,0.48351408796119677,0.2591496426766766,0.48145816942040387,0.0,0.6383894003269379,0.0,0.0,0.6666666666666667,0.0,0.4836976658021489,0.46820407679143305,0.0,0.0,0.07946763147693503,0.3845943107620656,0.0,0.3896758177570093,0.23223915592028133,0.0,0.4506854390515005,0.631578947368421,0.28792064289301855,0.434961106309421,0.0,0.0,0.6301369863013699,0.5050545895673272,0.7397714706966458,0.0,0.6139389193422083,0.8571428571428572,0.5851063829787233,0.0,0.33802242609582045,0.0,0.4,0.0,0.0,0.0,0.0770805985823052,0.31006240249609995,0.0,0.0,0.43206273937625395,0.0,0.5,0.6666666666666667,0.6422602882807604,0.5,0.0,0.0,0.7517428350116189,0.78125,0.0,0.0,0.0,0.0,0.41848739495798315,0.0,0.5196172248803828,0.0,0.0,0.18181818181818188,0.018252281535192094,0.0,0.0,1.0,0.6908003436653228,0.9079016221873365,1.0,0.24546424759871943,0.27651356993736953,0.9166666666666666,0.5787892178524081,0.0,0.0,0.45833333333333337,0.5115965252593406,0.39276608360509946,0.8654570352618967,0.0,0.0,0.0,0.0,0.624380574826561,0.0,0.7910439907387918,0.11111111111111105,0.0,0.5471698113207548,0.0,0.5,0.0,0.0,0.0,0.0,0.0,0.0,0.0,0.8228882833787465,0.478908188585608,0.6501547987616099,0.18856203179243558,0.33333333333333337,0.0,0.37676056338028185,0.0,0.8690476190476191,0.5,0.4285714285714285,0.0,0.07839245844703546,0.0,0.0,0.06980519480519487,0.09775774113180702,0.0,0.0,0.0,0.0,0.3588858469229853,0.47137395104027,0.0,0.6619436439321166,0.4243309510146591,0.0,0.616717080056463,0.0,0.04721549636803879,0.15384615384615385,0.0921095711011678,0.0,0.12981671236830683,0.0,0.7662742382271468,0.0,0.0,0.0,0.948929108762119,0.0,0.0,0.0,0.0,0.24605751636752093,0.0,0.14419159994381248,0.9034815353108278,0.68933554258819,0.0,0.0,0.7801213123793769,0.0,0.9957522951851645,0.0,0.2049488972565896,0.0,0.4090132090132089,0.49367328562627355,0.6879510649533533,0.8336759868421052,0.0,0.0,0.0,0.0,0.0,0.0,0.0,0.0,0.9969868290258449,0.0,0.0,0.0,0.0,0.0,0.0,0.0,0.0,0.0,0.0,0.0,0.40201005025125625,0.9130434782608696,0.5804565441107681,0.0,0.0,0.0,0.0,0.0,0.0,0.716187342825269,0.0,0.0,0.6714285714285715,0.0,0.0,0.0,0.0,0.0,0.0,0.0,0.0,0.5,0.0,0.0,0.0,0.0,0.0,0.0,0.0,0.0,0.0,0.19329989251164437,0.0,0.0,0.5189873417721519,0.0,0.0,0.0,0.6107893692978976,0.7608247422680412,1.0,0.0,0.0,0.0,0.0,0.0,0.0,0.7563451776649746,0.0646437994722956,0.0,0.3589325426241661,0.0,0.5849760255727224,0.0,0.0,0.7279626386456508,0.0,0.0,1.0,0.0,0.5480952380952381,0.25328154299491046,0.0,0.0,0.23627346794190573,0.5599182004089978,0.0,0.3149728471683476,0.5714285714285714,0.0,0.41917525773195874,0.8870151770657673,0.7841227322537441,0.7514450867052023,0.0,0.0,0.7880434782608695,0.25709112854556426,0.8832684824902723,0.0,0.719982471516214,0.75,0.2500000000000001,1.0,0.9101859125425504,0.0,0.5,0.0,0.5,0.0,0.0,0.18316100443131456,0.5,0.0,0.5483870967741935,0.0,0.0,1.0,0.9554140127388535,1.0,0.0,0.0,0.9818824569155987,0.8974358974358975,0.0,0.0,0.0,0.0,0.5625,0.0,0.0,0.0,0.0,0.0,0.0,0.0,0.0,1.0,0.8082778876700834,0.7816015883520847,0.8125,0.8503100088573959,0.0,0.3653846153846154,0.5192307692307692,0.5,0.08333333333333337,0.5416666666666667,0.3775494071146246,0.0,0.8928571428571428,0.1344213012669101,0.0,0.0,0.0,0.8418836140888208,0.0,0.7131687242798355,0.0,0.6666666666666667,0.8558818063556959,0.0,0.25,0.0,0.0,0.0,0.0,0.0,0.0,0.0,0.9,0.8235294117647058,0.6875957120980092,0.777490297542044,0.8,0.0,0.6363636363636365,0.5,0.8571428571428572,1.0,0.33333333333333326,0.5,0.7609173735469683,0.0,0.0,0.3429833169774289,0.12645322840279005,0.35605721949038904,0.0,0.0,0.0,0.5671609245529874,0.668842253238277,0.2775041050903121,1.0,0.7201429886800628,0.10434973637961331,0.6864707108609548,0.0,0.0,0.0,0.48078495502861807,0.0,0.41663883986070693,0.44999999999999996,1.0,0.0,0.0,1.0,0.9473946666666666,0.0,0.0,0.0,0.0,0.8323443564165891,0.0,1.0,0.9480283687943263,0.36711478800413655,0.0,0.0,0.0892857142857143,0.0,0.9954319065345392,0.0,0.21219091431857395,0.0,0.0,0.5569255865278511,0.742430613961312,0.37040636578995323,0.0,0.0,0.0,0.0,0.0,0.0,0.0,0.0,0.9992332526230832,0.0,0.0,0.0,0.0,0.0,0.0,0.0,0.0,0.0,0.0,0.0,1.0,1.0,0.48043818466353694,0.5,0.0,0.0,0.0,0.0,0.0,0.7202407825432655,0.0,0.0,0.8617954070981211,0.0,0.0,0.0,0.0,0.0,0.0,0.0,0.0,0.33333333333333326,0.0,0.0,0.0,0.0,0.0,0.0,0.0,0.0,0.0,0.7752770866319838,0.0,0.0,0.743756786102063,0.0,0.0,0.0,0.8237704918032787,0.5728693898134141,0.8181818181818181,0.0,0.0,0.2843137254901962,0.0,0.0,0.0,0.3328467153284673,0.543889021765128,0.0,0.3409169251982076,0.6747708995698523,0.0,0.7668269230769231,0.6617984560817859,0.0,0.0,0.39634146341463417,0.6666666666666667,0.0,0.6626506024096386,0.0,0.0,0.0,0.1438356164383563,0.5011337868480725,0.0008551184949916468,0.7853191489361703,0.09523809523809523,0.31783276450511944,0.4988147646461225,0.6557377049180327,0.18508092892329342,0.25,0.2857142857142857,0.7573696145124718,0.2500000000000001,0.8571428571428572,0.7458715596330274,0.0,0.46752917300862507,0.8571428571428572,0.5952380952380952,0.0,0.07794015309672941,0.6666666666666666,0.6,0.0,0.0,0.33333333333333326,0.134344528710726,0.0,0.0,0.0,0.3560411311053985,0.0,0.0,0.0,0.4347826086956522,0.0,0.0,1.0,0.0,0.6666666666666667,0.5,0.0,0.5,0.0,0.0,1.0,0.25,0.0,0.0,0.5,0.19244804061557996,0.0,0.0,0.16666666666666663,1.0,0.0,0.6140350877192982,0.0,0.8533916849015317,1.0,0.8841772151898735,0.5714285714285714,0.75,0.0,0.7560975609756098,0.0,0.0,0.3114754098360656,0.2520325203252033,1.0,0.0,0.2698412698412699,0.7142857142857143,0.0,0.2857142857142857,0.33333333333333337,0.3341159896689365,1.0,1.0,0.0,1.0,0.3121044303797468,0.3928571428571429,0.0,0.5396825396825395,0.0,0.0,0.36363636363636365,0.5,0.16666666666666674,0.0,1.0,0.11868686868686873,0.0,1.0,0.0,1.0,0.5,0.0,0.0,0.22972972972972971,0.0,0.0,0.0,0.0,0.29807306302689696,0.0,0.4244278268751416,0.1468689477081988,0.0,0.7887130075705437,0.05820328975115985,0.0,0.0,0.0,0.023363738198111772,0.0,0.5751022793687901,0.5,0.11911129397243381,0.0,0.7202072538860104,0.0,0.4,0.0,0.9291353562256254,0.0,0.0,0.0,0.0,0.4534677419354838,0.0,0.2068965517241379,0.729604158520597,0.056534954407294946,0.0,0.0,0.22390317700453843,0.0,0.9954215180267246,0.0,0.5,0.0,0.6298688524590164,0.4956438878301117,0.010928961748634003,0.2594736116852693,0.0,0.0,0.0,0.0,0.0,0.0,0.0,0.0,1.0,0.0,0.0,0.0,0.0,0.0,0.0,0.0,0.0,0.7417259639252027,0.0,0.0,1.0,0.0,0.5613437195715678,0.0,0.0,0.0,0.0,qsampled
0.0,0.0,0.0,0.0,0.0,0.6928593508500773,0.8636363636363636,0.0,0.7045790251107829,0.0,0.0,0.0,0.0,0.0,0.0,0.0,0.0,0.0,0.0,0.0,0.6558059033896009,0.5,0.0,0.0,0.28578416616496083,0.0,0.0,0.0,0.0,0.0,0.0,0.0,0.0,0.8714859437751004,0.0,0.0,0.0,0.0,0.8357838132189777,0.0,0.0,0.0,0.0,0.38528610354223425,0.4541359096830221,0.3663602808134906,0.3224806878191421,0.5172246643697278,0.0,0.5587841456882698,0.21144914938532222,0.33333333333333337,0.3746341463414634,0.5811903012490817,0.0,0.0,0.0,0.0,0.3845943107620656,0.8189967797151063,0.0,0.5716799624589395,0.4431107007284292,0.0,0.5017543859649123,0.2969253657327052,0.11418803418803403,0.04320601127113344,0.7218465539661898,0.711111111111111,0.045292014302741324,0.49493180980464424,0.0,0.6469379550632063,0.4444444444444444,0.021739130434782483,0.0,0.08751967074204092,0.0,0.4,0.0,0.33333333333333337,0.0,0.0770805985823052,0.7776475185619383,0.44444444444444453,0.0,0.2500455954769286,0.5714285714285714,0.0,0.25,0.0,0.5,0.204192401272693,0.30000000000000004,0.0,0.0625,0.0,0.36155747836835606,0.3066132264529058,0.0,0.38640973630831643,0.2857142857142857,0.5294117647058822,0.0,0.6428571428571428,0.0,0.019672635057250587,0.0,0.982672138622891,1.0,0.0,0.3511390416339356,0.0,0.5003379748546708,0.0,0.0,0.2066110797899171,0.0,0.16666666666666663,0.0,0.13977948426808495,0.29709523225885526,0.0,0.022605231248917446,0.9405034324942791,0.0,0.0,0.935570987654321,0.043062200956938024,0.0,0.11111111111111105,0.0,0.0,1.0,0.0,0.0,0.6666666666666667,0.5937890353920888,0.0,0.5,0.0,0.0,0.0,0.6328059950041631,0.0,0.10378220354467393,0.33333333333333337,0.0,0.484080794248545,0.0,0.0,0.0,0.4285714285714285,0.0,0.6944477134182221,0.0,0.7425104202848212,0.11813376235348194,0.16944289812872015,0.728255684528542,0.41666666666666663,0.9157068687712597,0.6666666666666667,0.527068312354882,0.7368912608405604,0.0,0.3528837257119358,0.4228556485355648,0.8101120667187908,0.7586206896551724,0.0,0.8883495145631068,0.15384615384615385,0.7845303867403315,0.0,0.0,0.0,0.0,0.0,0.0,0.0,0.0,0.0,0.0,0.0,0.0,0.4059318708492822,0.0,0.796137339055794,0.7960142939754749,0.0,0.0,0.0,0.0,0.15999999999999992,0.0,0.0,0.0,0.6328958212884258,0.9772371690646379,0.0,0.6636263261485287,0.0,0.0,0.0,0.0,0.0,0.494480891097401,0.7978445769610428,0.0,0.0,0.0,0.0,0.0,0.0,0.6911764705882353,0.0,0.9079822910315208,0.0,0.0,0.0,0.0,0.0,0.2500000000000001,1.0,0.0,0.0,0.0,0.0,0.0,0.0,1.0,0.0,0.0,0.0,0.6714285714285715,0.7857142857142856,0.0,0.7691326530612245,0.0,0.0,0.0,0.0,0.0,0.0,0.0,0.0,0.0,0.0,0.0,0.8688466150306251,0.0,0.0,0.0,0.0,0.0,0.0,0.0,0.0,0.0,0.0,0.20274914089347085,0.0,1.0,0.0,0.0,0.0,0.0,0.8706734032124275,0.0,0.0,0.0,0.0,0.6453367875647668,0.7613894222377379,0.00966850828729271,0.0,0.5234685616623189,0.0,0.7224144559784698,0.4363636363636364,1.0,0.8215060427641773,0.9780380673499268,0.0,0.0,0.0,0.0,0.360633172746043,0.8235557345504989,0.0,0.6857142857142857,0.5620857621975566,0.0,1.0,0.7841227322537441,0.0,0.0,1.0,0.7880434782608695,0.5820895522388061,0.7941568836712913,0.0,0.7750692520775623,0.0,0.0,1.0,0.2806799336650082,1.0,0.5,0.0,0.0,0.0,0.0,0.8885754583921015,0.75,0.0,0.0,0.5,0.0,1.0,0.10830172777075431,1.0,0.13829787234042556,0.29999999999999993,0.6311584553928096,0.1133837261004893,0.0,0.5509391007398975,0.8571428571428572,0.0,0.572944297082228,0.5714285714285714,0.0,0.0,0.75,0.33333333333333326,0.0,0.5,0.8756476683937824,0.5,0.0,0.3193392980041291,0.0,0.18114707552526987,0.48364008179959106,0.0,0.34615384615384615,0.0,0.08333333333333337,0.0,0.3004897959183672,0.1931540342298288,0.0,0.1298545923062765,0.8895486935866983,0.0,0.0,0.8289604782464297,0.6666666666666667,0.0,0.0,0.0,0.0,0.375,0.0,0.013945233265720058,1.0,0.9570474069360484,0.5121951219512195,1.0,0.0,0.0,0.0,0.0,0.0,0.33333333333333337,0.6000000000000001,0.0,0.0,0.5,0.0,0.0,0.33333333333333326,0.0,0.9392234621414738,0.0,0.7005595604174019,0.25031133250311344,0.0,0.8090893139147218,0.5202265372168284,1.0,0.6470588235294118,0.7962170682278766,0.8817564424597637,0.3709327548806941,0.7239307681304534,0.7465387465387465,0.674804570054119,0.9384615384615385,0.0,0.918429003021148,0.0,0.6413404849505739,0.0,0.0,0.44999999999999996,0.6511627906976745,0.0,1.0,1.0,0.0,0.0,0.0,0.0,0.0,0.0,0.0,1.0,0.7636730092576777,0.0,0.5,0.0,0.0,0.13636363636363646,0.0,0.0,0.0,0.46478873239436613,0.9964672774085385,0.2526120428924936,0.7635856079404466,0.0,0.0,0.0,0.0,0.0,0.6208870572333463,0.9344271423003396,0.0,0.0,0.0,0.0,0.0,0.0,0.5,0.0,0.9499525616698292,0.0,0.0,0.745919393517444,0.0,0.0,0.0,1.0,0.0,0.0,0.0,0.0,0.0,0.0,0.0,0.0,0.0,0.0,0.5944564262321272,0.9333333333333333,0.0,0.7404291123264619,0.0,0.0,0.0,0.0,0.0,0.0,0.0,0.0,0.0,0.0,0.0,0.6164948453608248,0.6000000000000001,0.0,0.0,0.7464932126696833,0.0,0.0,0.0,0.0,0.0,0.0,0.0,0.0,0.8181818181818181,0.0,0.0,0.08994708994708978,0.4516599781101788,0.7778013132810845,0.0,0.6878154289834174,0.0,0.0,0.3877724313614491,0.3120762323621039,0.6380566801619434,0.7921680603712014,0.8531583715375957,0.15384615384615385,0.8229994700582937,0.0,0.33333333333333337,0.8571428571428572,0.4651162790697675,0.01638530287984097,0.0,0.0,0.0,0.30909090909090897,0.49729500371273994,0.0,0.7034749034749035,0.0,0.0,0.5081967213114753,0.18508092892329342,0.7254901960784315,0.2857142857142857,0.2222222222222222,0.2500000000000001,0.0,0.6469298245614035,0.5,0.32943525385054195,0.8571428571428572,0.5609756097560975,0.0,0.4220055710306406,0.0,0.6,0.0,1.0,0.33333333333333326,0.0,0.7780040733197556,0.4285714285714285,0.0,0.17979002624671914,0.6,0.0,1.0,0.0,0.0,0.0,1.0,0.0,0.0,0.5,0.75,0.0,0.0,0.0,0.0,0.2500000000000001,0.0,0.0,0.5,0.19544822793606664,1.0,0.8525345622119815,0.0,0.0,0.8382222222222222,0.38888888888888884,0.996042216358839,0.0,0.625,0.0,0.5714285714285714,0.75,0.7,0.0,0.0,0.2222222222222221,0.12590639419907723,0.7357723577235773,1.0,0.0,0.08808290155440424,0.0,0.4204545454545454,0.2857142857142857,0.0,0.0,1.0,0.0,0.0,0.0,0.3957894736842106,0.3549175320708613,0.0,0.035472972972972916,0.0,1.0,0.9090909090909091,0.0,0.27350427350427353,0.33333333333333337,1.0,0.0,0.0,0.0,1.0,1.0,1.0,0.1351595919710431,0.0,0.9168110918544194,0.0,0.6112141652613828,1.0,0.0,0.5281733746130031,1.0,0.0,0.2566171723692705,0.0,0.0,0.06104281475201345,0.953826049077973,0.75,0.0,0.0,0.0,0.3312095667516173,0.5,0.6796628029504742,0.0,0.0,0.0,0.0,0.0,0.0,0.0,0.0,0.0,0.045038705137227186,0.6435023828152785,0.0,1.0,0.0,0.0,0.0,0.0,0.18484848484848493,0.5,0.0,0.0,0.0,0.6617158058080248,0.9586486051378763,0.0,0.7254901960784315,0.0,0.0,0.0,0.0,0.0,0.9329288843950118,0.9114383269312847,0.0,0.0,0.0,0.0,0.0,0.0,0.5555555555555556,0.0,0.8787446504992867,0.18648434403487912,0.0,0.0,0.0,0.0,0.5,0.9285714285714286,0.0,1.0,0.0,0.0,0.0,qsampled
0.0,0.5555555555555556,0.0,0.8590888451642198,0.0,0.0,0.0,0.0,0.0,0.7682854546172996,0.0,0.0,0.8384026004179242,0.6811834422091498,0.0,0.0,0.0,0.0,1.0,0.0,0.6563142483334372,0.0,0.0,0.0,0.0,0.7175533281932666,0.0,0.0,0.397644105435937,0.0,0.0,0.0,0.658112222705524,0.0,0.0,0.7659772354842995,0.0,0.0,0.9128970163618865,0.0,0.0,0.0,0.6057554312861879,0.48279672509920135,0.48420538428137216,0.0,0.34318928481172595,0.6530707568011108,0.6444579043004239,0.0,0.2284713585949596,0.33333333333333337,0.0,0.05638679361938914,0.8993682068854741,0.15937186769127987,0.7826291079812208,0.0,0.48401773215118993,0.8157044812272911,0.0,0.5905114401076716,0.23838541412762648,0.0,0.0,0.3626131790744468,0.15233362143474505,0.9248913718187461,0.12119635890767233,0.3829787234042552,1.0,0.7397714706966458,0.0,0.6121164437450826,1.0,0.0,0.0,0.9343871160155085,0.0,0.4,0.5,0.33333333333333337,0.0,0.0770805985823052,0.31006240249609995,0.0,0.0,0.45048543689320386,0.1428571428571428,0.9491525423728814,0.0,0.3531439314810946,0.5,0.20775142550202452,0.0,0.0,0.78125,0.0,0.0,0.0,0.0,0.23011363636363646,0.0,0.49557522123893805,0.3104796963073738,0.0,0.0,0.01248120300751887,0.0,0.0,1.0,0.5864424410540915,0.4979919678714859,0.09481216457960617,0.1981957721825771,0.9642023346303502,0.0,0.865436974171552,0.15832037325038884,0.4626865671641792,0.0,0.34420279163100875,0.768966056624433,0.8424717145343777,0.0,0.0,0.0,0.0,0.7476851851851851,1.0,0.0,0.11111111111111105,0.0,0.25,1.0,0.0,0.2662789589093336,0.0,0.5987180366079385,0.49591630104623696,0.0,0.8162438072361506,0.0,0.8859060402684564,0.1578947368421053,0.0,0.10378220354467393,0.0,0.0,0.34351851851851845,0.0,0.0,0.5,0.0,0.0,0.617568462645319,0.0,0.41495513883573587,0.0955947136563875,0.2465843693713482,0.0,0.41666666666666663,0.0,0.0,0.3588858469229853,0.0,0.0,0.0,0.26256372906045156,0.6680959154643366,1.0,0.8,0.0,0.0,0.7845303867403315,0.0,0.3485410484668645,0.0,0.13112706837339982,0.0,0.0,0.5,0.0,0.0,0.0,0.0,0.8194791295041027,0.0,0.0,0.045652479280797964,0.5662945101407149,0.0,0.0,0.3131006519888829,0.0,0.76,0.0,0.0,0.2049488972565896,0.9398034623404736,0.9144309256121977,0.3283338619783406,0.1990163777873275,0.5194911545032261,0.0,0.0,0.0,0.0,0.0,0.0,0.0,0.0,0.0,0.0,1.0,0.9152664749434009,0.0,0.0,0.0,0.0,0.0,0.0,0.7890276011004941,0.0,0.2500000000000001,0.6818181818181819,0.0,0.0,0.0,0.6443461059083164,0.0,0.0,0.0,0.0,0.890249877511024,0.0,0.0,0.0,0.0,0.0,0.5454545454545454,0.0,0.0,0.8178406958894764,0.8003170106569539,0.0,0.0,0.0,0.0,1.0,0.0,0.8815840061514801,0.0,0.0,0.0,0.0,0.9444822116474054,0.0,0.0,0.5741770067186944,0.0,0.0,0.0,0.36857142857142855,0.25,0.0,0.7073170731707317,0.0,0.0,0.8799585593936585,0.0,0.0,0.0,0.7009948157489141,0.3834995466908432,0.0,0.07213438735177857,0.648129958443521,0.7938214407098009,0.7381174277726001,0.0,0.0,0.0,0.9062881562881563,0.7423473088640651,1.0,0.20827943078913314,0.7141119221411193,0.0,0.6160483942709724,0.8042495003681498,0.0,0.6857142857142857,0.5446496331899824,0.0,0.18887015177065758,0.7051994565888601,0.0,1.0,0.0,0.4568965517241379,0.9749303621169917,0.8467877879752763,0.0,0.605724838411819,0.0,0.0,1.0,1.0,0.0,1.0,1.0,0.0,0.0,0.0,0.18316100443131456,0.5,0.0,0.5359116022099447,0.0,1.0,0.0,0.0,1.0,0.1550695825049705,0.0,0.42391304347826086,0.8890368397691967,0.0,0.0,0.0,0.0,0.49739583333333337,0.0,0.0,0.33782129742962064,0.0,0.0,0.0,0.0,0.0,1.0,0.5076165924537146,0.5734326290266712,0.0625,0.7576443941109853,0.9817518248175182,0.0,1.0,0.2727272727272728,0.08333333333333337,0.5416666666666667,0.6195555555555556,0.793644996347699,0.8571428571428572,0.593872870249017,0.12384161752316747,0.0,0.0,0.8439056791763534,0.6666666666666667,0.0,0.0,0.0,0.6461320191158901,0.375,0.0,0.8218210361067504,0.0,0.9411392405063291,0.31464174454828653,0.0,0.5027365129007036,0.0,0.9,0.5882352941176471,0.46153846153846145,1.0,0.0,0.0,0.8,0.5,0.0,1.0,0.0,0.0,0.5171222117499215,0.0,0.6954030046256499,0.25031133250311344,0.6101281269066504,0.0,0.5202265372168284,0.0,0.0,0.5040530582166545,0.0,0.3709327548806941,0.0,0.5676065676065676,0.9403487672880337,1.0,0.8,0.0,0.0,0.6582445710511107,0.0,0.39899689830396623,0.44999999999999996,0.4,0.0,0.0,0.0,0.0,0.0,0.0,0.0,0.854220600769482,0.16791134666345453,0.0,0.3476272155517439,0.5949384342768866,0.0,0.5,0.33920123430398463,0.19622093023255804,0.8181818181818182,0.0,0.0,0.21219091431857395,0.9436619718309859,0.9404150338841546,0.5624231695923685,0.3453566423249982,0.725762636383879,0.0,0.0,0.0,0.0,0.0,0.0,0.0,0.0,0.0,0.0,1.0,1.0,0.0,0.0,0.0,0.0,0.0,0.7901658349258678,0.4966341257421071,0.0,0.0,1.0,0.0,0.0,0.0,0.7266513113901478,0.0,1.0,0.8889256198347107,0.0,0.9411764705882353,0.0,0.0,0.0,0.0,0.0,0.6606181954699035,0.0,0.0,0.9407831900668577,0.6871182177506289,0.0,0.0,0.0,0.0,0.6666666666666667,0.0,0.8726957096800859,0.0,0.0,0.0,0.0,1.0,0.0,0.0,0.8955223880597015,0.0,0.0,0.0,0.611087600507829,0.0,0.0,0.8682602921646747,0.2843137254901962,0.0,0.7778013132810845,0.0,0.6719826023921711,0.0,0.5577724836212032,0.5301620130989314,0.06666666666666654,0.26299760713508824,0.0,0.5666145426114151,0.0,0.0,0.0,0.6666666666666667,0.3076923076923077,0.0,0.6531853972798854,0.4042553191489361,1.0,0.0,0.30909090909090897,0.4735191217275908,0.0,0.7034749034749035,0.0,0.0,0.0,0.36347642505277966,0.43028846153846145,0.923469387755102,0.6546546546546548,0.0,0.8571428571428572,0.7458715596330274,0.5,0.535015447991761,0.8571428571428572,0.0,0.0,0.5201949860724234,0.6666666666666666,0.4,0.0,1.0,0.33333333333333326,0.0,0.17924528301886788,0.0,0.0,0.40845070422535223,0.19999999999999996,0.25531914893617036,0.0,0.6956521739130435,0.0,0.75,1.0,0.0,0.6666666666666667,0.5,0.0,0.33333333333333337,0.0,0.0,1.0,0.25,0.0,0.0,0.0,0.2135179153094463,0.2785714285714287,0.0,0.16666666666666663,1.0,0.2806666666666666,0.33333333333333337,0.0,0.07933740191804695,0.625,0.37682077264091196,0.045112781954887105,0.75,0.0,0.04878048780487809,0.32791327913279145,0.4444444444444444,0.0,0.1623931623931626,1.0,0.0,0.0,0.5714285714285714,0.26923076923076916,0.2857142857142857,0.0,0.03686311340690296,1.0,0.0,0.8206680116565792,1.0,0.39500679767643065,0.07147220525351261,0.0,0.31746031746031755,0.0,1.0,0.18181818181818177,0.0,0.3447488584474886,0.6666666666666667,1.0,0.11868686868686873,0.0,0.0,0.0,0.0,1.0,0.9623918277051207,0.0,0.03986135181975747,0.0,0.6023026315789475,0.19999999999999996,0.0,0.02649507948523855,0.0,0.39311043566362713,0.0,0.0,0.5924812030075188,0.0,0.40856550088915233,1.0,0.8,0.003718073068218586,0.0,0.33469705825053575,0.5,0.933509234828496,0.0,0.3191489361702129,0.0,0.4,1.0,0.0,0.0,0.0,0.0,0.7083333333333334,0.0,0.0,0.4482758620689654,0.0,0.0,0.0,0.15055268344234674,0.328054298642534,0.41666666666666663,0.0,0.0,0.5,0.9316313573481254,0.8671743959381658,0.7069041753521572,0.0,0.6299938912645082,0.0,0.0,0.0,0.0,0.0,0.0,0.0,0.0,0.0,0.0,0.9797541576283442,0.9655561829474872,0.0,0.0,0.0,0.23209339137316987,0.0,0.0,0.7644025717741422,0.0,0.5,0.7857142857142857,0.0,1.0,0.0,0.6850892951495298,0.0,qsampled
0.5714285714285714,0.0,0.0,0.0,0.0,0.0,0.0,0.0,0.3842251840063656,0.0,0.0,0.7857142857142857,0.0,0.0,0.0,0.0,0.0,0.0,0.0,0.0,0.0,0.0,0.7001684944869786,0.0,0.0,0.0,0.0,0.0,0.0,0.0,1.0,0.058166116332232565,0.0,0.0,0.0,0.0,0.4750626915575369,0.0,0.0,0.0,0.0,0.0,0.34441035284802324,0.8582273389975366,0.0,0.2591496426766766,0.0,0.6508558951409091,0.0,0.5586105150214593,0.21212930804167784,0.0,0.0,0.8605168789415111,0.46209976931005703,0.0,0.8181094844048377,0.0,0.0,0.0,0.7171537578249435,0.24736369755440868,0.0,0.0,0.631578947368421,0.0,0.0,0.055445544554455606,0.0,0.6308724832214765,0.9237187127532778,0.13324732768153325,0.8648648648648649,0.0,0.7777777777777778,0.4545454545454545,0.0,0.9255284552845529,0.0,0.0,0.0,0.33333333333333337,1.0,0.5531149301825993,0.0,0.22222222222222232,0.9460059993334073,0.2500455954769286,0.5714285714285714,0.8813559322033898,0.0,0.0,0.0,0.17676225105363186,0.5,0.0,0.78125,0.0,0.39619883040935666,0.3066132264529058,0.0,0.4085308056872038,0.0,0.515897435897436,0.3031441291040624,0.6428571428571428,0.18181818181818188,0.019672635057250587,0.8,0.8512355017650025,0.5,0.0,0.0,0.18542336548767424,0.24702503077554383,0.5462325193070341,0.0,0.5803431526167346,0.864696734059098,0.0,0.45833333333333337,0.0,0.7928667728888344,0.7918686473807662,0.0,0.8592946362968406,0.75,0.6666666666666667,0.0,1.0,0.797158516468898,0.4444444444444444,0.0,0.0,1.0,0.5,0.0,0.6666666666666667,0.31346111799431564,0.0,0.0,0.037437899219304516,0.33333333333333337,0.0,0.4736842105263158,0.0,0.18892746208660693,0.33333333333333337,0.0,0.4397705544933078,0.0,0.0,0.5,0.0,0.0,0.7079159254751427,0.0,0.0,0.0,0.5797145003756573,0.5311199303068435,0.0,0.6737410071942446,0.8333333333333334,0.034114732227939926,0.7076706733183782,0.7153886912421468,0.38820988304709725,0.0,0.0,1.0,1.0,0.8883495145631068,0.0,0.0,0.0,0.25924891805109596,0.3076923076923077,0.0,0.0,0.0,0.0,0.0,0.0,0.0,0.0,0.19342930970837957,0.6049690144033504,0.8011621885967436,0.12914438502673786,0.0,0.0,0.0,0.0,0.7708237459733088,0.84,0.0,0.0,0.0,0.9383378264454387,0.250299107279811,0.0,0.0,0.8550667993177942,0.0,0.0,0.0,0.0,0.7191697739089,0.0,0.7368421052631579,0.0,0.0,0.0,0.9009079831767619,0.0,0.0,0.8556390977443609,0.0,0.5873355510606644,0.0,0.13322785284722305,0.0,0.0,1.0,0.0,0.0,0.0,0.0,0.6870649845274934,0.0,0.0,1.0,0.0,0.0,0.0,0.0,0.0,0.0,0.4839962392184115,0.0,0.0,0.0,0.0,0.0,0.0,0.0,0.0,0.0,0.0,0.0,0.0,0.0,0.8669529395335847,0.0,0.18588724471077422,0.0,0.0,0.0,0.0,0.0,0.6666666666666667,0.46182736957115533,0.0,0.25,0.0,0.0,0.6843135213906526,0.0,0.0,0.0,0.0,0.0,0.5617206109009388,0.918530588061028,0.4331232803763202,0.7258842443729903,0.3413095329691468,0.769626034827291,0.0,0.6962357747300846,0.0,1.0,0.6541678282687483,0.7712808273667462,0.7844929245283019,0.0,0.7567039106145252,0.0,0.0,0.0,0.8664826634466103,0.5714285714285714,0.0,0.0,0.8870151770657673,0.16206123973114261,0.16473988439306364,0.0,0.6000000000000001,0.7880434782608695,0.958041958041958,0.0,1.0,0.14663827198052937,0.75,0.2500000000000001,0.0,1.0,1.0,1.0,0.0,0.0,0.0,0.8196982883666957,0.0,0.0,0.8758700696055685,0.5106707317073171,0.5,0.8474025974025974,1.0,0.19979577944179716,0.0,0.4169570267131243,0.7,0.0,0.8852823477100934,0.0,0.5044285111767188,0.8571428571428572,0.36363636363636365,0.4274999999999999,0.0,0.0,0.3918186298669294,0.75,0.33333333333333326,0.0,0.0,0.8702702702702703,1.0,0.0,0.0,0.0625,0.7576443941109853,0.13325471698113223,0.0,0.0,1.0,0.0,0.5416666666666667,0.0,0.793644996347699,0.8571428571428572,0.1344213012669101,0.8915018706574025,1.0,0.0,0.4973919523099851,0.6666666666666667,0.7205768336176152,0.6666666666666667,0.0,0.0,0.0,0.25,0.0,1.0,0.7370413511939429,0.0,0.0,0.2213855421686748,0.0,0.0,0.8235294117647058,0.0,0.777490297542044,0.6000000000000001,0.0,0.0,0.5,0.0,1.0,0.0,1.0,0.9392234621414738,0.0,0.0,0.25031133250311344,0.8237822349570201,0.2612909478581119,0.0,0.789282250242483,0.8823529411764706,0.0,0.8122319597240351,0.25271149674620386,0.8088694565896315,0.0,0.08567874358575667,1.0,1.0,0.7513043478260869,0.0,0.0,0.0,0.4452636784606394,0.65,1.0,0.0,1.0,1.0,0.0,0.0,0.0,0.0,0.37038689172289085,0.907323568575233,0.8720140142265633,0.7727272727272727,0.4899079657251666,0.0,0.0,0.0,0.1159147869674183,0.9545454545454546,0.0,0.0,0.0,0.9436619718309859,0.0,0.0,0.0,0.5549211207911466,0.0,0.0,0.0,0.0,0.7409548039376466,0.0,0.6875,0.0,0.0,0.0,0.9014499320344359,0.0,0.0,0.8309859154929577,0.0,0.9285631383472609,0.0,0.8986954346029862,0.0,0.0,0.0,0.6666666666666667,0.0,0.0,0.0,0.752695306020899,0.0,0.0,0.0,0.0,0.0,0.0,0.0,0.0,0.0,0.7404291123264619,0.0,0.0,0.0,0.0,0.0,0.0,0.0,0.0,0.0,0.0,0.0,0.0,0.0,0.8951655805293257,0.0,0.0,0.0,0.0,0.0,0.0,0.0,0.7777777777777778,0.42810188989318,0.0,0.0,0.0,0.0,0.14102564102564086,0.0,0.0,0.0,0.6878154289834174,0.0,0.41256090958310776,0.8690442494574959,0.0,0.0,0.161167374496352,0.5659294804923847,0.15384615384615385,0.8229994700582937,0.18360433604336024,0.0,0.20512820512820518,1.0,0.1148946594806467,0.0,1.0,0.0,0.0,0.0,0.4064860062194582,0.09523809523809523,0.31783276450511944,0.0,0.49240121580547114,0.1791187739463601,0.0,0.2857142857142857,0.8078078078078078,0.2500000000000001,0.8571428571428572,0.0,0.25,0.25185396463205934,1.0,0.5952380952380952,1.0,0.5201949860724234,0.0,0.0,0.0,1.0,1.0,0.8076923076923077,0.0,0.5714285714285714,0.7967259214622878,0.17792207792207793,0.6,0.21052631578947367,1.0,0.0,1.0,0.33333333333333337,0.5,0.0,0.0,0.5,0.6,0.0,0.5,0.0,1.0,0.25,0.0,0.0,0.5,0.2135179153094463,0.6000000000000001,0.53781512605042,0.33333333333333326,0.0,0.5784444444444444,0.0,0.0,0.4652605459057072,0.0,0.0,0.0,0.25,0.0,1.0,0.3851944792973653,0.4444444444444444,0.1374095989480606,0.6822429906542056,0.0,1.0,0.0,0.5714285714285714,0.0,0.4285714285714285,0.0,0.2320390170699681,1.0,1.0,0.0,0.0,0.13554852320675115,0.25778863775198524,0.0,0.0,1.0,1.0,0.36363636363636365,0.0,0.1187214611872146,0.33333333333333337,1.0,0.052631578947368474,0.0,0.0,0.0,0.0,0.0,0.1351595919710431,0.0,0.21734169994295482,0.0,0.8458970493215594,0.0,0.0,0.0,0.0,0.580209388720027,0.2566171723692705,0.9467756403867238,0.0,0.6163011387600168,0.0,1.0,1.0,0.0,0.0,0.21800116890707188,0.5,0.0,0.29268292682926833,0.0,0.0,0.0,0.0,0.0,0.0,0.0,0.0,0.44272445820433437,0.5250729070346396,0.28805620608899285,0.2068965517241379,0.08247697527872033,0.19010989010989,0.0,0.0,0.18484848484848493,1.0,0.0,0.0,0.5,0.933486622377775,0.6560402684563759,0.0,0.0,0.08659598268566693,0.0,0.0,0.0,0.0,0.6160543973429681,0.0,1.0,0.0,0.0,0.0,0.9145129224652088,0.0,0.0,0.8571428571428572,0.0,0.24495449149188764,0.0,0.0647363717605004,0.0,0.0,0.25,0.3571428571428572,0.0,1.0,0.0,0.7056467993732227,0.0,qsampled
0.5714285714285714,0.0,0.0,0.0,0.0,0.0,1.0,0.0,0.7422760709649503,0.0,0.0,0.0,0.0,0.7104016289663635,0.0,0.0,0.0,0.0,0.0,0.686041033552669,0.0,0.5,0.9131458469587965,0.0,0.28578416616496083,0.0,0.7138461538461538,0.0,0.37302509580912346,0.0,0.0,0.0,0.8986522911051213,0.0,0.0,0.0,0.0,0.0,0.0,0.0,0.30090786169596284,0.0,0.341120785663663,0.0,0.48420538428137216,0.0,0.0,0.33776206112654683,0.43038850912866666,0.0,0.0,0.0,0.0,0.6141301003138655,0.5397539911018059,0.0,0.0,0.0,0.7836355705116221,0.46880852059925104,0.6079378165116005,0.2316827697262478,0.8023475445223961,0.6781966001478197,0.3950617283950617,0.3725550878930429,0.0,0.0,0.0,0.711111111111111,0.4541120381406437,0.49493180980464424,0.4285714285714286,0.3125000000000002,0.4444444444444444,1.0,0.0,0.0,0.0,0.0,0.0,0.33333333333333337,1.0,0.0,0.025711159737418,0.0,0.0,0.28282128948507146,0.0,0.9491525423728814,0.25,0.7623318385650224,0.0,0.5487149822328734,0.30000000000000004,0.10101121125522083,0.0625,0.0,0.735166872682324,0.10821643286573146,0.7142857142857142,0.0,0.0,0.757948717948718,0.0,0.0,0.18181818181818188,0.30726886025272115,1.0,0.5515863689776732,1.0,0.9191919191919192,0.36834634492547913,1.0,0.24636908727514983,0.0,0.9166666666666666,0.4983596779003877,0.015677491601343907,0.23880597014925375,0.5555555555555556,0.14726138748485096,0.917514401274666,0.5896166134185303,0.24842929240910538,0.4812680115273775,0.0,0.6666666666666667,0.0,0.35766423357664245,0.0,0.0,0.0,0.2860962566844919,0.0,0.0,0.2662789589093336,0.6666666666666667,0.23911248710010324,0.0,0.0,0.2702791822378545,0.33333333333333337,0.0,1.0,0.6826484018264842,0.18892746208660693,0.0,0.0,0.484080794248545,0.75,0.7777777777777778,0.5,0.0,0.0,0.30058212156206565,0.0,0.0,0.04315102860010067,0.16608436301661678,0.5753156120128597,0.0,0.9165534353399893,0.0,0.0,0.7049255893586197,0.0,0.38820988304709725,0.591113905480457,0.0,0.0,1.0,0.0,0.0714285714285714,0.0,1.0,0.16383874849578817,0.0,0.13112706837339982,0.0,0.0,0.0,0.0,0.0,0.0,0.0,0.0,0.5925789889730835,0.0,0.2222222222222221,0.7970942758982124,0.0,0.0,0.9625745250911197,0.48843464228079625,0.15999999999999992,0.0,0.0,0.0,0.0,0.0,0.0,0.36786791994727885,0.9445328112892043,0.0,0.0,0.0,0.0,0.0,0.0,0.7368421052631579,0.0,0.0,0.0,0.0,0.0,0.0,0.0,0.0,0.0,0.0,0.10458651589037737,0.7890276011004941,0.0,0.40201005025125625,0.0,0.49876665022200306,0.5,0.0,0.6569483261718029,0.0,0.0,1.0,0.0,0.0,0.0,0.0,1.0,0.0,0.7731609073563706,0.0,0.0,0.0,0.0,0.8003170106569539,0.0,0.0,0.0,0.0,0.0,0.8929843727734764,0.0,0.0,0.8538919751020682,0.0,0.0,0.0,1.0,0.0,0.6494409752084658,0.0,0.0,0.0,0.7916666666666666,0.0,0.0,0.0,0.0,0.0,0.0,0.0,0.22991556091676724,0.0,0.5617206109009388,0.0,0.0,0.055657492354740046,0.413331315729742,0.7216928125140469,0.0,0.0,0.0,1.0,0.9060587515299878,0.9336633663366336,0.48820681841590285,0.0,0.0,0.0,0.915813992180351,0.3018392012611666,0.7192299372701709,0.5714285714285714,0.750778567435918,0.2746578574799432,0.0,0.6926810328091633,0.16473988439306364,0.4772036474164133,0.0,0.7880434782608695,0.9594882729211087,0.6660412757973733,0.39047619047619064,0.0,0.0,0.75,0.0,0.0,0.0,1.0,0.0,0.0,1.0,0.12376742604556246,0.18316100443131456,0.5,0.0,0.565880721220527,0.0,1.0,0.6000000000000001,1.0,0.0,0.8001988071570576,0.29999999999999993,0.0,0.1133837261004893,0.0,0.6226522481502561,0.0,0.8636363636363636,0.0,0.0,0.4285714285714286,0.0,0.0,0.33333333333333326,0.5238095238095237,0.5,0.8412698412698413,1.0,0.8353777893775284,0.24528301886792425,0.8125,0.7576443941109853,0.42743764172335597,0.5,1.0,0.4545454545454546,0.75,0.5,0.3140711462450593,1.0,0.5,0.0,0.7475192943770672,0.0,0.0,0.49288702928870276,0.6666666666666667,0.0,0.33333333333333337,0.0,0.643407893732346,0.875,0.0,0.19201010579504174,1.0,0.8701223063482819,0.0,0.0,0.40104166666666663,0.0,0.0,0.8235294117647058,0.6875957120980092,0.6666666666666667,0.0,0.0,0.16129032258064502,1.0,0.8571428571428572,0.75,0.0,1.0,0.5894125242091672,0.0,0.0,0.0,0.0,0.37664951912323863,0.0,1.0,0.0,0.0,0.8665691532585731,0.3709327548806941,0.8084866691701089,0.5055185055185055,0.13301262778111855,0.4406546644844518,1.0,0.0,0.0,0.0,1.0,0.6020320999865127,0.44999999999999996,0.20000000000000007,0.0,1.0,1.0,0.0,0.0,0.0,0.0,0.0,0.0,0.0,1.0,0.7371781342338539,0.0,0.5,0.9259146474094053,0.0,0.13636363636363646,0.0,0.0,0.0,0.0,0.0940336934845375,0.2407926341072858,0.6683622828784119,0.8114935064935065,0.0,0.0,0.0,0.0,0.0,0.0,0.6875,0.0,0.0,0.0,0.0,0.0,0.0,0.0,0.0,0.0,0.0,0.82305416732032,0.5366084543822425,0.0,1.0,0.6666666666666667,0.48043818466353694,1.0,0.0,0.7318398332837155,0.0,0.0,0.0,0.0,0.0,0.0,0.0,0.0,0.0,0.7189009661835748,0.0,0.0,0.0,0.0,0.6852220312923939,0.0,0.0,0.0,0.0,0.0,0.9694713328369322,0.0,0.6000000000000001,0.7377516141283706,0.0,0.7464932126696833,0.0,0.48206896551724143,0.0,0.8955223880597015,0.0,0.0,0.0,0.6340533672172808,0.0,0.0,0.0,0.0,0.0,0.0,0.0,0.5747282608695652,0.0,0.21893147502903587,0.0,0.6710646875572659,0.3031102733270499,0.161167374496352,0.0,0.7692307692307692,0.0,0.3091216216216216,0.0,0.8571428571428572,1.0,0.0,0.0,0.0,0.0,0.6417233560090703,0.8035780154924382,0.35732758620689653,0.05714285714285716,0.2202932098765431,0.8134803921568627,0.1641337386018238,0.36347642505277966,0.0,0.0,0.8078078078078078,0.2500000000000001,1.0,0.5653605531774778,0.0,0.0,0.8571428571428572,1.0,1.0,0.0,0.6666666666666666,0.0,0.0,1.0,0.0,0.09862570735650766,0.17924528301886788,0.0,0.0,0.2130090829182537,0.0,1.0,0.5714285714285714,0.5652173913043479,1.0,0.4411764705882353,1.0,0.41176470588235303,0.0,0.5,0.36,0.6666666666666667,0.75,0.0,1.0,0.5,0.0,0.0,0.5,0.3900277970813064,0.0,0.4437742352434296,0.0,1.0,0.8382222222222222,0.0,0.0,0.07933740191804695,0.0,0.24445851804939833,0.1986062717770034,0.25,1.0,0.0,0.7013495864170658,0.8888888888888888,0.4680290046143706,0.0,1.0,1.0,0.0,0.7142857142857143,0.4204545454545454,0.0,0.0,0.03686311340690296,1.0,0.0,0.8206680116565792,0.0,0.0,0.25778863775198524,0.0,0.7169373549883991,1.0,1.0,0.36363636363636365,0.5,0.07692307692307698,0.6666666666666667,1.0,0.0,0.6666666666666666,0.5,0.5,0.0,0.0,0.21758802237578145,0.0,0.20739456961294045,0.6923076923076923,0.6124102997045167,0.0,0.0,0.5431553592934564,0.0,0.5822357311719013,0.2566171723692705,0.0,0.0,0.9548713622943905,0.0,0.0,1.0,0.005981247979308102,1.0,0.19838789274551738,0.0,0.0,0.0,0.3191489361702129,0.0,0.0,0.0,0.0,0.0,0.0,0.0,0.045038705137227186,0.7620769453283194,0.0,1.0,0.0,0.0,0.0,1.0,0.0,0.5,0.0,0.0,0.0,0.0,0.0,0.0,0.448087431693989,0.7007106768086169,0.0,0.0,0.0,0.0,0.0,0.0,1.0,0.0,0.0,0.0,0.0,0.0,0.0,0.0,0.0,0.18717790146361568,0.0,0.05960192475940507,0.7644025717741422,0.0,0.0,0.3571428571428572,0.5613437195715678,0.0,0.0,0.693792216146671,0.0,qsampled
0.0,0.0,0.0,0.0,0.8490313961255845,0.0,0.0,0.0,0.0,0.0,0.0,0.0,0.0,0.0,0.4,0.0,0.0,0.0,0.33333333333333326,0.5788267198812904,0.0,0.5,0.7373658766654876,0.0,0.22377840024898854,0.0,0.668931277763261,0.0,0.0,0.0,0.0,0.0,0.0,0.0,0.9409722222222222,0.815515999588435,0.47531052221883774,0.11907894736842095,0.0,0.0,0.01028608164577316,0.55784519784337,0.3440813950545418,0.22678598361067814,0.5037451150673035,0.0,0.49241668853319354,0.0,0.0,0.553963577932512,0.1399774176408075,0.33333333333333337,0.2991833163190899,0.0,0.29165052084520515,0.0,0.0,0.0,0.0,0.41284873304325564,0.0,0.13762320996838384,0.6146923031967739,0.0,0.17543859649122806,0.36319688598694133,0.3418708240534519,0.0,0.0,0.3829787234042552,0.0,0.0,0.4285714285714286,0.3125000000000002,0.4444444444444444,0.0,0.0,0.5716080402010051,0.0,0.4,0.5,0.0,1.0,0.0,0.0,0.44444444444444453,0.0,0.2500455954769286,0.5714285714285714,0.0,0.0,0.17115716753022459,0.0,0.0,0.0,0.0,0.0625,0.0851648351648352,0.0,0.0,0.2714776632302406,0.39560439560439553,0.2857142857142857,0.5294117647058822,0.7995262066923304,0.6428571428571428,0.0,0.0,0.0,0.0,0.11111111111111116,0.45626270414242664,0.9079016221873365,0.20128824476650564,0.0,0.285311324697033,0.5,0.0,0.8719671519223591,1.0,0.33333333333333337,0.0,0.21597683529211376,0.0,0.05570530098831983,0.4253731343283581,0.75,0.0,0.7266666666666667,0.3065693430656935,0.9076426024955437,0.4444444444444444,0.0,0.6017069701280229,1.0,0.0,0.30353430353430366,0.0,0.14294222751637886,0.49103173386478616,0.0,0.04563948346010982,0.0,0.2997275204359672,0.0,0.4745596868884542,0.7158779462817467,0.6666666666666667,0.0,1.0,0.75,0.0,0.0,0.4285714285714285,0.0,0.0,0.7,0.41692950302617016,0.0,0.10910110783901283,0.46764909049044434,0.0,0.0,0.0,0.02892319718585079,0.6157721371827165,0.4862318251969783,0.0,0.7342288043166294,0.0,0.616717080056463,1.0,0.0,0.0714285714285714,0.09599999999999986,0.5,0.25577085088458273,1.0,0.5867895545314901,0.875,0.0,0.0,0.0,0.0,0.0,0.0,0.0,0.0,1.0,0.12914438502673786,0.8643198906356802,0.0,0.0,0.835984596190972,0.4038585209003215,0.84,0.0,0.0,0.15974282888229463,0.0,0.7479057264316079,0.1993343195266274,0.0,0.0,0.0,0.0,0.0,0.0,0.4937233346566987,0.8362148493037693,0.7368421052631579,0.0,0.0,0.0,0.0,0.0,0.23214285714285698,0.0,0.0,0.22262049649055526,0.0,0.0,0.5691282039348916,0.0,0.23115577889447236,0.8275862068965517,0.5571746880570411,0.5,0.0,0.0,0.875,0.0,1.0,0.0,0.0,0.791776798825257,0.0,0.0,0.0,0.0,0.0,0.0,0.0,0.0,0.0,0.5,0.0,0.0,0.0,0.5,0.9008662996628686,0.0,0.0,0.8226379177801368,0.0,0.06527596697088212,0.0,0.8,0.0,0.0,0.0,0.0,0.17588440458395616,0.0,0.0,0.8881735005083022,0.7073170731707317,0.6843135213906526,0.7374912905108939,0.0,0.0,0.0811170212765957,0.9433846153846154,0.5427669345579795,0.36331679073614565,0.9141665010927876,0.06670467502850641,0.0,0.0,0.4444444444444443,0.7085020242914981,0.08653295128939842,1.0,0.0,0.0,0.2496651486739887,0.0,0.0,0.0,0.0,0.3196356768612161,0.0,0.0,0.09270941467699434,0.0,0.0,0.5685942173479561,0.8473684210526315,0.0,0.0,0.36413043478260865,0.29211469534050183,0.2904109589041095,0.9375,0.0,0.0,0.2500000000000001,1.0,0.9611178614823815,0.0,0.5,1.0,0.5,1.0,0.07288685365388281,0.0,0.75,0.0,0.524390243902439,0.5,0.0,1.0,0.861995753715499,0.0,0.0,0.0,0.5917735515258734,0.14750000000000008,0.36363636363636365,0.0,1.0,0.36363636363636365,0.0,0.5714285714285714,0.0,0.7979863592075349,0.75,0.0,0.1428571428571428,0.0,0.0,0.0,0.48187182373205095,0.7062582635522257,0.0625,0.0,0.0,0.18181818181818188,1.0,1.0,0.0,0.5833333333333333,0.0,0.1931540342298288,0.0,0.6021060549078601,0.6381634372367313,1.0,0.0,0.7668269230769231,0.0,0.9335996005991014,0.6666666666666667,0.6666666666666667,0.4040861606730147,0.0,0.0,0.19201010579504174,0.0,0.6785955435516543,0.7476635514018692,0.0,0.2165748976422418,0.0,0.44999999999999996,0.0,0.7549770290964778,1.0,0.8,0.0,0.6774193548387096,0.0,0.0,0.0,0.33333333333333326,0.5,0.0,1.0,0.6650936784562912,0.25031133250311344,0.0,0.8943213649096002,0.0,0.0,0.0,0.0,0.5619687181230874,0.8973727422003284,0.0,0.7465387465387465,0.0,0.6864707108609548,0.6,0.21580928481806771,0.0,0.48198498378426413,1.0,0.41663883986070693,0.44999999999999996,0.0,0.6666666666666666,0.0,1.0,0.0,0.0,0.0,0.0,0.0,0.9765602013795809,0.9968361846730724,1.0,0.9598171318575554,0.0,0.5,0.9098391000996725,0.4,0.9545454545454546,0.0,0.0,0.16499736425935696,0.0,0.0,0.5573936042317865,0.0,0.02089534106784907,0.0,0.0,0.0,0.0,0.614169394324668,0.937166158356783,0.6875,0.0,0.0,0.0,0.0,0.0,0.5,0.0,0.0,0.7860932063202327,0.0,0.5151582602501892,0.5310891730053406,0.0,0.0,1.0,0.4722222222222222,1.0,0.0,0.0,0.9268292682926829,0.0,0.0,0.0,0.0,1.0,0.0,0.0,0.0,0.0,0.0,0.0,0.0,0.0,0.0,0.33333333333333326,0.0,0.0,0.0,0.6666666666666667,0.9692423813567318,0.0,0.6000000000000001,0.6592338295687885,0.0,0.6720302375809935,0.0,0.8194444444444444,0.0,0.0,0.0,0.0,0.0,0.0,0.0,1.0,0.8670105404799282,0.14102564102564086,0.0,0.0,0.0,0.0,0.30384419551934827,0.37421874999999993,0.08547362607014652,0.2846594055750413,0.38720173535791746,0.7892486255345144,0.6617984560817859,0.3076923076923076,0.625,0.09285714285714286,0.33333333333333337,0.0,0.4913793103448275,0.03674079282763454,0.0,0.25,0.0,0.0,0.9217687074829932,0.0,0.25482625482625487,0.7377701934015928,0.0,0.1641337386018238,0.26368363437328957,0.25,0.2857142857142857,0.8686868686868686,0.0,0.0,0.5,0.0,0.0,0.8571428571428572,0.0,0.0,0.5201949860724234,0.6666666666666666,0.6,0.0,0.0,0.0,0.0,0.17924528301886788,0.4285714285714285,0.0,0.3547982961663745,0.6,0.0,1.0,0.13043478260869568,1.0,0.5,1.0,0.0,1.0,0.0,0.0,0.33333333333333337,0.5,0.0,0.0,0.2500000000000001,0.2857142857142857,0.0,0.5,0.0,0.08333333333333326,0.0,0.25,0.07017543859649122,0.0,1.0,0.5663716814159292,0.7950219619326501,0.0,0.2811906269791008,0.0,0.25,0.19999999999999996,0.31707317073170727,0.0,0.2222222222222221,0.0,0.02336448598130847,0.0,0.0,0.7659574468085106,0.5714285714285714,0.4318181818181819,0.4285714285714285,0.6666666666666667,0.6976177077471394,1.0,0.0,0.8202196816857208,1.0,0.18026740433379418,0.0,0.0,0.0,0.0,1.0,0.9090909090909091,0.08333333333333326,0.5641025641025641,0.6666666666666667,1.0,0.6843434343434343,0.6666666666666666,0.0,1.0,1.0,0.5,0.6362157589953803,0.25,0.0567734682405846,0.0,0.6330397948946604,0.23809523809523803,0.0,0.3643250688705235,0.0,0.6080486980047344,0.8340865074241446,0.0,0.698058950395399,0.0,0.3669467787114846,0.0,0.8,0.0,0.0,0.5722360764754779,0.0,0.0,1.0,0.7703910614525139,1.0,0.4,0.0,0.0,0.0,0.0,0.0,0.0,0.0,1.0,0.2068965517241379,0.10003369883609403,0.19010989010989,0.0,0.7837285179449398,0.0,0.2499999999999999,0.0,0.0,0.5,0.0,0.6616469080422942,0.4716962475898552,0.0,0.08610962501823838,0.0,0.0,0.0,0.0,0.9329288843950118,0.5563454875136891,1.0,0.0,0.0,0.0,0.0,0.0,0.5555555555555556,0.0,0.0,0.0,0.0,0.02858346465292605,0.522810901367158,0.0,0.5,0.0,0.5954198473282444,0.0,0.0,0.0,0.8125,qsampled
0.0,0.0,0.0,0.0,0.0,0.0,0.7857142857142857,0.0,0.0,0.0,0.0,0.5392265193370165,0.0,0.6811834422091498,0.0,0.0,0.0,0.9121464226289517,0.0,0.0,0.0,0.0,0.7001684944869786,0.0,0.0,0.0,0.0,0.0,0.1359556786703603,0.9038408400110527,0.0,0.0,0.0,0.0,0.0,0.8121722329561136,0.0,0.765895560931851,0.0,0.0,0.32875925237435366,0.46649246012303336,0.44344073070360324,0.4774239787037986,0.4541359096830221,0.7984420642648491,0.0,0.4552486748332445,0.6454962360474171,0.486439055520102,0.19844269975121942,0.0,0.26154972097703766,0.11141540311268472,0.5386761618792018,0.20314960629921264,0.0,0.0,0.0,0.0,0.9011390186915887,0.0,0.5580009568961768,0.528712251603818,0.17543859649122806,0.4476861167002013,0.35387323943661975,0.11664482306684132,0.0,0.9491725768321513,0.0,0.49493180980464424,0.4285714285714286,0.10264674889977077,0.7142857142857143,1.0,0.0,0.06193494752156281,0.0,0.0,0.5,0.33333333333333337,1.0,0.0770805985823052,0.5015641293013555,0.5555555555555556,0.4389501711677444,0.43096844792996536,0.0,0.0,0.6666666666666667,0.0,0.0,0.204192401272693,0.30000000000000004,0.13686586669834855,0.0,0.2744565217391305,0.0,1.0,0.0,0.0,0.2857142857142857,0.0,0.0,0.0,0.0,0.0,0.0,0.0,1.0,0.8753358409457281,0.0,0.0,0.4938373048479868,1.0,0.5,0.0,0.015677491601343907,0.0,1.0,0.4167994536763031,0.9165790396074307,0.5809094633346988,0.6231249666364169,0.4816941852117732,0.0,0.0,0.18981481481481488,0.0,0.0,0.4444444444444444,0.0,0.0,1.0,0.0,0.0,0.6666666666666667,0.40114285714285725,0.001299856331668403,0.0,0.8164779968513382,0.0,0.0,0.0,0.23751274209989814,0.10378220354467393,0.33333333333333337,0.0,0.0,0.75,0.0,0.5,0.0,0.0,0.0,0.0,0.6610962282604074,0.09088848594741616,0.9102876362792856,0.5861190457809001,0.4722222222222222,0.0,0.0,0.40290846877673225,0.5677838416981953,0.41291348118991744,0.7054590315616326,0.33296807655782,0.8090631985368828,0.5189578544061303,1.0,0.7333333333333334,0.15384615384615385,0.09478463071642118,0.5,0.16539821417870193,1.0,0.5899333826794966,0.0,0.6000000000000001,0.5,0.0,0.0,0.0,0.0,0.04498224385111127,0.0,0.0,0.461441213653603,0.5720568927789933,0.7830504582767264,0.0,0.6443561781937677,0.8220810166799046,0.0,0.0,0.0,0.5,0.0,0.9144309256121977,0.32236811794517395,0.9240930599369085,0.34292007285357284,0.0,0.0,0.0,0.0,0.0,0.0,0.7368421052631579,0.0,0.0,0.0,0.994016454749439,0.0,0.0,0.7495271548230209,0.0,0.0,0.0,0.0,0.0,0.0,0.2500000000000001,0.9130434782608696,0.0,0.0,0.0,0.0,0.0,0.0,1.0,0.0,0.0,0.0,0.0,0.7037037037037037,0.0,0.0,0.0,0.0,0.8,0.0,0.7360807317558162,0.0,0.0,0.0,0.6291262135922331,0.0,0.0,0.0,0.0,0.8417651071774802,0.0,0.20469918120327535,0.0,0.0,0.0,0.6261081344374086,0.8486074744108546,0.0,0.0,0.0,0.0,0.0,0.7391304347826086,0.0,0.8017955320481592,0.0,0.0,0.12886115444617785,0.16099128040385502,0.4650349650349651,0.3834995466908432,0.9166497461928934,1.0,0.35304565876084004,0.41990136160311975,0.7207750952986023,0.7403160830492718,0.4363636363636364,1.0,0.0,0.0,0.4770565485523153,0.21739130434782605,0.0,0.0,0.0,0.0,1.0,0.19999999999999996,0.09270941467699434,0.7270471464019851,0.0,0.0,0.6157894736842104,0.0,0.0,1.0,0.5851063829787235,0.7924733785091965,0.26521739130434796,0.24786324786324776,0.0,0.75,1.0,0.0,1.0,1.0,1.0,0.0,1.0,0.0,0.5066469719350074,0.75,1.0,0.565880721220527,0.0,0.0,1.0,0.10830172777075431,0.0,0.1550695825049705,0.29999999999999993,0.0,0.0,0.36363636363636365,0.0,1.0,0.0,0.0,0.5714285714285714,0.0,0.0,0.0,0.0,0.1428571428571428,0.0,0.0,1.0,0.8370365585841623,0.0,0.0625,0.21072796934865912,0.9583333333333334,0.4947478991596639,0.0,0.4545454545454546,0.0,0.5,0.36557575757575755,1.0,0.5,0.0,0.6524852569502948,0.0,0.0,0.0,0.6666666666666667,0.0,0.6666666666666667,0.6666666666666667,0.0,0.0,0.0,0.32321547698465636,1.0,0.8408227848101266,0.0,0.0,0.4790343074968233,0.0,0.0,0.0,0.0,1.0,0.8,0.0,0.7272727272727273,0.5,0.0,0.75,0.0,0.0,0.0,0.0,0.9068092239387486,0.25031133250311344,1.0,0.7087136929460582,0.39522653721682854,0.0,0.0,0.5671609245529874,0.5394617933527462,0.0,1.0,0.7466167466167466,0.6751872354281994,0.3672789896670493,1.0,0.6321752265861027,0.0,0.4192719486081371,1.0,0.6020320999865127,0.8,0.0,0.0,1.0,0.0,0.0,0.0,0.0,0.0,0.0,0.7945356868764389,0.0,0.0,0.6810950587441678,0.8031178840427395,0.5,0.7415168158904522,0.0,0.0,0.0,0.0,0.5,0.0,0.9683701574756003,0.5624231695923685,0.9266048502139801,0.1895791583166332,0.0,0.0,0.0,0.0,0.0,0.0,0.6875,0.0,0.0,0.0,0.9222470238095238,0.0,0.0,0.7258335080729713,0.0,0.0,0.0,0.7901658349258678,0.0,0.0,0.0,1.0,0.0,0.5,0.0,0.0,0.0,1.0,0.0,0.0,0.0,0.0,0.0,0.9333333333333333,0.0,0.0,0.0,0.0,0.07042253521126773,0.0,0.6901188242651657,0.0,0.0,0.0,0.6197627271362067,0.0,0.0,0.0,0.0,0.8846035553915237,0.0,0.0,0.0,0.36363636363636365,0.0,0.8955223880597015,0.6548783024755565,0.0,0.0,0.0,0.0,0.0,0.8686716791979949,0.0,0.5308689024390245,0.0,0.0,0.0,0.4706961683756071,0.3864946889226101,0.5340423817581177,1.0,0.6557759626604434,0.0,0.8724003127443315,0.0,0.2925278219395867,0.0,0.0,0.0,0.8545454545454545,0.12007874015748021,0.5,0.0,0.0,0.0,0.038942220612207756,0.6015104398045313,0.0,0.7377701934015928,0.36190476190476195,0.1641337386018238,0.7417311752287121,0.0,0.2857142857142857,0.8888888888888888,0.75,1.0,0.6057339449541284,0.0,0.2280701754385963,0.8571428571428572,1.0,0.0,0.4220055710306406,0.0,0.0,0.0,1.0,0.0,0.0,0.2515723270440251,0.5714285714285714,0.5328430384847875,0.30022779043280157,0.0,0.0,0.5714285714285714,0.0,1.0,0.0,1.0,0.3203883495145631,0.0,0.0,0.0,0.6666666666666667,0.0,0.0,0.0,0.0,0.0,0.0,0.0,0.0,0.10909090909090913,0.0,0.16666666666666663,1.0,0.5784444444444444,0.0,0.9959893048128342,0.48951048951048937,0.0,0.27929069031032305,0.4285714285714286,0.25,1.0,1.0,0.690990990990991,0.8888888888888888,0.08333333333333326,0.0,1.0,0.0,0.6420454545454546,0.0,0.4900000000000001,0.4285714285714285,1.0,0.0,1.0,0.0,0.0,0.0,0.16440217391304357,0.0,0.0,0.6007326007326008,0.0,1.0,0.9090909090909091,0.5,0.3447488584474886,0.0,1.0,0.6085858585858586,1.0,0.0,0.5,0.0,1.0,0.6742791892663431,0.0,0.0,0.0,0.8393487642212631,0.0,0.7777777777777778,0.264599638771824,0.0,0.38662486938349017,0.7978030919446705,0.3349573690621195,0.46015037593984975,0.2647058823529411,0.9538461538461538,0.9201426024955437,1.0,0.0,0.0,0.5966845344451062,0.0,0.0,1.0,0.7652849740932642,0.0,0.6000000000000001,1.0,0.0,0.0,0.0,0.0,0.04166666666666674,0.0,0.0,0.6681896551724138,0.0,0.1536679536679536,0.0,0.3820303712035994,0.0,0.0,0.0,0.0,0.0,0.0,0.8671743959381658,0.6948422077019325,0.010928961748634003,0.09647729586642229,0.0,0.0,0.0,0.0,0.0,0.0,1.0,0.0,0.0,0.0,0.9204483818477671,0.0,0.0,0.7272727272727273,0.0,0.18717790146361568,0.0,0.0,0.0,0.0,0.5,0.0,0.0,0.0,0.0,0.0,0.0,qsampled
0.0,0.0,0.7948518329989719,0.0,0.0,0.0,0.0,0.0,0.0,0.0,0.6456595580015478,0.0,0.900100908173562,0.0,0.0,0.0,0.0,0.0,0.0,0.0,0.0,0.5,0.0,0.0,0.0,0.0,0.0,0.0,0.14525089605734776,0.9324899503428706,0.0,0.0,0.0,0.01176470588235301,0.0,0.0,0.0,0.0,0.0,0.0,0.5700518302559118,0.0,0.34441035284802324,0.0,0.45575933075933084,0.0,0.0,0.9370493920154955,0.6167294649585532,0.7461636828644502,0.23517944173681893,0.33333333333333337,0.0,0.16643283058575942,0.12879636109167258,0.23623917295333896,0.0,0.0,0.0,0.756323149081664,0.0,0.2103432802333406,0.13050950262838668,0.0,0.17543859649122806,0.3876166770379589,0.0,0.055445544554455606,0.0,0.0,0.0,0.49493180980464424,0.6486486486486487,0.0,1.0,0.0,0.0,0.2804847885233739,0.0,0.4,1.0,0.0,1.0,0.5531149301825993,0.0,0.44444444444444453,0.7634707254749472,0.2831689732327838,0.1428571428571428,0.7796610169491526,0.25,0.25521854457386717,0.5,0.15422047538835848,0.30000000000000004,0.0,0.0,0.0,0.9258373205741627,0.10821643286573146,0.25,0.39560439560439553,0.0,0.0,0.7995262066923304,0.0,0.0,0.30726886025272115,0.8,0.0,0.75,0.0,0.0,0.27749999999999986,0.1981957721825771,0.0,0.0,0.8985093408188946,0.015677491601343907,0.4626865671641792,0.5,0.18687807217360042,0.2917024145115824,0.0,0.05570530098831983,0.440484937545922,0.75,0.0,0.6130690161527166,0.043062200956938024,0.7818774959221554,0.33333333333333326,0.0,0.25,0.0,0.0,0.30353430353430366,0.0,0.3985822658873275,0.6011705685618729,0.0,0.04563948346010982,0.33333333333333337,0.2997275204359672,0.8111888111888111,0.0,0.0,0.33333333333333337,0.8571428571428572,0.8,0.75,1.0,0.0,0.4285714285714285,0.0,0.43065750736015707,0.0,0.7425744671835939,0.35425821301527516,0.14694949494949494,0.0,0.41666666666666663,0.632183908045977,0.0,0.6879706900061062,0.0,0.0,0.18483829650976635,0.2151673640167363,0.6375794637161523,1.0,0.0,0.04721549636803879,0.0,0.7845303867403315,0.0,0.3117200217037439,0.0,0.0,0.0,0.0,0.5,0.0,0.0,0.0,0.0,0.08567828643427122,0.0,0.0,0.0,0.9055319148936171,0.7631132704582262,1.0,0.0,0.0,0.0,0.0,0.0,0.0,0.0,0.3442735042735041,0.4491542777573003,0.0,0.2510964912280702,0.0,0.0,0.0,0.0,0.7346016088309553,0.0,0.0,0.0,0.0,0.0,0.0,0.0,0.0,0.0,0.0,0.0,0.0,0.3765100874141738,0.0,0.0,0.7336683417085427,0.0,0.811965811965812,0.0,0.0,0.0,0.875,0.0,0.0,0.8350481430536452,0.0,0.0,0.0,0.0,0.0,0.0,0.0,0.8917910447761194,0.8,0.9333333333333333,0.0,0.0,0.0,0.0,0.0,0.0,0.0,0.0,0.0,0.0,0.0,0.371274387712744,0.0,0.0,0.0,0.6275828604547722,0.8142610695802185,0.0,0.0,0.0,0.0,0.0,0.0,0.0,0.0,0.0,0.0,0.5126329787234043,0.0,0.5617206109009388,0.0,0.900482451991297,0.00045829514207140765,0.6821639898562974,0.557091419504455,0.7199745141764893,0.6909628170401378,0.34593175853018376,0.0,0.0,0.0,0.2269913330581922,0.2222222222222222,0.0,0.0,0.0,0.7938334846323434,0.0,0.0,0.6377347751849745,0.0,0.013605442176870763,0.0,0.0368421052631579,0.0,0.6000000000000001,0.0,0.0,0.7992565055762082,0.39047619047619064,0.18467220683287167,0.5,0.0,0.0,0.03960905349794219,0.0,1.0,0.0,0.5,1.0,0.8196982883666957,0.18316100443131456,0.75,1.0,0.5660377358490567,0.0,0.8474025974025974,1.0,0.861995753715499,1.0,0.4325737766156146,0.29999999999999993,0.0,0.0,0.0,0.5170814002530577,0.0,0.0,0.4274999999999999,0.0,0.0,0.8053822152886115,0.0,0.0,0.5238095238095237,1.0,0.0,1.0,0.0,0.0,0.0625,0.8410672853828306,0.3765743073047859,0.0,1.0,0.4545454545454546,0.08333333333333337,0.5833333333333333,0.6286626746506986,0.3071585098612125,0.0,0.605466593042518,0.583771600300526,1.0,0.0,0.837199124726477,0.6666666666666667,0.7119530642539054,0.33333333333333337,0.6666666666666667,0.0,0.0,0.0,0.0,0.0,0.0,1.0,0.0,0.23250345781466109,0.0,0.44999999999999996,0.3529411764705882,0.0,0.3667117726657646,0.6000000000000001,1.0,0.7272727272727273,1.0,0.1428571428571429,0.0,0.33333333333333326,0.5,0.9392234621414738,0.0,0.71,0.0,0.0,0.3144411300228108,0.5202265372168284,0.38847305389221554,0.0,0.4679459223724378,0.0,0.20610687022900764,0.8338220918866079,0.5344743541136328,0.9352256186317321,1.0,0.0,0.0,0.0,0.6543758573388203,0.0,0.5872728140056289,0.44999999999999996,1.0,0.0,0.0,0.0,0.0,0.0,0.0,0.0,0.28298908162783,0.8871829105473965,0.0,0.8010395610742131,0.9711599585131654,0.8031178840427395,1.0,0.0,0.0,0.0,0.0,0.0,0.0,0.0,0.2798490566037737,0.5569255865278511,0.0,0.2952074348539149,0.0,0.0,0.0,0.0,0.7401952495795103,0.0,0.0,0.0,0.0,0.0,0.0,0.0,0.0,0.0,0.0,0.0,0.0,0.898165297920671,0.0,0.0,0.3125,0.0,0.7871674491392802,0.5,0.0,0.0,0.9189189189189189,1.0,0.0,0.7453006170182235,0.0,0.0,0.0,0.0,0.0,0.0,0.0,0.526849702230746,0.0,0.9479429051217464,0.0,0.0,0.0,0.0,0.0,0.0,0.0,0.0,0.6000000000000001,0.0,0.0,0.0,0.0,0.0,0.0,0.040983606557377095,0.671461897356143,0.0,0.0,0.0,0.8181818181818181,0.0,0.0,0.0,0.0,0.0,0.0,0.9477977161500816,0.0,0.37496169169475935,0.0,0.30828872069411095,0.30243534075892,0.0,0.9010511054729975,0.0,0.8229994700582937,0.0,0.6666666666666667,0.0,0.4913793103448275,0.015652574234635064,0.19012345679012344,0.0,0.0,0.0,0.4409828167656977,0.0,0.2857142857142857,0.0,0.0,0.4918032786885246,0.7701149425287357,0.0,0.2857142857142857,0.7664399092970522,0.5,0.0,0.6057339449541284,0.0,0.3902439024390244,0.0,0.0,1.0,0.4220055710306406,0.6666666666666666,0.4,0.0,0.0,0.0,0.2648376259798433,0.3930753564154785,0.4285714285714285,0.5218774860779634,0.20142036869144775,0.19999999999999996,0.21052631578947367,0.5714285714285714,0.13043478260869568,0.0,0.0,1.0,0.0,1.0,0.5,0.75,0.5,0.0,0.0,1.0,0.0,0.2857142857142857,0.0,0.0,0.3477709027447248,1.0,0.0,0.33333333333333326,0.07017543859649122,0.6969314838167298,0.33333333333333337,0.0,0.0,0.0,0.32481363152289666,0.1986062717770034,0.75,0.19999999999999996,0.04878048780487809,0.0,0.2222222222222221,0.0,0.0,0.0,0.0,0.25531914893617025,0.0,0.0,0.4285714285714285,0.0,0.5613496932515338,1.0,0.0,0.8202196816857208,1.0,0.6314955640050697,0.6793924466338259,0.0,0.0,1.0,1.0,0.0,0.0,0.0,0.33333333333333337,0.0,0.605263157894737,0.6666666666666666,1.0,1.0,1.0,0.5,0.14841564187650458,0.0,0.9200444197667962,0.6923076923076923,0.6422373235755359,0.0,0.0,0.0,0.0,1.0,0.0,0.0,0.0,0.0,0.1389288281811646,1.0,0.0,0.025924147863658265,0.0,0.38104176442984505,0.5,0.3189771197846566,0.0,0.0,0.0,0.4,1.0,0.0,0.0,0.0,0.0,0.0,0.0,0.0,0.0,0.0,0.00873362445414827,0.6666666666666667,0.0,0.0,0.0,0.0,0.0,0.0,0.0,0.0,0.4941278618105379,0.0,0.6103545547395555,0.0,0.0,0.0,0.0,0.9329288843950118,0.0,0.0,0.0,0.0,0.0,0.0,0.0,0.0,0.0,0.0,0.15294815987336774,0.0,0.0,0.0,0.0,0.5,0.3571428571428572,0.8313047711781889,0.0,0.0,0.0,0.8125,qsampled
0.5714285714285714,0.6928571428571428,0.0,0.0,0.0,0.0,0.0,0.0,0.0,0.0,0.0,0.0,0.0,0.0,0.4,0.0,0.0,0.0,0.0,0.0,0.0,0.0,0.0,0.0,0.657909390027841,0.8328205128205128,0.5970724191063175,0.557112397197685,0.0,0.0,0.0,0.0,0.0,0.0,0.0,0.0,0.0,0.0,0.0,0.0,0.5005193306405078,0.5662750375239377,0.24428217717906753,0.882892862794746,0.899540757749713,0.23177083333333326,0.06721325850578763,0.3370461420174614,0.34028918830101873,0.0,0.27853863662667333,0.33333333333333337,0.2458187475690392,0.0,0.0,0.0,0.0,0.06641967353951883,0.7623343670707641,0.0,0.5665851611255063,0.9424277456647399,0.0,0.5573890339425589,0.1578947368421052,0.968424144514613,0.3100719424460431,0.0,0.12119635890767233,0.0,0.0,0.0,0.8,0.5104813986245753,0.6666666666666667,1.0,0.0,0.0,0.0,0.0,0.5,0.0,0.0,0.07992678462477132,0.3379520901831845,0.22222222222222232,0.37747476071849995,0.6421448730009407,0.5714285714285714,0.44067796610169496,0.41666666666666663,0.5050870449920868,0.0,0.2498472816127062,0.0,0.20197864629248707,0.78125,0.28519855595667865,0.0,0.0,0.0,0.28380024360535927,0.5714285714285714,0.5196172248803828,0.3100339538695702,0.6428571428571428,0.18181818181818188,0.0,0.0,0.535427319211103,1.0,0.11293634496919913,0.0,1.0,0.0,0.0,0.0,0.22588304463841546,0.0,0.0,1.0,0.0,0.3476903870162299,0.8418839360807401,0.9162964204878866,0.42288557213930345,0.0,0.0,0.9074803149606299,0.0,0.5352112676056338,0.4444444444444444,0.0,1.0,0.0,0.0,0.23565816007231766,0.0,0.0,0.29151762902401634,0.0,0.05750885799945504,0.33333333333333337,0.0,1.0,0.0,0.10378220354467393,0.33333333333333337,0.0,0.0,0.0,0.0,0.0,0.0,0.0,0.7007562617081802,0.0,0.0,0.5265584285427942,0.3098734177215189,0.9341640319880975,0.4722222222222222,0.0,0.0,0.0,0.7402205258693808,0.6500718046912399,0.6016406337790764,0.0,0.6658321310362387,0.0,0.0,0.7333333333333334,0.0,0.0,0.7916666666666666,0.48618784530386727,0.0,0.21322889469103568,0.0,0.8,0.0,0.9363053714354815,0.0,0.0,0.6197413160877392,0.0,0.627077002650805,0.8195088375475643,0.023427083994667086,0.0,0.9850437580191118,0.0,0.6488702658793218,0.0,0.16000000000000003,0.0,0.0,0.0,0.0,0.9772371690646379,0.0,0.50519978106185,0.6271139718550577,0.0,0.0,0.0,0.0,0.9577879661379071,0.0,0.0,0.0,0.0,0.6666666666666667,0.0,0.0,0.0,0.0,0.0,0.0,0.0,0.17730593956057938,0.9105101797833075,0.0,0.2500000000000001,0.0,0.0,0.0,0.0,0.7139253086655708,0.0,0.0,0.0,0.0,0.0,0.0,0.0,0.0,0.0,0.0,0.0,0.0,0.0,0.0,0.0,0.5,0.0,0.0,0.0,0.0,0.0,0.0,0.0,0.0,0.0,0.7164461247637051,0.9512195121951219,0.8,0.5189873417721519,0.0,0.0,0.0,0.17588440458395616,0.0,0.25,0.0,0.0,0.0,0.0,0.0,0.0,0.21945636623748188,0.7776782158502589,0.4983811285846439,0.6748170326014638,0.9087353324641461,0.06987951807228932,0.6496800374590292,0.7286434851519078,0.21616358325219076,0.2865457035261897,0.0,1.0,0.0,0.0,0.0,0.0,0.0,0.14491614255765184,0.9120074034086527,0.0,0.7026047955839227,0.9428571428571428,0.0,0.728476821192053,0.0,0.6476817655957996,0.0,0.0,0.0,0.0,0.0,0.0,0.9375,0.556084885231702,0.75,1.0,1.0,0.0,0.0,1.0,1.0,0.5,0.0,0.4735157801809755,0.5066469719350074,0.0,0.39681703204047225,1.0,0.5,0.3392857142857143,0.6666666666666667,0.8322211630123928,0.0,0.5878679750223015,0.0,0.5897435897435898,0.895017116774439,0.36363636363636365,0.0,0.0,0.0,0.4274999999999999,0.8571428571428571,0.0,0.3462555066079296,0.75,0.33333333333333326,1.0,0.5,0.8412698412698413,0.5,0.6338538521266499,0.0,0.0625,0.44674965421853396,0.4078947368421053,0.0,1.0,0.4545454545454546,0.0,0.5,0.0,0.3071585098612125,0.8928571428571428,0.47492191805989337,0.0,0.0,0.0,0.8251821019771072,0.25,0.870049504950495,0.6666666666666667,0.6666666666666667,0.8585989199056819,0.0,0.0,0.19201010579504174,0.0,0.06776964683423481,0.0,0.0,0.0,0.0,0.0,0.8823529411764706,0.0,0.23951285520974308,0.8,0.0,0.7272727272727273,0.5,0.1428571428571429,0.0,0.0,1.0,0.9392234621414738,0.0,0.0,0.6836734693877551,0.1504664970313826,0.7829236739974127,0.39522653721682854,0.0,0.0,0.7962170682278766,0.8122319597240351,0.375487900078064,0.4935536362498435,0.0,0.950920245398773,0.4406546644844518,0.0,0.4371014492753623,0.0,0.0,1.0,0.6219890450735828,0.44999999999999996,0.13333333333333341,0.0,1.0,1.0,0.9509484962694106,0.0,0.0,0.6514819681705358,0.37038689172289085,0.9173592970790786,0.8970978441127695,0.17857142857142838,0.0,0.9775208734746307,0.0,0.7752579218865143,0.0,0.13636363636363646,0.0,0.0,0.0,0.0,0.989241058447223,0.0,0.6414850595371826,0.48773699773873713,0.0,0.0,0.0,0.0,0.953746832781751,0.0,0.0,0.0,0.0,0.5,0.0,0.0,0.0,0.0,0.0,0.0,0.0,0.0,0.7400818986394259,0.0,0.0,0.25,0.0,0.5,0.0,0.7300523217789405,0.0,0.0,0.8656952803294267,0.0,0.0,0.0,0.0,0.0,0.0,0.0,0.0,0.0,0.8333333333333334,0.0,0.0,0.33333333333333326,0.0,0.0,0.0,0.0,0.0,0.0,0.0,0.0,0.0,0.8769230769230769,0.8888888888888888,0.47490347490347506,0.7891472868217054,0.0,0.0,0.0,0.0,0.0,0.0,0.0,0.0,0.0,0.0,0.0,0.0,0.969017094017094,0.4093499839897534,0.38083723741876974,0.2418016275884295,0.30828872069411095,0.31162879511170505,0.0,0.0,0.3076923076923076,0.7085124677558039,0.18360433604336024,0.33333333333333337,0.0,0.4873338870431895,0.06606519208381834,0.0,0.25,0.25356633380884475,0.6405529953917051,0.031575104946158006,0.18765957446808512,1.0,0.31311329170383595,0.20318169132012276,0.09836065573770503,0.2826797385620915,0.0,0.2857142857142857,0.6546546546546548,0.5,0.0,0.0,0.8333333333333334,0.5193953223046206,0.7142857142857143,0.8095238095238095,0.0,0.4137931034482759,0.6666666666666666,0.0,0.0,0.0,0.33333333333333326,0.6995305164319249,0.165289256198347,0.5714285714285714,0.47487239890066757,0.5240038406144985,0.6,0.0,0.0,1.0,1.0,0.5,1.0,0.4259818731117825,0.0,0.0,0.0,0.6000000000000001,0.0,0.0,0.0,0.25,0.0,0.0,0.5,0.0,0.5142857142857142,0.4437742352434295,0.0,1.0,0.5658548707753479,0.0,0.4509966777408638,0.0,0.0,0.0,0.0,0.25,1.0,0.31707317073170727,0.16149068322981364,0.0,0.7836949375410913,0.36448598130841114,1.0,0.0,0.06451612903225812,0.0,0.6057692307692308,0.4285714285714285,1.0,0.24233128834355844,1.0,0.0,0.7527777777777778,1.0,0.2507552870090637,0.25778863775198524,0.0,0.5396825396825395,1.0,1.0,0.18181818181818177,0.0,0.3447488584474886,0.0,1.0,0.6085858585858586,0.0,1.0,1.0,0.0,0.0,0.10081354441512769,0.0,0.22972972972972971,0.26923076923076916,0.0,0.23974763406940058,0.7777777777777778,0.29685916919959476,0.0,0.0,0.2566171723692705,0.0,1.0,0.6163011387600168,0.23322637106184374,0.0,0.0,0.0,0.375,0.24181060154854095,0.0,0.0,0.0,0.3784090909090909,0.0,0.8,0.0,0.9233078381852009,0.0,0.0,0.5967741935483871,0.0,0.527769742551345,0.31991051454138697,0.4482758620689655,0.8478829470413052,0.8461538461538461,0.0,0.3820303712035994,0.11111111111111105,0.5,0.0,0.0,0.0,0.0,0.9580101106946745,0.0,0.4336283185840708,0.6841361968895854,0.0,0.0,0.0,0.0,0.9832635983263598,0.0,0.0,0.0,0.0,1.0,0.0,0.0,0.0,0.0,0.0,0.0,0.0,0.5262182407907947,0.8493220446877586,0.0,1.0,0.3571428571428572,0.0,0.0,0.0,0.6794304672380426,0.0,qsampled
0.5714285714285714,0.0,0.7523421808230997,0.8958810068649885,0.8579136690647482,0.0,0.0,0.0,0.0,0.0,0.5017490464238424,0.5392265193370165,0.0,0.0,0.0,0.0,0.0,0.0,0.0,0.0,0.0,0.0,0.0,0.6763357602372972,0.0,0.0,0.0,0.0,0.0,0.0,0.0,0.0,0.0,0.0,0.0,0.0,0.0,0.0,0.0,0.0,0.44137882119299243,0.6279063545150502,0.0,0.0,0.48420538428137216,0.8826247022305638,0.5041721332983469,0.963130659767141,0.7272727272727273,0.5586105150214593,0.0,0.33333333333333337,0.26154972097703766,0.1598382275364867,0.42355580482333166,0.0,0.0,0.041832449160035146,0.7639423762658679,0.5280573345532174,0.88745924032784,0.0,0.611869031377899,0.49150054087467165,0.4649122807017544,0.38592473384501136,0.45299145299145305,0.14296351451973188,0.0862877997914493,0.0,0.5992721391023049,0.0,0.8648648648648649,0.0,0.7142857142857143,0.5094339622641508,0.0,0.0,0.0,0.4,1.0,0.0,1.0,0.0,0.0,0.33333333333333337,0.4735807001442244,0.0,0.0,0.9491525423728814,0.25,0.44897040621132,0.5,0.5328467153284671,0.6000000000000001,0.0,1.0,0.0,0.4880382775119617,0.0,0.0,0.34898843930635837,0.0,0.7660377358490567,0.3100339538695702,0.0,0.0,0.34213330176393975,0.8,0.0,0.0,0.6810185669000592,0.8220960492074758,1.0,0.1981957721825771,0.4482758620689655,0.9166666666666666,0.0,0.6666666666666667,0.6194029850746269,0.7142857142857142,0.4878048780487805,0.0,0.8749397203022022,0.4400830436461953,0.0,0.0,0.0,0.12024048096192397,0.0,0.8898548589110734,0.33333333333333326,0.0,0.11495063469675593,0.375,0.0,0.2643841166936789,0.0,0.12474541751527479,0.1863802063135036,0.5,0.15290269828291092,0.0,0.8656716417910448,0.0,0.0,0.6666666666666667,0.6666666666666667,0.0,0.34941468605888604,0.25,0.0,0.5,0.0,0.0,0.8077333333333334,1.0,0.6628050074262677,0.0,0.0,0.0,0.7222222222222222,0.6520922956589754,0.6666666666666667,0.0,0.5482475598935226,0.7153886912421468,0.38820988304709725,0.2061986754966888,0.0,1.0,0.0,0.5795918367346938,0.0714285714285714,0.7869451697127937,0.0,0.09980759980759968,0.1923076923076923,0.0,0.0,0.0,0.0,0.9389217533207742,0.0,0.0,0.7095689056272624,0.25894639840270306,0.05016089343176233,0.0,0.46354825115887066,0.9867359466806981,0.967456694868318,0.0,0.21360491410442461,0.48392652123995405,0.76,0.0,0.0,0.6557288864981172,0.0,0.3442735042735041,0.0,0.36786791994727885,0.5316869068272274,0.0,0.0,0.0,0.0,0.0,0.6647928408978543,0.9473684210526315,0.0,0.0,0.0,0.0,0.6047741253240138,0.0,0.0,0.0,0.0,0.0,0.7124009798163561,0.0,0.0,1.0,0.6818181818181819,0.0,0.5,0.0,0.6736294576336261,0.0,0.0,0.0,0.7804808491115822,0.9226519337016574,0.801731078904992,0.0,0.0,0.0,0.0,0.0,0.788659793814433,0.8,0.0,0.0,0.0,0.0,0.0,0.0,0.0,0.0,0.0,0.0,0.0,0.9775561097256857,0.0,0.0,0.0,0.0,0.5838947804601052,0.0,0.0,0.0,0.0,0.0,0.0,0.0,0.0,0.0,0.0,0.0,0.0,0.847634916226974,0.0,0.0,0.0,1.0,0.0,0.37167381974248936,0.0,0.24358974358974372,0.08653295128939842,0.0,0.0,0.0,0.48820681841590285,0.0,0.0,0.14491614255765184,0.9077568134171908,0.8080315818132318,0.9964953271028038,0.19999999999999996,0.0,0.7294845360824742,1.0,0.0,0.8125,0.7496839443742098,0.6296296296296297,0.0,0.7150537634408602,0.0,0.8,0.18467220683287167,0.0,0.2500000000000001,0.0,0.0,0.0,1.0,0.0,0.5,0.0,0.05942237468186329,0.0,0.2500000000000001,0.704225352112676,0.33149171270718236,0.0,1.0,0.6000000000000001,0.0,1.0,0.7754949570414643,1.0,0.5917735515258734,0.6190476190476191,0.0,0.0,1.0,0.0,0.0,0.0,0.4285714285714286,0.32448186528497414,0.0,0.33333333333333326,0.5238095238095237,1.0,0.0,0.0,0.7838058887677208,0.9795145847250055,0.6875,0.7576443941109853,0.7455919395465995,0.3571428571428572,0.0,0.2727272727272728,1.0,0.0,0.3810672294241786,0.0,0.8928571428571428,0.0,0.0,0.0,0.0,0.8401639344262295,0.6666666666666667,0.9386861313868613,0.33333333333333337,0.6666666666666667,0.6881209046713168,0.375,0.0,0.0,0.0,0.0,0.5121951219512195,1.0,0.484375,0.0,0.0,0.0,0.0,0.7442489851150202,0.8,0.0,0.8,0.0,0.1428571428571429,0.75,0.0,1.0,0.789863782051282,1.0,0.9193684126157176,0.2552356020942408,0.12174069411976263,0.14018250471994975,0.9583333333333334,0.6705645161290322,0.6470588235294118,0.7975735789710178,0.6632097925875553,0.2503816793893129,0.8338220918866079,0.5680408752291431,0.08567874358575667,1.0,0.0,0.2515942028985507,0.0,0.6413404849505739,0.0,0.4452636784606394,0.0,1.0,0.0,0.0,1.0,0.9516648885816892,0.0,0.0,0.6459453143257772,0.0,0.9788948461276227,0.0,0.0,1.0,0.9597711216208326,0.0,0.30879918742005885,0.0,0.8181818181818182,0.0,0.0,0.643473260494537,0.0,0.3459812463985753,0.0,0.6666666666666666,0.6163036714374611,0.0,0.0,0.0,0.0,0.0,0.6324950015784488,0.9375,0.0,0.0,0.0,0.0,0.6047619047619048,0.0,0.0,0.0,0.0,0.0,0.930797699201855,0.0,0.0,0.75,1.0,0.0,1.0,0.0,0.7556497995700924,0.0,1.0,0.0,0.7453006170182235,0.9411764705882353,0.650632911392405,0.0,0.0,0.0,0.0,0.0,0.526849702230746,0.6074766355140186,0.0,0.0,0.0,0.0,0.0,0.0,0.0,0.0,0.0,0.0,0.0,0.5764883195177091,0.0,0.0,0.0,0.0,0.9090909090909091,0.0,0.0,0.0,0.0,0.0,0.0,0.0,0.0,0.4516599781101788,0.0,0.0,0.9508196721311475,0.5381495074367394,0.0,0.0,0.6749123130884253,0.6589029168480627,0.7921680603712014,1.0,0.15384615384615385,1.0,0.18360433604336024,0.6666666666666667,0.0,0.8545454545454545,0.0,0.0,0.0,0.25356633380884475,0.5984848484848485,0.014008355861391042,0.39982876712328774,0.0,0.7377701934015928,0.20737887695114543,0.2615384615384616,0.7701149425287357,1.0,0.0,0.7052154195011338,0.5,1.0,0.14724770642201834,0.3076923076923077,0.3467782851344495,0.8571428571428572,0.0,1.0,0.0,0.6666666666666666,0.4,0.0,0.0,1.0,0.0,0.0,0.5714285714285714,0.48108747044917255,0.0,0.0,0.21052631578947367,0.5714285714285714,0.6956521739130435,0.0,1.0,0.0,0.0,1.0,0.5,0.0,0.33333333333333337,0.0,0.0,1.0,1.0,0.0,0.0,0.5,0.3951547779273218,0.6000000000000001,0.0,0.25,1.0,0.30409356725146186,0.0,0.0,0.34838709677419366,0.0,0.2461368653421634,0.5714285714285714,0.0,0.7,0.7560975609756098,0.7798742138364779,0.0,0.4842209072978303,0.37142857142857155,1.0,0.0,0.14545454545454573,0.0,0.6057692307692308,0.4285714285714285,0.0,0.0,1.0,0.0,0.8166666666666667,1.0,0.42893011577625895,0.6793924466338259,0.0,0.31746031746031755,0.0,1.0,0.9090909090909091,0.0,0.0,0.6666666666666667,1.0,1.0,0.6666666666666666,1.0,0.5,0.0,0.0,0.04715887127947427,0.25,0.0,0.0,0.0,0.0,0.5555555555555556,0.891946992864424,1.0,0.0,0.1468689477081988,0.946796851648899,0.0,0.0854629739688576,0.7852233676975945,1.0,0.0,0.6893903024483918,0.11111111111111116,0.3312095667516173,0.5,0.12778782399035593,0.41463414634146345,0.2927669345579794,0.0,0.4,0.0,0.9285263005884689,0.0,0.0,0.9583333333333334,0.045038705137227186,0.10295276503036221,0.0,0.6715517241379312,0.38474945533769045,0.7008733624454149,0.0,0.1285186280307511,0.0,0.41666666666666663,0.0,0.0,1.0,0.0,0.0,0.0,0.4444444444444444,0.0,0.0,0.0,0.0,0.0,0.0,0.41998484430972727,1.0,0.0,0.0,0.0,0.0,0.851374869474417,0.0,0.0,0.0,0.232001582278481,0.0,0.5049644216448783,0.0,0.0,1.0,0.7857142857142857,0.0,0.0,0.0,0.7028433043322271,0.0,qsampled
0.0,0.0,0.7941182202646605,0.0,0.0,0.0,0.0,0.0,0.0,0.0,0.5021487275967917,0.0,0.0,0.0,0.0,0.0,0.0,0.0,0.0,0.0,0.0,0.0,0.0,0.0,0.0,0.0,0.0,0.0,0.25066921017814814,0.0,0.0,0.0,0.0,0.0,0.0,0.7566675468708741,0.0,0.14360658534504822,0.8306144842721287,0.0,0.5801692865779926,0.4627233518176216,0.0,0.4048173309895957,0.48420538428137216,0.3641088572872303,0.5314975085234723,0.5175767454496061,0.43038850912866655,0.7115120012230545,0.0,0.33333333333333337,0.0,0.5194560546300113,0.0,0.0,0.7531545741324921,0.0,0.0,0.0,0.9011390186915887,0.24206257242178442,0.611869031377899,0.4949591581426154,0.2049364248317127,0.3626131790744468,0.39152981849611057,0.8076456310679612,0.7692909280500522,0.0,0.0,0.2699756690997567,0.8648648648648649,0.045139277324085514,1.0,0.15555555555555567,0.0,0.0,0.0,0.0,1.0,0.33333333333333337,1.0,0.8542674013268863,0.3107787519339864,0.33333333333333337,0.0,0.0,0.5714285714285714,0.45197740112994356,0.25,0.5978630973347423,0.5,0.0,0.0,0.0,0.0625,0.0,0.735166872682324,0.0,0.0,0.0,0.0,0.5320754716981132,0.3273248668578451,0.6428571428571428,0.0,0.0,0.8,1.0,1.0,0.4611393827242086,0.0,0.5,0.49446040213377107,0.4488517745302715,0.0,0.4306125064069708,0.009763424708974844,0.4626865671641792,0.45833333333333337,0.192396999285544,0.31246155738713255,0.5953827460510328,0.6233967641881131,0.48236590742101404,0.0,0.6666666666666667,0.5592885375494072,0.043062200956938024,0.8244571428571428,0.33333333333333326,0.0,0.6017069701280229,0.875,0.0,0.0,0.0,0.39729509863738044,0.0,0.0,0.15290269828291092,0.0,0.0,0.16625310173697294,0.0,0.36543029417138684,0.0,0.0,0.8,0.0,0.36842105263157887,0.5,0.4285714285714285,0.0,0.0,0.25,0.4411127167630058,0.3934801762114538,0.5337149352494621,0.7667333778074272,0.4722222222222222,0.47053231939163487,0.0,0.11333207618329255,0.5619444858235265,0.0,0.04027439699048463,0.0,0.0,0.8142956441149212,0.0,0.0,0.0,0.0,0.0,0.0,0.3076923076923077,0.2686898593634346,0.0,0.0,0.5,0.0,0.0,0.0,0.7078865374499251,0.09651474530831106,0.6774661613427179,0.0,0.025026923257011946,0.9034942862804677,0.68933554258819,0.0,0.0,0.9977943203749655,1.0,0.0,0.0,0.0,0.0,0.0,0.5836097800712619,0.6096169519152405,0.2249803591856986,0.0,0.0,0.0,0.0,0.0,0.6393352673381358,0.7368421052631579,0.0,0.0,0.6666666666666667,0.0,0.0,0.7,0.0,0.0,0.0,0.8369565217391304,0.021719715643196524,0.0,0.0,0.75,0.0,0.0,0.0,0.0,0.907574142460121,0.0,0.0,0.0,0.7636847068280542,0.0,0.0,0.0,0.0,1.0,0.0,0.0,0.7904191616766467,0.0,0.0,0.0,0.0,0.0,0.0,0.0,0.0,0.0,0.0,0.0,0.0,0.0,0.18588724471077422,0.0,0.0,0.0,0.485141980939811,0.0,0.0,0.0,0.0,0.0,0.0,0.7391304347826086,0.0,0.7391484395587847,0.8630740300870943,0.0,0.0,0.16891098056936293,0.0,0.3834995466908432,0.0,0.0,0.7837272873452323,0.7730213565133489,0.46747432183302606,0.8742574257425743,0.0,1.0,0.0,0.6433141919606234,0.02598366740905722,0.0,0.7636871508379888,0.0,0.0,0.0,1.0,0.5714285714285714,0.09270941467699412,0.6833156216790648,0.0,0.5960604929051531,0.8125,0.9202127659574468,0.8148148148148149,0.0,0.5806451612903225,0.0,0.8,0.0,0.0,0.2500000000000001,0.0,0.0,1.0,1.0,0.0,0.0,1.0,0.9489075259324652,0.43582510578279265,0.2500000000000001,0.1428571428571429,0.46091644204851767,0.5,0.3392857142857143,0.6000000000000001,0.9615384615384616,1.0,0.0,0.0,0.6071586389748123,0.140068886337543,0.0,0.5959510754955715,0.0,0.0,0.0,0.0,0.0,0.303875968992248,0.75,1.0,0.1428571428571428,0.0,0.7113402061855669,1.0,0.5145532441146592,0.0,0.6875,0.21072796934865912,0.75,0.6296296296296295,1.0,0.4545454545454546,0.08333333333333337,0.5416666666666667,0.6195555555555556,0.29575402635431924,0.5,0.0,0.0,0.0,0.0,0.9040315512708151,0.6666666666666667,0.772640911969601,0.33333333333333337,0.6666666666666667,0.38589891975308654,1.0,0.0,0.2690730106644791,0.0,0.9731397459165154,0.0,0.0,0.484375,0.0,0.0,0.5882352941176471,0.0,0.0,0.0,0.0,0.7272727272727273,0.5,0.1428571428571429,0.75,0.33333333333333326,0.5,0.0,1.0,0.8413888568462338,0.6800458715596331,0.8213199785369343,0.0,0.39522653721682854,0.5286236297198539,0.0,0.5544747081712063,0.8432607865597557,0.2775041050903121,0.8846153846153846,0.0,0.09452736318407962,0.9384615384615385,0.0,0.24084621643612703,0.0,0.0,0.0,0.0,0.65,0.5348837209302325,0.0,1.0,0.0,0.0,0.0,0.0,0.8067873303167421,0.5046153846153847,1.0,0.0,1.0,0.9478956853599068,0.36711478800413655,0.0,0.0,0.9944954128440368,0.0,0.0,0.0,0.0,0.0,0.8089775907125183,0.8229827408172297,0.6466568544995794,0.2249116336253265,0.0,0.0,0.0,0.0,0.0,0.6935599869238314,0.6875,0.0,0.0,0.5,0.0,0.0,0.5,0.0,0.0,0.0,0.7897586284683058,0.5917689449386332,0.0,0.0,0.25,0.6666666666666667,0.0,0.0,0.0,0.9512297226582941,0.0,0.0,0.0,0.7202407825432655,0.0,0.0,0.0,0.0,0.0,0.0,0.0,0.526849702230746,0.0,0.0,0.0,0.0,0.0,0.0,0.0,0.0,0.0,0.0,0.0,0.0,0.0,0.0,0.0,0.0,0.0,0.040983606557377095,0.0,0.0,0.0,0.0,0.0,0.0,0.7845217662661882,0.0,0.0,0.7819644369178662,0.0,0.7291204730229119,0.5404953495663078,0.0,0.5301620130989314,0.8245614035087719,0.5309218203033839,0.4500345383375548,0.0,0.7692307692307692,0.7641759406465289,0.7574750830564785,0.33333333333333337,0.0,0.45977011494252884,0.09666901093280489,0.0,0.6923076923076923,0.0,0.0,0.0008551184949916468,0.5497872340425531,0.09523809523809523,0.7377701934015928,0.12706645056726118,0.6307692307692307,0.29503792667509465,0.0,0.7806122448979592,0.0,0.5,0.0,0.0,0.25,0.0,0.8571428571428572,0.0,1.0,0.0,0.0,0.0,0.0,1.0,0.0,0.8096304591265397,0.4745417515274949,0.5714285714285714,0.0,0.0,0.6,0.21052631578947367,0.5714285714285714,0.4347826086956522,0.0,0.5,1.0,0.0,0.0,0.5,0.8,1.0,0.0,0.0,1.0,1.0,0.0,0.0,0.5,0.0,0.6000000000000001,0.8244401437655515,0.16666666666666663,0.07017543859649122,0.6969314838167298,0.0,1.0,0.34838709677419366,0.0,0.0,0.4285714285714286,0.75,0.0,0.04878048780487809,0.0,0.8888888888888888,0.5026178010471205,1.0,1.0,1.0,0.5466666666666666,0.0,1.0,0.4285714285714285,0.6666666666666667,0.6976177077471394,0.0,0.0,0.5523425240977359,1.0,0.5869266684976655,0.3501144164759725,0.0,0.0,0.0,1.0,0.18181818181818177,0.0,0.9701195219123506,0.6666666666666667,1.0,0.6296296296296295,0.0,1.0,0.5,1.0,0.5,0.6362157589953803,0.25,0.0,0.3846153846153846,0.3542590055604802,0.768041237113402,0.7777777777777778,0.32131147540983596,0.0,0.3936422049374365,0.05192307692307674,0.0,0.10504083356800897,0.05820328975115985,0.0,0.7963636363636364,0.0,0.0,0.11111111111111116,0.21152715153891388,0.5,0.6871227364185111,0.29268292682926833,0.3979274611398964,0.0,0.0,1.0,0.0,0.0,0.0,0.9583333333333334,0.04166666666666674,0.6982468424312607,0.0,0.0,0.0,0.44955752212389377,0.0,0.0,0.8030095759233926,1.0,0.0,0.0,0.5,0.0,0.0,0.5285705165038628,0.448087431693989,0.21347501851437245,0.0,0.0,0.0,0.0,0.0,0.7683145952050927,1.0,0.0,0.0,1.0,0.0,0.0,0.5555555555555556,0.0,0.0,0.15294815987336774,0.8385093167701863,0.0,0.0,0.0,1.0,0.3571428571428572,0.0,1.0,0.0,0.8963110227523746,0.0,qsampled
0.0,0.33333333333333326,0.0,0.0,0.0,0.0,0.7912966252220248,0.0,0.0,0.0,0.6514026272266641,0.0,0.0,0.0,0.4,0.0,0.0,0.0,0.0,0.0,0.0,0.0,0.0,0.0,0.0,0.6784386617100371,0.0,0.0,0.0,0.0,0.0,0.7006835305387982,0.0,0.0,0.0,0.0,0.0,0.0,0.8042033297461543,0.0,0.29835660828639765,0.4630367892976588,0.0,0.0,0.0,0.2591496426766766,0.3576231225986728,0.0,0.3649987081216086,0.0,0.49908991627229693,0.33333333333333337,0.41569847223492806,0.7000682327712253,0.9009251205819562,0.0,0.0,0.0,0.7085333167113383,0.5808423748882392,0.6956991830850553,0.15872694100952767,0.5574651432997675,0.9492527325451706,0.1518324607329843,0.0,0.799554565701559,0.015518311607697344,0.8454070201643018,0.3355704697986577,0.4541120381406437,0.13324732768153325,0.8648648648648649,0.8058295964125561,0.4444444444444444,0.4545454545454545,0.0,0.9347739626143444,0.0,0.4,0.0,0.0,1.0,0.12289275712481473,0.33129102844638947,0.0,0.2475292410916673,0.4338664158043274,0.0,0.8813559322033898,0.25,0.0,0.5,0.0,0.7,0.09980106100795771,0.0625,0.0,0.380252100840336,0.10821643286573146,0.0,0.0,0.2857142857142857,0.7345132743362832,0.8009893017370298,0.0,0.18181818181818188,0.014888027023645667,1.0,0.5711395819285232,1.0,0.0,0.0,0.0,0.24743677375256323,0.0,0.0,0.0,0.864696734059098,0.4626865671641792,0.33333333333333337,0.0,0.0,0.7903123008285533,0.0,0.9423631123919308,0.0,0.6666666666666667,0.34883720930232565,1.0,0.6943518475045778,0.4444444444444444,0.0,0.6840620592383639,0.0,0.5,0.2662789589093336,0.0,0.0,0.0,0.5,0.3922475498293141,0.33333333333333337,0.2997275204359672,0.47543713572023305,0.4265003371544168,0.0,0.33333333333333337,0.0,1.0,0.75,0.36842105263157887,0.0,0.8571428571428571,0.0,0.0,0.0,0.7486131576666377,0.052908786210198566,0.0,0.9444836509056692,0.41666666666666663,0.0,0.0,0.49642601858470337,0.6918116376724655,0.0,0.0,0.2244876943672124,0.0,0.0,0.8,0.0,0.0714285714285714,0.0,0.0,0.0,0.1923076923076923,0.0,0.0,0.0,0.5,0.0,0.0,0.0,0.0,0.7949755162869917,0.0,0.0,0.025026923257011724,0.5668865697328068,0.0,0.0,0.8812639950582967,0.751230718739744,0.16000000000000003,0.0,0.0,0.0,0.0,0.0,0.0,0.36786791994727885,0.6058840250142127,0.0,0.0,0.0,0.0,0.0,0.0,0.0,0.0,0.0,0.0,0.9087551596784705,0.0,0.0,0.7495271548230209,0.0,0.0,0.0,0.2624902869312459,0.8078026235302114,0.0,1.0,0.0,0.0,0.0,0.0,0.0,0.84375,0.0,0.0,0.0,0.0,0.0,0.0,0.7122877122877123,0.0,0.0,0.0,0.9007731958762887,0.0,0.0,0.0,0.5,0.0,0.0,0.0,0.0,0.0,0.0,0.0,0.0,0.0,0.371274387712744,0.9444822116474054,0.0,0.0,0.0,0.0,0.0,0.6107893692978976,0.0,0.25,0.0,0.0,0.0,0.0,0.8787917591485971,0.0,0.2275980791881852,0.24035696579077848,0.0,0.0,0.43040330920372294,0.6882352941176471,0.0,0.0,0.299636803874092,0.0,0.34593175853018376,1.0,0.9731920199501247,0.7407578558225508,0.8993598488823591,0.0,0.0,0.0,0.7679893519673904,0.7708073566084788,0.8664826634466103,0.0,0.7339979892761395,0.9010309278350516,0.22764227642276436,0.17621173882094088,0.6947368421052631,0.4772036474164133,1.0,0.4374999999999999,0.9581497797356828,0.0,0.8,0.7750692520775623,0.0,0.2500000000000001,1.0,1.0,0.0,1.0,0.0,0.5,0.0,0.0,0.5066469719350074,0.5,0.4189868522815158,0.5371900826446281,0.0,0.8571428571428571,0.6000000000000001,0.10830172777075431,1.0,0.0,0.7,0.0,0.1133837261004893,0.0,0.5170814002530577,0.0,0.0,0.0,0.5714285714285714,0.4285714285714286,0.8507831821929102,0.0,0.33333333333333326,0.0,0.5,0.8477157360406091,1.0,0.0,0.0,0.0,0.7576443941109853,0.4604700854700854,0.0,0.0,0.8181818181818182,0.08333333333333337,0.5833333333333333,0.0,0.0,0.8571428571428572,0.1298545923062765,0.8974641675854466,0.0,0.0,0.0,0.6666666666666667,0.7173862310385064,0.6666666666666667,0.6666666666666667,0.8649813272048261,1.0,0.25,0.19201010579504174,0.0,0.0,0.0,1.0,0.8948717948717949,0.0,0.44999999999999996,0.8235294117647058,0.7549770290964778,0.3667117726657646,0.8,0.0,0.6774193548387096,0.5,0.1428571428571429,0.0,1.0,0.0,0.0,0.0,0.7075785582255083,0.3505102040816328,0.15147407658420875,0.9071796018787743,0.5202265372168284,0.0,0.0,0.791358505254963,0.8537001706998695,0.3709327548806941,0.0,0.5676065676065676,0.13301262778111855,0.0,0.8,0.0,0.0,0.0,0.0,0.0,0.0,0.20000000000000007,0.0,1.0,0.0,0.0,0.0,0.0,0.0,0.854220600769482,0.16537949400798913,0.0,0.6933689363595906,0.7371702390766695,0.0,0.0,0.9181715942783318,0.23924268502581758,0.13636363636363646,0.0,0.0,0.0,0.0,0.08582732243725233,0.0,0.655374940673944,0.176948434188839,0.0,0.0,0.0,0.0,0.0,0.0,0.0,0.0,0.0,0.0,0.9222470238095238,0.0,0.0,0.7258335080729713,0.0,0.0,0.0,0.9199989131517693,0.49097500188807497,0.0,0.75,0.0,0.0,0.5,0.0,0.0,0.5573770491803278,1.0,0.8488965230064542,0.0,0.0,0.0,0.0,0.9333333333333333,0.0,0.0,0.0,0.4366578793204453,0.0,0.0,0.0,0.33333333333333326,0.0,0.0,0.0,0.0,0.0,0.0,0.0,0.0,0.0,0.0,0.8888888888888888,0.0,0.0,0.0,0.0,0.0,0.8225734968237552,0.0,0.0,0.0,0.0,0.33333333333333326,0.0,0.8480734677580355,0.0,0.6154838709677419,0.4861351264809479,0.0,0.0,0.0,0.0,0.7668269230769231,0.5176217631111527,0.3076923076923076,0.0,0.6013513513513513,0.33333333333333337,0.46153846153846156,0.0,0.496648460774578,0.0,0.0,0.0,0.8125,0.0,0.4064860062194582,0.2857142857142857,0.3087315130830488,0.8749302065884981,0.09836065573770503,0.0,0.75,0.0,0.0,0.0,0.8571428571428572,0.0,0.3076923076923077,0.33518930957683735,0.8571428571428572,0.5952380952380952,0.0,0.5201949860724234,0.6666666666666666,0.4,0.0,0.0,1.0,0.0,0.2515723270440251,0.0,0.46606512357787366,0.3560411311053985,0.0,0.25531914893617036,1.0,0.0,0.0,1.0,1.0,0.3203883495145631,0.0,0.5,0.75,0.6666666666666667,0.0,0.0,0.0,0.5,0.2857142857142857,0.0,0.5,0.2135179153094463,0.0,0.4437742352434296,0.16666666666666663,0.0,0.5784444444444444,0.75,0.0,0.07933740191804695,0.0,0.2543290043290044,0.0,0.75,0.19999999999999996,1.0,0.7815513626834382,0.4444444444444444,0.12590639419907723,0.7375886524822696,1.0,1.0,1.0,0.5714285714285714,0.9134615384615384,0.4285714285714285,1.0,0.3341159896689365,0.0,1.0,0.8206680116565792,1.0,0.3147368421052632,0.25778863775198524,0.0,0.0,1.0,1.0,0.36363636363636365,0.08333333333333326,0.0,0.0,1.0,0.0,1.0,1.0,1.0,0.0,1.0,0.5999506416584404,0.0,0.9178551055333714,0.0,0.0,0.5333333333333333,0.0,0.21502851392150302,0.0,0.0,0.2566171723692705,0.0,0.6244784422809457,0.0,0.0,0.6543110394842868,1.0,0.0,0.0,0.18254364089775565,0.5,0.5322872661436331,0.41463414634146345,0.2927669345579794,0.0,0.0,1.0,0.0,0.0,0.0,0.0,0.6530612244897959,0.0,0.0,0.0,0.0,0.0,0.0,0.7978440824701699,0.3071253071253073,0.5,0.0,0.0,0.0,0.0,0.0,0.0,0.448087431693989,0.11343530384456357,0.0,0.0,0.0,0.0,0.0,0.0,0.0,0.0,0.0,0.0,0.9194504699927694,0.0,0.0,0.7272727272727273,0.0,0.18717790146361568,0.0,0.0025726781579623603,0.8202080237741456,0.0,1.0,0.3571428571428572,0.0,0.0,0.0,0.0,1.0,qsampled
0.0,0.0,0.0,0.0,0.0,0.0,0.0,0.9027149321266968,0.7205068043172219,0.0,0.6456595580015478,0.0,0.0,0.0,0.0,0.5437867198758453,0.0,0.0,0.0,0.0,0.0,0.5,0.0,0.0,0.3704175349232076,0.0,0.7138461538461538,0.0,0.0,0.0,0.0,0.0,0.0,0.0,0.0,0.0,0.476566454094544,0.0,0.0,0.0,0.0,0.672931844635082,0.0,0.4161973994061635,0.48420538428137216,0.0,0.12164786145368678,0.5892972360849584,0.6347826086956521,0.6983695652173914,0.18060087003806435,0.6666666666666667,0.0,0.0,0.0,0.3652319264521521,0.0,0.0,0.49949579831932767,0.5285605483625285,0.0,0.0,0.3935790725326991,0.5323881011954406,0.0,0.3880292151522655,0.0,0.8510796723752792,0.08576642335766438,0.0,0.0,0.0,0.0,0.0,0.8571428571428572,0.0,0.0,0.11510791366906481,0.0,0.4,0.0,0.0,0.0,0.0770805985823052,0.0415397734194175,0.33333333333333337,0.0,0.27007541228142873,0.0,0.7796610169491526,0.25,0.3721781574130566,0.0,0.17676225105363186,0.0,0.0,0.0,0.060439560439560336,0.6552631578947369,0.3066132264529058,0.0,0.0,0.2857142857142857,0.0,0.3273248668578451,0.6428571428571428,0.0,0.7394530421878313,0.0,1.0,0.0,0.549203621703787,0.9079016221873365,1.0,0.0,0.5218345173422483,0.9166666666666666,0.2599716879007412,0.5110115714818961,0.01492537313432818,0.5,0.48366364845184573,0.7424629535002556,0.8771514290225801,0.7583235981308412,0.47582501918649267,0.0,0.0,0.6385793871866294,0.44976076555023936,0.0,0.11111111111111105,0.0,0.0,1.0,0.5,0.7274266114303533,0.0,0.9129554655870445,0.31833727966324643,0.5,0.9795448507925264,0.0,0.0,0.7012987012987013,0.0,0.7158779462817467,0.0,0.0,1.0,0.0,0.8947368421052632,0.0,0.0,0.0,0.27169620573089437,0.0,0.41147917349950824,0.7698187377156585,0.14741407263294426,0.9597183559849353,0.7222222222222222,0.0,0.8333333333333334,0.38248069498069504,0.939145223306714,0.4626731356131154,0.38820988304709725,0.2151244715829027,0.07557488588407557,1.0,0.0,0.5825242718446602,0.15384615384615385,0.07790055248618777,0.0,0.3053908000527219,0.1923076923076923,0.0,0.75,0.8,0.0,0.0,0.0,0.0,0.7132259748005666,0.0,0.2964244788350908,0.0,0.657796852646638,0.9753432747674591,0.9439612197889091,0.0,0.0,0.0,0.15999999999999992,0.0,0.0,0.2049488972565896,0.0,0.4090132090132089,0.0,0.0,0.0,0.0,0.0,0.0,0.0,0.7517360374242242,0.0,0.0,1.0,0.0,0.0,0.0,0.9426786384896385,0.0,0.7160413369332466,0.0,0.0,0.0,0.9798281923338625,0.0,0.0,1.0,0.13636363636363635,0.0,0.0,0.0,0.660988637650523,0.875,0.0,1.0,0.0,0.0,0.0,0.0,0.0,0.9112814895947426,0.7691326530612245,0.0,0.8917910447761194,0.0,0.0,0.0,0.0,0.6141632500931793,0.0,0.0,0.0,0.0,0.0,0.0,0.0,0.0,0.32659394395335717,0.0,0.6000000000000001,0.0,0.0,0.0,0.0,0.17588440458395616,0.0,0.0,0.0,0.0,0.7696843565730143,0.0,0.0,0.0,0.0,0.9188640973630832,0.0,0.7373397228338299,0.0,0.006430868167202508,0.4413741034352585,0.7657172128960652,0.6873847774558861,0.8960280373831776,0.4363636363636364,1.0,0.0,0.8691244239631336,0.0,0.2734899328859062,0.0,0.0,0.6186388175944774,0.7932050783780282,0.0,0.19999999999999996,0.9143176555138545,0.7961302501179802,0.12850812407680945,0.0,0.0368421052631579,0.9115417017691659,0.6296296296296297,0.0,0.0,0.19830176355323326,0.0,0.14663827198052937,0.75,0.0,1.0,0.9120711562897077,1.0,0.5,0.0,0.5,0.0,0.0,0.0,0.2500000000000001,0.0,0.0,0.0,0.8474025974025974,1.0,0.0,0.0,0.478454172366621,0.0,0.5236270753512133,0.0,0.36363636363636365,0.5934204976803037,1.0,0.36363636363636365,0.0,0.5714285714285714,0.0,0.30035060381768597,0.75,0.0,0.6666666666666666,0.0,1.0,0.0,0.5193269668030922,0.9660729431721798,0.8125,0.0,0.13961038961038952,0.4947478991596639,0.0,1.0,0.0,0.5833333333333333,0.4070796460176992,0.793644996347699,0.8928571428571428,0.43606619029710414,0.7509353287012293,0.0,0.0,0.8073254483021748,0.0,0.0,0.0,0.6666666666666667,0.0,0.375,0.25,0.7413358538122243,0.0,0.0,0.3292682926829268,1.0,0.7974022306932091,0.0,0.0,0.3529411764705882,0.0,0.944372574385511,0.0,0.0,0.5454545454545454,0.0,0.8571428571428572,0.0,0.0,1.0,0.776254807218223,0.0,0.7028130334743561,0.6513075965130761,0.0,0.9665621734587252,0.9583333333333334,0.0,0.8823529411764706,0.5570817383472191,0.9759152215799615,0.0,0.8084866691701089,0.5675285675285676,0.0,1.0,0.0,0.2784491440080564,0.0,0.4843798743259503,0.0,0.39899689830396623,0.0,0.6511627906976745,0.6666666666666666,1.0,1.0,0.0,0.0,0.0,0.6459453143257772,0.0,0.0,0.0,0.9015461573442474,0.9723189126471076,0.9716821393121972,0.0,0.0,0.0,0.13636363636363646,0.0,0.0,0.21219091431857395,0.0,0.0,0.2536926083752523,0.0,0.08025824419267058,0.0,0.0,0.0,0.0,0.7401952495795103,0.0,0.0,0.9047619047619048,0.0,0.0,0.0,1.0,0.0,0.5583554376657824,0.0,0.0,0.0,0.9351756314207528,0.0,0.0,0.25,1.0,0.0,0.5,0.0,0.7560477189881807,0.8571428571428572,1.0,0.0,0.0,0.0,0.0,0.0,0.0,0.7142857142857143,0.7404291123264619,0.0,0.7245346432264737,0.0,0.0,0.0,0.0,0.48583106267029974,0.0,0.0,0.0,0.0,0.0,0.6000000000000001,0.0,0.0,0.6720302375809935,0.0,0.8194444444444444,0.0,0.0,0.0,0.0,0.0,0.0,0.0,0.0,0.0,0.0,0.0,0.0,0.0,0.726938625505329,0.5385579332947754,0.0,0.0,0.6763446863949376,0.3047887323943661,0.161167374496352,0.5343423887194695,0.0,0.0,0.0,0.6666666666666667,0.0,0.0,0.16374687164819457,1.0,0.25,0.0,0.446969696969697,0.0,0.0,0.0,0.3946759259259258,0.12706645056726118,0.09836065573770503,0.7417311752287121,0.0,1.0,0.6453900709219857,0.5,0.0,0.14724770642201834,0.43333333333333335,0.3467782851344495,1.0,0.0,0.0,0.04038997214484685,0.0,0.6,0.0,0.0,0.33333333333333326,0.134344528710726,0.0,0.5714285714285714,0.0,0.32385392385392386,0.0,0.9101123595505618,1.0,0.6956521739130435,1.0,0.0,1.0,0.0,0.0,0.0,0.8,0.0,0.5,0.0,0.0,0.0,0.0,0.0,0.0,0.4207082371054658,0.20000000000000007,0.820855614973262,0.25,1.0,0.0,0.4999999999999999,0.4509966777408638,0.9617067833698031,0.0,0.03620873269435576,0.7142857142857142,0.25,0.19999999999999996,0.7560975609756098,0.3851944792973653,0.0,0.5081967213114755,0.0,1.0,0.0,0.6944444444444444,0.5714285714285714,0.17391304347826086,0.2857142857142857,0.33333333333333337,0.0,1.0,1.0,0.5523425240977359,1.0,0.7090825265099123,0.12585812356979387,0.0,0.7494199535962877,0.0,1.0,0.0,0.0,0.5641025641025641,0.6666666666666667,1.0,0.0,0.6666666666666666,1.0,1.0,0.0,0.0,0.0,0.0,0.07162687395891187,0.3846153846153846,0.5668820678513731,1.0,0.5555555555555556,0.309288537549407,0.0,0.38958403787622586,0.8921885087153002,0.776173285198556,0.0,0.0,0.9644641865630206,1.0,0.0,0.6890702512401985,0.0,0.5279211637728766,0.5,0.7149362477231329,0.41463414634146345,0.0,0.8,0.8,0.0,0.0,0.0,0.0,0.9583333333333334,0.0,0.8506418066929246,0.0,0.6666666666666667,0.8715146851353085,0.3978895096213533,0.0,0.0,0.0,0.5,0.0,0.0,0.5,0.0,0.6282356092823895,0.0,0.0,0.0,0.0,0.0,0.0,0.0,0.9360762436076244,0.0,0.0,1.0,0.0,0.0,0.0,0.9655561829474872,0.0,0.7272727272727273,0.0,0.23209339137316987,0.0,0.0,0.0,0.0,0.5,0.0,0.0,0.0,0.0,0.6961215513794482,0.8125,qsampled
0.0,0.0,0.0,0.0,0.0,0.0,0.0,0.0,0.0,0.0,0.0,0.5392265193370165,0.0,0.0,0.4,0.5927245894432757,0.0,0.0,0.0,0.7482700711315098,0.0,0.0,0.0,0.0,0.5316148314186979,0.0,0.0,0.0,0.0,0.9315035799522673,0.0,0.7209244727168445,0.0,0.0,0.0,0.0,0.0,0.0,0.9144555507588085,0.0,0.0,0.35149960187560825,0.0,0.4523187924241705,0.0,0.0,0.47571644042232286,0.9120178514504304,0.39284317559640203,0.7485446313065978,0.3659053610503282,0.0,0.2889201877934272,0.5700923652519584,0.8828583995727167,0.803921568627451,0.6293952180028131,0.0,0.9191663565314477,0.0,0.6162084234373392,0.0,0.052556480380499315,0.4871370819551636,0.5017543859649123,0.0,0.8602430555555556,0.0,0.09872159090909094,0.2535991140642303,0.5992721391023049,0.0,0.8,0.6449704142011834,0.0,0.4545454545454545,0.0,0.16270251637366417,0.6666666666666667,0.4,0.0,0.0,0.0,0.4447361512207929,0.8130865484880083,0.5555555555555556,0.2477089193358134,0.23759705762157746,0.5714285714285714,0.0,0.0,0.3531439314810946,0.0,0.0,0.6000000000000001,0.13577148320784038,0.0,0.0,0.34733828536056943,0.37335834896810494,0.0,0.0,0.5714285714285714,0.5196172248803828,0.0,0.0,0.18181818181818188,0.6831223628691983,0.0,0.0,0.33333333333333337,0.0,0.7006802721088436,1.0,0.24609695973705836,1.0,0.0,0.21416386801002185,0.4494556765163298,0.0,0.0,0.0,0.0,0.863052279528252,0.44005607657352797,0.4723831595210506,0.0,0.0,0.624380574826561,0.583941605839416,0.0,0.4444444444444444,0.0,1.0,1.0,0.0,0.584034923604615,0.0,0.0,0.3545224783640958,0.5,0.3723915328028822,0.0,0.0,0.5260545905707197,0.5204460966542751,0.0,0.6666666666666667,0.0,0.8327137546468402,0.0,0.0,0.0,0.4285714285714285,0.0,0.17888234541031878,0.0,0.6717167418503702,0.0,0.0048733612464824105,0.2690687200348685,0.0,0.6250792566941423,0.0,0.9548636253922278,0.0,0.5155173718870638,0.7769465809714466,0.3555079297042434,0.5693308069933682,1.0,0.0,0.7355102040816326,1.0,0.11245256985167285,0.0,0.8507850446176437,0.0,0.0,0.0,0.0,0.5,0.0,0.0,0.0,0.0,0.0,0.5036620500538027,0.0,0.19286256643887623,0.9735147683637266,0.9840137437215585,0.0,0.5705168147803099,0.7708237459733088,0.72,0.9619429519671503,0.0,0.0,0.6328404659687796,0.7081062456931655,0.39567168811325715,0.15367077063383494,0.5018640276553923,0.0,0.0,0.0,0.0,0.0,0.0,0.7368421052631579,0.0,0.986652998674619,0.6666666666666667,0.9087551596784705,0.0,0.0,0.0,0.0,0.8476834282099937,0.0,0.08537060923298445,0.9795554951403521,0.0,1.0,1.0,0.0,0.0,0.0,0.0,0.84375,0.0,1.0,0.0,0.0,0.0,0.0,0.0,0.0,0.0,0.0,0.0,0.8,0.0,0.0,0.5,0.6801008968609866,0.0,0.0,0.0,0.8929843727734764,0.0,0.0,0.0,0.0,0.3853532404704312,0.0,0.0,0.0,0.0,0.9424867021276596,0.0,0.6107893692978976,0.0,0.0,0.0,0.0,0.0,0.0,0.8911001024940212,0.0,0.0,0.0,0.0,0.7176714560805807,0.44065401695599515,0.20459770114942522,0.9373057550101811,0.5247544013228285,0.27412777526053456,0.5365853658536586,0.41002865329512894,1.0,0.0,0.9377805293298251,1.0,0.6249999999999999,0.7307924984875983,0.0,0.93843964060137,0.0,0.7192299372701709,0.19999999999999996,0.5715070643642073,0.41009910335063704,1.0,0.19008992014085402,0.6947368421052631,0.0,0.6296296296296297,0.4568965517241379,0.7495473747736874,0.021054825932874666,0.9375,0.8041191936897458,0.5,0.2500000000000001,1.0,0.11034719834994855,1.0,1.0,0.0,0.5,0.0,0.4583869834952593,0.8581979320531757,0.75,0.39681703204047225,0.4931129476584022,1.0,0.0,0.0,0.0,0.0,0.0,1.0,0.0,0.0,0.0,0.21996879875195008,1.0,0.36363636363636365,0.0,0.8571428571428571,0.0,0.0,0.0,0.0,0.6666666666666666,0.0,0.0,1.0,0.0,0.5722673113451908,0.8125,0.6812499999999999,0.9668874172185431,0.0,0.0,1.0,0.08333333333333337,0.5416666666666667,0.0,0.23789473684210505,0.8928571428571428,0.0,0.6381634372367313,0.0,0.0,0.8492941625333842,1.0,0.0,0.6666666666666667,0.0,0.9755251141552511,0.375,0.0,0.6364097363083163,0.0,0.0,0.31464174454828653,1.0,0.2213855421686748,0.0,0.0,0.0,0.0,0.4165588615782665,0.8,0.0,0.0,0.0,0.0,0.0,0.33333333333333326,0.0,0.6794201755250961,0.0,0.9315785894035231,0.3429833169774289,0.5103092783505154,0.14378050389130714,0.0,0.8163912756113682,0.0,1.0,0.0,0.8973727422003284,1.0,0.5675285675285676,0.9439725579875857,1.0,0.0,0.6321752265861027,0.0,0.42419601837672294,0.0,0.7803353864137033,0.44999999999999996,0.625,0.0,0.0,0.0,0.0,0.0,0.0,0.0,0.0,0.0,0.0,0.0,0.9869028314830984,0.8841698841698842,0.0,0.7172181743361332,0.2795216741405083,0.6818181818181819,0.9686726987335946,0.0,0.0,0.46478873239436613,0.0,0.0,0.31997146932952913,0.0,0.0,0.0,0.0,0.0,0.0,0.0,0.6875,0.0,0.9851249900167718,0.5,0.9014499320344359,0.0,0.0,0.0,0.0,0.88,0.0,0.0,0.9892961401232566,0.0,0.0,0.0,0.0,0.0,0.0,0.0,0.6129032258064516,1.0,0.0,0.0,0.0,0.0,0.0,0.0,0.0,0.0,0.0,0.0,1.0,0.0,0.0,0.33333333333333326,0.9119897959183674,0.0,0.0,0.0,0.9687094982410664,0.0,0.0,0.0,0.0,0.0,0.0,0.0,0.0,0.0,0.9698431845597105,0.0,0.8237704918032787,0.0,0.0,0.0,0.0,0.0,0.0,0.832116788321168,0.0,0.6911070780399274,0.543889021765128,0.0,0.16313231720786403,0.0,0.1309782608695652,0.4144144144144144,0.8888672635266641,0.7692307692307692,1.0,0.6013513513513513,0.0,0.0,0.4651162790697675,0.46771540936717926,0.0,0.0,0.0,1.0,0.0,0.18705321683876075,0.0,0.0,0.6483848477806182,0.5081967213114753,0.0,0.75,0.2857142857142856,0.7052154195011338,0.0,0.0,0.14724770642201834,0.8478260869565217,0.2375946173254837,1.0,0.5952380952380952,0.0,0.0,0.6666666666666666,0.4,0.0,0.0,0.33333333333333326,0.0,0.4764150943396226,0.5714285714285714,0.4515288220551379,0.38523698523698535,0.3999999999999999,0.0,1.0,0.6956521739130435,1.0,0.75,0.0,0.3203883495145631,0.0,0.5,0.75,0.0,0.5,0.0,0.0,0.25,0.0,0.0,0.5,0.08602150537634423,0.10909090909090913,0.0,0.16666666666666663,0.0,0.2564102564102564,0.6140350877192982,0.0,0.17647058823529416,0.0,0.0,0.7142857142857142,0.75,0.0,1.0,0.5262798634812287,0.0,0.0,0.0,1.0,0.0,0.14545454545454573,0.7142857142857143,0.26923076923076916,0.4285714285714285,1.0,0.8208499647804649,1.0,0.0,0.2284241201524322,1.0,0.42893011577625895,0.11494252873563238,0.0,0.2297297297297296,0.0,1.0,0.9090909090909091,0.5,0.0,0.6666666666666667,1.0,0.0,0.6666666666666666,0.0,1.0,1.0,1.0,0.22942286420717017,0.0,0.0,0.0,0.610735418427726,0.0,0.0,0.0,0.0,1.0,0.0,0.3750000000000001,0.7978963185574756,0.38219895287958117,0.0,1.0,0.0,0.0,0.0,0.5661634973534602,0.5,0.5821767713659605,0.0,0.0,0.0,0.4,1.0,0.0,0.0,0.0,0.0,0.0,0.8993862279644629,0.0,0.0,0.8673977363452778,0.827027027027027,0.0,0.6876305892185541,0.6517857142857142,1.0,0.9684753902432822,0.0,0.0,0.6603307825228338,0.6298688524590164,0.6628433030206096,0.0,0.11320859474765399,0.0,0.0,0.0,0.0,0.0,0.0,1.0,0.0,0.9921343038271895,1.0,0.9111713339355616,0.0,0.0,0.0,0.0,0.7849676455948233,0.0,0.6849533825854114,0.945173673456752,0.0,0.25,0.0,0.0,1.0,0.0,0.0,1.0,qsampled
0.0,0.0,0.7952518807548192,0.6936026936026936,0.0,0.0,0.0,0.8245923314235346,0.7422760709649503,0.0,0.4679558246631418,0.31818181818181823,0.9768339768339769,0.0,0.4,0.0,0.0,0.996206373292868,0.33333333333333326,0.0,0.0,0.0,0.7001684944869786,0.0,0.3775092649783818,0.0,0.0,0.6028825119032301,0.7295740886901108,0.0,0.0,0.08221007893139043,0.9010033444816054,0.01176470588235301,0.0,0.0,0.0,0.0,0.0,0.0,0.4782191149354641,0.3530165509877202,0.9098138091543833,0.886698939603504,0.5221046921616489,0.0,0.0,0.4506640514832192,0.0,0.09598108747044931,0.4206960822968566,0.33333333333333337,0.0,0.0,0.4070984444493617,0.0,0.0,0.0,0.0,0.0,0.0,0.0,0.2277291708093061,0.43048767807008415,0.17543859649122806,0.967571533382245,0.15233362143474505,0.055445544554455606,0.0,1.0,0.035211267605633645,0.6706030150753768,0.0,0.045139277324085514,0.0,0.021739130434782483,0.0,0.10225130309415542,0.0,0.0,1.0,0.0,0.0,0.06833435021354506,0.2720198089847894,0.5555555555555556,0.785039941902687,0.0,0.0,0.0,1.0,0.98718633208756,0.5,0.5328467153284671,0.6000000000000001,0.9650915283099191,0.9375,0.2250639386189257,0.4880382775119617,0.3066132264529058,0.4285714285714285,0.06201550387596888,0.0,0.0,0.80927291886196,0.0,1.0,0.7953789893617021,1.0,0.9809904952476238,0.0,0.5525115653400701,0.9682791435368755,0.9520958083832335,0.42647058823529405,0.9788300835654596,0.0,0.6079579163865048,0.0,0.23880597014925375,0.0,0.48145105226568896,0.21289373697757086,0.0,0.02530961008058008,0.0,0.0,0.0,0.0,0.043062200956938024,0.45242615232743566,0.33333333333333326,0.25,0.6813655761024182,0.0,0.5,0.8316528753216049,0.0,0.18911026503530126,0.0,0.5,0.15069860279441116,0.0,0.2997275204359672,0.9090909090909091,0.0,0.36543029417138684,0.33333333333333337,0.0,0.3171372291529876,0.0,1.0,0.5,0.4285714285714285,0.0,0.2869609237518982,0.0,0.0,0.0,0.5265843409656119,0.5578146078242436,0.4722222222222222,0.9086760750657279,0.0,0.01000204123290438,0.0,1.0,0.0,0.3200029788501638,0.0,0.5189578544061303,0.0,0.0,0.15384615384615385,0.9912983425414365,0.0,0.8353359282450499,0.3076923076923077,0.0,0.0,0.0,0.0,0.0,0.0,0.0,0.0,0.06954793840039741,0.6394058604332528,0.0,0.41683340002667735,0.0,0.0,1.0,0.0,0.9507712504102396,0.0,0.0,0.0,1.0,0.0,0.6792237794547975,0.18868637661683174,0.0,0.0,0.0,0.0,0.0,0.0,0.5989263432799729,0.8443425143407628,0.0,0.0,0.0,0.0,0.0,0.0,0.7,0.0,0.0,0.0,0.0,0.07738420539633006,0.5691282039348916,0.0,0.7990867579908676,0.8275862068965517,0.8109245520413033,0.0,0.0,0.0,0.0,0.0,0.0,0.763774173858623,0.9381688466111772,0.0,0.0,0.0,1.0,0.7682410423452768,0.0,0.8917910447761194,0.0,0.9385206532180596,0.0,0.5,0.0,0.0,0.8938244853737811,0.5,0.0,0.0,0.0,0.833754512635379,0.0,0.2887495646116337,0.0,0.0,0.5189873417721519,0.5997867188020707,0.0,0.0,0.0,0.43324250681198895,0.0,0.0,0.0,0.0,0.0,0.0,0.0,0.0,0.2542420814479638,0.8603796693202694,0.8967071736573893,0.2575910931174089,0.03267973856209183,0.3513513513513514,0.40555812570220073,0.0,0.07950727883538633,0.33333333333333326,1.0,0.0,0.0,0.465671000322338,0.0,0.0,0.0,0.0,0.0,0.0,0.19999999999999996,0.6346106708064385,0.4193548387096775,0.0,0.6675902602854744,0.0,0.0,0.6000000000000001,1.0,0.0,0.17557535263548596,0.0,0.0,0.5,0.0,0.0,0.15348837209302324,1.0,1.0,0.0,0.5,0.0,0.026551070170685587,0.2609308885754583,0.75,0.5655452436194895,0.0,0.0,0.0,1.0,0.9620733249051833,1.0,0.7723577235772359,1.0,0.9358974358974359,0.9536650208887201,0.36363636363636365,0.0,0.8571428571428572,0.36363636363636365,1.0,0.0,0.0,0.8178748311571364,0.0,0.0,0.6666666666666666,0.5,0.8464,0.0,0.6080067854113655,0.9419901829540384,0.6875,0.0,1.0,0.0,1.0,0.4545454545454546,0.75,0.0,0.37746938775510186,0.21393643031784837,0.0,0.13099393716700336,0.045071609098567667,0.0,0.0,0.4973919523099851,0.6666666666666667,0.6596858638743456,0.33333333333333337,0.33333333333333337,0.887419464225161,0.0,0.25,0.542406972846128,0.0,0.8408227848101266,0.0,1.0,0.889795918367347,0.0,0.44999999999999996,0.3529411764705882,0.46153846153846145,0.0,0.8,0.0,0.6363636363636365,0.0,0.1428571428571429,0.75,0.33333333333333326,0.0,0.5894125242091672,0.0,0.0,0.3505102040816328,0.0,0.35605721949038904,0.39522653721682854,1.0,0.0,0.0,0.0,1.0,0.0,0.745992745992746,0.08567874358575667,0.3672789896670493,0.0,0.0,0.0,1.0,0.0,0.818121824061242,0.65,0.4,0.0,0.0,1.0,0.0,0.0,0.0,0.0,0.37038689172289085,0.9071257005604484,0.0,0.0,0.0,0.0,1.0,0.0,1.0,0.0,0.0,0.0,1.0,0.0,0.7522910157272775,0.5372855444199083,0.0,0.0,0.0,0.0,0.0,0.0,0.6766970522398122,0.8988817090082912,0.0,0.0,0.0,0.0,0.0,0.0,0.5,0.0,0.0,0.0,0.0,0.6702453307306686,0.49931875046448815,0.0,0.7708333333333334,1.0,0.7777777777777778,0.5,0.0,0.0,0.0,0.0,0.0,0.7093008002098911,0.9411764705882353,0.0,0.0,0.0,0.7142857142857143,0.696775571215033,0.0,0.7245346432264737,0.0,0.9471057884231537,0.0,0.33333333333333326,0.0,0.0,0.6082713754646838,0.6666666666666667,0.0,0.0,0.0,0.8050628829409868,0.0,0.0,0.0,0.0,0.7729549248747913,0.9090909090909091,0.0,0.0,0.4772896500372301,1.0,0.8181818181818181,0.0,0.0,0.0,0.4516599781101788,0.0,0.0,0.9679163662581111,0.5038690679997262,0.8118385650224216,0.2480422681385036,0.0,0.5667789001122334,0.6145092460881935,0.8709040235949888,0.15384615384615385,0.0,0.0,0.33333333333333337,0.0,0.8545454545454545,0.1148946594806467,0.0,0.25,0.0,0.0,0.0,0.0,0.0,0.0,0.4696920583468396,0.1641337386018238,0.2826797385620915,0.43028846153846145,0.2857142857142857,0.7664399092970522,1.0,0.0,0.06578947368421051,0.23076923076923073,0.0,0.0,0.5609756097560975,1.0,0.0,0.0,0.0,0.0,0.0,0.33333333333333326,0.08910103420843296,0.0,0.5714285714285714,0.5364153906556735,0.0,0.0,0.0,0.0,1.0,0.0,0.38888888888888884,0.0,0.9631067961165048,0.5,0.0,0.0,0.0,0.5,0.0,1.0,0.0,0.2857142857142857,0.0,0.0,0.5391812865497077,1.0,0.8525345622119815,0.25,0.658096699923254,0.6906063618290258,0.0,0.14814814814814836,0.07933740191804695,0.0,0.0,0.9072164948453608,0.25,0.7,0.7560975609756098,0.8075284090909092,0.2222222222222221,0.1374095989480606,0.37142857142857155,1.0,0.0,0.0,0.0,0.0,0.4285714285714285,0.0,0.2776214593884825,1.0,1.0,0.5511904761904761,1.0,0.0,0.25778863775198524,0.0,0.0,0.0,0.0,0.0,0.0,1.0,0.0,1.0,0.9473684210526316,0.6666666666666666,1.0,0.5,1.0,1.0,0.23586299529885835,0.0,0.24042198778456414,0.0,0.788874288217258,0.0,0.7777777777777778,0.6359773371104815,0.0,0.5733194009056078,0.0,0.8735059760956175,0.6244784422809457,0.2512801755669348,0.0,0.9201426024955437,0.0,0.025924147863658265,0.0,0.8730641050774358,0.5,0.5644283121597097,0.29268292682926833,0.0,0.0,0.4,0.0,0.0,0.0,0.0,0.0,0.0,0.5250729070346396,0.0,0.6681896551724138,0.8325496849248667,0.0,0.6666666666666667,0.0,0.8,0.0,0.0,0.0,1.0,0.0,0.6719680199445507,0.7069041753521572,0.0,0.0,0.0,0.0,0.0,0.0,0.9327929753461668,0.9189745425260615,0.0,0.0,0.0,0.0,0.0,0.0,0.5555555555555556,0.0,0.0,0.18648434403487912,0.0,0.0728226490781454,0.8202080237741456,0.0,0.75,0.0,0.750236518448439,0.0,0.0,0.0,0.0,qsampled
0.0,0.0,0.0,0.0,0.8562376237623762,0.0,0.0,0.0,0.0,0.8470043328851038,0.0,0.0,0.0,0.0,0.4,0.0,0.0,0.0,0.0,0.6164923781765357,0.0,0.0,0.0,0.0,0.10638994190961892,0.0,0.0,0.0,0.0,0.0,0.0,0.70024611181981,0.0,0.0,0.0,0.0,0.0,0.0,0.0,0.0,0.0,0.0,0.8569307665660415,0.8583555176051032,0.48420538428137216,0.0,0.0,0.0,0.43038850912866666,0.6946601941747573,0.0,0.0,0.41278697521265884,0.7000682327712253,0.45716106194690254,0.34429065743944653,0.0,0.07946763147693503,0.0,0.0,0.3896758177570093,0.5707607806474232,0.0,0.0,0.1578947368421052,0.0,0.15233362143474505,0.05351386202450048,0.0,0.624113475177305,0.0,0.13324732768153325,0.0,0.045139277324085514,0.0,0.19148936170212771,0.0,0.04452232606438211,0.0,0.4,0.0,0.33333333333333337,0.0,0.0,0.0,0.0,0.7100322186423731,0.0,0.0,0.8813559322033898,0.0,0.0,0.0,0.0,0.0,0.7421465968586387,0.0,0.09670329670329691,0.0,0.10821643286573146,0.0,0.0,0.5714285714285714,0.0,0.0,0.6428571428571428,0.18181818181818188,0.3348958733574119,0.66,0.0,0.11111111111111116,0.5930837062384837,0.9079016221873365,1.0,0.0,0.5157620041753653,0.0,0.2135649666964906,0.8719671519223591,0.0,0.45833333333333337,0.08307329003963937,0.7928667728888344,0.5916503587736465,0.7143220878421387,0.4477498093058734,0.0,0.6666666666666667,0.935570987654321,0.043062200956938024,0.0,0.33333333333333326,0.0,0.5471698113207548,1.0,0.0,0.0,0.0,0.23819528155674197,0.0,0.5,0.2702791822378545,0.0,0.0,0.8111888111888111,0.7018018018018017,0.0,0.33333333333333337,0.0,1.0,0.0,0.0,0.0,0.0,0.0,0.17556535343478885,0.0,0.6712130253175348,0.0,0.0,0.5024375684011542,0.0,0.0,0.8333333333333334,0.4979169146530176,0.0,0.532938022906344,0.6619436439321166,0.7381517927836218,0.0,0.0,1.0,0.7669491525423728,0.0,0.8642635391514315,0.0,0.4401325636091511,0.3076923076923077,0.28462603878116344,0.0,0.0,0.0,0.0,0.0,0.0,0.0,0.26460639606396064,0.0,0.0,0.14419159994381237,0.5726563185126721,0.975955223028157,0.0,0.0,0.48843464228079625,0.0,0.0,0.0,0.0,0.6342344876506596,0.28616074247111567,0.2607482489607653,0.4489741775733994,0.8337785083213478,0.0,0.0,0.0,0.0,0.0,0.0,0.0,0.0,0.0,0.0,0.0,0.0,0.6911764705882353,0.0,0.0,0.09008779493611352,0.0,0.0,0.0,0.0,1.0,0.0,0.0,0.0,0.0,0.6870649845274934,0.96875,0.0,1.0,0.0,0.0,0.8888888888888888,0.0,0.0,0.0,0.0,0.5454545454545454,0.0,0.0,0.0,0.0,0.5,0.0,0.0,0.0,0.0,0.9008662996628686,0.0,0.0,0.0,0.0,0.047272727272727244,0.0,0.0,0.0,0.0,0.0,0.0,0.6437462235649547,0.0,0.0,0.0,0.0,0.0,0.0,0.0,0.0,0.1252115059221658,0.0,0.8912708420905142,0.918530588061028,0.0,0.0,0.331264023934181,0.0,0.3634840871021774,0.8960280373831776,0.0,1.0,0.9771458942333244,0.7356849876948319,0.2850779510022273,0.26837463250734994,0.0,0.9263024142312579,0.0,0.0,0.2791939373062349,0.6857142857142857,0.0,0.0,0.07251264755480591,0.20382320711067814,0.0,0.0,0.0,0.7880434782608695,0.0,0.0,0.0,0.0,0.5,0.2500000000000001,0.0,0.0827399950896146,0.0,1.0,0.0,0.0,0.0,0.05942237468186329,0.18316100443131456,0.5,0.39624432957062994,0.6370967741935484,0.0,0.8474025974025974,0.0,0.10830172777075431,0.0,0.0,0.0,0.931460195828012,0.0,0.36363636363636365,0.0,0.0,0.0,0.0,0.8571428571428571,0.0,0.0,0.75,0.0,0.5238095238095237,0.5,0.0,0.0,0.5636653024101863,0.7816015883520847,0.8125,0.0,0.13961038961038952,0.0,1.0,1.0,0.08333333333333337,0.5416666666666667,0.3140711462450593,0.6625916870415648,0.5,0.43606619029710414,0.0,0.0,0.0,0.8254497001998667,0.6666666666666667,0.0,0.33333333333333337,0.6666666666666667,0.8656888953110324,0.0,0.0,0.0,0.0,0.8701223063482819,0.0,1.0,0.34388009991673607,0.0,0.0,0.3529411764705882,0.9019908116385911,0.7764705882352941,0.6000000000000001,0.0,0.5454545454545454,0.5,0.0,0.0,0.0,0.0,0.5867630118336999,0.0,0.9140023935715507,0.3505102040816328,0.15147407658420875,0.14378050389130714,0.0,0.0,0.8823529411764706,0.7945922372437855,0.0,0.0,1.0,0.7465387465387465,0.10591350397175647,0.0,0.6,0.5258918296892982,0.0,0.8854680350082189,0.0,0.5463917525773196,0.65,1.0,0.0,0.0,1.0,0.0,0.0,0.0,0.0,0.0,0.8451623759044253,0.0,1.0,0.760894209404616,1.0,0.5,0.0,0.0,0.0,0.0,0.0,0.0,1.0,0.0,0.5510169285105346,0.669781221513218,0.5549211207911466,0.0,0.0,0.0,0.0,0.0,0.0,0.0,0.0,0.0,0.0,0.0,0.0,0.5,0.0,0.0,0.7860932063202327,0.0,0.7901658349258678,0.0,0.0,0.0,0.6666666666666667,0.0,0.5,0.0,0.7553233107919297,1.0,1.0,0.0,0.0,0.0,1.0,0.0,0.0,0.0,0.0,0.688797744168162,0.0,0.0,0.0,0.0,0.33333333333333326,0.0,0.0,0.0,0.0,0.9695167286245353,0.0,0.0,0.0,0.0,0.6995249406175772,0.0,0.0,0.0,0.0,0.0,0.0,0.8225734968237552,0.0,0.0,0.0,0.0,0.0,0.0,0.0,0.0,0.6719826023921711,0.0,0.80707453528244,0.9538090313684936,0.6747708995698523,0.30571213829387445,0.08838757396449692,0.5176217631111527,0.7692307692307692,0.7641759406465289,0.39634146341463417,0.0,0.46153846153846156,0.0,0.03128103277060568,1.0,0.0,0.1438356164383563,0.0,0.015080226806611252,0.8025911286780852,0.7034749034749035,0.31783276450511944,0.0,0.09836065573770503,0.0,0.4374999999999999,0.2857142857142857,0.7573696145124718,0.2500000000000001,0.0,0.0,0.43333333333333335,0.0,0.0,0.6785714285714285,1.0,0.4220055710306406,0.6666666666666666,0.4,0.0,1.0,0.33333333333333326,0.0234375,0.3930753564154785,0.0,0.4495264960709249,0.0,0.0,0.21052631578947367,1.0,0.0,1.0,0.5,1.0,0.41176470588235303,0.0,0.0,0.0,0.6666666666666667,0.0,0.0,0.0,0.0,0.0,0.0,0.5,0.3854571984435795,0.0,0.0,0.25,0.8113207547169812,0.0,0.6140350877192982,0.7289156626506024,0.4652605459057072,0.625,0.0,0.0,0.75,0.0,0.0,0.3617021276595743,0.8888888888888888,0.7831245880026367,0.8821138211382114,1.0,1.0,0.7295081967213115,0.0,0.4204545454545454,0.4285714285714285,1.0,0.3341159896689365,1.0,0.0,0.0,1.0,0.0,0.25778863775198524,0.0,1.0,0.0,1.0,0.0,0.41666666666666663,0.0,0.33333333333333337,1.0,0.6843434343434343,0.0,0.0,1.0,0.0,1.0,0.2624417166238464,0.0,0.0,0.0,0.0,0.0,0.0,0.29807306302689696,0.0,0.0,0.0,0.6936110834246985,0.4701653486700216,0.05820328975115985,0.0,0.6543110394842868,0.8,0.963855421686747,1.0,0.0,0.5,0.773469387755102,0.29268292682926833,0.3979274611398964,0.0,0.4,0.0,0.0,0.0,0.0,0.0,0.0,0.0,0.0,0.2068965517241379,0.0,0.8162631905648665,0.0,0.0,0.0,0.0,0.0,0.0,0.0,0.656423950928102,0.6784305725554196,0.4941278618105379,0.448087431693989,0.2594736116852693,0.0,0.0,0.0,0.0,0.0,0.0,0.0,0.0,0.0,0.0,0.0,0.0,0.5555555555555556,0.0,0.0,0.0,0.0,0.0,0.0,0.0,0.0,0.3571428571428572,0.0,0.0,0.0,0.7079743759664237,0.9375,qsampled
0.0,0.33333333333333326,0.0,0.0,0.0,0.7078925022376243,0.0,0.0,0.7422760709649503,0.7527443342776204,0.651779593988927,0.7857142857142857,0.0,0.0,0.4,0.0,0.0,0.0,1.0,0.0,0.0,0.0,0.0,0.0,0.3704175349232076,0.0,0.0,0.7603911980440098,0.2075704756937773,0.0,0.0,0.0,0.0,0.0,0.0,0.0,0.0,0.0,0.0,0.0,0.0,0.0,0.0,0.48279672509920135,0.4541359096830221,0.3641088572872303,0.05420773313116001,0.0,0.9649738802774686,0.5587841456882698,0.0,0.33333333333333337,0.47975686529903383,0.0,0.0,0.1563648513197461,0.0,0.0,0.48401773215118993,0.9792215308927796,0.562618068674297,0.0,0.25328256302521,0.0,0.1578947368421052,0.36003287394107963,0.39152981849611057,0.8237623762376238,0.0,0.0,1.0,0.13324732768153325,0.0,0.0,0.0,0.0,0.0,0.0,0.0,0.0,1.0,0.0,0.0,0.8607948442534908,0.0,0.0,0.9460059993334073,0.43273753527751646,0.0,0.0,0.0,0.4365382390373713,0.5,0.0,0.0,0.3527227722772278,0.0625,0.0,0.0,0.7695390781563126,0.2714776632302406,0.0,0.5714285714285714,0.9364102564102564,0.8946278614977567,0.0,0.0,0.0,1.0,0.9833698030634573,0.75,0.5512305869965781,0.6506024096385542,1.0,0.2426659456536433,0.0,0.9166666666666666,0.0,0.0,0.4626865671641792,0.0,0.0,0.7957928404477795,0.9440559440559441,0.6159558579488882,0.48236590742101404,0.0,0.0,0.9074803149606299,0.44976076555023936,0.22206192431472638,0.0,0.0,1.0,1.0,0.0,0.24100682767757065,0.0,0.0,0.7786677346148712,0.5,0.0,0.0,0.0,0.8111888111888111,0.0,0.18892746208660693,0.0,0.0,0.9642370572207084,0.0,0.33333333333333337,0.0,0.0,0.0,0.2937352668047718,0.0,0.5931101609483087,0.4528735632183907,0.10547166293810584,0.7049180327868853,0.41666666666666663,0.0,0.0,0.047272011030135896,0.5443911217756449,0.0,0.7054590315616326,0.0,0.0,0.7126436781609196,0.0,0.8883495145631068,0.0,0.7868601986249045,0.8333333333333334,0.3485410484668645,0.0,0.5625,0.0,0.0,0.5,0.0,0.0,0.0,0.0,0.09251991913426105,0.9075793695841374,0.0,0.045652479280797964,0.5720568927789933,0.0,0.0,0.0,0.4038585209003215,1.0,0.0,0.9392737772525036,0.16666666666666663,0.0,0.9144309256121977,0.3283338619783406,0.1990163777873275,0.7133861380546966,0.0,0.0,0.0,0.0,0.0,0.0,0.7368421052631579,0.0,0.0,0.0,0.9087551596784705,0.0,0.6911764705882353,0.0,0.0,0.0,0.9347826086956522,0.0,0.0,0.0,0.17808219178082185,0.3835227272727273,0.48338537913363777,0.0,1.0,0.688844549933334,0.0,0.0,0.0,0.0,0.0,0.0,0.6714285714285715,0.0,0.0,0.7789347216659992,0.5454545454545454,0.9027777777777778,0.0,0.0,0.0,0.5,0.0,0.0,0.0,1.0,0.0,0.0,0.0,0.0,0.0,0.32659394395335717,0.0,0.0,0.5189873417721519,0.573530514319988,0.0,0.0,0.0,0.0,0.25,0.0,0.0,0.0,0.0,0.0,0.0,0.0,0.0,0.0,0.3834995466908432,0.9097580152004892,0.0,0.0,0.0,0.9949028352978656,0.5574294853154986,0.3170603674540683,1.0,0.9771458942333244,0.0,0.0,0.18205128205128196,0.0,0.0,0.6182220256523662,0.9998411143182481,0.7026047955839227,0.19999999999999996,0.6377347751849745,0.0,0.0,0.5847807312158142,0.6157894736842104,0.9202127659574468,0.6000000000000001,0.0,0.916083916083916,0.0,0.0,0.18467220683287167,0.5,0.0,1.0,0.12087530392497381,1.0,1.0,0.0,0.5,1.0,0.9471308067007247,0.0,0.5,0.875725900116144,0.5660377358490567,0.0,0.0,0.0,0.0,1.0,0.0,0.0,0.5897435897435898,0.13049267643142493,0.0,0.008902077151335286,1.0,0.36363636363636365,0.0,0.8571428571428571,1.0,0.9404934687953556,0.0,0.0,0.1428571428571428,0.5,0.864406779661017,1.0,0.5421245421245422,0.68671679197995,0.8125,0.7385589094449854,0.0,0.4947478991596639,1.0,0.0,0.08333333333333337,0.0,0.0,0.793644996347699,0.8928571428571428,0.0,0.0,0.0,0.0,0.8159366262814539,0.0,0.7444589308996088,0.33333333333333337,0.6666666666666667,0.8564814814814815,0.375,0.0,0.6921965317919077,0.0,0.040506329113924044,1.0,1.0,0.0,0.0,0.0,0.3529411764705882,0.46153846153846145,1.0,0.0,0.0,1.0,0.5,0.1428571428571429,0.0,0.0,0.0,0.5894125242091672,0.0,0.9063680640903091,1.0,0.6101281269066504,0.8090893139147218,0.49764150943396224,0.0,0.0,0.5671609245529874,0.6750795116446086,0.3709327548806941,1.0,0.0,0.13301262778111855,0.8156347717323327,0.0,0.7513043478260869,0.0,0.637136739063934,1.0,0.31096843231674687,0.0,0.0,0.0,0.0,0.0,0.0,0.0,0.0,0.0,0.37038689172289085,1.0,0.0,0.0,0.6888173032673723,0.0,0.5,0.0,0.0,0.0,0.0,0.9623231898113415,0.1724137931034483,0.0,0.9398376329958915,0.5624231695923685,0.3453566423249982,0.574883099532398,0.0,0.0,0.0,0.0,0.0,0.0,0.6875,0.0,0.0,0.0,0.9224137931034483,0.0,0.5,0.0,0.0,0.0,0.9424263193968472,0.7631471918559509,0.0,0.0,0.0,0.0,0.48043818466353694,0.5,1.0,0.7594725674446803,0.0,1.0,0.8607655502392344,0.0,0.0,0.0,0.8608983647277997,0.0,0.0,0.7166605097894347,0.8461538461538461,0.4366578793204453,0.8333333333333334,0.0,0.0,0.33333333333333326,0.0,0.0,0.0,0.6666666666666667,0.0,0.0,0.0,0.0,0.0,0.7754524886877828,0.0,0.0,0.7439791711868085,0.0,0.0,0.0,0.0,0.0,1.0,0.0,0.0,0.28042328042328046,0.0,0.0,0.0,0.6897426603841972,0.0,0.0,0.5340423817581177,0.5089605734767024,0.5905229375117991,0.7521865889212828,0.6617984560817859,0.7692307692307692,0.8229994700582937,0.7096491228070176,0.33333333333333337,0.46153846153846156,0.4873338870431895,0.0,0.5,0.0,0.0,0.5734870317002883,0.8888710454472459,0.27543314082629944,0.0,0.0,0.0,0.08743169398907114,0.29503792667509465,0.0,0.7806122448979592,0.7573696145124718,0.5,1.0,0.0,0.5,0.25185396463205934,0.0,0.0,0.0,0.0,0.0,0.0,0.0,0.0,0.0,1.0,0.0,0.0,0.7967259214622878,0.28348535765722527,0.0,0.08510638297872364,0.0,0.6956521739130435,0.0,0.5,1.0,0.4259818731117825,0.0,0.5,0.0,0.33333333333333337,0.5,0.0,0.0,1.0,0.8571428571428571,0.0,0.0,0.0,0.20000000000000007,0.9766997708174179,0.33333333333333326,1.0,0.0,0.6140350877192982,0.0,0.5773115773115773,0.0,0.27929069031032305,0.16541353383458646,0.75,0.7,1.0,0.3297297297297299,0.0,0.4842209072978303,1.0,1.0,0.0,0.4157303370786518,0.5714285714285714,0.0,0.0,1.0,0.24233128834355844,1.0,0.0,0.8206680116565792,1.0,0.2507552870090637,0.07147220525351261,0.0,0.2206366630076837,0.0,1.0,0.0,0.0,0.07692307692307698,0.6666666666666667,1.0,1.0,0.0,1.0,1.0,0.0,1.0,0.22942286420717017,0.0,0.15384615384615397,0.26923076923076916,0.6023026315789475,1.0,0.0,0.3639964788732395,0.0,0.39311043566362713,0.15500406834825053,0.0,0.46015037593984975,0.5559619604974396,0.0,0.9362073596561913,0.0,0.0,0.375,0.3312095667516173,0.5,0.9303097345132744,0.0,0.6714285714285714,0.0,0.4,1.0,0.0,0.0,0.0,0.0,0.0,0.9351305213742087,0.0,0.4482758620689655,0.10900925089701985,0.682249322493225,0.0,0.0,0.0,0.0,0.0,0.9113556022791336,0.5,0.0,0.8392482034273079,0.7069041753521572,0.0,0.6841361968895854,0.0,0.0,0.0,0.0,0.0,0.0,1.0,0.0,0.0,0.0,0.9186977715877437,0.0,0.5555555555555556,0.0,0.0,0.15294815987336774,0.8819875776397516,0.0,0.0,0.0,0.5,0.3571428571428572,0.5613437195715678,0.0,1.0,0.6779866936650274,0.0,qsampled
0.0,0.0,0.7523421808230997,0.8964732650739476,0.0,0.0,0.746875,0.0,0.0,0.0,0.0,0.0,0.0,0.681011160885423,0.0,0.0,0.0,0.9092715231788079,1.0,0.0,0.0,0.5,0.7001684944869786,0.0,0.6232406572835056,0.0,0.0,0.0,0.3724487700710444,0.0,1.0,0.7006835305387982,0.8986522911051213,0.0,0.0,0.0,0.0,0.7673119713171241,0.9144555507588085,0.0,0.3247889226612629,0.0,0.341120785663663,0.4854959529435423,0.0,0.8919182083739046,0.33281893004115237,0.8052175457740671,0.3157179525894609,0.7474571734475375,0.0,0.33333333333333337,0.0,0.05638679361938914,0.0,0.0,0.0,0.0,0.7984038861901457,0.9792242364617544,0.5635234539607437,0.0,0.5744649734314824,0.4853117695369258,0.0,0.0,0.39457937346004934,0.0,0.8001300390117034,0.6308724832214765,0.0,0.0,0.0,0.5104813986245753,0.7777777777777778,0.5272727272727272,0.0,0.0616997587678606,0.0,0.4,1.0,0.0,0.0,0.0,0.33129102844638947,0.33333333333333337,0.6785850133130468,0.0,0.0,0.0,0.6666666666666667,0.4362354029367558,0.5,0.545815516188149,0.5,0.0,0.0625,0.0,0.0,0.007504690431519689,0.0,0.06201550387596888,0.0,0.5196172248803828,0.3031441291040624,0.0,1.0,0.9022903764867787,0.66,0.0,1.0,0.4630165833113977,0.49919871794871795,1.0,0.24702503077554383,1.0,0.0,0.227228034295603,0.5110115714818961,0.23880597014925375,1.0,0.0,0.289192081326913,0.5820147266175779,0.7424341131181522,0.33333333333333337,0.0,0.0,0.11909448818897639,0.35766423357664245,0.0,0.7777777777777778,0.25,0.0,1.0,0.5,0.6360475627564148,0.6666666666666667,0.4291391668440848,0.010249882762778828,0.5,0.7675022730224704,0.6666666666666667,0.0,0.0,0.6629570747217806,0.7158779462817468,0.33333333333333337,0.0,1.0,0.75,0.0,0.0,0.0,0.0,0.44602421077616894,0.0,0.0,0.5270795013284284,0.0,0.0,0.4722222222222222,0.0,0.0,0.7636513157894737,0.6918116376724655,0.9157663877832832,0.38820988304709725,0.0,0.0,0.6608838437923895,0.75,0.7333333333333334,1.0,0.0,0.0,0.2574059861857254,0.0,0.2686898593634346,0.75,0.0,0.0,0.0,0.0,0.0,0.0,0.19342930970837957,0.5761976011184968,0.0,0.461441213653603,0.5720568927789933,0.0,0.0,0.6445475804405616,0.0,0.16000000000000003,0.0,0.0,0.2049488972565896,0.0,0.0,0.40798099545444166,0.1053695879825226,0.0,0.0,0.0,0.0,0.0,0.0,0.0,0.0,0.0,0.0,0.0,0.0,0.0,0.6911764705882353,0.7151366503153469,0.0,0.0,0.0,0.0,0.0,0.0,0.0,0.13636363636363635,0.802966721967405,0.0,0.0,0.6988985852683378,0.875,0.0,1.0,0.7804553867557731,0.9321739130434783,0.0,0.0,0.6425925925925926,0.0,0.0,0.0,0.0,0.0,0.0,0.8003170106569539,0.0,0.0,0.0,0.8938244853737811,1.0,0.0,0.0,0.0,0.8552299418285588,0.0,0.20539342445511644,0.0,0.0,0.0,0.5933094170403588,0.0,0.6666666666666667,0.6107893692978976,0.7916666666666666,0.25,0.0,0.0,0.0,0.7958427866008275,0.8814228336641892,0.0,0.2275980791881852,0.0,0.5405173890697276,0.6559028292104874,0.4418948283355063,1.0,0.648129958443521,0.9547940031856024,0.2182223638101306,0.8933493109646495,0.2787212787212786,0.0,0.9068399876199319,0.7423473088640651,0.0,0.0,0.0,0.0,0.8207936965503988,1.0,0.7026047955839227,0.19999999999999996,0.30911511245008083,0.41917525773195874,0.22008862629246662,0.12981056829511461,0.6157894736842104,0.0,1.0,0.8125,0.0,0.17586334029740702,0.0,0.556084885231702,0.75,0.2500000000000001,0.0,0.0,0.0,1.0,0.0,0.5,0.0,0.028795505091887885,0.5066469719350074,0.2500000000000001,0.8759420289855072,0.0,0.0,0.0,1.0,0.0,1.0,0.830255057167986,0.7,0.0,0.13049267643142493,0.0,0.0,0.0,0.0,0.0,0.0,0.0,0.3462555066079296,0.0,1.0,0.8095238095238095,0.5,0.0,1.0,0.4846140797285835,0.43534743202416915,0.6875,0.7576443941109853,0.9910714285714286,0.0,0.0,0.6363636363636365,0.75,0.9583333333333334,0.0,0.21439006574141706,0.5,0.47492191805989337,0.06908171861836565,0.0,0.0,0.41415192507804377,0.0,0.0,1.0,0.33333333333333337,0.0,0.0,0.25,0.6364097363083163,1.0,0.8701223063482819,0.0,1.0,0.797402230693209,1.0,0.0,0.0,0.8757396449704142,0.9303112313937754,0.8,0.0,0.5454545454545454,0.0,0.1428571428571429,0.0,0.0,1.0,0.759937286728765,0.0,0.0,0.7277716794731064,0.6101281269066504,0.0,0.39522653721682854,0.0,0.0,1.0,0.8537001706998695,0.25271149674620386,0.8088694565896315,0.0,0.08567874358575667,0.7762145748987854,0.0,0.4371014492753623,0.0,0.0,0.0,0.4452636784606394,0.44999999999999996,0.5348837209302325,0.6666666666666666,0.0,1.0,0.0,0.0,0.0,0.0,0.37038689172289085,0.9173592970790786,0.0,0.0,0.6995135027799841,0.0,0.0,0.764204100798247,0.0,0.13636363636363646,0.0,0.0,0.21219091431857395,0.0,0.07702939769283934,0.5519359017415919,0.3453566423249982,0.0,0.0,0.0,0.0,0.0,0.0,0.0,0.0,0.0,0.0,0.0,0.0,0.0,0.5,0.5583554376657824,0.0,0.0,0.0,0.0,0.0,0.0,0.0,1.0,0.7871674491392802,0.5,0.0,0.7493097736057427,1.0,1.0,0.0,0.7159350999440517,0.9411764705882353,0.0,0.0,0.9333333333333333,0.0,0.0,0.0,0.0,0.0,0.0,0.5636609558160506,0.0,0.0,0.0,0.6149756986634267,0.6666666666666667,0.0,0.0,0.6000000000000001,0.8829135466303608,0.0,0.0,0.0,0.36363636363636365,0.0,0.918918918918919,0.0,0.7777777777777778,0.8225734968237552,0.6340533672172808,0.0,0.0,0.0,0.33333333333333326,0.5308689024390245,0.9409048938134811,0.0,0.5888625592417062,0.0,0.37496169169475935,0.5340423817581177,0.7017543859649122,0.9380281690140845,0.0,0.6520979932238727,0.3076923076923076,0.7641759406465289,0.40582655826558267,0.6666666666666667,0.3076923076923077,0.0,0.0,0.0,0.0,0.0,0.8789625360230547,0.8960351285031641,0.27543314082629944,0.0,0.7377701934015928,0.37435897435897436,0.0,0.1791187739463601,1.0,0.2857142857142857,0.0,0.2500000000000001,0.0,0.14724770642201834,0.0,0.5193953223046206,1.0,0.6785714285714285,1.0,0.4220055710306406,0.6666666666666666,0.4,0.0,0.0,0.33333333333333326,0.03273809523809512,0.2515723270440251,0.5714285714285714,0.7967259214622878,0.0,0.0,0.0,0.5714285714285714,0.6956521739130435,0.0,0.33333333333333337,0.5,0.0,1.0,0.5,0.0,0.33333333333333337,0.0,0.0,1.0,0.25,0.0,0.0,0.5,0.7511111111111111,0.0,0.0,0.0,0.07017543859649122,0.2806666666666666,0.0,0.0,0.48951048951048937,0.0,0.0,0.7142857142857142,0.25,0.8,0.31707317073170727,0.8248877485567672,0.8888888888888888,0.7836949375410913,0.37142857142857155,1.0,0.0,0.0,0.7142857142857143,0.26923076923076916,0.7142857142857142,0.0,0.2320390170699681,1.0,1.0,0.22797579018157388,0.0,0.19123630672926428,0.0,0.0,1.0,0.0,1.0,0.9090909090909091,0.41666666666666663,0.5730593607305936,0.0,1.0,0.6843434343434343,0.6666666666666666,1.0,1.0,0.0,0.0,0.0,0.0,0.2060185185185185,0.26923076923076916,0.6525283553875236,0.768041237113402,0.7777777777777778,0.3438759065269943,0.0,0.7694006309148265,0.20667209113100082,0.8644264194669756,0.0,0.5559619604974396,0.0,0.924791834542036,0.8,0.0,0.0,0.24459003375024824,0.5,0.0,0.0,0.3979274611398964,0.8,0.4,0.0,0.0,0.0,0.0,0.0,0.0,0.527769742551345,0.0,0.6681896551724138,0.20472298847611425,0.06858407079646034,0.0,0.3720441783708869,0.0,0.5,0.0,0.0,0.5,0.0,0.0,0.6485726963466942,0.0,0.08610962501823838,0.0,0.0,0.0,0.0,0.0,0.0,0.0,0.0,0.0,0.0,0.0,0.0,0.5555555555555556,0.7272727272727273,0.0,0.0,0.0,0.5262182407907947,0.0,0.0,0.25,0.0,0.8313047711781889,0.0,0.0,0.71043312448924,0.8125,qsampled
0.5714285714285714,0.0,0.0,0.0,0.0,0.0,0.0,0.0,0.0,0.7227023433604787,0.0,0.8537095088819227,0.0,0.0,0.4,0.0,0.0,0.0,1.0,0.0,0.0,0.0,0.0,0.0,0.0,0.0,0.0,0.0,0.0,0.0,0.0,0.0,0.0,0.0,0.7988879464706437,0.0,0.0,0.0,0.0,0.0,0.0,0.4403727523297021,0.5788417143430693,0.4518504442016248,0.48351408796119677,0.578383641674781,0.10060606060606037,0.7488995381312749,0.3576456785295268,0.746811224489796,0.01447661469933148,0.0,0.018050082623617625,0.5689584432331047,0.0,0.0,0.0,0.0,0.889502099580084,0.7925269071955595,0.0,0.22845178550657208,0.10395584176632933,0.6290079621261029,0.9382716049382716,0.36912626199675935,0.0,0.9528548978522787,0.9612215909090909,0.2535991140642303,0.0,0.0,1.0,0.08351976137211015,0.33333333333333337,0.0,0.0,0.0,0.0,0.4,0.0,0.33333333333333337,1.0,0.4370984569765526,0.0,0.0,0.4389501711677444,0.3265778807180081,0.0,0.0,0.0,0.3531439314810946,0.0,0.83811850946854,0.30000000000000004,0.06124161073825485,0.0625,0.060439560439560336,0.0,0.09011627906976738,0.4285714285714285,0.0,0.5714285714285714,0.7741626794258374,0.9115116755428103,0.6428571428571428,0.0,0.09183484539900033,0.8,0.8309037900874636,1.0,0.59227588140464,0.0,1.0,0.0,0.9710843373493976,0.0,0.0,0.051010886469673555,0.0,0.5,0.0,0.6650235267757114,0.8587390263367918,0.0,0.47217928902627515,0.0,0.0,0.0,0.0,0.0,0.33333333333333326,0.0,0.0,1.0,0.0,0.0,0.6666666666666667,0.15893390017577558,0.5072784086578765,0.0,0.2990860037440811,0.0,0.7277777777777777,0.42298084929225643,0.03656597774244841,0.7158779462817467,0.33333333333333337,0.0,0.0,0.25,0.2142857142857143,0.5,0.4285714285714285,0.0,0.0,0.0,0.0,0.0,0.049884182660489884,0.964373642288197,0.4722222222222222,0.5448081881396983,0.8333333333333334,0.37515020427781776,0.579192142578379,0.0,0.635858949316336,0.0,0.0,0.0,0.0,0.8883495145631068,0.0,0.0,0.8793103448275862,0.34878614127119667,0.0,0.12727834414581407,0.0,0.0,0.0,0.0,0.0,0.0,0.6241552000777945,0.7087741952485737,0.5036620500538027,0.0,0.07947355099974684,0.9734806952911422,0.9366320013638808,0.0,0.9005450662730413,0.751230718739744,0.15999999999999992,0.0,0.0,0.15974282888229463,0.6341794522139534,0.0,0.39333950673050866,0.0,0.0,0.0,0.0,0.0,0.0,0.0,0.0,0.0,0.0,0.0,0.6666666666666667,0.0,0.7657159128660244,0.23214285714285698,0.0,0.0,0.0,0.8369565217391304,0.11252783964365243,0.0,0.9375,0.75,0.9130434782608696,0.0,0.0,0.0,0.0,0.84375,0.0,1.0,0.0,0.0,0.0,0.0,0.0,0.0,0.0,0.5480225988700564,0.0,0.8,0.0,0.0,0.5,0.0,0.0,0.0,1.0,0.0,0.0,0.0,0.0,0.0,0.0,0.0,0.0,0.0,0.0,0.0,0.0,0.0,0.0,0.25,0.8841698841698842,0.0,0.0,0.0,0.0,0.0,0.0,0.04928237938786084,0.7377622377622377,0.7373397228338299,0.0,0.0,0.6928955133540138,0.946191370264437,0.2917988219302222,0.5574294853154986,0.0,1.0,0.6808391608391609,0.9336633663366336,0.0,0.0,0.0,0.0,0.9226084945656363,0.8080195648851073,0.0,0.0,0.30846717385178934,0.2935866983372921,0.2100271002710028,0.6998050682261209,0.0368421052631579,0.9801121876593575,1.0,0.4374999999999999,0.0,0.2349177330895793,0.682608695652174,0.0764119601328902,1.0,0.0,0.0,0.1292618958411389,1.0,0.5,0.0,0.0,0.0,0.5040365984930032,0.18316100443131456,0.5,1.0,0.5371900826446281,0.0,0.0,0.0,0.0,0.0,0.9753673292999135,0.29999999999999993,0.4545454545454546,0.16219512195121955,0.36363636363636365,0.0,1.0,0.36363636363636365,0.0,0.8571428571428571,0.4285714285714286,0.9441377070477428,0.75,0.0,0.0,0.0,0.8695652173913044,1.0,0.6368262571514605,0.0,0.8125,0.0,0.9820143884892086,0.0,0.0,0.4545454545454546,0.0,0.5833333333333333,0.0,0.793644996347699,0.8571428571428572,0.6061914385449201,0.6524852569502948,0.0,0.0,0.0,0.25,0.0,0.33333333333333337,0.6666666666666667,0.0,0.375,0.0,0.32321547698465636,1.0,0.6522686025408349,0.75,0.0,0.0,0.0,0.44999999999999996,0.8823529411764706,0.0,0.9375,0.6000000000000001,0.0,0.0,0.0,0.1428571428571429,0.75,0.33333333333333326,1.0,0.0,0.0,0.0,0.0,0.6101281269066504,1.0,0.39522653721682854,0.45115664243225384,0.8823529411764706,0.5671609245529874,0.4401978417266188,0.2775041050903121,0.5012490496361464,0.0,0.17232930414897085,0.0,0.0,0.9192090395480226,0.0,0.0,1.0,0.480719794344473,0.44999999999999996,0.5348837209302325,0.0,0.0,1.0,0.0,0.0,0.0,0.6518529137696223,0.5379211854528143,0.0,0.0,0.0,0.9990737442109013,0.9286452947259566,0.0,0.9065860482384608,0.20033670033670026,0.13636363636363646,0.0,0.0,0.16499736425935696,0.46478873239436613,0.8517474429867361,0.0,0.0,0.0,0.0,0.0,0.0,0.0,0.0,0.0,0.0,0.0,0.0,0.5,0.0,0.706151832460733,0.5,0.0,0.0,0.0,0.7820041553460124,0.0,0.0,1.0,0.25,1.0,0.0,0.0,0.0,0.0,0.6129032258064516,0.0,0.0,0.0,0.0,0.0,0.0,0.0,0.0,0.0,0.6606181954699035,0.0,0.6074766355140186,0.0,0.0,0.33333333333333326,0.0,0.0,0.0,0.6666666666666667,0.0,0.0,0.0,0.0,0.0,0.7464932126696833,0.0,0.0,0.0,0.0,0.0,0.0,0.0,0.0,0.0,1.0,0.0,0.0,0.0,0.0,0.0,0.6911070780399274,0.5404953495663078,0.2586826347305389,0.018167137666532218,0.6710646875572659,0.5266875981161696,0.0,0.5591443622625445,0.3076923076923076,1.0,0.0,0.0,0.7857142857142857,0.4651162790697675,0.16374687164819457,0.0,0.25,0.0,1.0,0.4260558536249829,0.0,0.2857142857142857,0.7044753086419753,0.8135009122237988,0.0,0.36347642505277966,0.0,0.7806122448979592,0.5555555555555556,0.0,0.0,0.14724770642201834,1.0,0.3900589721988207,0.2857142857142858,0.0,1.0,0.0,0.0,0.6,0.0,1.0,1.0,0.10509209100758399,0.17924528301886788,0.0,0.5350763655190266,0.0,0.0,0.0,1.0,0.6956521739130435,1.0,0.38888888888888884,1.0,0.3203883495145631,0.0,0.0,0.0,0.33333333333333337,0.5,0.0,0.0,0.5,0.8571428571428571,0.0,0.0,0.2757890685142418,0.8,0.9766997708174179,0.16666666666666663,0.8245614035087719,0.6969314838167298,0.0,0.45496246872393664,0.0,0.0,0.2917888563049855,0.4285714285714286,0.25,0.19999999999999996,0.31707317073170727,0.434876989869754,0.4444444444444444,0.0,0.0,1.0,0.0,0.5599999999999999,0.0,0.17391304347826086,0.4285714285714285,0.33333333333333337,0.0,1.0,0.0,0.0,0.0,0.2607049608355092,0.0,0.0,0.7169373549883991,0.0,0.0,0.18181818181818177,0.5,0.5641025641025641,0.33333333333333337,1.0,0.6085858585858586,0.6666666666666666,1.0,0.5,1.0,0.0,0.6362157589953803,0.0,0.22972972972972971,0.0,0.6213634389926184,1.0,0.7777777777777778,0.8198713366690493,0.0,0.41945672773215414,0.7978030919446705,0.7132867132867133,1.0,0.8710732984293195,0.10307017543859653,0.7560690943043884,0.0,0.34782608695652173,0.0,0.21152715153891388,0.0,0.6112266112266113,0.0,0.3191489361702129,0.0,0.4,0.0,0.0,0.0,0.0,0.5967741935483871,0.0,0.8992619926199262,0.0,0.5677966101694916,0.864845413380514,0.49343629343629347,0.0,0.94694902303242,0.2571819425444597,0.5,0.0,0.0,0.5,0.6617158058080248,0.45862295081967197,0.7067851934162095,0.4444444444444444,0.0,0.0,0.0,0.0,0.0,0.0,0.0,0.0,0.0,0.0,1.0,0.0,0.8642010163749294,0.5555555555555556,0.0,0.0,0.0,0.9008620689655172,0.6954266855256954,0.0,0.9,0.5,0.0,0.0,1.0,0.0,0.0,1.0,qsampled
0.0,0.33333333333333326,0.0,0.0,0.0,0.0,0.0,0.8724973656480506,0.7422760709649503,0.0,0.645282168012369,0.6508854354897,0.0,0.6238110912839347,0.0,0.0,0.0,0.0,0.0,0.0,0.6564677055971428,0.0,0.6278722769322591,0.0,0.3704175349232076,0.0,0.0,0.4570508231925554,0.3223887055768918,0.0,0.0,0.0,0.0,0.0,0.0,0.7406168169915623,0.0,0.0,0.0,0.0,0.7566698810671809,0.541125988729773,0.0,0.0,0.48420538428137216,0.05355404089581306,0.12950432730133754,0.43847472789622777,0.37726053474084975,0.0,0.0,0.33333333333333337,0.0,0.5645554564377044,0.29197329748695633,0.23749650740430273,0.0,0.047020739602765205,0.0,0.0,0.8955594741904457,0.23301312089971893,0.09555479763528862,0.0,0.1578947368421052,0.37218370883882157,0.38930457746478864,0.0,0.0,0.3004587155963303,0.03521126760563398,0.13324732768153325,0.0,0.45032728477918627,0.0,0.0,0.0,0.29126944305067726,0.0,0.4,1.0,0.33333333333333337,1.0,0.11815252416756161,0.8596280087527353,0.44444444444444453,0.43819455015984166,0.29496402877697836,0.0,0.7796610169491526,1.0,0.0,0.5,0.0,0.0,0.0,0.9375,0.0,0.34733828536056943,0.0,0.48305084745762705,0.0,0.5714285714285714,0.0,0.3273248668578451,0.0,0.0,0.7952769000498918,0.5714285714285714,0.44984190859442374,1.0,0.9837837837837837,0.0,0.0,0.0,0.0,0.0,0.2187259978692302,0.0,0.4626865671641792,0.0,0.07361491108071117,0.7194206008583692,0.0,0.6162024880547545,0.43298585256887556,0.0,0.6666666666666667,0.5364102564102564,0.0,0.0,0.7777777777777778,0.25,0.07539118065433859,0.875,0.0,0.47472094550229804,0.6666666666666667,0.2899558354103807,0.9223011488204859,0.0,0.610649212807359,0.33333333333333337,0.35164835164835184,0.8111888111888111,0.0,0.04768282882400243,0.33333333333333337,0.0,0.3791821561338289,1.0,0.0,0.5,0.4285714285714285,0.0,0.6380818053596615,0.0,0.4074151290871816,0.3509269769201665,0.0,0.7875935312575428,0.41666666666666663,0.0,0.0,0.7055388093443857,0.47137395104027,0.0,0.0,0.20409030544488704,0.0,0.663963546493667,1.0,0.8214285714285714,0.0714285714285714,0.8791436464088398,0.0,0.5481668773704174,0.1923076923076923,0.030518819938962327,0.0,0.0,0.0,0.0,0.0,0.0,0.0,0.0,0.6695309307385604,0.0,0.04973262032085579,0.9055319148936171,0.0,0.0,0.7303761119148866,0.48843464228079625,1.0,0.0,0.0,0.2049488972565896,0.6342546166075578,0.0,0.4426514036097,0.6636263261485287,0.0,0.0,0.0,0.0,0.0,0.7543577561930684,0.0,0.0,0.0,0.0,0.0,0.0,0.0,0.0,0.7495271548230209,0.0,0.0,0.0,0.11397935540609883,0.8091838390394288,0.0,0.17808219178082185,1.0,0.798500346740638,0.5,0.0,0.0,0.8125,0.0,0.0,0.0,0.0,0.0,0.0,0.0,0.8767123287671232,0.7724679797653643,0.0,0.8434268833087148,0.8,0.0,0.7360807317558162,0.0,0.0,0.0,0.0,0.0,0.0,0.734395097223273,0.0,0.7673261792980102,0.0,0.20774282751469075,0.0,0.0,0.5189873417721519,0.5928094763907674,0.0,0.0,0.0,0.0,0.0,0.0,0.7073170731707317,0.0,0.0,0.0,0.0,0.7563451776649746,0.7403366876704598,0.0,0.0,0.0,0.03420891875381793,0.3304117869285984,0.78280389290092,0.2862541332073689,0.0,0.0,1.0,0.9151933701657459,0.7027837259100642,0.24153804494990516,0.2422571064913025,0.0,0.18067075369635777,0.0,0.0,1.0,0.5714285714285714,0.5617663499161543,0.0,0.22764227642276436,0.584732824427481,0.8473684210526315,0.2124430955993929,0.0,0.36413043478260865,0.11504424778761035,0.0,0.0,0.7750692520775623,0.5,0.0,0.0,0.041000515729757714,1.0,1.0,0.0,0.0,0.0,0.0,0.9630723781388478,0.75,0.5655452436194895,0.5686546463245492,0.0,0.8571428571428571,1.0,0.15625,1.0,0.0,0.0,0.6071586389748123,0.9566367001586462,0.0,0.5674080798910577,0.0,0.36363636363636365,0.0,0.8571428571428571,0.0,0.32639791937581286,0.0,0.0,0.6666666666666666,0.5,0.6835443037974683,0.5,0.629995627459554,0.0,0.0,0.5470031545741324,0.4064748201438848,0.0,0.34615384615384615,0.0,0.08333333333333337,0.0,0.3004897959183672,0.793644996347699,0.0,0.0,0.5951008645533141,0.0,0.0,0.6833631484794276,0.25,0.0,1.0,0.33333333333333337,0.6007820136852395,1.0,0.0,1.0,1.0,0.0,0.9376947040498442,0.0,0.5363546519836228,0.0,0.44999999999999996,0.3529411764705882,0.0,0.03864168618266994,0.8,0.0,0.25806451612903225,0.5,0.0,0.75,0.33333333333333326,0.5,0.48381444249746375,0.0,0.6599902823516709,0.6937431394072449,0.12535816618911177,0.0,0.5202265372168284,0.0,0.0,0.4679459223724378,0.633066055746468,0.2775041050903121,0.0,0.5290548867191203,0.07895910780669146,0.7105073649754501,1.0,0.9473023839397742,0.0,0.8836373687119956,0.0,0.5335399876007438,0.0,0.4,0.0,0.0,1.0,0.0,0.0,0.0,0.0,0.0,1.0,0.0,0.9041943616777447,0.9444360195323163,0.0,0.5,0.847031882411418,0.0,0.0,0.0,0.0,0.21219091431857395,1.0,0.6410813810966444,0.5466391306485715,0.742430613961312,0.0,0.0,0.0,0.0,0.0,0.7367832837727263,0.0,0.0,0.0,0.0,0.0,0.0,0.0,0.0,0.7258335080729713,0.0,0.0,0.0,0.6043992606284658,0.49133660253992206,0.0,0.5416666666666667,1.0,0.7871674491392802,1.0,0.0,0.0,0.954954954954955,1.0,0.8522536687631027,0.0,0.0,0.0,0.0,0.0,0.7142857142857143,0.7005225342913128,0.0,0.526849702230746,0.96,0.0,0.6145255759468958,0.0,0.0,0.0,0.0,0.0,0.0,0.8726957096800859,0.0,0.8846035553915237,0.0,0.7754524886877828,0.0,0.0,0.7637956748695004,0.8955223880597015,0.0,0.0,0.0,0.0,0.0,0.0,0.8925348646431501,0.0,0.0,0.0,0.0,0.332846715328467,0.3353264769193972,0.0,0.0,0.6718225866567276,0.3040362127499059,0.161167374496352,0.0,0.3076923076923076,0.0,0.45584415584415583,0.33333333333333337,0.3076923076923077,0.45977011494252884,0.0638680342603366,0.41666666666666663,0.0,0.1438356164383563,0.0,0.0008551184949916468,0.5497872340425531,0.09523809523809523,0.0,0.0,0.20668693009118533,0.29503792667509465,0.25,0.0,0.7735042735042734,0.0,0.0,0.0,0.23076923076923073,0.25418569254185686,0.0,0.0,1.0,0.4220055710306406,0.0,0.4,0.0,1.0,1.0,0.12765957446808518,0.6729559748427674,0.4285714285714285,0.5417867435158501,0.31796897863623064,0.0,0.25531914893617036,0.5714285714285714,0.0,0.0,1.0,1.0,0.0,1.0,0.5,0.75,0.5,0.5,0.0,0.0,0.0,0.0,0.0,0.0,0.49096594857539966,0.0,0.8101604278074865,0.0,1.0,0.6969314838167298,0.33333333333333337,0.0,0.0,0.625,0.0,0.3766233766233765,0.75,0.7,0.0,0.5086928525434643,0.2222222222222221,0.5026178010471205,0.0,1.0,1.0,0.0,0.0,0.17391304347826086,0.7142857142857142,1.0,0.0,0.0,0.0,0.6451468280654562,0.0,0.7816500711237553,0.8747947454844006,0.0,0.8083916083916084,1.0,1.0,0.0,0.0,0.27350427350427353,0.0,1.0,0.11868686868686873,0.0,0.0,0.5,1.0,0.5,0.9623918277051207,0.0,0.5339805825242718,0.3846153846153846,0.0,0.7619047619047619,0.0,0.30502330398757116,0.0,1.0,0.10030165912518862,0.0,0.615937687237867,0.0,0.0,0.9201426024955437,1.0,0.7882861257801248,1.0,0.0,0.5,0.4650406504065042,0.41463414634146345,0.0,0.0,0.4,0.0,0.0,0.0,0.0,0.0,0.045038705137227186,0.695679162281057,0.0,0.4482758620689655,0.0,0.7825295723384895,0.0,0.46259609698403303,0.0,0.0,0.0,0.0,0.5,0.6562186727260576,0.11240228185083456,0.16277312079153483,0.7254901960784315,0.0,0.0,0.0,0.0,0.0,0.9329288843950118,0.0,0.0,0.0,0.0,0.0,0.0,0.0,0.0,0.7272727272727273,0.0,0.18648434403487912,0.0,0.620716211012707,0.522810901367158,0.0,1.0,0.7857142857142857,0.8313047711781889,0.0,0.0,0.0,0.75,qsampled
0.0,0.0,0.7950791482838923,0.0,0.0,0.0,0.0,0.0,0.7422760709649503,0.0,0.651779593988927,0.0,0.0,0.0,0.4,0.6276390481250524,0.0,0.0,0.0,0.0,0.6513048423447143,0.0,0.6777349849068387,0.0,0.28578416616496083,0.0,0.0,0.0,0.0,0.0,0.0,0.0,0.0,0.0,0.0,0.0,0.0,0.7673119713171241,0.0,0.0,0.16283621316333974,0.5229447585906917,0.6057554312861879,0.0,0.48420538428137216,0.3641088572872303,0.20172135556750959,0.5892701941057178,0.9704590474549996,0.0,0.0,0.33333333333333337,0.16571035115905453,0.0,0.5011213949521433,0.19401083147499198,0.0,0.15666692673792615,0.0,0.5235352313949653,0.7465858917753363,0.2103432802333406,0.0,0.5322011878247959,1.0,0.0,0.11284722222222221,0.0769741207697412,0.0,0.0,0.03521126760563398,0.0,0.8648648648648649,0.045139277324085514,0.4444444444444444,0.0,0.0,0.21766994735637424,0.0,0.4,0.0,0.33333333333333337,0.0,0.4447361512207929,0.33129102844638947,0.5555555555555556,0.7494149414941493,0.0,0.5714285714285714,0.8587570621468926,1.0,0.0,0.5,0.0,0.5,0.0,0.0,0.060439560439560336,0.0,0.10821643286573146,0.25,0.0,0.0,0.0,0.0,0.0,0.0,0.009895227008148932,0.0,1.0,0.0,0.549203621703787,0.8773364485981309,0.020242914979757054,0.5587449933244326,0.0,0.0,0.567808286585966,0.15832037325038884,0.6194029850746269,0.45833333333333337,0.0,0.29709523225885526,0.0,0.047609201344016805,0.7917620137299771,0.0,0.6666666666666667,0.7952646239554317,0.043062200956938024,0.5438714499252615,0.11111111111111105,0.0,0.0,0.0,0.5,0.8933137333511515,0.6666666666666667,0.9178137651821863,0.0,0.0,0.4346944903167691,0.0,0.8466981132075472,0.1606994171523728,0.5020080321285141,0.0,0.0,0.0,1.0,0.0,0.36842105263157887,0.0,0.0,0.0,0.27921795349993783,0.0,0.7446492007104795,0.0,0.5494949494949494,0.22538186545336358,0.0,0.0,0.6666666666666667,0.49642601858470337,0.5597260634795206,0.0,0.6268043409545886,0.3469927769434312,0.6399935305177606,1.0,0.75,0.7378640776699029,0.0,0.7831679015797568,0.0,0.3684667100412059,0.1923076923076923,0.6106194690265487,0.0,0.8,0.0,0.9436922825036288,0.0,0.9851745576279293,0.0,0.9877148439785185,0.23096557371818716,0.0,0.1966590736522399,0.9799827714590238,0.983555258782094,0.0,0.0,0.7708237459733088,0.15999999999999992,0.0,0.0,0.0,0.6345277624054604,0.02941176470588247,0.1707611090327139,0.3676646706586827,0.3768638279319867,0.0,0.0,0.0,0.0,0.0,0.0,0.0,0.0,0.0,0.6666666666666667,0.0,0.0,0.0,0.0,0.0,0.8632832729155877,0.0,0.09164773748631383,0.0,0.0,0.056074766355140304,0.0,0.9439824165379589,0.0,0.0,0.7008637898546669,0.84375,0.0,0.0,0.763774173858623,0.0,0.0,0.0,0.0,0.0,0.7777777777777778,0.0,0.9027777777777778,0.0,0.0,0.0,0.5,0.6863452733638566,0.0,0.0,0.0,0.0,0.734395097223273,0.0,0.7397879984033353,0.0,0.04510822510822521,0.0,0.0,0.0,0.0,0.0,0.0,0.0,0.0,0.0,0.0,0.0,0.0,0.7944524862094597,0.0,0.0,0.12613458528951482,0.7744216587534094,0.7009948157489141,0.0,0.0,0.010291595197255643,0.6668626010286555,0.7725803280837029,0.9944846604619096,0.0,0.3170603674540683,0.0,0.866869918699187,0.7376847290640394,0.465671000322338,0.18872549019607832,0.0,0.18067075369635777,0.0,0.34969713765390564,0.868449662970211,0.0,0.0,0.7909738717339667,0.9172821270310192,0.20382320711067814,0.0,0.0,0.0,0.0,0.0,0.1885714285714285,0.8,0.0,0.0,0.0,0.0,0.0,0.0,1.0,0.0,0.0,0.0,0.4583869834952593,0.5066469719350074,0.75,0.5394833948339484,0.0,0.5,1.0,1.0,0.06666666666666676,1.0,0.0,0.7,0.0,0.0,0.36363636363636365,0.0,0.0,0.0,0.0,0.0,0.0,0.0,0.0,0.0,0.0,0.0,0.7113402061855669,1.0,0.5978541029790805,0.48454981353223225,0.0625,0.44674965421853396,0.0,0.0,1.0,0.2727272727272728,1.0,0.5416666666666667,0.0,0.1931540342298288,0.0,0.1298545923062765,0.6887608069164266,0.0,0.0,0.9164441053033193,0.6666666666666667,0.8938512928368181,0.0,0.6666666666666667,0.0,0.0,0.25,1.0,1.0,0.0,0.0,0.0,0.5569455303622621,0.0,0.9,0.5882352941176471,1.0,0.3667117726657646,0.0,0.0,0.5454545454545454,0.5,0.1428571428571429,0.0,0.0,0.0,0.759937286728765,0.0,0.7088296696549183,0.3429833169774289,0.0,0.14378050389130714,0.0,0.0,0.6470588235294118,0.7888725128960943,0.6484641638225257,0.2775041050903121,0.4935536362498435,0.7193847153766995,0.9439725579875857,1.0,0.0,0.6321752265861027,0.0,0.6355760368663594,0.0,0.45746716821751465,0.0,1.0,0.0,1.0,1.0,0.9439330632900627,0.0,0.9888888888888889,0.0,0.9690004788374659,0.0,0.0,0.0,0.94366370429595,0.8810754912099276,0.0,0.0,0.08896103896103913,0.13636363636363646,0.0,0.0,0.0,0.46478873239436613,0.7168777815816502,0.0,0.3144793152639088,0.3514749505603165,0.0,0.0,0.0,0.0,0.0,0.0,0.0,0.0,0.0,0.5,0.0,0.0,0.0,0.5,0.0,0.9857227726567142,0.0,0.9401723789643796,0.0,0.0,0.6774193548387096,0.6666666666666667,0.97339593114241,0.0,0.0,0.7683962264150944,0.5030674846625767,1.0,0.0,0.7248720911041426,0.0,0.0,0.0,0.0,0.0,0.2864335408275357,0.0,0.4366578793204453,0.0,0.0,0.0,0.33333333333333326,0.9119897959183674,0.0,0.0,0.0,0.0,0.9000347554088105,0.0,0.8922180801491146,0.0,0.7464932126696833,0.0,0.0,0.0,0.0,0.0,0.0,0.0,0.0,0.0,0.0,0.0,0.0,0.5308689024390245,0.0,0.0,0.0,0.30389800397115685,0.46786370128545196,0.0,0.6763446863949376,0.5926760563380282,0.0,0.5343423887194695,0.7692307692307692,0.0,0.3091216216216216,0.6666666666666667,0.8571428571428572,0.0,0.0,0.20000000000000007,0.0,0.05882352941176461,0.0,0.7926518734085122,0.3390105433901054,0.2857142857142857,0.29899691358024694,0.12706645056726118,0.49240121580547114,0.0,1.0,0.2857142857142857,0.8888888888888888,0.5,0.0,0.14724770642201834,0.3076923076923077,0.0,0.8571428571428572,0.0,1.0,0.44537230340988165,0.6666666666666666,0.4,0.0,1.0,0.33333333333333326,0.07502799552071682,0.40340909090909094,0.5714285714285714,0.5285785536159602,0.0,0.6,1.0,1.0,0.0,0.0,0.5,0.5,0.0,0.0,0.0,0.0,0.5,0.0,0.0,1.0,0.0,0.0,0.0,0.0,0.18478540221022877,0.20000000000000007,0.8321813657727398,0.0,1.0,0.2564102564102564,0.0,0.5481927710843373,0.8939068100358423,0.0,0.857615894039735,0.0,0.0,0.0,0.31707317073170727,0.0,0.2222222222222221,0.15551181102362233,0.3262411347517731,1.0,1.0,0.4563758389261744,0.0,0.4318181818181819,0.2857142857142857,0.6666666666666667,0.0,1.0,1.0,0.6487334678323247,0.0,0.6915504511894996,0.3501144164759725,0.0,0.7169373549883991,0.0,1.0,0.18181818181818177,0.08333333333333326,0.0,0.6666666666666667,1.0,0.0,0.0,1.0,1.0,0.0,1.0,0.0,0.0,0.9200444197667962,0.0,0.8179547102909178,0.0,0.0,0.2203958403220394,1.0,0.0,0.09542743538767418,0.0,1.0,0.2512801755669348,0.34548513740886155,1.0,0.8,0.0,0.375,0.38104176442984505,0.5,0.0,0.41463414634146345,0.735483870967742,0.0,0.8,0.0,0.9214166779172854,0.0,0.9166666666666666,0.0,0.8541666666666667,0.8506798866855524,0.0,0.0,0.7124459149910919,0.11538461538461542,0.0,0.0,0.6883116883116883,0.5,0.0,0.0,0.0,0.6603307825228338,0.4115409836065572,0.7515063870812244,0.0,0.13949938311620413,0.0,0.0,0.0,0.0,0.0,0.0,0.0,0.0,0.0,1.0,0.0,0.0,0.0,0.0,0.0,0.7441537851763773,0.0,0.0,0.0,0.0,0.0,0.3571428571428572,0.8889970788704966,1.0,0.0,0.7079743759664237,1.0,qsampled
0.0,0.6928571428571428,0.0,0.8601472134595163,0.8531187122736419,0.0,0.0,0.0,0.0,0.8506046226848308,0.0,0.5392265193370165,0.0,0.0,0.0,0.0,0.0,0.8738277919863597,1.0,0.0,0.6562370148757584,0.5,0.0,0.0,0.10638994190961892,0.0,0.0,0.0,0.0,0.9313561348959579,0.0,0.7198243950591627,0.0,0.01176470588235301,0.0,0.0,0.0,0.0,0.8399080811949444,0.0,0.0,0.4371348808354443,0.6032546082949309,0.4167348608837971,0.4513995189153728,0.0,0.13282602991340864,0.9577101043796405,0.29850746268656714,0.0,0.14610066027158353,0.33333333333333337,0.26154972097703766,0.5689584432331047,0.3368056347017391,0.23623917295333896,0.7711711711711712,0.046526939536925216,0.34476003917727727,0.7942400644468314,0.390259929906542,0.5707607806474232,0.39448988809153407,0.0,0.0,0.3874907017108852,0.15233362143474505,0.19763624425476023,0.0,0.0,1.0,0.13324732768153325,0.0,0.0,0.5,0.5851063829787233,0.0,0.0,0.0,0.0,0.0,0.6666666666666667,0.0,0.0,0.8502862711657936,0.0,0.0,0.24609595484477897,0.0,0.0,0.25,0.5981461926551683,0.5,0.15422047538835848,0.0,0.0,0.0,0.0,0.0,0.0,0.4285714285714285,0.0,0.2857142857142857,0.0,0.3192182410423453,0.0,0.0,0.0,0.8,0.0,0.0,0.45848136537791717,0.9078292746792354,1.0,0.49237742068397206,0.0,0.9166666666666666,0.0,0.5110115714818961,0.0,1.0,0.06345973049200859,0.0,0.0,0.9160588557696362,0.0,0.0,0.0,0.5962121212121212,0.8913043478260869,0.0,0.7777777777777778,0.0,0.0,1.0,0.5,0.4570024570024571,0.0,0.20049695827264136,0.0,0.0,0.41700735895339336,0.0,0.2997275204359672,0.0,0.0,0.0,0.33333333333333337,0.0,0.8,0.0,0.0,0.5,0.0,0.0,0.02820460566537597,0.0,0.42746022983891185,0.0,0.0,0.0,0.41666666666666663,0.0,0.0,0.0,0.4751017244720016,0.9157663877832832,0.5461385262226157,0.0,0.4458880083149279,1.0,0.0,0.7672518159806296,1.0,0.0,0.0,0.8269288501951366,0.0,0.5666666666666667,0.0,0.8,0.5,0.0,0.0,0.0,0.0,0.26460639606396064,0.03551022773367296,0.0,0.0,0.9385030255196001,0.9767193139932393,0.0,0.31110396290822184,0.48392652123995405,0.16000000000000003,0.0,0.0,0.0,0.6328404659687796,0.0,0.7562304415036006,0.6091954022988506,0.6322027352749258,0.0,0.0,0.0,0.0,0.0,0.0,0.9473684210526315,0.0,0.0,0.6666666666666667,0.994016454749439,0.0,0.19999999999999996,0.0,0.9031862745098039,0.0,0.0,0.8493358038191281,0.0,0.9375,0.2500000000000001,1.0,0.0,0.5,1.0,0.0,0.0,0.0,0.0,0.0,0.9308919078558772,0.8936170212765957,0.0,0.0,0.0,0.0,0.5454545454545454,0.0,0.8,0.0,0.0,0.0,0.0,0.0,0.819047619047619,1.0,0.0,0.8815840061514801,0.0,0.0,0.0,0.0,0.0,0.0,0.0,0.0,0.8355365011313565,0.0,0.6421052631578947,0.0,1.0,0.0,0.0,0.0,0.0,0.8834069680150632,0.0,0.07959866220735778,0.06737409466060307,0.6907332433648223,0.7373397228338299,0.906396255850234,0.06261075014766682,0.0,0.5060272674632837,0.8286384976525822,0.0,0.08653295128939842,0.0,0.0,0.9380776340110906,0.25328154299491046,0.2918429003021148,0.7141119221411193,0.18067075369635777,0.5615916686096215,0.8002331908278275,0.2791939373062349,0.6857142857142857,0.7486712836205507,0.0,0.21088435374149672,0.0,0.0,0.4772036474164133,0.0,0.0,0.6326164874551972,0.008310784692694195,0.0,0.0,1.0,0.2500000000000001,0.0,0.0,1.0,1.0,0.0,1.0,0.0,0.05942237468186329,0.9630723781388478,0.5,0.0,0.0,0.0,0.0,0.6000000000000001,0.9554140127388535,1.0,0.43257377661561447,0.0,0.6311584553928096,1.0,0.0,0.0,1.0,0.36363636363636365,1.0,0.5714285714285714,0.0,0.10470409711684381,0.0,0.0,0.1428571428571428,1.0,0.0,0.0,0.482313249727372,0.7696787857394988,0.8125,0.18933333333333335,0.3765743073047859,0.4947478991596639,0.0,0.6363636363636365,0.0,0.5,0.46114519427402845,0.0,0.0,0.5224921032567258,0.12384161752316747,0.0,0.0,0.7737417943107221,0.6666666666666667,0.0,1.0,0.6666666666666667,0.6204067680738334,0.375,0.25,0.36791194129419613,0.0,0.6522686025408349,0.0,0.0,0.40104166666666663,0.0,0.44999999999999996,0.0,0.0,0.1874999999999999,0.8,0.0,1.0,0.5,0.0,0.75,0.0,0.0,0.0,0.0,0.6745595756772116,0.2552356020942408,0.15147407658420875,0.14378050389130714,0.5202265372168284,0.0,0.0,0.6989247311827957,0.6632097925875553,0.3275862068965518,0.0,0.8058468799160986,0.5278969957081545,1.0,0.0,0.9406021155410903,0.0,0.0,0.0,0.7602442398511664,0.0,0.0,0.0,1.0,0.0,0.0,0.0,0.0,0.0,0.0,0.9803347960344547,0.0,1.0,0.9994704252892292,0.9775208734746307,0.0,0.2808508971245005,0.0,0.13636363636363646,0.0,0.0,0.0,0.46478873239436613,0.8925131296954852,0.823946225339125,0.6437731849496555,0.5691947133855847,0.0,0.0,0.0,0.0,0.0,0.0,1.0,0.0,0.0,0.5,0.9351377322229341,0.0,0.5,0.0,0.9185905224787363,0.0,0.0,0.9969598490407799,0.0,1.0,0.0,0.6666666666666667,0.0,1.0,1.0,0.0,0.0,1.0,0.8607655502392344,0.0,0.9411764705882353,1.0,0.0,0.0,0.0,0.0,0.6606181954699035,0.0,0.0,0.0,0.0,0.0,0.0,0.0,0.6462736373748609,0.6666666666666667,0.0,0.858723315846881,0.6000000000000001,0.0,0.0,0.7475113122171946,0.0,0.0,0.0,0.0,0.6551652463105384,0.0,0.8237704918032787,0.0,0.8181818181818181,0.0,0.0,0.2843137254901962,0.0,0.7508458192363461,0.0,0.0,0.5646127100637435,0.4910946567940764,0.16313231720786403,0.2934011997818581,0.1190082644628101,0.09444444444444444,0.9010511054729975,0.0,0.75,0.5373754152823921,0.6666666666666667,0.0,0.5783132530120483,0.0,1.0,0.0,0.0685563612392881,0.3030303030303031,0.4260558536249829,0.7853191489361703,0.7,0.3087315130830488,0.0,0.0,0.7701149425287357,0.4374999999999999,0.0,0.7664399092970522,0.5,0.0,0.0,0.0,0.0,0.2857142857142858,0.5952380952380952,1.0,0.0,0.0,0.0,0.0,0.5,0.33333333333333326,0.0,0.6729559748427674,0.0,0.0,0.3547982961663745,0.0,0.08510638297872364,1.0,0.4347826086956522,0.0,0.33333333333333337,1.0,0.0,1.0,0.5,0.0,0.33333333333333337,0.5,0.0,0.0,0.0,0.0,0.0,0.0,0.0,0.6000000000000001,0.0,0.25,0.03758542141230081,0.0,0.4999999999999999,0.9966814159292036,0.0,0.0,0.2811906269791008,0.18796992481203012,0.25,1.0,1.0,0.8017163504968383,0.2222222222222221,0.7846858638743456,0.36448598130841114,1.0,0.0,0.32000000000000006,0.7142857142857143,0.4204545454545454,0.7142857142857142,0.0,0.0,1.0,1.0,0.22797579018157388,1.0,0.14924812030075185,0.3928571428571429,0.0,1.0,0.0,0.0,0.9090909090909091,0.0,0.0,0.0,1.0,0.605263157894737,0.0,0.0,0.5,0.0,1.0,0.6362157589953803,0.0,0.05855855855855874,0.0,0.0,0.0,0.0,0.2440260680666183,0.0,0.0,0.12948717948717947,0.9549676025917927,0.728527175443537,0.0,0.0,1.0,0.0,0.6893903024483918,0.11111111111111116,0.21152715153891388,0.5,0.3689706613625062,0.0,0.6714285714285714,0.0,0.8,1.0,0.0,0.0,0.0,0.0,0.04166666666666674,0.0,0.0,0.22413793103448276,0.11666914424458652,0.7758241758241758,0.0,0.1285186280307511,0.0,0.5,0.0,0.0,0.0,0.6562186727260576,0.45862295081967197,0.5335733687069674,0.4444444444444444,0.6841361968895854,0.0,0.0,0.0,0.0,0.0,0.0,0.6666666666666667,0.0,0.0,1.0,0.9198283261802576,0.0,0.5555555555555556,0.0,0.9611829944547134,0.15294815987336774,0.0,0.8013403938441171,0.0,0.9,1.0,0.3571428571428572,0.0,0.0,1.0,0.0,0.0,qsampled
0.0,0.0,0.0,0.0,0.0,0.0,0.0,0.0,0.0,0.0,0.0,0.0,0.0,0.0,0.0,0.0,0.0,0.0,0.0,0.0,0.0,0.0,0.0,0.0,0.657909390027841,0.7155149934810952,0.0,0.5575868372943327,0.26728902165795365,0.0,0.0,0.0,0.8909682668836453,0.0,0.7925983790645446,0.0,0.0,0.0,0.0,0.0,0.0,0.4371348808354443,0.6032546082949309,0.0,0.48351408796119677,0.2591496426766766,0.5033831628638867,0.13113312469285887,0.0,0.5595556745182012,0.061497821855593715,0.33333333333333337,0.41569847223492806,0.0,0.7564648267655271,0.0,0.7831720262254137,0.046526939536925216,0.0,0.5341812945693911,0.0,0.0,0.09656713851796683,0.47013308573197155,0.0,0.29421281891723705,0.15233362143474505,0.0,0.7654918667699459,0.0,0.0,0.4920634920634921,0.0,0.0,0.7777777777777778,0.021739130434782483,0.0,0.20542733958914516,0.0,0.4,0.0,0.0,1.0,0.0,0.41617819460726846,0.0,0.39015323238734256,0.2700754122814286,0.5714285714285714,0.0,1.0,0.6866716306775875,0.5,0.0,0.30000000000000004,0.2797759433962266,0.0,0.09670329670329691,0.7965026307644691,0.37335834896810494,1.0,0.0,0.0,0.0,0.8461538461538461,0.0,0.16666666666666663,0.30973338436025,0.0,0.9929152453424298,0.75,0.1751152073732719,0.0,1.0,0.6266882766072394,0.5218345173422483,0.9166666666666666,0.3861099117991734,0.21313923105636423,0.4626865671641792,0.0,0.0,0.3063923010719036,0.5444978953698136,0.9109925474254743,0.0,0.75,0.0,0.2857142857142857,0.0,0.0,0.4444444444444444,0.0,0.25,1.0,0.0,0.4570024570024571,0.6666666666666667,0.01237492342250357,0.3598764502034051,0.0,0.0,0.33333333333333337,0.0,1.0,0.5202090592334494,0.0,0.33333333333333337,0.8571428571428572,0.3791821561338289,0.75,0.0,0.0,0.4285714285714285,0.5,0.0022203719122954046,0.7,0.0,0.44729082196830083,0.4546170148349986,0.0,0.9166666666666666,0.6053846527676532,0.8333333333333334,0.11512959614225449,0.0,0.0,0.6619436439321166,0.42158507181046234,0.5019731649565903,0.0,0.75,0.05054479418886204,0.0,0.7868601986249045,0.0,0.4256371814092953,1.0,0.6114695340501791,0.0,0.0,0.0,0.0,0.0,0.0,0.9090555771472989,0.19342930970837957,0.0,0.0,0.11951871657753987,0.9385218365061591,0.0,0.0,0.2148695134007773,0.0,0.0,0.0,0.96486447614849,0.5714285714285714,0.0,0.0,0.5098924925467523,0.0,0.2360939102179963,0.0,0.0,0.0,0.0,0.5224351956342321,0.9440925053920074,0.0,0.0,0.0,0.6666666666666667,0.0,0.0,0.23214285714285698,0.0,0.0,0.0,0.0,0.14464302824323805,0.6455376578145406,0.0,0.0,1.0,0.0,0.0,0.0,0.0,0.0,0.0,1.0,0.0,0.0,0.0,0.0,0.0,0.0,0.0,0.0,0.0,0.0,0.0,0.0,0.0,0.0,0.0,0.0,0.0,0.0,0.0,0.0,0.0,0.0,0.7321504462388441,0.9360986547085202,0.0,0.5189873417721519,0.5100444184473649,0.0,0.0,0.17588440458395616,0.45679012345679015,0.25,0.8644304682040531,0.0,0.0,0.0,0.0,0.0,0.0,0.2772880269273921,0.6907332433648223,0.0,0.0,0.6535836177474402,0.0,0.7208580299181485,0.34037558685446023,0.7561177934467026,0.0,0.0,0.7496004262120405,0.8731105807478122,0.9202733485193622,0.0,0.0,0.14491614255765184,0.0,0.3017408123791101,0.0,0.19999999999999996,0.6427867004790082,0.4193548387096775,0.18360655737704912,0.6506035921091373,0.0,0.0,1.0,1.0,0.0,0.7444083349264004,0.0,0.0764119601328902,0.75,0.0,0.0,0.8528216704288939,0.0,1.0,0.0,0.5,0.0,0.047432550043515986,0.2609308885754583,0.5,0.5657971014492754,0.0,1.0,0.0,1.0,0.9951923076923077,1.0,0.0,0.29999999999999993,0.5748031496062993,0.0,0.36363636363636365,0.5934204976803037,1.0,0.8636363636363636,0.0,0.0,0.0,0.3421633554083886,0.0,0.0,0.5238095238095237,0.0,0.9483204134366925,1.0,0.0,0.0,0.8125,0.0,0.17002518891687646,0.18181818181818188,0.0,0.2727272727272728,0.08333333333333337,0.5416666666666667,0.0,0.20755395683453237,0.5,0.5464857200729187,0.08387942332896481,1.0,0.0,0.5268571428571429,0.25,0.0,0.6666666666666667,0.0,0.5674518201284797,0.0,0.0,0.0,1.0,0.24972776769509974,1.0,0.0,0.0,0.0,0.0,0.5882352941176471,0.7549770290964778,0.3667117726657646,0.6000000000000001,1.0,0.8,1.0,0.0,0.0,0.33333333333333326,1.0,0.0,1.0,0.0,0.14932680538555698,0.7820186598812553,0.3144411300228108,1.0,0.8421052631578947,0.8823529411764706,0.5697775839511556,0.0,0.17508417508417495,1.0,0.707917160431127,0.9307063197026022,0.4406546644844518,0.0,0.0,0.0,0.6553214774281806,0.0,0.545628505443748,0.8,0.0,0.0,0.0,1.0,0.0,0.0,0.0,0.9527449617790131,0.37038689172289085,0.9809968847352025,0.0,0.5518469069870939,0.9547077701939158,0.0,0.0,0.31034693877551,0.0,0.0,0.0,0.9750133092322739,0.6428571428571428,0.0,0.6169750801875153,0.5531315974665729,0.0,0.33936529890886724,0.0,0.0,0.0,0.0,0.6423375003711732,0.9866716093484085,0.0,0.0,0.0,0.5,0.0,0.0,0.5,0.0,0.0,0.0,0.0,0.0,0.45584456565838705,0.0,0.75,0.6666666666666667,0.0,0.5,0.0,0.0,0.0,1.0,0.0,0.0,0.0,0.0,0.0,0.0,0.0,0.0,0.0,0.0,0.0,0.0,0.0,0.0,0.0,0.0,0.0,0.0,0.0,0.0,0.0,0.0,0.0,0.0,0.5357142857142858,0.0,0.18590704647676148,0.918918918918919,0.0,0.0,0.0,0.5166438668490652,1.0,1.0,0.0,0.0,0.4516599781101788,0.0,0.0,0.6930656934306569,0.543889021765128,0.4529868254827648,0.5372807017543859,0.6734050445103857,0.0,0.7965677063760491,0.0,0.3076923076923076,1.0,0.09285714285714286,0.6666666666666667,0.46153846153846156,0.0,0.9543796925277083,0.0,0.0,0.1438356164383563,0.0,0.7964388835418672,0.0,0.0,0.0,0.5915264544901683,0.0,0.0,0.43028846153846145,0.2857142857142857,0.0,0.0,0.0,0.6057339449541284,0.0,0.3902439024390244,1.0,0.0,1.0,0.04038997214484685,0.6666666666666666,0.4,0.0,0.0,1.0,0.0,0.0,0.0,0.49673202614379075,0.32345180816389885,0.3999999999999999,0.0,0.0,0.5652173913043479,0.0,0.0,1.0,0.41176470588235303,0.0,0.0,0.36,0.0,0.75,0.0,1.0,0.0,0.0,0.0,0.5,0.38799283154121866,0.10909090909090913,1.0,0.33333333333333326,0.07017543859649122,0.6969314838167298,1.0,0.5221625251846878,0.872852233676976,1.0,0.23495883470550982,0.0,0.75,0.0,0.31707317073170727,0.8358016741790084,0.8888888888888888,0.7846858638743456,0.37903225806451624,0.0,0.0,0.0,0.0,0.4900000000000001,0.4285714285714285,1.0,0.0,1.0,0.0,0.2283217566659197,0.0,0.47389033942558734,0.11494252873563238,0.0,0.2206366630076837,1.0,1.0,0.18181818181818177,0.08333333333333326,0.08565737051792799,0.33333333333333337,0.0,0.08333333333333337,0.6666666666666666,0.0,1.0,1.0,0.5,0.22942286420717017,0.25,0.22972972972972971,0.6923076923076923,0.8225697379543533,0.0,0.7777777777777778,0.8982655966865131,0.0,0.3936422049374365,0.0,0.0,0.799281006590773,0.0,0.0,0.0,0.8,0.025924147863658265,0.375,0.3353789207091369,0.5,0.29943043124491464,1.0,0.770391061452514,0.0,0.4,0.0,0.0,0.0,0.0,0.8709677419354839,0.0,0.008636277764283884,0.0,0.22413793103448276,0.12064161275471874,0.7012113055181697,0.0,0.11577380504894086,0.0,0.0,0.0,0.9444133866341543,0.0,0.0,0.15861610113107127,0.2150843282167899,0.0,0.06401667154642376,0.0,0.0,0.0,0.0,0.9329288843950118,0.8212694245944938,0.0,0.0,0.0,1.0,0.0,0.0,0.5555555555555556,0.0,0.0,0.0,0.0,0.7485934138672845,0.522810901367158,0.0,0.0,0.3571428571428572,0.0,0.0,0.0,0.0,0.0,qsampled
0.0,0.0,0.0,0.0,0.0,0.0,0.8636363636363636,0.0,0.0,0.0,0.6860158659041193,0.0,0.0,0.0,0.4,0.5989026232236985,0.0,0.0,0.0,0.0,0.6721683576131727,0.0,0.6278722769322591,0.0,0.657909390027841,0.0,0.0,0.0,0.0,0.0,0.0,0.5839119340098511,0.0,0.33333333333333326,0.0,0.0,0.4855494839101395,0.7673119713171241,0.0,0.0,0.14771278855686143,0.0,0.0,0.5743684668989546,0.5017167148073465,0.578383641674781,0.0,0.10977615107150462,0.7162162162162162,0.5595556745182012,0.0,0.33333333333333337,0.41563365903456306,0.17857352165504314,0.0,0.0,0.0,0.0,0.343612334801762,0.5800140934867957,0.38796036089335917,0.21781946072684644,0.3335458444418685,0.6353832929592873,0.631578947368421,0.28792064289301855,0.35387323943661975,0.749743062692703,0.78125,0.0,0.5050545895673272,0.0,0.0,0.0,0.0,0.0,0.0,0.2578037278239389,0.0,0.4,1.0,0.6666666666666667,1.0,0.0,0.0415397734194175,0.0,0.6785850133130468,0.2700754122814285,0.0,0.45197740112994356,0.25,0.25521854457386717,0.0,0.8585827733659133,0.6000000000000001,0.0,0.0,0.09670329670329691,0.7965026307644691,0.007504690431519689,0.0,0.35642857142857143,0.0,0.5196172248803828,0.9028723719277465,0.0,0.18181818181818188,0.35972095844707286,0.8,0.0,0.33333333333333337,0.0,0.0,0.0,0.8081296562540845,1.0,0.5,0.0,0.15832037325038884,0.23880597014925375,0.7142857142857142,0.0,0.0,0.0,0.054518895485816454,0.42288557213930345,0.0,0.0,0.7266666666666667,0.3065693430656935,0.7068394925537782,0.0,0.0,1.0,0.0,0.5,0.0,0.0,0.005310674455655806,0.0,0.0,0.0,0.0,0.0,0.0,0.0,0.18856203179243558,0.33333333333333337,0.0,0.3791821561338289,0.75,0.0,0.0,0.0,0.0,0.0,0.0,0.41666666666666674,0.5121338399313642,0.934705148761803,0.05496119152506829,0.0,0.0,0.0,0.015421590226317061,0.5482475598935226,0.41291348118991744,0.9464388779868406,0.7710590409003109,0.6262110966109069,0.0,0.0,0.0,0.0,0.8611013060360042,0.0,0.0,1.0,0.6050632911392404,0.0,0.6000000000000001,0.0,0.0,0.0,0.0,0.0,0.0,0.017691230749649955,0.0,0.014466948586690287,0.9361010096447044,0.0,0.0,0.6445475804405616,0.751230718739744,0.72,0.0,0.9392737772525036,0.5,0.0,0.5366785691912548,0.4039361205650347,0.0,0.21256971256971258,0.0,0.0,0.0,0.0,0.956549444273328,0.0,0.7368421052631579,0.0,0.0,0.0,0.0,0.7616237795377225,0.0,0.0,0.0,0.85988192698022,0.0,0.25345120653227216,0.0,0.0,0.40201005025125625,0.0,0.5597643593519883,0.5,0.0,0.0,0.0,0.0,1.0,0.0,0.0,0.0,0.0,0.7857142857142856,0.0,0.0,0.0,0.8660235798499465,0.0,0.0,0.0,0.5,0.6934852077105453,0.0,0.0,0.0,0.0,0.7143738686852066,0.0,0.7542011163179416,0.0,0.7321504462388441,0.0,0.0,0.0,0.0,0.0,0.0,0.0,0.0,1.0,0.0,0.0,0.6843135213906526,0.7691290045766591,0.0,0.0,0.19530553629791003,0.0,0.0,0.6560415122312824,0.9631464580617123,0.0,0.6194289951798295,0.7280006117009656,0.0,0.5191731575793889,0.0,0.0,0.9721502590673575,0.0,0.0,0.0,0.0,0.0,0.5984265010351968,0.8033331373816942,0.2791939373062349,0.0,0.7535339177130222,0.2680412371134021,0.9013605442176871,0.6450648055832502,0.6157894736842104,0.718102508178844,0.8148148148148149,0.0,0.07833228048010088,0.17586334029740702,0.0,0.0,0.5,0.0,0.0,0.9269746646795827,1.0,1.0,0.0,1.0,0.0,0.0331001076426265,0.0,0.5,0.8759420289855072,0.524390243902439,0.0,0.3392857142857143,0.0,0.84375,0.0,0.9630606860158312,1.0,0.5917735515258734,0.0,0.36363636363636365,0.6825273010920437,1.0,0.0,0.4274999999999999,0.0,0.0,0.9415623136553369,0.0,0.0,0.5238095238095237,0.0,0.0,1.0,0.0,0.0,0.0,0.944985394352483,0.9915966386554622,0.37099125364431496,0.0,0.2727272727272728,0.75,0.5833333333333333,0.0,0.0,0.0,0.5744293216161183,0.06908171861836565,0.0,0.0,0.8745874587458746,1.0,0.7183903420523139,0.33333333333333337,0.0,0.9704587155963302,1.0,0.25,0.0,0.0,0.16644159351789323,0.5015576323987538,0.0,0.8948717948717949,0.0,0.44999999999999996,0.3529411764705882,0.46153846153846145,0.7442489851150202,0.6000000000000001,0.0,0.6363636363636365,0.5,0.1428571428571429,0.0,0.0,0.5,0.0,0.0,0.7039556377079482,0.6800458715596331,1.0,0.0,0.0,0.0,0.0,0.0,0.5746455379482902,0.0,1.0,0.7466167466167466,0.9438656507541595,0.4406546644844518,0.0,0.0,0.0,0.9044670134588391,0.0,0.0,0.65,0.0,0.0,1.0,1.0,0.0,0.0,0.0,0.0,0.0,0.9794848621780389,0.0,1.0,0.9803928030053384,0.0,0.0,0.7314698738541094,0.30272596843615496,0.6818181818181819,0.0,0.9626639834933897,0.5,0.0,0.3181105617667833,0.5368838663140179,0.0,0.4128553770086527,0.0,0.0,0.0,0.0,0.9533778934146779,0.0,0.6875,0.0,0.0,0.0,0.0,0.6854674796747968,0.0,0.0,0.0,0.8802223226870196,0.0,0.0,0.0,0.0,1.0,0.0,0.48043818466353694,1.0,0.0,0.0,0.0,1.0,0.0,0.0,0.0,0.0,0.0,0.9333333333333333,0.0,0.0,0.0,0.7229976379643548,0.8333333333333334,0.0,0.0,0.33333333333333326,0.4741607466220923,0.0,0.0,0.0,0.0,0.9000347554088105,0.0,0.8846035553915237,0.0,0.0,0.0,0.0,0.0,0.0,0.0,0.0,0.4772896500372301,0.0,0.0,0.0,0.0,0.0,0.5759430427179615,0.0,0.0,0.5922330097087378,0.0,0.0,0.5070686989176054,0.0,0.5905229375117991,0.0,0.0,0.15384615384615385,1.0,0.40582655826558267,0.6666666666666667,0.46153846153846156,0.4873338870431895,0.23679353080777,0.0,0.25,0.0,0.5011337868480725,0.0,0.7853191489361703,0.2857142857142857,0.3087315130830488,0.6809946714031971,0.4863221884498481,0.0,0.0,0.0,0.0,0.5,0.8571428571428572,0.14724770642201834,0.0,0.0,0.0,0.0,1.0,0.04038997214484685,0.0,0.4,0.0,0.5,0.33333333333333326,0.08591331269349867,0.0,0.0,0.790871121718377,0.32345180816389885,0.0,0.21052631578947367,1.0,0.13043478260869568,1.0,0.7777777777777778,0.0,0.0,1.0,0.0,0.5,0.33333333333333337,0.0,0.0,1.0,0.25,0.8571428571428571,0.0,0.5,0.38799283154121866,0.8,0.0,0.16666666666666663,0.0,0.6969314838167298,0.38888888888888884,0.6893244370308591,0.34838709677419366,1.0,0.2811906269791008,0.5714285714285714,0.25,0.19999999999999996,0.31707317073170727,0.5471456061577934,0.2222222222222221,0.0,0.37142857142857155,1.0,0.0,0.7659574468085106,0.5714285714285714,0.87,0.0,1.0,0.7208588957055215,0.0,1.0,0.0,1.0,0.23052097740894417,0.6793924466338259,0.0,0.0,0.0,0.0,0.0,0.0,0.1187214611872146,0.33333333333333337,1.0,0.11868686868686873,1.0,1.0,1.0,0.0,0.5,0.6742791892663431,0.0,0.05855855855855874,0.3846153846153846,0.877248201438849,0.768041237113402,0.0,0.3544228480761603,0.0,0.6100777815353398,0.15500406834825053,0.9453125,0.8080155138978669,0.0,0.0,0.0,0.0,0.025924147863658265,0.0,0.0,0.5,0.49673202614379086,1.0,0.7715909090909091,0.0,0.6000000000000001,0.0,0.0,0.0,0.0,0.0,0.04166666666666674,0.06375248367868303,0.0,0.22413793103448265,0.09706003926836837,0.06858407079646034,0.0,0.35315413828262376,0.24383561643835616,1.0,0.0,0.907672104225661,0.0,0.0,0.0,0.6485726963466942,0.4444444444444444,0.6103545547395555,0.0,0.0,0.0,0.0,0.9878665318503539,0.0,1.0,0.0,0.0,0.0,0.0,0.6115589353612167,0.0,0.0,0.0,0.7979890310786106,0.0,0.7127370853429692,0.0,0.0,0.0,0.3571428571428572,0.5613437195715678,0.0,0.0,0.0,0.0,qsampled
0.0,0.0,0.7889382785459529,0.0,0.0,0.6696078679240514,0.0,0.7418073485600795,0.0,0.7588011819333053,0.0,0.0,0.9625468164794008,0.0,0.0,0.0,0.0,0.0,0.0,0.0,0.0,0.5,0.7001684944869786,0.0,0.0,0.0,0.0,0.5675638560834935,0.0,0.8882722900480947,0.0,0.0,0.8909682668836453,0.0,0.0,0.0,0.4750626915575369,0.765895560931851,0.0,0.0,0.5260583572271883,0.4669149630274032,0.0,0.0,0.4541359096830221,0.2591496426766766,0.0,0.6045597019338813,0.0,0.746011486917677,0.22519406007424936,0.33333333333333337,0.0547882557395043,0.32274754683318485,0.0,0.1593096581480251,0.0,0.0,0.4036379623014784,0.7925900862798173,0.8891144379599087,0.2444341907947859,0.39448988809153407,0.0,0.4649122807017544,0.0,0.39152981849611057,0.8364677023712184,0.7056545313710303,0.346647646219686,0.0,0.0,0.0,0.6205392102024835,0.0,0.19148936170212771,0.0,0.0,0.0,0.0,0.0,0.6666666666666667,0.0,0.5531149301825993,0.025711159737418,0.0,0.0,0.0,0.5714285714285714,0.0,0.0,0.0,0.5,0.5487149822328734,0.7,0.7487665285178606,1.0,0.2142857142857143,0.7187944270685244,0.9172413793103449,0.7796610169491525,0.0,0.2857142857142857,0.4943934760448522,0.0,0.0,0.0,0.03533613981375183,0.0,0.0,0.33333333333333337,0.5492580719785849,0.7006802721088436,0.20128824476650564,0.49446040213377107,0.9689288634505315,0.5,0.20174528589735774,0.7540453074433657,0.5,0.0,0.1381571069333013,0.7389993972272453,0.8819702602230484,0.7580765593110658,0.0,0.0,0.0,0.0,0.043062200956938024,0.903782700919161,0.0,0.0,0.0,0.875,0.5,0.0,0.0,0.0,0.03808110781404528,0.5,0.037437899219304516,0.6666666666666667,0.0,0.0,0.29115341545352746,0.1017881705639615,0.0,0.0,1.0,0.75,1.0,0.5,0.4285714285714285,0.5,0.0,0.0,0.613728129205922,0.6538964901844141,0.28041336474619816,0.0,0.0,0.0,0.0,0.03111874761359268,0.0,0.8004538696298615,0.0,0.7771965672251737,0.0,1.0,1.0,0.7378640776699029,0.15384615384615385,0.0,0.6666666666666667,0.7995867768595042,0.0,0.6000000000000001,0.0,0.8,0.0,0.0,0.0,0.0,0.7095689056272624,0.04471330878485025,0.0437827317053594,0.9988841278343153,0.11951871657754032,0.9603736007142367,0.6890218985120551,0.0,0.0,0.0,0.16000000000000003,0.0,0.0,0.0,0.0,0.5366785691912548,0.571801153876551,0.9075844486934354,0.21772206150219653,0.0,0.0,0.0,0.0,0.7347243847117838,0.0,0.0,0.0,0.0,0.0,0.0,0.6717527426767702,0.0,0.0,0.0,0.36185422451953475,0.0,0.0119758352503877,0.0,0.0,0.40201005025125625,0.13636363636363635,0.8117962140118085,0.5,1.0,0.6738769174579985,0.8125,0.0,0.0,0.7815346210407939,0.0,0.0,0.6000000000000001,0.0,0.8469798657718122,0.0,0.5452830188679245,0.0,0.0,0.8660714285714286,0.0,0.0,0.0,0.0,0.0,0.0,0.0,0.0,0.0,0.8640118911818591,0.0,0.0,0.0,0.0,0.5189873417721519,0.0,0.8486074744108546,0.0,0.20274914089347085,0.8,0.0,0.0,0.0,0.6797829036635006,0.8008491604493911,0.0,0.0,0.3177824526667491,0.2332558844327708,0.0,0.0,0.9166497461928934,0.6534926470588235,0.610089652028567,0.7922403411125216,0.1832335329341317,0.0773630343166768,0.08653295128939842,0.0,0.9151699364465322,0.0,0.0,0.2019464720194648,0.0,0.0,0.8280571073867163,0.8020067422291828,0.9965883244882486,0.5714285714285714,0.9468473163105784,0.0,1.0,0.462738301559792,0.6157894736842104,0.8406676783004552,1.0,0.36413043478260865,0.29211469534050183,0.17682551409924907,0.0,0.7750692520775623,0.5,0.2500000000000001,1.0,0.11137848057751809,1.0,1.0,0.0,1.0,0.0,0.823247102891256,0.18316100443131456,0.5,0.1428571428571429,0.0,1.0,0.0,1.0,0.20719178082191791,1.0,0.7754949570414643,0.7,0.9818664307828394,0.0,0.36363636363636365,0.755834829443447,0.0,0.8636363636363636,0.0,0.5714285714285714,0.0,0.0,0.0,0.0,0.0,0.0,0.0,1.0,0.6080067854113655,0.40232056125202376,0.0625,0.20000000000000018,1.0,0.3012195121951219,0.34615384615384615,0.8181818181818182,0.9166666666666666,0.0,0.30825338936018387,0.6723021582733812,0.8928571428571428,0.5018020969855832,0.10878112712975097,0.0,0.0,0.0,0.25,0.9357746478873239,0.33333333333333337,0.6666666666666667,0.3066747757336171,0.875,0.25,0.0,0.0,0.0,0.31464174454828653,1.0,0.19155590304925707,1.0,0.44999999999999996,0.3529411764705882,0.0,0.2962529274004685,0.0,0.0,0.5454545454545454,1.0,0.1428571428571429,1.0,0.33333333333333326,1.0,0.0,0.0,0.9315785894035231,0.0,0.8327904451682953,0.0,0.0,0.0,0.0,0.0,0.0,0.2503816793893129,0.0,0.7085801320020308,0.17095408661673717,1.0,0.8,0.4371014492753623,0.0,0.0,1.0,0.7289459604066346,0.0,0.0,0.0,1.0,1.0,0.0,0.0,0.0,0.6473627390499692,0.0,1.0,0.9811188811188811,1.0,0.9917166262413619,0.31853281853281856,0.5,0.0,0.0,0.13636363636363646,0.0,0.0,0.0,0.0,0.3181105617667833,0.5552405818724356,0.9289586305278174,0.0,0.0,0.0,0.0,0.0,0.740194376952447,0.0,0.0,0.0,0.0,0.0,0.0,0.6530014641288433,0.0,0.0,0.0,0.7885628868745329,0.0,0.6349001422774938,0.0,0.0,0.7708333333333334,1.0,0.7871674491392802,1.0,1.0,0.760588782871771,1.0,1.0,0.0,0.7093008002098911,0.0,0.0,0.8483990416031366,0.0,0.7142857142857143,0.0,0.845108695652174,0.0,0.8333333333333334,0.9479429051217464,0.0,0.0,0.0,0.0,0.0,0.0,0.0,0.0,0.6000000000000001,0.8974519018945513,0.0,0.0,0.0,0.0,0.691456145330684,0.0,0.640577835273825,0.0,0.0,0.5515452289645839,0.0,0.0,0.0,0.0,0.5759430427179615,0.0,0.0,0.9576271186440678,0.5646127100637435,0.0,0.0,0.3058234421364987,0.0,0.0,0.6334469451564745,0.3076923076923076,1.0,0.18360433604336024,0.6666666666666667,0.3076923076923077,0.4873338870431895,0.0,0.5555555555555556,0.0,0.0,0.446969696969697,0.28409928729417555,0.39982876712328774,0.09523809523809523,0.3087315130830488,0.0,0.7142857142857144,0.1791187739463601,0.0,1.0,0.2222222222222221,0.0,0.0,0.14724770642201834,0.23076923076923073,0.2375946173254837,0.0,0.6785714285714285,0.0,0.0,0.0,0.0,0.0,0.5,0.33333333333333326,0.2648376259798433,0.3930753564154785,0.0,0.0,0.3588362068965518,0.3999999999999999,0.0,1.0,0.0,0.0,0.38888888888888884,1.0,1.0,0.0,0.0,0.5,0.33333333333333337,0.75,0.0,0.0,0.25,0.0,0.0,0.0,0.32651413189771195,0.20000000000000007,0.0,0.16666666666666663,0.658096699923254,0.5555555555555556,0.33333333333333337,1.0,0.0,0.0,0.0,0.0,0.25,0.7,0.0,0.5105837075048107,0.0,0.7836949375410913,0.37903225806451624,1.0,0.0,0.49193548387096775,0.0,0.52,0.0,0.0,0.8680981595092024,1.0,1.0,1.0,1.0,0.050711743772241746,0.11494252873563238,0.0,0.24478594950603716,0.0,0.0,0.0,0.5,0.0,0.6666666666666667,1.0,0.6843434343434343,0.6666666666666666,1.0,0.0,1.0,0.5,0.6266732162593639,0.0,0.0,0.6923076923076923,0.0,0.768041237113402,0.0,0.333001493280239,0.0,0.6080486980047344,0.0,0.9467756403867238,0.4279250161603103,0.0,0.33882030178326494,1.0,0.8,0.0,0.0,0.21152715153891388,0.0,0.5389507154213036,0.0,0.6714285714285714,0.0,0.8,0.0,0.0,0.0,0.0,0.9583333333333334,0.04166666666666674,0.0,0.7894736842105263,0.22413793103448265,0.3844365327326891,0.6407678244972578,0.0,0.0,0.06883365200764835,1.0,0.0,0.0,0.0,0.0,0.21421034118888482,0.6549611339734797,0.75,0.6293668122270742,0.0,0.0,0.0,0.0,0.9408729305525694,0.0,0.0,0.0,0.0,0.0,0.0,0.6115589353612167,0.0,0.0,0.0,0.0,0.0,0.3483816938322917,0.0,0.0,1.0,0.0,0.8313047711781889,0.0,1.0,0.6934628975265018,0.75,qsampled
0.0,0.0,0.7523421808230997,0.0,0.0,0.0,0.0,0.0,0.0,0.0,0.6860158659041193,0.0,0.9046938289254229,0.6602289270879247,0.0,0.0,0.0,0.8702205882352941,0.0,0.0,0.0,0.0,0.0,0.0,0.657909390027841,0.0,0.0,0.6035140347118063,0.0,0.0,0.8333333333333334,0.0,0.0,0.0,0.0,0.0,0.0,0.0,0.0,0.0,0.0,0.5296053511705686,0.0,0.0,0.0,0.0,0.37857518862958417,0.9264791653165705,0.6443889415209714,0.5595556745182012,0.2130763219588434,0.33333333333333337,0.01948586588601231,0.0,0.0,0.0,0.0,0.046526939536925216,0.4837467172454041,0.5803469378897266,0.5629506378258459,0.24736369755440868,0.5554038902159606,0.0,0.0,0.370068450528936,0.8608470181503889,0.5816125860373649,0.7218465539661898,0.0,0.0,0.0,0.0,0.045139277324085514,0.0,0.0,0.0,0.0,0.0,0.4,0.5,0.6666666666666667,1.0,0.0,0.5015641293013555,0.22222222222222232,0.3170193332318466,0.26503838945650227,0.1428571428571428,0.0,0.6666666666666667,0.3300793166564976,0.0,0.0,0.0,0.19228504122497048,0.0,0.2142857142857143,0.0,0.37335834896810494,0.2714776632302406,0.0,0.0,0.0,0.3104796963073738,0.0,0.18181818181818188,0.3311159155163811,1.0,0.5112572729572477,0.75,0.5864424410540915,0.8754448398576512,0.0,0.49446040213377107,0.0,0.0,0.22967291103259058,0.15832037325038884,0.4626865671641792,1.0,0.0,0.0,0.9671618451915559,0.6113210048386027,0.0,0.0,0.6666666666666667,0.7476851851851851,0.3065693430656935,0.9071706503613118,0.4444444444444444,0.25,0.0,1.0,0.0,0.0,0.0,0.2605507631055075,0.0,0.0,0.35748492373181984,0.33333333333333337,0.697986577181208,0.1606994171523728,0.0,0.0,0.0,0.0,0.5326404676843131,0.25,0.0,0.0,0.0,0.0,0.295746463142219,0.0,0.0,0.0,0.4484087002904048,0.9468827368894891,0.4722222222222222,0.6472097687588485,0.8333333333333334,0.0,0.5442411517696462,0.8004538696298615,0.0,0.21343956389558683,0.0,1.0,0.0,0.0,0.15384615384615385,0.0,0.7916666666666666,0.3661067193675891,0.3076923076923077,0.22345890410958913,0.0,0.0,0.5,0.0,0.0,0.0,0.0,0.19342930970837957,0.0,0.0,0.0,0.5646851964563467,0.0,0.0,0.3142449011107802,0.7708237459733088,0.16000000000000003,0.0,0.0,0.5714285714285714,0.0,0.0,0.0,0.0,0.2468167114047768,0.0,0.0,0.0,0.0,0.7347243847117838,0.0,0.7368421052631579,0.0,0.0,0.6666666666666667,0.0,0.907062113441972,0.23214285714285698,0.9634533898305084,0.0,0.0,0.0,0.0,0.8099790254920942,0.0,1.0,1.0,0.0,0.0,0.0,0.0,0.0,0.0,1.0,0.7499813017007972,0.0,0.0,0.0,0.0,0.0,0.0,0.0,0.8584183673469388,0.0,0.9385206532180596,0.7360807317558162,0.0,0.0,0.0,0.8938244853737811,0.0,0.0,0.0,0.0,0.0,0.0,0.2260600285850406,0.0,0.0,0.5189873417721519,0.0,0.0,0.6666666666666667,0.20274914089347085,0.0,0.25,0.0,0.0,0.0,0.0,0.0,0.0,0.0,0.7782302115403714,0.0,0.0,0.4418948283355063,0.0942350332594235,0.0,0.9086670076110828,0.7477436823104693,0.7018671564126111,0.0,0.0,0.6494893221912721,0.0,0.0,0.0,0.3846153846153847,0.15859609609609604,0.6658346932898147,0.8033018036543094,0.7026047955839227,0.5714285714285714,0.7275274994745323,0.0,0.21088435374149672,0.6998050682261209,0.6947368421052631,0.7341703056768558,0.8666666666666667,0.0,0.0,0.01721879094141887,0.0,0.0,0.5,0.0,0.0,0.0,0.0,1.0,1.0,1.0,1.0,0.04931960544315639,0.5066469719350074,0.0,0.4199033816425122,0.0,0.0,0.0,0.0,0.8322211630123928,0.0,0.0,0.0,0.5897435897435898,0.0,0.36363636363636365,0.0,0.8571428571428572,0.36363636363636365,0.0,0.0,0.0,0.3463552154651631,0.0,0.33333333333333326,0.5238095238095237,0.5,0.7054491899852724,1.0,0.5966601474349331,0.6538821328344246,0.0,0.08531521328803304,0.48364008179959106,0.0,0.0,0.2727272727272728,0.08333333333333337,0.9583333333333334,0.0,0.0,1.0,0.9825463898585339,0.0,0.0,0.0,0.8439056791763534,1.0,0.9462390945531715,0.6666666666666667,0.33333333333333337,0.37647227808101114,0.375,0.0,0.0,0.0,0.8701223063482819,1.0,0.0,0.19155590304925707,0.0,0.9,0.5882352941176471,0.0,0.3667117726657646,0.0,0.0,0.0,0.0,0.0,0.0,0.0,1.0,0.5867630118336999,0.0,0.0,0.14932680538555698,0.7820186598812553,0.9019126162484646,0.39522653721682854,0.5984481086323958,0.8823529411764706,0.0,0.6382621666977438,0.25271149674620386,0.0,0.5676065676065676,0.13301262778111855,1.0,0.0,0.0,0.0,0.0,1.0,0.45746716821751465,0.65,0.20000000000000007,0.0,1.0,0.0,0.0,0.0,0.0,0.0,0.37038689172289085,0.19259083353122763,0.0,0.6933689363595906,0.6096861216974264,0.0,0.0,0.34648120854826825,0.30229226361031514,0.13636363636363646,0.0,0.0,0.6428571428571428,0.0,0.07702939769283934,0.0,0.0,0.26336237344007507,0.0,0.0,0.0,0.0,0.7409548039376466,0.0,0.6875,0.0,0.0,0.5,0.0,0.9695121951219512,0.5,0.9568043615013629,0.0,0.0,0.0,0.0,0.45633472954105303,0.0,0.0,0.6666666666666667,0.0,0.0,0.0,0.0,0.0,1.0,0.0,0.724281133364874,0.0,0.0,0.0,0.0,0.0,0.0,0.0,0.4366578793204453,1.0,0.9479429051217464,0.5149271002082852,0.0,0.0,0.0,0.6479273140261215,0.0,0.0,0.0,0.0,0.0,0.0,0.0,0.0,0.0,0.7637956748695004,0.0,0.0,0.7777777777777778,0.0,0.0,0.0,0.0,0.0,0.2843137254901962,0.0,0.0,0.0,0.0,0.46641427798810176,0.0,0.0,0.0,0.26001313197636233,0.7904824131547425,0.0,0.0,0.8229994700582937,0.0,0.6666666666666667,0.20512820512820518,0.4873338870431895,0.01638530287984097,1.0,0.0,0.25356633380884475,0.4930875576036866,0.025694555965954824,0.27543314082629944,0.09523809523809523,0.3087315130830488,0.0,0.0,0.36347642505277966,0.75,0.0,0.22222222222222232,0.5,0.0,0.14724770642201834,0.0,0.0,0.0,0.0,1.0,0.0,0.6666666666666666,0.4,0.0,0.5,0.0,0.0234375,0.2515723270440251,0.5714285714285714,0.46606512357787366,0.3199356913183278,0.19999999999999996,0.0,0.0,0.13043478260869568,1.0,0.75,1.0,0.4259818731117825,0.0,0.0,0.0,0.0,0.5,0.0,1.0,0.0,0.0,0.0,0.5,0.3477709027447248,1.0,0.4437742352434296,0.33333333333333326,1.0,0.2806666666666666,0.38888888888888884,1.0,0.07933740191804695,0.0,0.0,0.5714285714285714,0.75,0.8,0.31707317073170727,0.5505473277527366,0.6666666666666667,0.6282135794330916,0.2978723404255321,1.0,1.0,0.0,0.5714285714285714,0.6057692307692308,0.4285714285714285,0.0,0.4772727272727273,1.0,0.0,0.0,1.0,0.19123630672926428,0.3549175320708613,0.0,0.0,1.0,0.0,0.18181818181818177,0.0,0.0,0.6666666666666667,1.0,0.0,0.6666666666666666,0.0,1.0,0.0,0.0,0.21758802237578145,0.0,0.2060185185185185,0.6666666666666666,0.8191611842105263,0.5333333333333333,0.7777777777777778,0.853069439785307,0.0,0.5822357311719013,0.1468689477081988,0.946796851648899,0.4279250161603103,0.0,0.0,1.0,0.0,0.003718073068218586,0.375,0.2142717114291316,0.0,0.0,0.29268292682926833,0.3784090909090909,0.0,0.0,1.0,0.0,0.0,0.0,0.0,0.0,0.0,0.0,0.0,0.0,0.0,0.0,0.15055268344234674,0.18484848484848493,0.5,0.0,0.0,0.0,0.0,0.0,0.0,0.0,0.5966101694915253,0.0,0.0,0.0,0.0,0.9329288843950118,0.0,1.0,0.0,0.0,1.0,0.0,0.9138904573687182,0.5555555555555556,1.0,0.0,0.0,0.0,0.5139242459307258,0.8202080237741456,0.0,0.25,0.3571428571428572,0.0,1.0,0.0,0.0,0.0,qsampled
0.0,0.0,0.0,0.0,0.0,0.0,0.0,0.0,0.3874400166910076,0.0,0.0,0.31818181818181823,0.9053763440860215,0.5792443203985476,0.0,0.0,0.0,0.0,0.33333333333333326,0.0,0.0,0.5,0.0,0.0,0.0,0.6237756010685663,0.0,0.0,0.35412855610925376,0.9315035799522673,0.0,0.0,0.0,0.8571428571428572,0.0,0.0,0.48794424626767074,0.0,0.8638052001650847,0.0,0.28838055452615974,0.0,0.6217777895042348,0.48279672509920135,0.5017167148073465,0.3641088572872303,0.0697826942416161,0.4899973326220324,0.43038850912866666,0.4867665816326531,0.0,0.0,0.0,0.48059581858259304,0.0,0.0,0.0,0.7309859154929577,0.783756851021425,0.0,0.9105552982347794,0.21781946072684644,0.46169069833191967,0.4770360728895501,0.1992982456140352,0.0,0.434961106309421,0.5716332378223496,0.8001300390117034,0.0,0.5871045254305166,0.2699756690997567,1.0,0.6469379550632063,1.0,0.0,0.0,0.0,0.0,0.0,0.0,0.0,1.0,0.0770805985823052,0.5990716864363074,0.0,0.0,0.0,0.5714285714285714,0.0,0.25,0.6730730119991863,0.5,0.7430397078959379,0.5,0.15549111997100395,0.0,0.25,0.0,0.37335834896810494,0.7142857142857142,0.0,0.8571428571428572,0.0,0.8009893017370298,0.0,1.0,0.0,0.5714285714285714,0.5341210513624307,0.0,0.5864424410540915,0.967948717948718,1.0,0.15579662789177884,0.2808390732623669,0.9166666666666666,0.8649610634783294,0.0,1.0,0.7142857142857142,0.3356352765321374,0.37982647857474006,0.9672846237731734,0.5879740348479673,0.4756238003838772,0.75,0.0,0.0,0.583941605839416,0.0,0.33333333333333326,0.0,0.0,0.0,0.0,0.0,0.6666666666666667,0.3374056280027453,0.0,0.0,0.7922606924643585,0.6666666666666667,0.8466981132075472,1.0,0.5215427380125086,0.36543029417138684,0.0,0.8571428571428572,0.5326404676843131,0.0,0.0,0.5,0.8571428571428571,0.0,0.0,0.0,0.42188869870162404,0.5415743516225726,0.7793297763923026,0.5997595250619975,0.9166666666666666,0.0,0.0,0.527068312354882,0.5586433187129608,0.9190077470850614,0.7769465809714466,0.41511634070069436,0.0,0.41740996168582367,1.0,1.0,0.0,0.86707410236822,1.0,0.0,0.1923076923076923,1.0,0.0,0.0,0.0,0.0,0.0,0.0,0.0,0.6909046323434964,0.6593028667965315,0.0,0.657796852646638,0.7989221910527093,0.945786520077579,1.0,0.446969774250477,0.0,1.0,0.0,0.0,0.0,0.0,0.28607962618002725,0.0,0.7266137144046338,0.23668731864167514,0.0,0.0,0.0,0.0,0.4934328413352299,0.7638018451392888,0.0,0.0,0.0,0.0,0.0,0.0,0.0,0.0,0.8984855270121728,0.9493662633006468,0.0,0.09649636131742823,0.5260246737357259,0.9375,0.0,0.0,0.930944813637677,0.5,0.0,0.674079299079299,0.8125,0.0,1.0,0.0,0.0,0.0,0.0,0.0,0.0,0.4839962392184115,0.0,0.0,0.0,0.9385206532180596,0.7596403178586365,0.0,0.0,0.0,0.0,0.5,0.0,0.0,0.0,0.0,0.0,0.6122337520480612,0.9360986547085202,0.0,0.0,0.5358258231462479,0.8768905021173624,0.0,0.0,0.0,0.0,0.0,0.0,0.7005188572834847,0.0,0.8576772574016194,0.0,0.19530553629791003,0.020553120749584597,0.6727140783744557,0.6559028292104874,0.9253499222395023,0.0,0.720592839995825,0.50078612820628,0.27412777526053456,0.7402868318122555,0.3076923076923076,1.0,0.5447954427757637,0.7043478260869566,0.0,0.0,0.0,0.23627346794190573,0.8823124569855472,0.0,1.0,0.0,0.6430684699915469,0.41009910335063704,0.013605442176870763,0.19008992014085402,0.725,0.7384969325153374,1.0,0.0,0.7646720368239356,0.0,1.0,0.8041191936897458,0.5,0.0,1.0,0.0,1.0,1.0,0.0,0.5,1.0,0.0,0.8222849083215797,0.5,0.0,0.33149171270718236,0.5,0.0,1.0,0.9620733249051833,1.0,0.880623875224955,0.7,0.5323741007194244,0.0,0.36363636363636365,0.0,0.8571428571428572,0.8636363636363636,0.0,1.0,0.0,0.803962703962704,0.0,0.0,0.1428571428571428,0.5,0.841688654353562,0.5,0.6188401954471421,1.0,0.8125,0.6812499999999999,0.0,0.3571428571428572,0.9230769230769231,0.5,1.0,0.0,0.6245936731943234,0.1931540342298288,1.0,0.9821361414065438,0.7509353287012293,1.0,0.0,0.5154433742942544,1.0,0.0,0.33333333333333337,0.6666666666666667,0.27530979658639243,1.0,0.0,0.013971802362504837,1.0,0.7370413511939429,1.0,0.0,0.4790343074968234,1.0,0.9,0.5882352941176471,0.7222222222222222,0.0,0.0,1.0,0.0,0.5,0.0,0.75,1.0,1.0,0.0,0.0,0.6885745200977839,0.0,0.8210959885386819,0.2469819908964972,0.9785598705501618,0.0,0.0,0.7975735789710178,0.6724346450832636,1.0,1.0,0.7467529934864854,0.17232930414897085,0.5076923076923077,0.8,0.9921953675730111,0.0,0.8948265435153114,1.0,0.0,0.0,1.0,0.0,1.0,1.0,0.0,0.0,0.0,0.0,0.5379211854528143,0.0,0.0,0.04450378282153977,0.7233870199180406,0.9716821393121972,1.0,0.7902303470132972,0.0,0.9545454545454546,0.0,0.0,0.0,0.0,0.0,0.2407926341072858,0.7635856079404466,0.2603896103896104,0.0,0.0,0.0,0.0,0.6208870572333463,0.6927263414009477,0.0,0.0,0.0,0.0,0.0,0.0,0.0,0.5,0.9362570712077914,1.0,0.0,0.0,0.8928210313447927,1.0,0.35483870967741926,0.6666666666666667,0.9723014256619145,1.0,0.0,0.7110668168818788,1.0,0.0,0.0,0.0,0.0,0.0,0.0,0.0,0.0,0.2679949213790408,0.0,0.0,1.0,0.9263521288837745,0.5874824410800686,0.0,0.0,0.0,0.0,0.6666666666666667,0.0,0.0,0.6000000000000001,0.0,0.0,0.0,0.09166666666666667,0.0,0.0,0.918918918918919,0.9639368895567243,0.0,0.0,0.0,0.8181818181818181,0.0,0.0,0.3638068448195031,0.39429012345679004,0.8264142335766423,0.0,0.0,0.0,0.482,0.5491084064534391,0.875,0.6060407091267236,0.0,0.8624227683189354,0.7692307692307692,0.2925278219395867,0.3091216216216216,0.0,0.8571428571428572,0.46096345514950177,0.01638530287984097,0.0,0.0,0.25356633380884475,0.8974358974358975,0.005955274671852195,0.7680776014109347,0.2857142857142857,0.0,0.5737745098039214,0.6307692307692307,0.0,0.25,0.0,0.0,0.5,1.0,0.0,1.0,0.32943525385054195,0.0,0.4626865671641791,0.0,0.0,0.0,0.0,0.0,0.0,0.0,0.0,0.4764150943396226,0.0,0.0,0.0,0.6,0.0,0.5714285714285714,0.4347826086956522,0.0,0.33333333333333337,0.5,0.4259818731117825,0.0,0.0,0.0,0.0,0.75,0.0,0.5,1.0,0.2857142857142857,0.0,0.0,0.0,0.0,0.4437742352434296,0.0,1.0,0.7006666666666667,0.6140350877192982,0.0,0.0,1.0,0.37682077264091196,0.5714285714285714,0.0,0.7,0.04878048780487809,0.0,0.6666666666666667,0.6282135794330916,0.0,0.0,0.0,0.0,0.7142857142857143,0.4900000000000001,0.4285714285714285,1.0,0.4772727272727273,0.0,0.0,0.0,0.0,0.0,0.3549175320708613,0.0,0.08120649651972156,0.0,0.0,0.18181818181818177,0.08333333333333326,0.9701195219123506,0.6666666666666667,0.0,0.0,0.0,0.0,0.5,0.0,0.0,0.6315139879319802,0.0,0.04166666666666652,0.6923076923076923,0.36890756302521,0.0,0.7777777777777778,0.3302373581011351,0.0,0.0,0.1468689477081988,0.8753611636943309,0.7978963185574756,0.05820328975115985,0.0,0.0,0.8,0.7861299709020368,0.11111111111111116,0.0,0.5,0.4980047885075819,0.41463414634146345,1.0,0.0,0.0,0.0,0.0,0.0,0.0,0.0,0.44272445820433437,0.7620769453283193,0.0,0.7707006369426752,0.0,0.3978895096213533,0.33333333333333337,0.7616592639593908,0.0,1.0,0.0,0.0,0.5,0.0,0.6683206805085522,0.0,0.7254901960784315,0.5935539392593414,0.0,0.0,0.0,0.0,0.9329288843950118,0.40723701672122437,0.0,0.0,0.0,0.0,0.0,0.0,0.0,0.0,0.8864915572232646,0.9776007964161274,0.0,0.6321093631825745,0.7644025717741422,0.9,1.0,0.3571428571428572,0.8889970788704966,0.0,0.0,0.6821755752723075,0.75,m2
0.5714285714285714,0.0,0.0,0.0,0.0,0.0,0.0,0.0,0.0,0.0,0.0,0.0,0.0,0.745220123939029,0.4,0.0,0.8804044630404463,0.0,0.0,0.0,0.0,0.0,0.0,0.0,0.0,0.0,0.0,0.0,0.0,0.0,0.0,0.0,0.0,0.01176470588235301,0.0,0.7548786919831224,0.47531052221883774,0.0,0.0,0.0,0.0,0.5296053511705686,0.0,0.2274850570093928,0.8313890689133723,0.3641088572872303,0.0,0.6043858797120688,0.6332015810276679,0.5586105150214593,0.34972133757961765,0.33333333333333337,0.09215239335721237,0.5700923652519584,0.8159148412390873,0.23623917295333896,0.8181094844048377,0.0,0.0,0.5788191507359159,0.5622126649859114,0.20545800246057488,0.39117468661544696,0.0,0.0,0.7406454043194375,0.39152981849611057,0.14296351451973188,0.78125,0.295906432748538,0.18181818181818188,0.2699756690997567,0.6486486486486487,0.045139277324085514,0.6666666666666667,0.15555555555555567,0.0,0.1592869465209893,0.0,0.0,0.5,0.6666666666666667,1.0,0.5531149301825993,0.16761217122227956,0.0,0.0,0.6421448730009407,0.0,0.45197740112994356,0.6666666666666667,0.24771491380307764,0.5,0.17676225105363186,0.6000000000000001,0.750048742444921,0.0625,1.0,0.0,0.05228758169934644,0.25,0.3750000000000001,0.8571428571428572,0.5320754716981132,0.0,0.0,1.0,0.0,0.5714285714285714,0.0,0.0,0.6908003436653228,0.7006802721088436,1.0,0.24650971803996713,0.0,0.9166666666666666,0.8190625095803059,0.015677491601343907,0.0,0.5,0.05367988567345494,0.9158589399876264,0.0,0.44326642163792307,0.4338289962825279,0.75,0.0,0.0,2.220446049250313e-16,0.9036979969183359,0.11111111111111105,0.25,0.25,0.0,0.0,0.0,0.6666666666666667,0.21021947873799718,0.3062015503875969,0.5,0.15430575399402535,0.0,0.8214285714285715,0.0,0.0,0.0,0.6666666666666667,0.8571428571428572,1.0,0.0,1.0,0.5,0.8571428571428571,0.5,0.0,0.7,0.6037492383239542,0.0,0.0,0.0,0.41666666666666663,0.0,0.8333333333333334,0.10145211930926212,0.0,0.0,0.0,0.4318298836371125,0.4571637189680351,1.0,0.0,0.8214285714285714,0.15384615384615385,0.07790055248618777,0.0,0.0,0.0,0.0,0.0,0.0,0.0,0.0,0.0,0.0,0.0,0.04498224385111127,0.6535598948988922,0.0,0.0,0.9386214442013129,0.9696346640775221,0.9420289855072463,0.0,0.3915159944367178,1.0,0.0,0.0,0.0,0.6328379691709622,0.3442735042735041,0.45878075748205627,0.0,0.2572310859495627,0.0,0.0,0.0,0.0,0.0,0.6647928408978543,0.0,0.0,0.0,0.0,0.0,0.0,0.0,0.0,0.0,0.0,0.0,0.8874316703757319,0.567497810218978,0.0,0.0,0.0,0.5484505441671403,0.5,0.0,0.0,0.0,0.0,1.0,0.0,0.0,0.0,0.0,0.0,0.0,0.0,0.0,0.0,0.0,0.0,0.9442764578833693,0.5,0.0,1.0,0.0,0.0,0.0,0.0,0.0,0.0,0.0,0.16371490280777556,0.0,0.0,0.0,0.0,0.0,0.0,0.0,0.0,1.0,0.0,0.7073170731707317,0.6797829036635006,0.0,0.0,0.0,0.0,0.7852189781021898,0.0,0.4162673228856365,0.9888728621471254,0.011004126547455417,0.6194289951798295,0.7770733950745312,0.6827868852459016,0.6794908880532253,0.8221590909090909,0.0,0.6501240694789082,0.938115763546798,0.6910994764397906,0.27541371158392414,0.7636871508379888,0.0,0.0,0.8114039777587682,0.7108559498956158,0.0,0.7486712836205507,0.0,0.21088435374149672,0.8554891710231516,0.8125,0.4772036474164133,0.8148148148148149,0.4374999999999999,0.8530465949820789,0.0,0.39047619047619064,0.0,0.75,0.2500000000000001,1.0,0.853514739229025,1.0,1.0,1.0,1.0,1.0,0.8210094319245446,0.2609308885754583,0.5,0.0,1.0,0.0,0.3392857142857143,1.0,0.8202054794520548,1.0,0.49039098740888,1.0,0.9818020417221482,0.0,0.8636363636363636,0.0,1.0,0.0,0.4375,1.0,0.0,0.0,0.0,0.0,0.1428571428571428,0.5,0.0,0.0,0.8001855041738439,0.5514291269686953,0.6875,0.8370400323493732,0.375,0.234375,1.0,0.4545454545454546,0.0,0.5833333333333333,0.2811334824757644,1.0,0.0,0.0,0.6415332771693345,1.0,0.0,0.7747589833479405,0.6666666666666667,0.9364497889623318,0.0,0.33333333333333337,0.0,1.0,0.0,0.7397757776725091,1.0,0.6785955435516543,0.31464174454828653,1.0,0.2165748976422418,0.0,0.9,0.0,0.0,0.33333333333333337,0.8,1.0,0.5454545454545454,0.5,0.8571428571428572,0.75,1.0,1.0,0.0,1.0,0.9156853706575032,0.3429833169774289,0.15147407658420875,0.14378050389130714,0.5202265372168284,0.3568818514007308,0.8823529411764706,0.5674499564838991,0.0,0.2775041050903121,0.0,0.708885754583921,0.9307063197026022,1.0,0.0,0.9406021155410903,0.0,0.48259449886546024,1.0,0.0,0.44999999999999996,0.4,0.0,1.0,1.0,0.0,0.0,0.0,0.0,0.0,1.0,0.0,1.0,0.9702042879657439,0.9597711216208326,0.9558823529411765,0.0,0.17077798861480065,0.8181818181818182,0.0,0.0,0.0,0.46478873239436613,0.2837584699706298,0.5631320906657824,0.0,0.2952074348539149,0.0,0.0,0.0,0.0,0.0,0.7659462540002631,0.0,0.0,0.0,0.0,0.0,0.0,0.0,0.0,0.0,0.0,0.0,0.9674133273300315,0.4907185854973176,0.0,1.0,0.0,0.45661914460285136,1.0,0.0,0.0,0.0,1.0,0.0,0.0,0.0,0.0,0.0,0.0,0.0,0.0,0.0,0.0,1.0,0.0,0.7049068322981367,0.33333333333333326,0.0,0.8609756097560975,0.0,0.0,0.0,0.0,0.0,0.0,0.0,0.0,0.0,0.0,0.0,0.0,0.0,0.0,0.0,0.0,0.8181818181818181,0.0,0.7720374061014871,0.1696428571428572,0.39429012345679004,0.0,0.0,0.0,0.30389800397115685,0.0,0.1094543848022973,0.7271559633027522,0.5905229375117991,0.0,0.5079831932773109,0.0,1.0,0.0,0.6666666666666667,0.20512820512820518,0.4568965517241379,0.46771540936717926,0.0,0.0,0.0,0.0,0.002201128078139991,0.18765957446808512,0.25,0.3087315130830488,0.0,0.4461538461538461,0.7825537294563844,0.0,0.0,0.0,0.0,1.0,0.0,0.75,0.0,0.7142857142857143,0.0,0.0,0.07033426183844005,0.0,0.0,0.0,0.5,0.0,0.28873239436619724,0.0,0.0,0.0,0.37485143807939136,0.0,0.21052631578947367,1.0,0.13043478260869568,0.0,0.33333333333333337,0.0,0.4259818731117825,0.0,0.75,0.0,0.6666666666666667,0.0,0.0,0.5,1.0,0.0,0.0,0.0,0.0,1.0,0.0,0.25,1.0,0.2564102564102564,0.0,0.0,0.0,0.0,0.37808739708676375,0.1986062717770034,0.25,0.19999999999999996,0.0,0.7130907570054371,0.2222222222222221,0.6666666666666667,0.0,0.0,0.0,0.6818181818181819,0.0,0.52,0.2857142857142857,1.0,0.5613496932515338,0.0,0.0,0.5523425240977359,0.0,0.16228676809589648,0.11494252873563238,0.0,0.2727272727272727,0.0,0.0,0.9090909090909091,0.0,0.08565737051792799,0.6666666666666667,0.0,0.0,0.0,0.5,0.5,0.0,0.5,0.6362157589953803,0.25,0.0,0.0,0.0,0.0,0.0,0.41880341880341887,0.0,0.38958403787622586,0.0,0.0,0.7211474316210806,0.0,0.0,1.0,0.0,1.0,0.0,0.564105077435797,0.5,0.4987730061349691,0.0,0.0,0.0,0.0,0.0,0.0,0.0,0.0,0.0,0.045038705137227186,0.6791379586604711,0.0,0.22413793103448276,0.11852236995221477,0.599483204134367,0.6666666666666667,0.0,0.0,0.41666666666666663,0.0,0.0,0.0,0.6562186727260576,0.22371838687628176,0.4941278618105379,0.0,0.6103545547395555,0.0,0.0,0.0,0.0,0.0,0.6969223907225692,0.0,0.0,0.0,0.0,0.0,0.0,0.0,0.0,0.0,0.15294815987336774,0.0,0.7808652988403211,0.522810901367158,0.0,0.0,0.3571428571428572,0.5613437195715678,0.0,0.0,0.0,0.0,m2
0.5714285714285714,0.0,0.7499120845114009,0.0,0.8444108761329305,0.7068076090461056,0.0,0.10526315789473684,0.0,0.7588200289041911,0.0,0.0,0.0,0.0,0.4,0.5985407089747941,0.0,0.7122875082954719,0.0,0.0,0.0,0.0,0.0,0.7310003954132067,0.0,0.6851185304703984,0.0,0.0,0.0,0.0,0.0,0.0,0.0,0.0,0.0,0.0,0.47531052221883774,0.0,0.0,0.0,0.0,0.0,0.6057554312861879,0.4261726408928661,0.4985239448939427,0.2591496426766766,0.0,0.0,0.0,0.0,0.0,0.0,0.41563365903456306,0.0,0.0,0.0,0.0,0.046526939536925216,0.0,0.7925900862798173,0.5664427570093458,0.24651998203861714,0.553097598716259,0.49835689721054655,0.17543859649122806,0.3725550878930429,0.15233362143474505,0.0,0.6981534090909091,0.624113475177305,0.18181818181818188,0.13324732768153325,0.0,0.018671550453388086,0.33333333333333337,0.0,0.0,0.15823817292006515,0.6666666666666667,0.0,0.0,0.0,1.0,0.6553426096088213,0.025711159737418,0.0,0.0,0.0,0.1428571428571428,0.45197740112994356,0.6666666666666667,0.32164696290256833,0.5,0.5487149822328734,0.6000000000000001,0.0,0.78125,0.0,0.0,0.0,0.25,0.0,0.5714285714285714,0.515897435897436,0.3273248668578451,0.0,0.0,0.0,0.0,0.5367860600193611,0.5,0.5942180424939045,1.0,1.0,0.0,0.4482758620689655,0.0,0.4021447721179625,0.21313923105636423,0.46902654867256655,0.7142857142857142,0.0,0.7147763640621341,0.9643144189037133,0.05338657202011221,0.4723831595210506,0.75,0.0,0.0,0.6086956521739131,0.9132928144299578,0.7777777777777778,0.0,0.6840620592383639,0.0,0.0,0.7274266114303533,0.6666666666666667,0.4054713588492165,0.0,0.5,0.977509558437664,0.6666666666666667,0.37248322147651014,1.0,0.6567060458651841,0.7158779462817467,0.33333333333333337,0.8571428571428572,0.447802197802198,0.0,1.0,0.5,0.0,0.0,0.2800882755190849,0.0,0.4100967587972405,0.7207607994842038,0.0,0.15549029205416875,0.0,0.6254568186189651,0.0,0.506515444015444,0.6991999479640952,0.532938022906344,0.7769465809714466,0.0,0.630294271146975,0.0,1.0,0.889795918367347,0.0,0.0,0.0,0.3411578828574654,0.3076923076923077,0.0,0.0,0.6000000000000001,0.0,0.0,0.0,0.0,0.0,0.04963138493944175,0.3827623312159396,0.7774664139124702,0.461441213653603,0.8712540921682196,0.9766043928782703,1.0,0.31110396290822184,0.3915159944367178,0.0,0.9623210325213605,0.0,0.0,0.6344710857764804,0.3442735042735041,0.0,0.0,0.6041116425155257,0.0,0.0,0.0,0.0,0.0,0.0,0.0,0.0,0.0,0.0,0.0,0.9240163960205056,0.0,0.0,0.86967067823491,0.5147047259573798,0.8369565217391304,0.8718526617432869,0.0,0.9375,0.5,0.13636363636363635,0.0,0.0,0.0,0.6769896472186958,0.0,0.0,1.0,0.7523005563095646,0.0,0.8259364180044066,0.6714285714285715,0.0,0.8191340782122905,0.0,0.5454545454545454,0.0,0.0,0.0,0.0,0.5,0.6863452733638566,0.0,0.819047619047619,0.0,0.0,0.0,0.0,0.0,0.875192820081335,0.7796610169491526,0.9444822116474054,0.0,0.0,0.0,0.0,0.0,0.0,0.0,0.0,0.0,0.0,0.6843135213906526,0.0,0.0,0.0,0.0,0.0,0.7286277197190338,0.7373397228338299,0.0,0.6637744034707158,0.6387278828553996,0.705461741424802,0.0,0.0,0.0,1.0,0.9556983429151167,0.7376847290640394,0.0,0.0,0.6307692307692307,0.17948717948717952,0.0,0.8020067422291828,0.7039269720978298,0.5714285714285714,0.9135931712030922,0.7294845360824742,0.0,0.7051994565888601,0.0,0.0,1.0,0.7880434782608695,0.8666666666666667,0.0,0.0,0.0,1.0,0.0,1.0,0.9333703498056636,1.0,1.0,0.0,0.5,1.0,0.8193707767201918,0.18316100443131456,0.5,0.0,0.5123966942148761,0.0,0.2647058823529411,1.0,0.8202054794520548,1.0,0.8248604172788716,1.0,0.5236270753512133,0.8095238095238095,0.0,0.0,1.0,0.0,0.0,0.8571428571428571,0.0,0.6991150442477876,0.0,0.0,0.1428571428571428,0.0,0.7513321492007105,1.0,0.6370994433579058,1.0,0.8125,0.0,0.7528344671201814,0.0,0.0,0.2727272727272728,1.0,0.0,0.0,0.793644996347699,1.0,0.5900228733253459,0.7475192943770672,1.0,0.0,0.4910339565051506,0.33333333333333337,0.9365760610395804,1.0,0.6666666666666667,0.8550484094052558,1.0,0.0,0.7413358538122243,1.0,0.9922349763673194,0.0,1.0,0.8015214384508991,1.0,0.44999999999999996,0.5882352941176471,0.7757125154894671,0.8333333333333334,0.8,1.0,0.8,0.5,0.8571428571428572,0.75,0.0,1.0,0.779699333107268,0.0,0.7028130334743561,1.0,0.15147407658420875,0.091748331202954,0.0,0.789282250242483,0.0,0.7962170682278766,0.49222395023328136,0.0,1.0,0.0,0.9439725579875857,0.0,1.0,0.918429003021148,0.0,0.0,0.0,0.480719794344473,0.65,0.6511627906976745,0.0,1.0,1.0,0.0,0.0,0.0,0.0,0.0,0.7951274891841306,0.8786032341223342,0.0,0.9236379084504549,0.9775208734746307,1.0,0.30879918742005885,0.0,0.0,0.9667962506573724,0.0,0.0,0.46478873239436613,0.3181105617667833,0.0,0.0,0.0,0.0,0.0,0.0,0.0,0.0,0.0,0.0,0.0,0.0,0.0,0.0,1.0,0.0,0.0,0.9273639725303751,0.9751664169389108,0.7749343082371758,0.997634433940888,0.0,1.0,0.0,1.0,0.0,0.5,0.0,0.7518977450323733,0.0,0.0,0.0,0.7202407825432655,0.0,0.6000000000000001,0.593969592436438,0.0,0.7142857142857143,0.0,0.6557566422795533,0.0,0.0,0.0,0.0,0.33333333333333326,0.9119897959183674,0.0,0.5921097189299017,0.0,0.0,0.0,0.0,0.0,0.6912287633346503,0.0,0.09166666666666667,0.0,0.0,0.0,0.0,0.0,0.0,0.0,0.0,0.0,0.0,0.14102564102564086,0.0,0.0,0.0,0.0,0.0,0.4652914798206277,0.018167137666532218,0.6747708995698523,0.0,0.0,0.068865530989489,0.15384615384615385,0.75,0.3091216216216216,0.0,0.46153846153846156,0.0,0.16374687164819457,0.0,0.25,0.25356633380884475,0.0,0.390920757138274,0.18765957446808512,0.050000000000000044,0.477957906712173,0.1694166860330003,0.4918032786885246,0.36347642505277966,0.4374999999999999,0.2857142857142856,0.22222222222222232,0.2500000000000001,1.0,0.0,0.0,0.0,0.0,0.0,0.0,0.04038997214484685,0.6666666666666666,0.0,0.0,0.0,0.0,0.28873239436619724,0.17924528301886788,0.0,0.0,0.0,0.19999999999999996,0.21052631578947367,0.0,0.13043478260869568,0.0,0.38888888888888884,0.0,0.0,0.6666666666666667,0.5,0.0,0.33333333333333337,0.0,0.0,0.0,0.25,0.0,0.0,0.0,0.0,0.2785714285714287,0.7979319258940112,0.33333333333333326,0.8245614035087719,0.658890290037831,0.4999999999999999,0.4509966777408638,0.34838709677419366,0.0,0.23495883470550982,0.5714285714285714,0.0,0.7,0.31707317073170727,0.38364779874213817,0.6666666666666667,0.0,0.0,0.0,0.0,0.0,0.7142857142857143,0.6057692307692308,0.7142857142857142,0.6666666666666667,0.3341159896689365,0.0,0.0,0.5523425240977359,0.0,0.3363091086622959,0.3928571428571429,0.0,0.4285714285714285,0.0,1.0,0.18181818181818177,0.5,0.5833333333333335,0.0,0.0,0.9473684210526316,0.0,0.5,0.5,0.0,0.0,0.0,0.0,0.05855855855855874,0.8666666666666667,0.0,0.0,0.0,0.0,0.0,0.0,0.2566171723692705,0.7302730595570845,0.49095966620305986,0.6883394746226078,0.0,0.44482891195693963,1.0,0.002400384061449712,0.0,0.21152715153891388,0.5,0.0,0.29268292682926833,0.0,0.0,0.6000000000000001,0.0,0.0,0.0,0.0,0.0,0.045038705137227186,0.5796764121487369,0.3027522935779817,0.6724137931034482,0.8661049426464026,0.8162631905648665,0.33333333333333337,0.08173555678495192,0.0,0.0,0.9686893739572514,0.0,0.0,0.656423950928102,0.0,0.0,0.0,0.11343530384456357,0.0,0.0,0.0,0.0,0.0,0.0,0.0,0.0,0.0,0.0,0.0,0.8935361216730038,0.0,0.0,0.7936132465996452,0.24495449149188775,0.7412587412587412,0.8135884989376716,0.0,0.9,1.0,1.0,0.0,0.0,0.0,0.7006155323700178,0.0,m2
0.0,0.0,0.7952518807548192,0.8590888451642198,0.0,0.0,0.7912966252220248,0.3529411764705882,0.7045790251107829,0.0,0.0,0.0,0.0,0.0,0.4,0.0,0.0,0.0,1.0,0.0,0.9248105692636487,0.5,0.0,0.811225645672859,0.3704175349232076,0.0,0.7514204545454546,0.0,0.0,0.0,0.0,0.70024611181981,0.0,0.0,0.0,0.0,0.7916228531370487,0.7673119713171241,0.8089253969226997,0.0,0.9029395879947535,0.6805932531989143,0.6035172832019406,0.4819041408542549,0.5618233618233619,0.22718707940780614,0.0,0.6399073623796889,0.0,0.9474471266823329,0.2117704162116245,0.6666666666666667,0.3457811726430441,0.051604861327516294,0.0,0.0,0.763299131807419,0.0,0.0,0.5842503028131771,0.0,0.0,0.7155995227679459,0.4448554463155844,0.4876589379207179,0.9828559903186769,0.0,0.004435994930291454,0.717119928666964,0.6326530612244898,0.4285714285714286,0.8630653266331658,0.6486486486486487,0.6139389193422083,0.4444444444444444,1.0,0.0,0.0,0.0,0.0,0.5,0.0,0.0,0.0,0.058119880379664646,0.0,0.7044104410441044,0.0,0.1428571428571428,0.9491525423728814,0.6666666666666667,0.0,0.5,0.5487149822328734,0.5,0.0,0.0625,1.0,0.6552631578947369,0.7695390781563126,1.0,0.0,0.5714285714285714,0.515897435897436,0.0,0.0,0.18181818181818188,0.009895227008148932,0.0,0.0,1.0,0.0,0.875,1.0,0.0,0.0,0.5,0.6079390758789409,0.4123861566484517,0.33333333333333337,0.5,0.12207086171342874,0.2917024145115824,0.8340498710232158,0.9053486723733711,0.0,0.75,0.0,0.34883720930232565,0.043062200956938024,0.0,0.0,0.0,0.0,1.0,0.0,0.8358597896208726,0.6666666666666667,0.20000730086880336,0.0,0.5,0.0,0.0,0.2997275204359672,1.0,0.5215427380125086,0.10378220354467393,0.6666666666666667,0.8571428571428572,0.5447251114413075,0.75,0.0,0.5,0.9285714285714286,0.0,0.42957910419964607,0.0,0.40330461046459987,0.7646122356151922,0.0,0.9444836509056692,0.0,0.6815147397648726,0.0,0.35763640695735055,0.6918116376724655,0.9730631978818924,0.0,0.0,0.6654775417544998,1.0,1.0,0.0,0.0,0.0,0.0,0.0,0.0,0.0,0.875,0.0,0.0,0.0,0.0,0.0,0.0,0.9544390036193315,0.0,1.0,0.14419159994381237,0.0,0.0,1.0,0.0,0.0,0.0,0.0,0.0,0.2049488972565896,0.0,0.9144399791391846,0.0,0.44913830348999084,0.5291717778727275,0.0,0.0,0.0,0.0,0.0,0.0,0.9473684210526315,0.0,0.0,0.0,0.0,0.0,0.0,0.0,0.0,0.0,0.0,0.021719715643196413,0.0,0.0,0.0,0.13636363636363635,0.0,0.0,0.0,0.9083106730115568,0.0,0.0,0.0,0.7518369528107233,0.9325544344131704,0.0,0.0,0.7122877122877123,0.8318452380952381,0.7693973754618424,0.0,0.0,0.0,0.0,0.0,0.5,0.0,0.0,0.0,1.0,0.0,0.9001801098018792,0.0,0.0,0.9775561097256857,0.06527596697088212,0.0,0.6000000000000001,0.0,0.0,0.0,0.0,0.6437462235649547,0.0,0.0,0.0,0.0,0.6797433547204399,0.7719157057288373,0.8841913080833392,0.0,0.8622968012585213,0.8555963849438872,0.7397486772486772,0.0,0.43226212980466283,0.0,0.3166047087980174,0.769778528755054,0.0,0.8858330668372242,0.0,1.0,0.6880907372400755,0.7356849876948319,0.0,0.0,0.7567039106145252,0.0,0.0,0.7708073566084788,0.0,0.19999999999999996,0.9001194981079467,0.4193548387096775,1.0,0.816949341664807,0.16473988439306364,0.0,1.0,0.7880434782608695,0.9318681318681319,0.8014123949835625,0.26521739130434796,0.605724838411819,0.0,1.0,1.0,0.0,0.0,1.0,1.0,0.5,0.0,0.0,0.0,0.5,0.4189868522815158,0.6370967741935484,0.0,1.0,1.0,0.0486891385767787,1.0,0.8008614976805831,0.7,0.0,0.13008748573602136,0.8636363636363636,0.5959510754955715,1.0,1.0,0.49739583333333337,0.8571428571428571,0.0,0.0,0.0,0.33333333333333326,0.0,0.0,0.0,1.0,0.0,0.8211811283404816,0.8125,0.0,0.42743764172335597,0.5,1.0,0.2727272727272728,0.0,0.5833333333333333,0.2689561100858542,0.3071585098612125,0.8571428571428572,0.5018020969855832,0.0,1.0,0.0,0.0,0.6666666666666667,0.0,0.33333333333333337,0.6666666666666667,0.0,1.0,0.0,0.2690730106644791,1.0,0.8408227848101266,0.0,1.0,0.0,0.0,0.44999999999999996,0.8235294117647058,0.7549770290964778,0.2325581395348837,0.8,1.0,0.0,1.0,0.0,1.0,1.0,1.0,0.7609173735469683,0.0,0.6954030046256499,0.6335078534031413,0.12645322840279005,0.8915615906886518,0.0,0.789282250242483,0.0,0.48306734137796803,0.8122319597240351,0.9370932754880694,0.0,0.0,0.9403487672880337,1.0,1.0,0.0,0.0,0.0,0.0,0.0,0.44999999999999996,1.0,1.0,1.0,1.0,0.0,0.0,0.0,0.0,0.9526282669130708,0.17128027681660896,1.0,0.7457220534143612,0.0,0.0,1.0,0.0,0.0,0.0,0.0,0.0,0.21219091431857395,0.0,0.9410047511952458,0.0,0.6530384795870483,0.7205600974082449,0.0,0.0,0.0,0.0,0.0,0.0,1.0,0.0,0.0,0.0,0.0,0.0,0.0,0.0,0.0,0.0,0.0,0.9199989131517693,0.0,0.0,0.75,1.0,0.0,0.5,0.0,0.9390811576603927,0.0,1.0,0.0,0.7314244810307802,0.9411764705882353,0.0,0.0,0.9333333333333333,0.7142857142857143,0.705707082282833,0.0,0.0,0.0,0.0,0.0,0.33333333333333326,0.0,0.0,0.0,0.6666666666666667,0.0,0.9002878377797826,0.6000000000000001,0.0,0.7958078602620087,0.0,0.0,0.48206896551724143,0.0,0.0,0.0,0.0,0.8237704918032787,0.0,0.0,0.0,0.0,0.14102564102564086,0.5759430427179615,0.7487191998048305,0.0,0.3385284523378036,0.6282505910165485,0.5577724836212032,0.0,0.0,0.5863247863247865,0.161167374496352,0.5557055030739241,0.15384615384615385,0.36801375752364573,0.0,0.6666666666666667,0.20512820512820518,0.0,0.01638530287984097,0.0,0.0,0.0,0.0,0.0,0.0,0.0,0.5263157894736843,0.4696920583468396,0.5081967213114753,0.6923076923076923,0.2932692307692307,0.2857142857142857,0.22222222222222232,0.2500000000000001,1.0,0.6057339449541284,0.0,0.5193953223046206,0.8571428571428572,0.8095238095238095,0.0,0.6373626373626373,0.6666666666666666,0.0,0.0,0.0,0.33333333333333326,0.0,0.0,0.0,0.4565591180337817,0.0,0.19999999999999996,0.21052631578947367,0.0,0.6666666666666667,0.0,0.38888888888888884,0.5,0.0,0.0,0.75,0.36,0.6000000000000001,0.75,0.0,0.0,0.25,0.0,0.0,0.5,0.2116959064327486,0.20000000000000007,0.0,0.16666666666666663,0.0,0.2716202783300199,0.4999999999999999,0.4509966777408638,0.0,0.0,0.0,0.0,0.25,0.19999999999999996,0.0,0.0,0.4444444444444444,0.7831245880026367,0.1623931623931626,0.0,0.0,1.0,0.0,0.17391304347826086,0.0,1.0,0.0,0.0,0.0,0.5511904761904762,0.0,0.0,0.25778863775198524,0.0,0.7692307692307692,0.0,1.0,0.36363636363636365,0.08333333333333326,0.27350427350427353,0.6666666666666667,0.0,0.052631578947368474,0.6666666666666666,0.0,0.0,0.5,0.0,0.0,0.0,0.07162687395891187,0.8666666666666667,0.0,0.5551401869158878,0.0,0.0,0.0,0.39311043566362713,0.2566171723692705,0.3653287959163247,0.5924812030075188,0.6163011387600168,0.3309831570701134,1.0,1.0,0.0,1.0,0.21800116890707188,0.5,0.67601246105919,0.0,0.0,0.8,0.0,0.0,0.0,0.0,0.0,0.0,0.8476425052779732,0.0,1.0,0.2068965517241379,0.6499369800857071,0.0,0.6666666666666667,0.0,0.0,1.0,0.0,0.0,0.5,0.0,0.8554432145036173,0.07552148781100798,0.4336283185840708,0.6233817591474837,0.0,0.0,0.0,0.0,0.0,0.0,0.6666666666666667,0.0,0.0,0.0,0.0,0.0,0.0,0.0,0.0,0.15294815987336774,0.0,0.07182021777743475,0.0,0.0,1.0,0.0,0.0,0.0,0.0,0.8934441115045855,0.0,m2
0.0,0.0,0.0,0.0,0.8552388763584171,0.0,0.0,0.0,0.0,0.0,0.0,0.0,0.0,0.0,0.0,0.5886832809411155,0.7702578268876611,0.0,0.0,0.0,0.0,0.0,0.0,0.7494780793319415,0.32086817088535113,0.0,0.0,0.7602256699576869,0.0,0.0,0.0,0.0,0.0,0.0,0.7988879464706437,0.8649950728128764,0.0,0.0,0.0,0.0,0.14920774647887314,0.0,0.341120785663663,0.48279672509920135,0.48090948090948105,0.7984420642648491,0.6175464749210804,0.5288573438199373,0.9625513776830568,0.0,0.4374896010116137,0.6666666666666667,0.0,0.06351160071389006,0.0,0.0,0.0,0.047020739602765205,0.7963763793617656,0.5788715590991096,0.5561075277432795,0.2330255930816877,0.5574651432997675,0.4716471647164716,0.0,0.0,0.35387323943661975,0.055445544554455606,0.9631989596879064,0.0,0.05921052631578949,0.49493180980464424,0.0,0.5470154342031861,0.0,0.31699346405228757,0.0,0.05534883720930239,0.6666666666666667,0.0,0.0,0.0,1.0,0.0,0.025711159737418,0.44444444444444453,0.39015323238734256,0.842501447596989,0.1428571428571428,0.9491525423728814,1.0,0.0,0.5,0.5487149822328734,0.6000000000000001,0.0,0.0,0.0,0.0,0.28621908127208484,1.0,0.2516431924882627,0.5714285714285714,0.0,0.3031441291040624,0.6428571428571428,0.0,0.0,1.0,0.0,0.75,0.45827518838961767,0.6565420560747663,0.0,0.0,0.0,0.9166666666666666,0.8710331692596898,0.21313923105636423,0.0,0.45833333333333337,0.23900163872431612,0.12092534174553116,0.0,0.0,0.6545048399106477,0.75,0.0,0.7918307086614174,0.583941605839416,0.5065082980800519,0.11111111111111105,0.0,0.0,0.0,0.0,0.8316528753216049,0.6666666666666667,0.5988296488946685,0.011225188227241722,0.0,0.15290269828291092,0.0,0.0,0.8111888111888111,0.0,0.36543029417138684,0.33333333333333337,0.8571428571428572,0.484080794248545,0.75,0.0,0.5,0.0,0.0,0.35089556351612017,0.7,0.6650746787078847,0.43970242756460465,0.4652915291529153,0.4154441184315818,0.7222222222222222,0.9003488879197558,0.0,0.0,0.4930523744083066,0.532938022906344,0.5497395187298437,0.7330081300813008,0.6052452401966966,0.663963546493667,0.0,0.0,0.15384615384615385,0.07790055248618777,0.5,0.8366845740598619,0.0,0.2888264230498946,0.0,0.0,0.0,0.0,0.0,0.0,0.0,0.0,0.5674032291451045,0.0,0.0,0.5726563185126721,0.0,0.0,0.730150422952653,0.48843464228079625,0.0,0.962313257813181,0.0,0.0,0.0,0.6775851393188854,0.9186973144778663,0.3761701310546781,0.23638804700377514,0.0,0.0,0.0,0.0,0.0,0.0,0.0,0.0,0.0,0.0,0.994016454749439,0.6649190205397073,0.0,0.0,0.0,0.0,0.0,0.0,0.7853150750967898,0.0,0.0,0.0,0.0,0.5,0.0,0.8843859708919868,0.8125,0.0,1.0,0.0,0.0,0.6754966887417219,0.0,0.0,0.0,0.0,0.0,0.0,0.0,0.0,0.0,0.0,0.6340997475608924,1.0,0.0,0.0,0.0,0.0,0.0,0.0,0.9775561097256857,0.0,0.0,0.0,0.5189873417721519,0.0,0.0,0.0,0.0,0.0,0.25,0.8841698841698842,0.7391304347826086,0.0,0.0,0.0,0.0,0.1396103896103894,0.0,0.5617206109009388,0.6559028292104874,0.0,1.0,0.805128205128205,0.7648396469887563,0.9641909814323607,0.0,0.34593175853018376,1.0,0.9184161573212862,0.7341584158415841,0.0,0.0,0.36,0.14491614255765184,0.9117624313664836,0.7888679769214156,0.7026047955839227,0.5714285714285714,0.7233210017074558,0.7270471464019851,0.18887015177065758,0.15286259541984748,0.5838150289017342,0.0,1.0,0.0,0.0,0.6262188515709644,0.0,0.605724838411819,0.75,0.2500000000000001,1.0,0.0,1.0,1.0,0.0,0.5,1.0,0.06471679580923273,0.18316100443131456,0.75,0.5650406504065042,1.0,0.0,1.0,0.6000000000000001,0.14632983794089605,1.0,0.7715834301200155,1.0,0.0,0.0,0.0,0.0,0.8571428571428572,1.0,0.5555555555555556,0.8571428571428571,0.0,0.33470564018114457,0.75,0.0,0.1428571428571428,0.5,0.0,1.0,0.48187182373205095,0.07073954983922803,0.0,0.562776025236593,0.3765743073047859,0.4947478991596639,1.0,0.2727272727272728,0.0,0.5416666666666667,0.6195555555555556,0.0,0.0,0.593872870249017,0.7219983883964545,1.0,0.0,0.8165429480381761,0.33333333333333337,0.9060961756910262,0.0,0.6666666666666667,0.0,1.0,0.0,0.29591836734693866,1.0,0.9411392405063291,1.0,0.0,0.484375,0.0,0.44999999999999996,0.3529411764705882,0.0,0.0,0.6000000000000001,1.0,0.16129032258064502,0.0,0.0,1.0,0.0,0.5,0.759937286728765,1.0,0.8584650983416892,0.0,0.830735343951203,0.43333333333333335,0.9583333333333334,1.0,0.0,0.6989247311827957,0.0,0.0,0.0,0.9818649818649818,0.856978527607362,0.7105073649754501,0.0,0.21292775665399244,0.0,0.4895056467078629,1.0,0.763767345162694,0.44999999999999996,0.4,0.0,1.0,1.0,0.0,0.0,0.0,0.0,0.37038689172289085,0.8838095238095238,0.0,0.7121212121212122,0.7922783738001129,0.0,0.5,0.8479183673469388,0.0,0.0,0.9664415534416657,0.0,0.0,0.0,0.6986229766668667,0.964596548163446,0.0,0.38883934259141284,0.0,0.0,0.0,0.0,0.0,0.0,0.0,0.0,0.0,0.0,0.9360560305621248,0.6530014641288433,0.0,0.0,0.0,0.0,0.0,0.7620244620558833,0.4966341257421071,0.0,0.75,0.6666666666666667,0.0,1.0,0.0,0.9190049922533998,0.8012048192771084,1.0,0.0,0.0,0.0,0.6294117647058823,0.0,0.0,0.0,0.0,0.0,0.0,0.0,0.0,0.0,0.0,0.48583106267029974,0.925065731814198,0.0,0.0,0.0,0.0,0.0,0.0,0.709828674481515,0.6720302375809935,0.0,0.0,0.7639902676399027,0.0,0.0,0.0,0.0,0.0,0.0,1.0,0.8689672418104526,0.0,0.0,0.0,0.0,0.0,0.0,0.40931239848402823,0.5301620130989314,0.8245614035087718,0.6669181440965675,0.43112272677774144,0.0,0.7692307692307692,0.0,0.0,0.6666666666666667,0.3076923076923077,0.0,0.0,0.0,0.0,0.05882352941176461,0.5396825396825398,0.0,0.27543314082629944,0.05714285714285716,0.3087315130830488,0.28666666666666674,0.0,0.1791187739463601,0.0,0.2857142857142856,0.5555555555555556,0.5,0.0,0.6057339449541284,0.23076923076923073,0.535015447991761,1.0,0.42116182572614114,0.0,0.4220055710306406,0.6666666666666666,0.0,0.0,0.0,0.0,0.10441767068273089,0.17924528301886788,0.4285714285714285,0.5525215252152522,0.5240038406144985,0.19999999999999996,0.6842105263157894,1.0,0.0,0.0,0.38888888888888884,0.0,0.0,1.0,0.5,0.0,0.0,0.75,0.0,0.0,0.0,0.0,0.0,0.0,0.0,0.5142857142857142,0.0,0.33333333333333326,0.03798925556408295,0.8382222222222222,0.75,0.0,0.07933740191804695,0.0,0.41495601173020535,0.0,0.25,0.0,1.0,0.7815513626834382,0.2222222222222221,0.6304347826086957,0.0897959183673469,0.0,0.0,0.14193548387096777,0.7142857142857143,0.029159519725557526,0.2857142857142857,1.0,0.2320390170699681,0.0,0.0,0.552342524097736,0.0,0.3957894736842106,0.3549175320708613,0.0,0.31746031746031755,0.0,0.0,0.0,0.0,1.0,0.33333333333333337,0.0,0.0,0.6666666666666666,0.0,0.0,0.0,0.5,0.0,0.25,0.0,0.6923076923076923,0.43797671617824163,0.0,0.5555555555555556,0.656429294633817,0.0,0.0,0.937389770723104,0.6945219123505977,0.7451552959915052,0.7757275411218895,0.24194476409666288,0.9201426024955437,0.0,0.0,0.0,0.5751022793687901,0.0,0.582089552238806,0.0,0.3979274611398964,0.0,0.0,0.0,0.0,0.0,0.0,0.0,0.0,0.4582602414611495,0.0,0.22413793103448265,0.277661200487034,1.0,0.0,0.46478873239436624,0.0,1.0,0.9686893739572514,0.0,0.0,0.0,0.6563520555877244,0.8808250572956455,0.448087431693989,0.06401667154642376,0.0,0.0,0.0,0.0,0.0,0.0,0.0,0.0,0.0,0.0,0.9211889214140959,0.8642010163749294,0.0,0.0,0.0,0.26564976228209203,0.0,0.0,0.7482172243554581,0.0,1.0,0.0,0.0,0.0,0.0,0.869491704533446,0.75,m2
0.0,0.0,0.0,0.0,0.0,0.0,1.0,0.0,0.3842251840063656,0.0,0.0,0.5392265193370165,0.0,0.0,0.0,0.8827170915639597,0.0,0.9055555555555556,0.0,0.5715633726787013,0.5599195436922451,0.0,0.0,0.0,0.0,0.0,0.0,0.0,0.0,0.0,0.0,0.0,0.0,0.0,0.0,0.0,0.0,0.7673119713171241,0.0,0.0,0.28838055452615974,0.0,0.2532039619971699,0.9534736508941288,0.8741524274477895,0.3834903544190219,0.06721325850578763,0.45358161083392734,0.681366047745358,0.2356536502546689,0.5038451527412979,0.33333333333333337,0.2991615853658537,0.48059581858259304,0.39118092964743056,0.0,0.0,0.06641967353951883,0.716885743174924,0.9766319008917679,0.390259929906542,0.12923076923076926,0.7343548171573651,0.0,0.1578947368421052,0.635428288087269,0.39152981849611057,0.0,0.12617030762371828,0.29931972789115635,0.0,0.0,0.0,0.007466892082276577,0.33333333333333337,0.4545454545454545,0.0,0.06882591093117407,0.0,0.8,1.0,0.6666666666666667,1.0,0.6115626437662937,0.3551546391752576,0.5555555555555556,0.0,0.0,0.0,0.0,0.41666666666666663,0.0,0.5,0.204192401272693,0.6000000000000001,0.13686586669834855,0.0625,0.09670329670329691,0.0,0.3066132264529058,0.4285714285714285,0.41848739495798315,0.8571428571428572,0.515897435897436,0.3100339538695702,0.0,0.0,0.9236148466917697,0.15000000000000002,0.0,0.5,0.6829951256611471,0.0,1.0,0.1981957721825771,0.4482758620689655,0.0,0.5434497930962233,0.7049180327868853,1.0,0.0,0.45378690629011575,0.3769123783031987,0.8462482109997955,0.020022762719723586,0.0,0.75,0.0,0.0,0.8717948717948718,0.0,0.0,0.0,1.0,1.0,0.0,0.6360475627564148,0.6666666666666667,0.0,0.8685956994956199,0.0,0.0,0.0,0.8228882833787465,0.8111888111888111,0.0,0.0,0.33333333333333337,0.8571428571428572,0.6017728168089298,0.0,1.0,0.5,0.0,0.0,0.43499497534413045,1.0,0.6585257548845471,0.0,0.0,0.9780546773293658,0.4722222222222222,0.6783193779904306,0.0,0.7802580380913373,0.7280821917808219,0.2706342811097041,0.0,0.28364389233954446,0.800644997029619,0.5189578544061303,0.0,0.7355102040816326,0.0,0.7634408602150538,0.6666666666666666,0.3807387862796834,0.3076923076923077,0.7100515463917526,0.75,0.6000000000000001,0.0,0.9391878641864635,0.0,0.0,0.0,0.04963138493944175,0.633066622098732,0.0,0.14419159994381237,0.0,0.9767193139932393,0.9420289855072463,0.31763656353413305,0.48392652123995405,0.0,0.0,0.0,0.0,0.0,0.9765768040911673,0.0,0.574712643678161,0.6284922746130415,0.0,0.0,0.0,0.0,0.0,0.0,0.0,0.0,0.0,0.0,0.9087551596784705,0.0,0.0,0.0,0.0,0.16045450971141006,0.9782608695652174,0.6210112155459844,0.8069609438011784,0.0,1.0,0.9130434782608696,0.0,0.5,0.0,0.0,0.96875,0.0,0.0,0.0,0.0,0.0,0.0,1.0,0.0,0.44626059420694797,0.0,0.0,0.8,0.0,0.0,0.0,0.9022318783330041,0.0,0.7435897435897436,0.0,0.8596178019055253,0.893762998732997,0.0,0.0,0.0,0.20469918120327535,0.0,0.0,0.0,0.0,0.0,0.0,0.0,0.0,0.0,0.0,0.0,0.0,0.7748182105595953,0.0,0.0,0.613395715341049,0.0,0.43154761904761907,0.8137711345258515,0.9083163220023076,0.5898043864848844,0.6988871917957671,0.4082489210553636,0.8689788053949904,0.0,0.8221590909090909,0.0,0.0,0.5480952380952381,0.35600248807795987,0.0,0.0,0.14491614255765184,0.7292011932383162,0.9975258124375506,0.2791939373062349,0.0,0.9210022475651378,0.0,0.0,0.29973474801060995,0.6157894736842104,0.8022813688212928,0.6296296296296297,0.4568965517241379,0.0,0.030055248618784502,0.0,0.0,1.0,0.2500000000000001,1.0,0.04418155480444219,0.0,1.0,0.0,1.0,1.0,0.8196982883666957,0.18316100443131456,0.75,0.0,0.5123966942148761,0.0,0.0,1.0,0.10830172777075431,1.0,0.24679362611737277,1.0,0.0,0.12137780207763815,0.36363636363636365,0.0,0.8571428571428572,0.36363636363636365,0.4274999999999999,1.0,0.0,0.33565288579615216,0.0,0.0,0.8095238095238095,0.0,0.0,1.0,0.7838058887677208,0.0,0.8125,0.16109422492401204,0.7455919395465995,0.0,0.42307692307692313,0.6363636363636365,0.75,0.5416666666666667,0.26655134455103,0.3071585098612125,0.8928571428571428,0.1114257706132229,0.0,1.0,0.0,0.4973919523099851,0.6666666666666667,0.0,0.33333333333333337,0.6666666666666667,0.8895881006864989,1.0,0.0,0.6287311063127143,1.0,0.06776964683423481,0.7560975609756098,0.0,0.0,0.0,0.9,0.3529411764705882,0.0,0.3667117726657646,0.8,1.0,0.0,0.5,0.8571428571428572,1.0,0.0,0.5,0.759937286728765,1.0,0.9119560238204306,0.3429833169774289,0.15147407658420875,0.9622741063184277,0.39522653721682854,0.789282250242483,0.0,1.0,0.8537001706998695,0.0,0.0,0.5675285675285676,0.6790939122227466,0.3672789896670493,0.0,0.4371014492753623,0.0,0.6413404849505739,1.0,0.7803353864137033,0.65,1.0,0.6666666666666666,1.0,1.0,0.9476362713857958,0.0,0.0,0.0,0.0,0.9783183164061257,0.0,1.0,0.0,1.0,0.9558823529411765,0.2808508971245005,0.0,0.0,0.0,0.0,0.0,0.0,0.996802693087937,0.0,0.7738457932973987,0.48773699773873713,0.0,0.0,0.0,0.0,0.0,0.0,0.0,0.0,0.0,0.0,0.9014499320344359,0.0,0.0,0.0,0.0,0.7862608399931984,0.9826870796966662,0.9893685154348661,0.4911799491683232,0.0,0.75,1.0,0.0,1.0,0.0,0.0,1.0,1.0,0.0,0.0,0.0,0.0,0.0,0.0,0.0,0.2679949213790408,0.0,0.0,0.0,0.0,0.0,0.0,0.9119897959183674,0.0,0.6545601291364003,0.0,0.12951511298618734,0.5071592597595569,0.0,0.0,0.0,0.5896520963425513,0.0,0.0,0.0,0.0,0.0,0.0,0.0,0.0,0.0,0.0,0.0,0.33333333333333326,0.5759430427179615,0.0,0.0,0.0,0.0,0.38083723741876974,0.39142695995487864,0.3027505999630793,0.0,0.0,0.8709040235949888,0.0,0.0,0.0,0.6666666666666667,0.0,0.46096345514950177,0.03184713375796189,0.0,0.25,0.25356633380884475,0.8125,0.8976301001710237,0.7910353535353536,0.0,0.5263157894736843,0.0,0.09836065573770503,0.48921568627450973,0.0,0.0,0.7052154195011338,0.0,0.0,0.0,0.5,0.0,0.2857142857142858,0.5952380952380952,0.0,0.0,0.6666666666666666,0.8,0.0,0.5,0.0,0.7832140015910899,0.0,0.5714285714285714,0.0,0.0,0.0,0.0,0.0,0.6666666666666667,0.0,0.75,0.0,0.4259818731117825,1.0,0.0,0.0,0.0,0.5,0.0,0.5,0.25,0.0,0.0,0.0,0.7412451361867703,0.10909090909090913,0.0,0.33333333333333326,0.2482915717539863,0.5658548707753479,0.6140350877192982,0.0,0.5375375375375375,0.0,0.05960264900662249,0.7300613496932515,0.25,0.0,0.0,0.0,0.0,0.1374095989480606,0.36448598130841114,0.0,0.0,0.0,0.7142857142857143,0.26923076923076916,0.0,1.0,0.24233128834355844,0.0,0.0,0.2337301587301588,0.0,0.2507552870090637,0.0,0.0,0.5396825396825395,0.0,0.0,0.0,0.0,0.0,0.0,0.0,0.052631578947368474,0.0,0.5,0.0,0.0,0.5,0.0,0.25,0.0,0.0,0.0,0.8571428571428572,0.7777777777777778,0.0,0.0,0.7854406130268199,0.2566171723692705,0.6965352449223416,0.6244784422809457,0.0,0.9589824492210609,0.9201426024955437,0.0,0.0,0.0,0.3312095667516173,0.5,0.2680306905370844,0.29268292682926833,0.6931818181818181,0.8,0.6000000000000001,0.0,0.927956190318941,0.0,0.0,0.0,0.045038705137227186,0.527769742551345,0.0,0.2068965517241379,0.7981553138156774,0.8461538461538461,0.6666666666666667,0.16182508436445453,0.0,0.0,0.0,0.0,0.0,0.0,0.9580101106946745,0.0,0.004424778761061843,0.6841361968895854,0.0,0.0,0.0,0.0,0.0,0.0,0.0,0.0,0.0,0.0,0.9198283261802576,0.0,0.0,0.0,0.0,0.0,1.0,0.5212028032036615,0.8202080237741456,0.0,0.5,0.0,0.0,0.0,0.0,0.0,0.9375,m2
0.0,0.0,0.0,0.0,0.8044907778668805,0.7070504855262553,0.0,0.0,0.0,0.7591512384816975,0.0,0.0,0.0,0.0,0.4,0.0,0.0,0.0,0.0,0.0,0.0,0.0,0.7373658766654876,0.0,0.0,0.0,0.5983193277310924,0.7605788204341153,0.14461216559557621,0.0,0.0,0.0,0.0,0.0,0.0,0.0,0.47390642948061223,0.0,0.0,0.0,0.0,0.5296053511705686,0.0,0.0,0.48090948090948105,0.26416733010060056,0.0,0.6072754109933364,0.6383894003269379,0.9484918793503481,0.4895200925122868,0.6666666666666667,0.26154972097703766,0.0,0.46074533092348735,0.23749650740430273,0.0,0.046526939536925216,0.3845943107620656,0.7907471129767417,0.5676423474588612,0.2411873840445269,0.3448726693951796,0.0,0.631578947368421,0.0,0.39152981849611057,0.0,0.09872159090909094,0.6231884057971013,0.43312883435582805,0.49493180980464424,0.8571428571428572,0.6139389193422083,0.2857142857142857,0.358490566037736,0.0,0.0,0.0,0.4,0.0,0.0,0.0,0.0,0.5990716864363074,0.22222222222222232,0.0,0.23220353028921858,0.0,0.8587570621468926,0.6666666666666667,0.5874794561482146,0.5,0.6494504586397818,0.6000000000000001,0.0,0.0625,0.0,0.0,1.0,1.0,0.3664965986394557,0.5714285714285714,1.0,0.97132322818517,0.0,0.0,0.9301889153008883,0.66,0.0,0.75,0.6810518982932776,0.6514423076923076,0.20128824476650564,0.0,0.4488517745302715,0.9166666666666666,0.41093111705874075,0.864696734059098,0.46902654867256655,0.0,0.5116331347645274,0.0,0.789850357839948,0.3919235511713933,0.4756238003838772,0.75,0.0,0.0,1.0,0.7928438752566234,0.0,0.0,0.0,0.875,0.0,0.5225408293821028,0.6666666666666667,0.0,0.0,0.0,0.0,0.6666666666666667,0.2997275204359672,1.0,0.490092879256966,0.0,0.6666666666666667,0.8571428571428572,1.0,0.75,0.7777777777777778,0.5,0.8571428571428571,0.5,0.43810486221773093,0.7,0.669472898436528,0.7634508348794063,0.5496531741153743,0.0,0.0,0.5792599727104902,0.8333333333333334,0.0,0.0,0.0,0.6619436439321166,0.0,0.6561850596084435,1.0,0.0,0.05054479418886204,1.0,0.0921095711011678,0.0,0.0,0.0,0.0,0.0,0.0,0.0,0.0,0.0,0.0,0.620553761147338,0.8001579778830964,0.42390740106692004,0.8348186268356973,0.025026923257011946,0.7557913808722662,0.9704713504660517,0.0,0.21360444397861844,0.5965572888649813,0.0,0.0,0.0,0.07692307692307698,0.0,0.3442735042735041,0.37762428428610384,0.6864609126282277,0.5324140769705701,0.0,0.0,0.0,0.0,0.0,0.8644071986551962,0.0,0.0,0.0,0.0,0.0,0.0,0.0,0.0,0.0,0.0,0.0,0.2510236503701928,0.0,0.0,0.0,0.4076704545454546,0.7685972022486599,0.0,0.0,0.9070027340397933,0.0,0.0,0.0,0.0,0.0,0.801731078904992,0.6714285714285715,0.0,0.0,0.0,1.0,0.0,0.0,0.0,0.0,0.5,0.0,0.0,0.0,0.0,0.0,0.0,0.0,0.8270940380066878,0.0,0.0,0.0,0.8,0.5189873417721519,0.5896718277434208,0.0,0.0,0.0,0.0,0.25,0.0,0.0,0.6251984126984127,0.0,0.0,0.0,0.0,0.7403366876704599,0.0,0.0,0.0,0.591236494597839,0.6387278828553996,0.7769338324838753,0.7381174277726001,1.0,0.34593175853018376,1.0,0.0,0.6373809523809524,0.0,0.2325383304940375,0.0,0.14491614255765184,0.7894736842105263,0.8042495003681498,0.7026047955839227,0.5714285714285714,0.7322708491441099,0.0,0.924119241192412,0.19846856860565631,0.6157894736842104,0.31218274111675126,0.0,0.8189655172413793,0.947075208913649,0.744509104561667,0.7452380952380953,0.605724838411819,1.0,0.2500000000000001,1.0,0.0,0.0,1.0,0.0,0.5,0.0,0.045702245150039955,0.8222849083215797,0.0,0.0,0.49934469200524245,0.0,1.0,1.0,0.9726027397260274,1.0,0.8797216699801192,1.0,0.42391304347826086,0.140068886337543,0.0,0.0,1.0,1.0,0.5625,0.8571428571428571,1.0,1.0,0.0,1.0,0.8095238095238095,0.5,0.0,1.0,0.826635354721412,0.751412429378531,0.0625,0.0,0.767094017094017,0.1875,0.42307692307692313,0.8181818181818182,1.0,0.5416666666666667,0.37023080546396614,0.0,0.8571428571428572,0.0,0.583771600300526,1.0,0.0,0.0,0.6666666666666667,0.7044984899062152,0.33333333333333337,0.6666666666666667,0.0,1.0,0.0,0.6546943919344675,1.0,0.8706954760297096,0.0,0.0,0.0,1.0,0.44999999999999996,0.8235294117647058,0.7549770290964778,0.2941176470588235,0.8,1.0,1.0,1.0,0.8571428571428572,1.0,1.0,1.0,0.9374803644360666,1.0,0.9059944867541934,0.7252208047105004,0.830735343951203,0.07685694635488305,0.0,0.38847305389221554,0.8823529411764706,0.0,0.0,0.2775041050903121,1.0,0.0,0.9309355692850838,1.0,0.0,0.0,0.0,0.48702331961591216,0.0,0.0,0.44999999999999996,1.0,0.0,1.0,1.0,0.0,0.0,0.0,0.6760481816075978,0.8269697972302311,0.11620689655172456,0.8840195016251354,0.7396069538926682,0.875728353835145,0.9775208734746307,0.0,0.33920123430398463,0.7991071428571428,0.0,0.0,0.0,0.10526315789473684,0.0,0.19958338757974226,0.5569255865278511,0.742430613961312,0.0,0.0,0.0,0.0,0.0,0.0,0.9283455949413266,0.0,0.0,0.0,0.0,0.0,0.0,0.0,0.0,0.0,0.0,0.0,0.7094739981678349,0.0,0.0,0.0,0.0,0.7777777777777778,0.5,0.0,0.9516306339318431,0.0,0.0,0.0,0.0,0.0,0.6945010183299389,0.593969592436438,0.0,0.0,0.0,0.6686246708527446,0.0,0.0,0.0,0.0,0.33333333333333326,0.0,0.0,0.0,0.0,0.0,0.0,0.0,0.8260607185962306,0.0,0.0,0.0,0.47783621337340343,0.7117008443908324,0.8955223880597015,0.0,0.0,0.0,0.0,0.0,0.0,0.0,0.0,0.4516599781101788,0.0,0.0,0.0,0.30384419551934827,0.0,0.0,0.6747708995698523,0.0,0.0,0.4677154863175157,0.0,1.0,0.6077235772357723,0.6666666666666667,0.0,0.0,0.0,0.5,0.0,0.1438356164383563,0.446969696969697,0.4707166242269917,0.18765957446808512,0.05714285714285716,0.3087315130830488,0.0,0.49240121580547114,0.0,0.0,0.0,0.6546546546546548,0.2500000000000001,0.8571428571428572,0.6469298245614035,0.5384615384615385,0.4461732548359967,0.2857142857142858,0.0,0.0,0.0,0.6666666666666666,0.4,0.0,0.0,0.33333333333333326,0.0,0.4764150943396226,0.5714285714285714,0.0,0.3247811651071537,0.0,0.21052631578947367,0.8571428571428572,0.4347826086956522,0.0,0.7777777777777778,0.0,0.0,0.0,0.5,0.0,1.0,0.75,0.0,0.0,0.5,0.7142857142857142,0.0,0.5,0.9604863221884499,0.0,0.0,0.33333333333333326,1.0,0.0,0.33333333333333337,0.5911228689006467,0.34838709677419366,0.0,0.23495883470550982,0.0,0.0,0.0,0.7560975609756098,0.7798742138364779,0.4444444444444444,0.0,0.0,0.0,0.0,0.5,0.5714285714285714,0.0,0.0,0.6666666666666667,0.0,0.0,0.0,0.2284241201524322,0.0,0.0,0.3928571428571429,0.0,0.7692307692307692,0.0,1.0,0.36363636363636365,0.08333333333333326,0.0,0.6666666666666667,0.0,0.6843434343434343,0.6666666666666666,0.5,0.0,0.0,0.5,0.14841564187650458,0.25,0.0,0.8666666666666667,0.40113185235239457,0.0,0.0,0.0,0.0,0.6080486980047344,0.0,0.0,0.49899933288859233,0.6163011387600168,0.40856550088915233,1.0,0.0,0.023363738198111772,0.11111111111111116,0.5661634973534602,0.5,0.510612973616346,0.0,0.0,0.0,0.0,0.0,0.0,0.0,0.0,0.5967741935483871,0.6530612244897959,0.4575338029309368,0.4441087613293052,0.0,0.7094764039820656,0.3872340425531916,0.6666666666666667,0.12884015781774105,0.9732142857142857,1.0,0.0,0.0,0.0,0.0,0.0,0.4956438878301117,0.010928961748634003,0.11343530384456357,0.0,0.0,0.0,0.0,0.0,0.5563454875136891,0.0,0.0,0.0,0.0,0.0,0.0,0.0,0.0,0.0,0.15294815987336774,0.0,0.14827072646036754,0.0,0.0,0.0,0.3571428571428572,0.766109785202864,0.0,0.0,0.8963110227523746,0.0,m2
0.0,0.0,0.0,0.0,0.0,0.0,0.0,0.0,0.0,0.6627779803135254,0.0,0.0,0.0,0.0,0.0,0.0,0.0,0.0,0.33333333333333326,0.0,0.0,0.5,0.0,0.0,0.0,0.0,0.0,0.0,0.22703543556211792,0.0,0.0,0.0,0.8931419457735248,0.0,0.0,0.0,0.45324147677088844,0.0,0.0,0.0,0.23245492371705978,0.6279063545150502,0.8536103869808408,0.0,0.0,0.039880358923230386,0.13062188401994246,0.5953862660944207,0.0,0.0,0.7999321639693768,0.0,0.0,0.0,0.32961203118512705,0.23725271663415992,0.0,0.046526939536925216,0.9143254090768755,0.7609584650412256,0.0,0.2103432802333406,0.6147057137944869,0.931909810362849,0.1578947368421052,0.0,0.38930457746478864,0.9201320132013201,0.7692909280500522,0.6301369863013699,0.0,0.13324732768153325,0.8378378378378378,0.0,1.0,1.0,0.0,0.25306416726748393,0.0,0.4,0.0,0.0,1.0,0.5531149301825993,0.3294810534503836,0.44444444444444453,0.4735807001442244,0.43206273937625395,0.8571428571428571,0.45197740112994356,1.0,0.4711095356256646,0.5,0.5487149822328734,0.5,0.193168433451119,0.78125,0.0,0.735166872682324,0.7695390781563126,0.0,0.3807574206755373,0.8571428571428572,0.0,0.3192182410423453,0.0,0.0,0.005746358412401342,0.0,0.46506428172163217,0.0,0.4355863662622762,0.5043616177636796,1.0,0.0,0.8622129436325678,0.9166666666666666,0.0,0.2084115659031167,0.6194029850746269,0.0,0.16474831425435155,0.0,0.0,0.02326263727051725,0.41666666666666663,0.75,0.0,0.6130690161527166,0.0,0.2864413680781759,0.11111111111111105,0.25,1.0,0.875,0.0,0.4570024570024571,0.6666666666666667,0.18591736085208665,0.6011705685618729,0.0,0.7657681235278723,0.0,0.2997275204359672,0.42105263157894735,0.8331085637221848,0.10999451854558728,0.33333333333333337,0.8571428571428572,1.0,0.75,1.0,0.5,0.0,0.0,0.43090656615750855,0.0,0.43887489903549204,0.9029999396390415,0.46624688827061067,0.0,0.41666666666666663,0.5071714828095338,0.0,0.11333207618329255,0.4751017244720016,0.532938022906344,0.1096502108657903,0.6152731326644371,0.6105995234722132,1.0,0.0,0.0535714285714286,1.0,0.8651312147049053,1.0,0.30883322346736974,0.3076923076923077,0.0,0.0,0.6000000000000001,0.0,0.0,0.0,0.0,0.0,0.08567828643427122,0.0,0.0,0.14419159994381248,0.3033296820878921,0.5675433353257622,0.0,0.5203280109427266,1.0,0.76,0.0,0.0,0.07692307692307698,0.6335209245234952,0.008702975856260453,0.5780983661081778,0.0,0.6349726339339219,0.0,0.0,0.0,0.0,0.0,0.8644071986551962,0.0,0.0,0.0,0.0,0.0,0.0,0.0,0.0,0.9159935379644588,0.4417781421172263,0.0,0.09417508570833788,0.0,0.0,0.2500000000000001,0.0,0.0,0.5,0.0,0.9071222856687295,0.0,0.0,0.0,0.0,0.0,0.0,0.0,0.0,0.0,0.0,0.5454545454545454,0.0,0.0,0.0,0.0,0.0,0.0,0.0,0.0,0.5,0.0,0.0,0.0,0.0,0.0,0.15052660374777727,0.0,0.0,0.0,0.5239205298013245,0.0,0.0,0.0,0.43324250681198895,0.25,0.0,0.0,0.6843135213906526,0.0,0.0,0.0,0.0,0.8468018143108396,0.9013191708069214,0.0,0.14855875831485577,0.008054522924411445,0.07826982492276002,0.9035462114026768,0.0,0.0,0.9506561679790027,1.0,0.45572755417956656,0.7362637362637363,0.0,0.2222222222222222,0.0,0.17948717948717952,0.931815942457385,0.770066498079985,0.0,0.0,0.36489068138399505,0.9064824654622742,0.0,0.11407742067974114,0.8473684210526315,1.0,1.0,0.8125,0.4370629370629371,0.0,0.682608695652174,0.0,0.5,0.75,1.0,0.2774566473988438,1.0,0.5,0.0,0.5,1.0,0.8210094319245446,0.43582510578279265,0.75,1.0,0.5552486187845305,1.0,0.3392857142857143,0.6000000000000001,0.0,1.0,0.7723577235772358,0.7,0.5748031496062993,0.8974358974358975,0.36363636363636365,0.5959510754955715,1.0,0.36363636363636365,0.4274999999999999,1.0,0.0,0.4212389380530973,0.0,0.09999999999999998,0.0,0.0,1.0,1.0,0.4585454231731516,0.48454981353223225,0.9375,0.26929674099485423,0.9143576826196473,0.75,1.0,0.2727272727272728,1.0,0.5416666666666667,0.6155018855813208,0.46269335759781616,0.0,0.11557994757536039,0.8645533141210375,1.0,0.0,0.7615658362989324,0.6666666666666667,0.6319310579430775,0.0,0.33333333333333337,0.8442815249266862,1.0,0.0,0.0,1.0,0.6522686025408349,1.0,0.0,0.8055555555555556,0.0,0.44999999999999996,0.8823529411764706,0.8686493184634448,0.23951285520974308,0.6000000000000001,1.0,0.5454545454545454,1.0,0.8571428571428572,1.0,0.0,1.0,0.9392234621414738,0.0,0.6608616780045352,1.0,0.830735343951203,0.08140074211502779,0.5202265372168284,0.38847305389221554,0.0,0.5537634408602151,0.6382621666977438,0.0,0.925,0.0,0.856978527607362,1.0,0.0,0.0,0.0,0.895034293552812,1.0,0.5872728140056289,0.65,1.0,0.0,1.0,1.0,0.0,0.0,0.0,0.0,0.0,0.9007741027445462,0.0,0.6405967450271248,0.9437950605921154,0.9048603929679421,0.0,0.7547142857142857,1.0,0.8181818181818182,0.0,0.0,0.10526315789473684,1.0,0.39656281591765463,0.8200359928014398,0.0,0.5691947133855847,0.0,0.0,0.0,0.0,0.0,0.9274096747089184,0.0,0.0,0.0,0.0,0.0,0.0,0.0,0.0,0.9220400222345747,0.8842410860320575,0.0,0.6673642962105357,0.0,0.0,0.0,0.6666666666666667,0.0,1.0,0.0,0.948441663770131,0.0,0.0,0.0,0.0,0.0,0.0,0.0,0.0,0.0,0.0,0.648619957537155,0.0,0.8333333333333334,0.0,0.0,0.0,0.0,0.0,0.0,0.6666666666666667,0.0,0.0,0.6000000000000001,0.0,0.0,0.0,0.0,0.0,0.0,0.040983606557377095,0.0,0.0,0.0,0.5625464453802329,0.0,0.0,0.0,0.0,0.39429012345679004,0.0,0.0,0.726938625505329,0.5034180730613118,0.7916156670746634,0.0,0.0,0.3864130434782608,0.2353212065392587,0.0,0.15384615384615385,0.0,0.7253246753246754,0.0,0.3076923076923077,0.0,0.0,0.20000000000000007,0.0,0.0685563612392881,1.0,0.4799376704324113,0.0,0.2857142857142857,0.7377701934015928,0.8444084278768234,0.09836065573770503,0.1791187739463601,0.25,0.8380952380952381,0.0,0.2500000000000001,0.0,0.0,0.5384615384615385,0.0,0.0,0.9024390243902439,0.0,0.4220055710306406,0.0,0.6,0.0,0.0,0.0,0.2648376259798433,0.2515723270440251,0.4285714285714285,0.5218774860779634,0.3493506493506494,0.8,0.21052631578947367,0.5714285714285714,0.6956521739130435,0.0,0.38888888888888884,0.5,1.0,0.0,0.0,0.5,1.0,0.5,0.0,0.5,0.0,0.0,0.0,0.5,0.2135179153094463,0.2785714285714287,0.17796610169491522,0.0,0.0,0.2564102564102564,1.0,0.0,0.8279569892473119,0.0,0.26943556975505845,0.0,0.0,0.0,0.04878048780487809,0.0,0.2222222222222221,0.16688481675392686,0.6857142857142857,0.0,0.0,0.14545454545454573,0.0,0.0,0.2857142857142857,1.0,0.24233128834355844,0.0,0.0,0.22797579018157388,0.0,0.0,0.6793924466338259,0.0,1.0,0.0,0.0,0.18181818181818177,0.6666666666666666,0.3447488584474886,0.33333333333333337,0.0,0.0,0.6666666666666666,0.5,0.0,0.0,0.0,0.22961271291274143,0.0,0.07162687395891187,0.7692307692307693,0.15101877746703962,0.0,0.0,0.0,0.0,0.3936422049374365,0.06852791878172582,0.6965352449223416,0.14892487390496423,0.6163011387600168,0.1389288281811646,1.0,0.0,0.025924147863658265,0.11111111111111116,0.0,0.5,0.31424766977363494,0.29268292682926833,0.0,0.0,0.6000000000000001,0.0,0.0,0.0,0.0,0.0,0.0,0.0,0.0,0.2068965517241379,0.0,0.6733021077283372,0.0,0.34174436090225546,1.0,0.5,0.0,0.0,0.0,0.656423950928102,0.4115409836065572,0.47309305466695095,0.0,0.6841361968895854,0.0,0.0,0.0,0.0,0.0,0.5667248908296942,0.0,0.0,0.0,0.0,0.0,0.0,0.0,0.0,0.7936132465996452,0.2331199669626266,0.0,0.0,0.0,0.0,1.0,0.3571428571428572,0.0,0.0,0.0,0.8934441115045855,0.0,m2
0.0,0.0,0.0,0.0,0.0,0.670676186041699,0.0,0.8699271592091571,0.3842251840063656,0.0,0.0,0.0,0.0,0.0,0.0,0.0,0.0,0.983206106870229,0.0,0.0,0.0,0.0,0.0,0.0,0.0,0.0,0.0,0.0,0.39469220984465936,0.0,0.0,0.0,0.0,0.0,0.0,0.0,0.0,0.14360658534504822,0.0,0.0,0.0,0.0,0.0,0.4261726408928661,0.5097061347061347,0.0,0.0,0.3278779359101963,0.3076111529766391,0.7469152360515021,0.485985360503966,0.0,0.031136065334694374,0.5733724380179381,0.8677541270594394,0.0,0.0,0.047020739602765205,0.0,0.0,0.39950871823782863,0.9040834642135965,0.5716113790727434,0.6641663572224286,0.1578947368421052,0.0,0.0,0.0,0.8027195720017833,0.3355704697986577,0.045292014302741324,0.0,0.8648648648648649,0.5944082544814797,0.0,0.5094339622641508,0.0,0.0,0.0,0.0,0.5,0.0,1.0,0.25515574650913,0.59139904433826,0.44444444444444453,0.2477089193358134,0.20168844686018272,0.0,0.0,0.41666666666666663,0.4548209675608935,0.5,0.0,0.6000000000000001,0.09738977846018859,0.0625,0.0,0.0,0.28621908127208484,0.0,0.0,0.8571428571428572,0.5320754716981132,0.7661380077907624,0.0,0.0,0.3751652842889771,0.15000000000000002,0.0,0.33333333333333337,0.3282828282828282,0.4979919678714859,0.052631578947368474,0.0,0.44896681277395123,0.5,0.5805376230288919,0.0,1.0,0.45833333333333337,0.24077766699900305,0.2947774272695409,0.8418839360807401,0.6120850271002709,0.6545048399106477,0.75,0.0,0.8529680365296803,0.0,0.45100875523410733,0.11111111111111105,0.0,0.11024182076813649,0.0,0.0,0.6360475627564148,0.6666666666666667,0.3536840106342575,0.48377716559534745,0.5,0.6946415897799858,0.0,0.2997275204359672,0.4736842105263158,0.0,0.18892746208660693,0.33333333333333337,0.8571428571428572,1.0,0.25,0.0,0.5,0.0,0.0,0.4350811485642946,0.0,0.41017800589712783,0.0,0.46413006219088193,0.9768127333464335,0.0,0.9142197795524246,0.0,0.05468602677729584,0.7402205258693808,0.0,0.3528837257119358,0.2722856306701785,0.3051682347728635,0.0,0.0,0.8883495145631068,0.0,0.09599999999999986,1.0,0.4644884184690905,0.3076923076923077,0.0,0.0,0.0,0.0,0.0,0.0,0.0,0.0,0.0,0.5819672785633869,0.0,0.12914438502673786,0.5651309397383465,0.9612315259059238,1.0,0.6317393247470848,0.7751300111908367,0.76,0.0,0.0,0.25,0.8985758051990143,0.9765768040911673,0.0,0.949690365320916,0.2249803591856986,0.0,0.0,0.0,0.0,0.5294296767752402,0.7376572352641118,0.0,0.0,0.0,0.0,0.96579476861167,0.0,0.0,0.0,0.9797109097839153,0.24794708029197077,0.0,0.05841695978237127,0.9184469225493433,0.0,0.0,0.0,0.0,0.5,0.0,0.6455667604592412,0.0,0.0,1.0,0.0,0.0,0.0,0.6714285714285715,0.0,0.7859195402298851,0.36274509803921573,0.0,0.0,0.0,0.0,0.0,0.0,0.0,0.0,0.6755718526279029,0.0,0.0,0.0,0.0,0.0,0.0,0.0,0.0,0.0,0.0,0.5039426921368282,0.0,0.0,0.17588440458395616,0.0,0.25,0.0,0.0,0.0,0.741550235828068,0.0,0.0,0.0,0.0,0.0,0.7176714560805807,0.9221481347990629,0.6506094022054556,0.3483033160701863,0.7209716307262444,0.34037558685446023,0.8936996118244251,0.34593175853018376,1.0,0.6713871902156421,0.7064763231197773,1.0,0.0,0.0,0.17948717948717952,0.0,0.0,0.314151190164792,0.9428571428571428,0.3645418326693227,0.2764900662251656,0.12850812407680945,0.138482677397193,0.0,0.12959719789842372,1.0,0.4374999999999999,0.4370629370629371,0.06249999999999989,1.0,0.7750692520775623,0.5,0.2500000000000001,1.0,0.0,1.0,1.0,1.0,0.5,1.0,0.45604435164518686,0.8222849083215797,0.75,0.5,0.5552486187845305,0.0,0.0,0.0,0.0,1.0,0.0,1.0,0.4545454545454546,0.1133837261004893,0.0,0.0,0.8571428571428572,0.0,0.0,1.0,0.0,0.8497925311203319,0.0,1.0,0.5238095238095237,0.0,0.0,1.0,0.0,0.5822784810126582,0.0625,0.0,0.7617924528301887,0.05053191489361708,0.42307692307692313,0.0,1.0,0.5416666666666667,0.37746938775510186,0.21439006574141706,0.8928571428571428,0.0,0.7541567695961996,1.0,0.0,0.8251821019771072,0.6666666666666667,0.6962750716332379,0.0,0.6666666666666667,0.6439933343432813,1.0,0.0,0.6546943919344675,1.0,0.7216035634743876,1.0,1.0,0.8137550200803213,0.0,0.44999999999999996,0.8235294117647058,0.0,0.7442489851150202,0.6000000000000001,1.0,0.6774193548387096,0.0,0.0,1.0,0.0,1.0,0.7724125023395096,0.0,0.6863425404406795,0.0,0.8210959885386819,0.94881762228701,0.0,1.0,0.0,0.0,0.8122319597240351,0.3709327548806941,0.7239307681304534,0.5679628690666563,0.0,0.4406546644844518,0.0,0.6976024748646559,0.0,0.4888900758465975,1.0,0.6020320999865127,0.65,0.625,0.0,0.0,1.0,0.0,0.0,0.0,0.0,0.37038689172289085,0.9071257005604484,0.0,0.6461949265687583,0.7909155937052933,0.9073359073359073,1.0,0.8479183673469388,0.5999999999999999,0.8181818181818182,0.0,0.0,0.2592592592592593,0.8732394366197183,0.9887603757679777,0.0,0.9629032258064516,0.10634051046842463,0.0,0.0,0.0,0.0,0.6562979816864096,0.79171098005092,0.0,0.0,0.0,0.0,0.9200130947184635,0.0,0.0,0.0,1.0,0.6857454017424975,0.0,0.6702453307306686,0.8654979485266692,0.0,0.75,0.0,0.8444444444444444,1.0,0.0,0.7300523217789405,0.0,0.0,0.0,0.0,0.0,0.0,0.5681756938830504,0.0,0.7142857142857143,0.1869975533030409,0.0,0.0,0.0,0.0,0.0,0.0,0.0,0.0,0.6610664718772827,0.0,0.0,0.0,0.0,0.0,0.0,0.0,0.0,0.2455357142857143,0.0,0.625,0.0,0.0,0.0,0.0,0.0,0.0,0.0,0.0,0.0,0.0,0.0,0.6878154289834174,0.0,0.0,0.3877724313614491,0.23959280130885308,0.0,0.2353212065392587,0.0,0.3076923076923076,0.7641759406465289,0.0,0.0,0.20512820512820518,0.4651162790697675,0.5097497089639114,0.0,0.0,0.25356633380884475,0.0,0.0,0.796756996890271,0.8095238095238095,0.7377701934015928,0.8478503629257399,0.0,0.1791187739463601,0.0,0.0,0.0,0.0,0.0,0.14724770642201834,0.0,0.32943525385054195,0.0,0.0,0.0,0.0,0.0,0.0,0.0,0.0,0.0,0.6995305164319249,0.4764150943396226,0.4285714285714285,0.0,0.20142036869144775,0.0,0.0,0.5714285714285714,0.6956521739130435,0.0,1.0,0.0,0.3203883495145631,1.0,0.5,0.0,0.0,0.0,0.0,0.5,1.0,0.2857142857142857,0.0,0.5,0.3643322475570032,0.2785714285714287,0.0,0.16666666666666663,0.07017543859649122,0.2806666666666666,0.0,0.5444915254237288,0.5333333333333333,0.0,0.0,0.5714285714285714,0.0,0.0,1.0,0.9042457091237579,0.0,0.2934782608695652,0.0,0.0,0.0,0.04864864864864871,0.0,0.0,0.2857142857142857,1.0,0.0,0.0,0.0,0.22797579018157388,0.0,0.0,0.5789473684210527,0.0,1.0,0.0,1.0,0.36363636363636365,0.0,0.0,0.33333333333333337,0.0,0.0,0.6666666666666666,0.0,0.0,0.0,0.0,0.0,0.0,0.05533371363377049,0.0,0.3906806169776722,0.8571428571428572,0.0,0.529728609902631,0.0,0.5822357311719013,0.2566171723692705,0.0,0.0,0.0,0.7270040635389731,0.0,0.0,0.0,0.0,0.5661634973534602,0.5,0.0,0.29268292682926833,0.0,0.0,0.4,0.0,0.0,0.0,0.0,0.0,0.0,0.5157232704402516,0.0,0.2068965517241379,0.30088656631048016,0.828996282527881,0.6666666666666667,0.479335066122076,0.34285714285714297,0.41666666666666663,0.0,0.0,0.5,0.9130691037684365,0.95593615659014,0.0,1.0,0.21347501851437245,0.0,0.0,0.0,0.0,0.6160543973429681,0.3613693998309382,0.0,0.0,0.0,0.0,0.904,0.0,0.0,0.0,1.0,0.0,0.0,0.05833402335017002,0.9798841428480489,0.0,1.0,0.3571428571428572,0.0,0.0,0.0,0.6820838444332202,0.0,m2
0.0,0.0,0.0,0.0,0.0,0.0,0.0,0.0,0.0,0.0,0.6930712213986464,0.0,0.0,0.0,0.0,0.0,0.0,0.7202811767768811,0.0,0.8127365771489692,0.0,0.0,0.0,0.0,0.657909390027841,0.643551797040169,0.7138461538461538,0.0,0.24557057292483297,0.0,0.0,0.0,0.0,0.0,0.0,0.0,0.48794424626767074,0.0,0.8596480040811121,0.0,0.07291153494264191,0.4371348808354443,0.44537250384024585,0.4518504442016248,0.8298544879829963,0.0,0.12164786145368678,0.3588354053766867,0.3576456785295268,0.4867665816326531,0.14610066027158353,0.33333333333333337,0.0,0.42430978006551245,0.8849441461457754,0.0,0.0,0.0,0.3336723372781063,0.8002605595172791,0.9107711263990143,0.0,0.0,0.45429260152048956,0.6512280701754386,0.37218370883882157,0.0,0.7375352775164629,0.09872159090909094,0.7131782945736433,0.8966455122393473,0.49493180980464424,1.0,0.0,0.0,0.0,0.0,0.16577682861719167,0.0,0.0,0.5,0.0,1.0,0.4370984569765526,0.0,0.22222222222222232,0.0,0.0,0.8571428571428571,0.5,0.0,0.6509376273950265,0.5,0.0,0.5,0.19758731394104478,0.0,0.0,0.0,0.8030018761726079,0.4285714285714285,0.4652777777777777,0.2857142857142857,0.9406698564593301,0.3273248668578451,0.6428571428571428,0.0,0.0,0.5714285714285714,0.8746530989824237,0.11111111111111116,0.4611393827242086,0.8226415094339623,1.0,0.0,0.4482758620689655,0.0,0.8435432230522946,0.21313923105636423,0.09734513274336287,0.0,0.0,0.27742333813541864,0.0,0.6159558579488882,0.47582501918649267,0.75,0.0,0.624380574826561,0.44976076555023936,0.0,0.0,0.0,0.0,0.0,0.0,0.0,0.6666666666666667,0.3301196944319619,0.3545224783640958,0.0,0.39668058914047044,0.6666666666666667,0.8466981132075472,1.0,0.7018018018018017,0.0,0.33333333333333337,0.8571428571428572,0.0,0.75,1.0,0.5,0.9285714285714286,0.5,0.2491104375329467,1.0,0.0,0.0,0.7076301523984863,0.25176110260336926,0.7222222222222222,0.6320944972630367,0.0,0.5044002411091018,0.7049255893586197,0.0,0.7769465809714466,0.0,0.5768080585504052,1.0,0.0,0.8883495145631068,0.0,0.8642635391514315,0.0,0.0,0.1923076923076923,0.03865717192268592,0.0,0.6000000000000001,0.0,0.0,0.0,0.0,0.9809185624536622,0.0,0.16833704314530562,0.7930628412375548,0.07947355099974684,0.9750488733408786,0.753555425676992,1.0,0.0,0.0,1.0,0.0,0.0,0.0,0.6315430033091407,0.019036009002250553,0.0,0.5063841347459929,0.0,0.0,0.0,0.0,0.0,0.0,0.0,0.0,0.0,0.9969868290258449,0.0,0.0,0.0,1.0,0.0,0.0,0.6383171793421797,0.0,0.25554023377282287,0.7890276011004941,0.0,0.273972602739726,0.6818181818181819,0.8322518953623387,0.5,0.0,0.68096796396701,0.0,0.0,1.0,0.0,0.0,0.0,0.0,0.0,0.0,0.0,0.0,0.9027777777777778,0.0,0.0,0.0,0.0,0.0,0.0,0.6755718526279029,0.0,0.8929843727734764,0.0,0.0,0.0,0.0,0.3853532404704312,0.9444822116474054,0.6000000000000001,0.0,0.6401555456673567,0.0,0.0,0.0,0.0,0.0,0.0,0.0,0.7005188572834847,0.0,0.8901669491219846,0.0,0.19530553629791003,0.12157918349035446,0.5278823740362202,0.7373397228338299,0.9255907491201609,0.0,0.4015579654803728,0.0,0.21599235425294705,0.7538782816229117,0.4363636363636364,1.0,0.0,0.7407578558225508,0.9005805515239478,0.0,0.0,0.0,0.5628148492598621,0.810536016886167,1.0,0.19999999999999996,0.0,0.4104513064133015,0.924119241192412,0.7056709017663465,0.0368421052631579,0.7399286078531362,0.6296296296296297,0.8189655172413793,0.968014484007242,0.7946298984034833,0.8,0.0764119601328902,0.5,0.0,1.0,0.9188232089348951,1.0,1.0,1.0,0.5,1.0,0.4720593117184906,0.0,0.0,0.0,0.46091644204851767,1.0,0.0,1.0,0.9554140127388535,1.0,0.0,0.7,0.0,0.0,0.0,0.0,0.0,0.36363636363636365,0.5625,0.5714285714285714,1.0,0.3435692921236292,0.75,0.0,0.1428571428571428,0.5,0.8153846153846154,0.0,0.5454168551183476,0.9799812909260992,0.8125,0.0,0.7528344671201814,0.0,1.0,0.2727272727272728,0.75,0.0,0.0,0.4700697759823722,0.0,0.0,0.7509353287012293,1.0,0.0,0.8492941625333842,1.0,0.0,0.33333333333333337,0.6666666666666667,0.0,1.0,0.0,0.5416012558869703,1.0,0.7126541799908634,0.3292682926829268,0.0,0.26822916666666674,1.0,0.9,0.8823529411764706,0.9019908116385911,0.3667117726657646,0.8,1.0,0.7272727272727273,1.0,0.8571428571428572,1.0,1.0,1.0,0.776254807218223,1.0,0.0,0.2552356020942408,0.830735343951203,0.2612909478581119,0.9583333333333334,0.789282250242483,0.0,0.7962170682278766,0.8625599520383693,0.2775041050903121,1.0,0.0,0.9441549983718659,1.0,0.0,0.918429003021148,0.0,0.885110744685592,0.0,0.0,0.0,0.55,0.0,1.0,1.0,0.0,0.0,0.0,0.9807314195831695,0.0,0.0,0.8761388820487565,0.9021109976166156,0.9455879609477023,0.8885154462242563,1.0,0.0,0.0,0.9545454545454546,0.0,0.0,0.0,1.0,0.7294010232734415,0.27138722487716227,0.6537934322665235,0.0,0.0,0.0,0.0,0.0,0.0,0.0,0.0,0.0,0.9992430882001434,0.0,0.0,0.0,1.0,0.0,0.0,0.8772114975887897,0.0,0.0,0.4864796134610494,0.0,0.7708333333333334,1.0,0.7871674491392802,1.0,0.0,0.7034374712008111,0.0,1.0,0.0,0.0,0.0,0.0,0.0,0.0,0.0,0.0,0.0,0.33710580607132334,0.0,0.0,0.0,0.0,0.0,0.0,0.6149150107732823,0.0,0.9687094982410664,0.0,0.0,0.0,0.0,0.0,0.09166666666666667,0.6077795786061588,0.0,0.6292134831460674,0.0,0.0,0.0,0.0,0.0,0.0,0.0,0.0,0.0,0.7677793904208998,0.0,0.0,0.543889021765128,0.2788586251621271,0.16313231720786403,0.7922948073701843,0.2550623052959501,0.08838757396449692,0.6115219929933826,0.3076923076923076,0.625,0.0,0.33333333333333337,0.0,0.0,0.46771540936717926,1.0,0.25,0.0,0.446969696969697,0.390920757138274,0.6580619539316919,0.0,0.29899691358024694,0.44627407200669833,0.6557377049180327,0.36347642505277966,0.3088942307692307,0.0,0.7052154195011338,0.2500000000000001,1.0,0.6057339449541284,1.0,0.3467782851344495,0.0,0.0,0.0,0.04038997214484685,0.0,0.0,0.0,0.0,0.0,0.10509209100758399,0.0,0.5714285714285714,0.0,0.0,0.8,0.0,0.5714285714285714,0.4347826086956522,0.0,0.0,0.5,0.3203883495145631,0.0,0.5,0.0,0.33333333333333337,0.5,0.0,0.0,1.0,0.0,0.0,0.0,0.0,0.0,0.5378151260504203,0.25,0.07017543859649122,0.0,0.4999999999999999,0.0,0.29639175257731953,0.0,0.37808739708676375,0.0,0.25,0.7,0.31707317073170727,0.8062542488103331,0.2222222222222221,0.48654855643044626,0.0,0.0,0.0,0.14545454545454573,0.5714285714285714,0.26923076923076916,0.0,0.6666666666666667,0.0,0.0,0.0,0.0,0.0,0.8177545691906005,0.11494252873563238,0.0,0.3317865429234338,0.0,0.0,0.18181818181818177,0.41666666666666663,0.0,0.0,0.0,0.6085858585858586,0.6666666666666666,0.5,0.0,0.5,0.5,0.0,0.25,0.22972972972972971,0.0,0.40067624683009273,0.0,0.5555555555555556,0.0,0.0,0.0,0.2435897435897436,0.0,0.8080155138978669,0.6883394746226078,0.0,1.0,0.0,0.002400384061449823,0.0,0.0,0.5,0.6047548291233283,0.41463414634146345,0.0,0.0,0.6000000000000001,0.0,0.0,0.0,0.0,1.0,0.045038705137227186,0.8513793296401992,0.28805620608899285,0.7707006369426752,0.8701140256205715,0.06535433070866148,0.6666666666666667,0.0,0.0,1.0,0.0,0.0,0.0,0.6603307825228338,0.4140910156380806,0.0,0.4444444444444444,0.0,0.0,0.0,0.0,0.0,0.0,0.0,0.0,0.0,1.0,0.0,0.0,0.0,0.888888888888889,0.0,0.0,0.7771993753253514,0.0,0.6870826208987966,0.45497822343765826,0.0,1.0,0.7857142857142857,0.8313047711781889,0.0,0.0,0.6914291647199293,0.0,m2
0.5714285714285714,0.5555555555555556,0.0,0.0,0.0,0.0,1.0,0.0,0.0,0.7686251236399604,0.0,0.0,0.9046938289254229,0.0,0.0,0.6337311785997821,0.0,0.0,0.0,0.0,0.0,0.5,0.0,0.0,0.22377840024898854,0.0,0.0,0.0,0.0,0.0,0.0,0.6965426712738645,0.0,0.0,0.0,0.0,0.0,0.0,0.0,0.0,0.5537627735716354,0.0,0.34441035284802324,0.18010899182561302,0.5097061347061347,0.2591496426766766,0.06800070058674135,0.8278083976350336,0.33688537068046887,0.7075778707577871,0.49908991627229693,0.0,0.17647058823529393,0.5791098878968919,0.35264912750371147,0.0,0.0,0.05222088835534233,0.0,0.5636765773523105,0.5664427570093458,0.2293944738389183,0.2327985037897431,0.6067731071473119,0.631578947368421,0.2868460764587526,0.45299145299145305,0.8119266055045872,0.9900383141762452,0.28688524590163933,0.0,0.49493180980464424,0.0,0.6205392102024835,0.0,0.19148936170212771,0.0,0.6807415036045315,0.6666666666666667,0.0,1.0,0.0,0.0,0.5531149301825993,0.8130865484880083,0.0,0.0,0.24686045490471575,0.8571428571428571,0.0,0.0,0.3531439314810946,0.5,0.20775142550202452,0.5,0.0,0.9375,0.0,0.972693032015066,0.0,1.0,0.0,0.8571428571428572,0.0,0.30327070285316615,0.6428571428571428,0.18181818181818188,0.9224439775910365,0.0,0.0,1.0,0.8753358409457281,0.7004451427075151,1.0,0.8128854481039234,0.5438413361169102,0.9166666666666666,0.5419392353539758,0.051010886469673555,0.46902654867256655,0.5,0.19230082172204355,0.0,0.0,0.0,0.8592946362968406,0.75,0.0,0.7237715803452855,0.0,0.5352112676056338,0.4444444444444444,0.0,0.5471698113207546,0.0,0.0,0.0,0.6666666666666667,0.0,0.6169882972952028,0.0,0.7657681235278723,0.0,0.35164835164835184,0.5,0.0,0.10378220354467393,0.33333333333333337,0.8571428571428572,1.0,0.75,0.0,0.5,0.9285714285714286,0.0,0.33957076728853974,0.7,0.8641680056799073,0.0,0.4848945542431684,0.0,0.9166666666666666,0.9098744445438549,0.0,0.1878797832156346,0.5095018885741265,0.41291348118991744,0.13923171860536887,0.4140604258482451,0.0,0.5476785416815402,0.5,0.04721549636803879,0.15384615384615385,0.8791436464088398,0.6666666666666667,0.08493928194297773,1.0,0.6160246533127888,0.0,0.0,0.0,0.0,0.0,0.0,0.0,0.0,0.8281153155443955,0.8015386830025112,0.045652479280797964,0.04490746732237605,0.9698084180668733,0.9850746268656716,0.0,0.9507712504102396,0.76,0.0,0.0,0.25,0.0,0.9144399791391846,0.45319778038802705,0.574712643678161,0.5291717778727275,0.0,0.0,0.0,0.0,0.0,0.0,0.0,0.0,0.0,0.0,0.0,0.0,0.0,0.0,0.0,0.0,0.9782608695652174,0.02205908610899976,0.0,0.0,0.5,0.0,0.0,0.0,0.0,0.0,0.0,0.0,0.0,0.0,0.0,0.0,0.0,1.0,0.0,0.0,0.5454545454545454,0.0,0.0,0.9385206532180596,0.0,0.0,0.6823821339950372,0.0,0.0,0.0,0.0,0.0,0.0,0.0,0.0,0.3289448937370698,0.0,0.0,0.0,0.0,0.0,0.0,0.6444444444444444,0.0,0.0,0.0,0.0,0.0,0.0,0.0,0.0,0.8388324873096447,0.0,0.5607160135462023,0.3589325426241661,0.9598902658215873,0.6719646799116998,0.6099386319413262,0.94856424417952,0.2182223638101306,0.8714900075891727,0.8221590909090909,1.0,0.6880907372400755,0.8942939784380752,0.25328154299491046,0.0,0.0,0.17948717948717952,0.0,0.7708235844642022,0.7039269720978298,0.5714285714285714,0.5620857621975566,0.27626137303556675,0.8870151770657673,0.667662434652726,0.5838150289017342,0.8527918781725888,1.0,0.4374999999999999,0.3787878787878788,0.7992565055762082,0.0,0.7750692520775623,0.75,0.2500000000000001,1.0,0.9099794238683128,1.0,1.0,0.0,0.5,0.0,0.8210094319245446,0.8581979320531757,0.5,0.0,0.0,1.0,0.0,0.0,0.0,1.0,0.2700784460216661,0.7,0.6311584553928096,0.9583519928347515,0.0,0.5044285111767188,0.0,1.0,0.0,1.0,0.0,0.32232920678587795,0.75,0.0,0.8095238095238095,0.0,0.0,1.0,0.7869036321283754,0.5719499478623568,0.8125,0.9511477339611536,0.13325471698113223,0.3012195121951219,0.42307692307692313,0.4545454545454546,1.0,0.5833333333333333,0.6195555555555556,0.0,0.0,0.593872870249017,0.8558322411533421,1.0,0.0,0.8328971962616822,0.6666666666666667,0.9077328646748682,0.6666666666666667,0.6666666666666667,0.8546192408689425,1.0,0.0,0.32321547698465636,1.0,0.040506329113924044,0.7476635514018692,0.0,0.8055555555555556,0.0,0.44999999999999996,0.8823529411764706,0.0,0.2325581395348837,0.6000000000000001,1.0,0.5454545454545454,1.0,0.0,1.0,1.0,1.0,0.712253606990449,1.0,1.0,0.029088913282107498,0.8213199785369343,0.0,0.9785598705501618,0.7103293413173652,0.0,0.5671609245529874,0.8537001706998695,0.0,0.7239307681304534,0.7085801320020308,0.10591350397175647,0.6194331983805668,0.0,0.0,0.0,0.8954359114512161,1.0,0.545628505443748,0.44999999999999996,0.0,0.0,1.0,1.0,0.0,0.0,0.0,0.0,0.0,0.999089874857793,0.8720140142265633,0.9015461573442474,0.5982950063709727,0.9775208734746307,0.9850746268656716,0.0,0.9103896103896104,0.8181818181818182,0.0,0.0,0.2592592592592593,0.0,0.9245196933178603,0.5469833308747603,0.7290337283500457,0.7277784855820273,0.0,0.0,0.0,0.0,0.0,0.0,0.0,0.0,0.0,0.0,0.0,0.0,0.0,0.0,0.0,0.0,1.0,0.8917204159536659,0.0,0.0,0.0,0.0,0.0,0.5,0.0,0.0,0.0,0.0,0.8607655502392344,0.0,0.0,0.0,0.0,0.0,0.0,0.0,0.8461538461538461,0.0,0.0,0.9479429051217464,0.0,0.0,0.48583106267029974,0.0,0.0,0.0,0.0,0.0,0.6000000000000001,0.0,0.0,0.6996760259179265,0.0,0.0,0.0,0.0,0.0,0.0,0.8225734968237552,0.0,0.0,0.0,0.0,0.0,0.0,0.0,0.0,0.967741935483871,0.0,0.3896664681357952,0.2418016275884295,0.23685171658144621,0.0,0.0,0.6523315251408304,0.3076923076923076,0.7641759406465289,0.0,0.0,0.20512820512820518,0.5783132530120483,0.0,0.0,0.0,0.1438356164383563,0.0,0.012623316007213448,0.27543314082629944,0.09523809523809523,0.0,0.7275985663082437,0.6557377049180327,0.0,1.0,0.7806122448979592,0.5555555555555556,0.0,0.0,0.6057339449541284,0.5,0.32943525385054195,0.7142857142857143,0.6785714285714285,0.0,0.07033426183844005,0.6666666666666666,0.0,0.0,0.0,0.33333333333333326,0.7832140015910899,0.6838085539714867,0.0,0.0,0.3084013297068601,0.8,0.08510638297872364,1.0,0.6956521739130435,0.0,0.0,0.5,0.0,1.0,0.5,0.6,0.33333333333333337,0.75,0.0,0.5,0.0,0.0,0.0,0.5,0.6726384364820847,0.0,0.0,0.16666666666666663,1.0,0.2806666666666666,0.4999999999999999,0.728101116990006,0.5773115773115773,0.0,0.0,0.4285714285714286,0.0,0.19999999999999996,0.04878048780487809,0.7986486486486487,0.2222222222222221,0.0,0.20183486238532122,0.0,0.0,0.08780487804878057,0.7142857142857143,0.4318181818181819,0.4285714285714285,1.0,0.2776214593884825,0.0,0.0,0.0,0.0,0.36185758513931887,0.0,0.0,0.5093304061470909,0.0,1.0,0.18181818181818177,0.0,0.27350427350427353,0.33333333333333337,0.0,0.0,0.6666666666666666,0.0,0.0,0.5,0.0,0.0,0.25,0.8357102110667427,0.0,0.24790996784565922,0.768041237113402,0.7777777777777778,0.3666373239436618,0.0,0.42271293375394325,0.2566171723692705,0.6930237213492143,0.0,0.05820328975115985,0.0,0.0,0.8,0.00630455868089197,0.0,0.0,0.0,0.0,1.0,0.7868325973504616,0.0,0.0,0.0,0.0,0.0,0.0,0.0,0.045038705137227186,0.803989457909152,0.4619883040935673,0.4482758620689655,0.08574477890702692,0.0,0.6666666666666667,0.0,0.9732142857142857,0.41666666666666663,0.0,0.0,0.5,0.0,0.8246200607902736,0.2198798949080445,0.010928961748634003,0.613299347260734,0.0,0.0,0.0,0.0,0.0,0.0,0.0,0.0,0.0,0.0,0.0,0.0,0.0,0.0,0.0,0.15294815987336774,0.9525862068965517,0.0728226490781454,0.0,0.0,0.0,0.3571428571428572,0.0,0.0,0.0,0.0,0.0,m2
0.0,0.0,0.0,0.8801711840228246,0.0,0.0,0.0,0.0,0.0,0.0,0.0,0.0,0.0,0.0,0.0,0.0,0.0,0.0,0.0,0.0,0.0,0.0,0.0,0.0,0.6232406572835056,0.0,0.0,0.0,0.7300296847003449,0.0,0.0,0.0,0.0,0.01176470588235301,0.0,0.0,0.0,0.7673119713171241,0.0,0.0,0.2895063773397385,0.5662750375239377,0.6035172832019406,0.882892862794746,0.5800803673938002,0.22718707940780614,0.0,0.3508369277036921,0.3217838196286471,0.0,0.0,0.0,0.006352910670296752,0.05638679361938914,0.3580743668043831,0.0,0.0,0.06641967353951883,0.0,0.0,0.7195614961576282,0.12784090909090906,0.5664647273819656,0.0,0.17543859649122806,0.9686085559935758,0.11418803418803403,0.5816125860373649,0.7218465539661898,0.6326530612244898,0.5050545895673271,0.6706030150753768,0.8,0.0,0.0,1.0,0.0,0.8815775817332642,0.0,0.4,0.5,0.0,1.0,0.0,0.3938356164383561,0.5555555555555556,0.67750038057543,0.2553151458137347,0.5714285714285714,0.8813559322033898,0.0,0.0,0.5,0.0,0.6000000000000001,0.750048742444921,0.78125,0.0,0.7965026307644691,0.007504690431519689,0.0,0.5061224489795919,0.5714285714285714,0.7741626794258374,0.3100339538695702,0.6428571428571428,1.0,0.0,1.0,0.8356940509915014,1.0,0.5964669685760707,0.49919871794871795,1.0,0.15579662789177884,0.45966562173458725,0.0,0.22967291103259058,0.16682494460272246,0.6194029850746269,0.7142857142857142,0.23575384442382852,0.3769123783031987,0.0,0.0,0.42658132530120485,0.75,0.0,0.9074803149606299,0.0,0.9059564654929974,0.11111111111111105,0.0,0.0,1.0,0.0,0.8256122448979593,0.6666666666666667,0.3486068929090189,0.014176296694436985,0.5,0.6054412913303828,0.0,1.0,0.0,0.6501547987616099,0.10378220354467393,0.33333333333333337,0.8571428571428572,1.0,0.0,1.0,0.5,0.8571428571428571,0.5,0.3442744527151371,0.0,0.4230095873280534,0.0,0.41311867178164896,0.41799005940113965,0.7222222222222222,0.9098744445438549,0.0,0.0,0.5559834267609066,0.9743906201789572,0.18483829650976635,0.20442839696277793,0.9666307384351422,0.0,0.75,0.19642857142857162,0.15384615384615385,0.7845303867403315,1.0,0.25895969878678016,0.0,0.12895148669796563,0.0,0.6000000000000001,0.0,0.9490512485116802,0.0,0.9803921568627451,0.0,0.08567828643427122,0.6190261340367195,0.0,0.023832935337360195,0.0,0.6963618390915447,1.0,0.3189239012409161,0.8007456503728252,0.16000000000000003,0.0,0.0,0.14606126914660822,0.6328958212884258,0.0,0.5063806555810831,0.0,0.6046274123115931,0.0,0.0,0.0,0.0,0.0,0.0,0.0,0.0,0.0,0.0,0.0,0.7630325278048514,0.23214285714285698,0.0,0.0,0.0,0.0,0.0,0.7879955947136563,0.0,0.40201005025125625,0.13636363636363635,0.8051379772743313,0.5,1.0,0.6458450221307899,0.0,0.0,0.0,0.0,0.9226519337016574,0.0,0.0,0.0,0.0,0.0,0.0,0.0,0.0,0.0,0.0,0.0,0.0,0.0,0.0,0.0,0.0,0.0,0.0,0.0,0.0,0.0,0.0,0.0,0.0,0.5925259792166266,0.0,0.0,0.0,0.0,0.0,0.0,0.0,0.0,0.7955584657728847,0.0,0.0,0.5339195979899498,0.7397247360482655,0.7397486772486772,0.6748170326014638,0.42668146914608185,0.0,0.3304117869285984,0.7292002864135256,0.315995724973281,0.32857926494788814,0.2787212787212786,1.0,0.6494893221912721,0.7376847290640394,0.2269913330581922,0.0,0.0,0.18067075369635777,0.0,0.0,0.8724727838258165,0.0,0.2165527343750001,0.0,0.0,0.6673902153948906,0.0,0.7399286078531362,0.8666666666666667,0.7880434782608695,0.3724559023066486,0.0,0.39047619047619064,0.0764119601328902,0.75,0.75,1.0,0.9247034553893759,1.0,0.5,1.0,0.5,1.0,0.0,0.18316100443131456,0.75,1.0,0.5165745856353592,0.5,0.8609625668449198,0.0,0.14632983794089605,1.0,0.0,1.0,0.6850393700787402,0.8974358974358975,0.0,0.5934204976803037,0.0,0.36363636363636365,0.4274999999999999,0.8571428571428571,0.4285714285714286,0.33565288579615216,0.75,1.0,0.1428571428571428,0.5,0.7924050632911392,1.0,0.6503884950926937,0.43534743202416915,0.8125,0.8410672853828306,0.11123595505617945,0.0,0.0,0.0,1.0,0.5833333333333333,0.6308300395256916,0.3071585098612125,0.0,0.11557994757536039,0.6415332771693345,1.0,0.0,0.8029906542056074,0.25,0.9480203662892317,0.0,0.6666666666666667,0.0,1.0,0.0,0.7397757776725091,1.0,0.7370413511939429,0.0,1.0,0.5005020080321285,0.0,0.9,0.3529411764705882,0.6875957120980092,0.23951285520974308,0.6000000000000001,1.0,1.0,0.5,0.8571428571428572,1.0,1.0,1.0,0.759937286728765,0.0,0.6927212252475248,0.029088913282107498,0.8064746914684314,0.3144411300228108,0.9583333333333334,0.7103293413173652,0.0,0.7945922372437855,0.8122319597240351,0.9370932754880694,0.8084866691701089,0.5676065676065676,1.0,0.4406546644844518,0.0,0.6476810414971522,0.0,0.6394224341548196,1.0,0.3899525445917199,0.44999999999999996,0.13333333333333341,0.0,1.0,1.0,0.9493405030490775,0.0,0.9888888888888889,0.0,0.37038689172289085,0.9020857473928158,0.0,0.7308593750000001,0.0,0.36711478800413655,1.0,0.34648120854826825,0.2867540029112081,0.13636363636363646,0.0,0.0,0.14336492890995278,0.46478873239436613,0.04803332411388539,0.5631320906657824,0.0,0.17327342114982147,0.0,0.0,0.0,0.0,0.0,0.0,0.0,0.0,0.0,0.0,0.0,0.6854674796747968,0.5,0.0,0.0,0.0,0.0,0.0,0.45129737807363113,0.0,0.7708333333333334,1.0,0.7871674491392802,1.0,1.0,0.7237749277188821,0.0,1.0,0.0,0.0,0.9411764705882353,0.0,0.0,0.0,0.0,0.0,0.0,0.0,0.0,0.0,0.0,0.0,0.0,0.0,0.0,0.0,0.0,0.0,0.0,0.0,0.0,0.5896520963425513,0.0,0.0,0.0,0.918918918918919,0.0,0.0,0.0,0.0,0.8181818181818181,0.0,0.0,0.0,0.5308689024390245,0.0,0.0,0.5888625592417062,0.43640661938534264,0.45562454346238135,0.2418016275884295,0.0,0.6010145566828407,0.161167374496352,0.0,0.7692307692307692,0.7085124677558039,0.45584415584415583,0.0,0.20512820512820518,0.0,0.0,0.0,0.25,0.1438356164383563,0.0,0.010064265793621852,0.3331914893617022,0.5054945054945055,0.7065120428189118,0.0,0.4918032786885246,0.2826797385620915,0.4736842105263157,0.0,0.22222222222222232,0.2500000000000001,0.8571428571428572,0.14724770642201834,0.8064516129032259,0.25185396463205934,0.7142857142857143,1.0,0.0,1.0,0.0,0.6,0.0,0.0,0.0,0.0,0.0,0.5714285714285714,0.8026109148017275,0.35813730196831495,0.6,0.21052631578947367,0.0,0.6666666666666667,0.0,0.75,0.0,0.3203883495145631,0.0,0.5,0.5,0.6000000000000001,0.5,0.0,0.0,0.5,0.0,0.0,0.5,0.0,0.5142857142857142,0.9816265060240964,0.0,0.8245614035087719,0.2716202783300199,0.6140350877192982,0.0,0.5257192676547515,0.0,0.0,0.5950920245398772,0.0,0.19999999999999996,0.04878048780487809,0.0,0.2222222222222221,0.1374095989480606,0.0,0.0,0.0,0.7407407407407407,0.0,0.6057692307692308,0.2857142857142857,1.0,0.2320390170699681,0.0,0.0,0.5511904761904761,0.0,0.13554852320675115,0.25778863775198524,0.0,1.0,0.0,0.0,0.0,0.5,0.3447488584474886,0.33333333333333337,0.0,0.6843434343434343,0.0,0.5,0.0,0.0,0.5,0.0,0.0,0.05855855855855874,0.0,0.836799221695245,0.0,0.5555555555555556,0.5445384925433294,0.0,0.0,0.2566171723692705,0.38786489987047934,0.0,0.0,0.877718200774501,0.0,1.0,0.002400384061449823,0.0,0.3312095667516173,0.5,0.0,0.0,0.3191489361702129,0.0,0.6000000000000001,0.0,0.927570084554915,0.0,0.9166666666666666,0.0,0.0,0.4456589958158995,0.0,0.0,0.7935354122749629,0.0,0.33333333333333337,0.15055268344234674,0.22390317700453843,0.5,0.0,0.0,0.5,0.6562186727260576,0.0,0.49021413769283917,0.0,0.0,0.0,0.0,0.0,0.0,0.0,0.0,0.0,0.0,0.0,0.0,0.0,0.8642010163749294,0.5555555555555556,0.0,0.0,0.0,0.0,0.5960942343459392,0.7644025717741422,0.0,0.0,0.0,0.8266809536565765,0.0,1.0,0.6830304581520349,0.0,m2
0.0,0.33333333333333326,0.0,0.0,0.0,0.0,0.0,0.0,0.0,0.7227023433604787,0.6925552594652351,0.0,0.0,0.681011160885423,0.0,0.0,0.0,0.0,0.0,0.7176567080638636,0.0,0.0,0.0,0.0,0.0,0.6033950617283951,0.0,0.0,0.0,0.0,0.0,0.0,0.0,0.01176470588235301,0.0,0.0,0.4855494839101395,0.7673119713171241,0.0,0.0,0.0,0.636075795216523,0.5935000506226586,0.4023354060853468,0.0,0.578383641674781,0.5312516399895041,0.5664335664335665,0.6167294649585532,0.0,0.8596922885262239,0.33333333333333337,0.0,0.5645554564377043,0.33397440300386927,0.3431798436142486,0.7686335403726707,0.06741720120434613,0.32497264540021875,0.7908262498199107,0.5597156398104266,0.0,0.09555479763528862,0.0,0.4649122807017544,0.0,0.31467793030623026,0.9916405433646813,0.0,0.0,0.0,0.0,0.0,0.10264674889977077,0.0,0.8758169934640523,0.0,0.0,0.0,0.0,0.0,0.6666666666666667,1.0,0.11815252416756161,0.6458424507658642,0.0,0.7106332765176346,0.3184713375796179,0.0,0.0,0.6666666666666667,0.46485979115334963,0.5,0.2498472816127062,0.6000000000000001,0.733154296875,0.0625,0.0851648351648352,0.7536864279265724,0.44767441860465107,1.0,0.34904601571268234,0.2857142857142857,0.7701149425287356,0.0,0.0,1.0,0.0,0.8,0.48090960134755767,1.0,0.9837837837837837,1.0,0.0,0.29152915291529147,0.27651356993736953,0.0,0.44768461673390614,0.864696734059098,1.0,0.5,0.09957254211717359,0.7174959871589086,0.8747462127127908,0.455017455912631,0.43298585256887556,0.75,0.0,0.7266666666666667,0.0,0.7667614003358739,0.11111111111111105,0.0,0.28301886792452835,0.875,0.0,0.8202608202608203,0.6666666666666667,0.0,0.514858171994597,0.5,0.14852902889872444,0.0,0.8228882833787465,0.42105263157894735,0.4745596868884542,0.18856203179243558,0.33333333333333337,0.8571428571428572,0.8327137546468402,0.0,0.0,0.5,0.8571428571428571,0.0,0.4239857148789502,0.25,0.9705681352225614,0.4390837218730994,0.0,0.47538007714998864,0.7222222222222222,0.0,0.0,0.16085526315789478,0.4751017244720016,0.5155173718870638,0.0,0.7330081300813008,0.0,1.0,0.8,0.04721549636803879,0.0714285714285714,0.07790055248618777,0.7916666666666666,0.3100595632031766,1.0,0.6121883656509696,0.0,0.0,0.0,0.9490512485116802,0.0,0.0,0.0,0.8178436431271374,0.0,0.0,0.04588659455916089,0.9034815353108278,0.9303710490151168,1.0,0.7302497325082453,0.751230718739744,0.84,0.0,0.0,0.0,0.0,0.4727369143427538,0.7815129058819318,0.7266137144046338,0.8336759868421052,0.0,0.0,0.0,0.0,0.0,0.0,0.9473684210526315,0.0,0.0,0.0,0.9087551596784705,0.0,0.0,0.7495271548230209,0.0,0.0,0.9347826086956522,0.0,0.0,0.0,1.0,1.0,0.0,0.5,0.0,0.0,0.875,0.0,0.0,0.0,0.0,0.0,0.0,0.0,0.0,0.0,1.0,0.8660235798499465,0.0,0.0,0.8003170106569539,0.0,0.0,0.0,0.0,0.0,0.9008662996628686,0.0,0.0,0.0,0.0,0.0,0.9384328358208955,0.0,0.0,0.0,0.0,0.0,0.0,0.0,0.0,0.0,0.0,0.6797433547204399,0.7926787741203178,0.0,0.0,0.0,0.9077946768060836,0.7009948157489141,0.6559028292104874,0.4188521891802919,0.0,0.8282476024411508,0.9600853619981031,0.7145759268664296,0.0,0.9427239427239427,1.0,0.9158041958041958,0.5480952380952381,0.2375789184737852,0.3354101765316718,0.7345679012345678,0.3210652304009576,0.5400083787180561,0.8051637483787288,0.7088673816374575,0.19999999999999996,0.55369211514393,0.0,1.0,0.15286259541984748,0.0,1.0,0.6000000000000001,0.0,0.0,0.26509186351706027,0.0,0.0,0.5,1.0,1.0,0.0,0.0,1.0,0.0,1.0,1.0,0.0,0.8581979320531757,0.5,1.0,0.0,0.0,0.0,1.0,0.0,1.0,0.505767012687428,1.0,0.9633943427620633,0.140068886337543,0.36363636363636365,0.6497257769652651,0.8571428571428572,1.0,0.0,0.5714285714285714,0.4285714285714286,0.0,0.0,1.0,0.1428571428571428,1.0,0.8636363636363636,1.0,0.0,0.9775319737296924,0.0,0.7263999999999999,0.0,0.0,0.42307692307692313,1.0,0.75,0.5833333333333333,0.2956508086041767,0.8987873134328358,0.8928571428571428,0.0,0.5951008645533141,1.0,0.0,0.7028469750889681,0.25,0.7160429402117191,0.0,0.6666666666666667,0.6157899602477581,1.0,0.0,0.9302738336713996,1.0,0.16644159351789323,0.75,1.0,0.2213855421686748,0.0,0.9,0.8823529411764706,0.7549770290964778,0.777490297542044,0.8,1.0,0.16129032258064502,0.5,0.0,1.0,1.0,1.0,0.9392234621414738,1.0,1.0,0.6566153846153846,0.15147407658420875,0.8839686098654709,0.9583333333333334,0.0,0.0,0.36496350364963503,0.668842253238277,0.8973727422003284,0.6635777598710717,1.0,0.0,1.0,0.8,0.0,0.0,0.4856439704675962,1.0,0.5872728140056289,0.44999999999999996,0.0,0.0,0.0,1.0,0.9494193567247188,0.0,0.0,0.0,0.7240816326530612,0.8923253150057273,0.0,0.0,0.9720863961659273,0.9286452947259566,1.0,0.8905793943235998,0.19999999999999984,0.9545454545454546,0.0,0.0,0.0,0.0,0.0,0.8272801420141054,0.728414801279123,0.37040636578995323,0.0,0.0,0.0,0.0,0.0,0.0,1.0,0.0,0.0,0.0,0.9360560305621248,0.0,0.0,0.7258335080729713,0.0,0.0,0.9190915542938254,0.0,0.0,0.0,0.25,1.0,0.0,1.0,0.0,0.0,1.0,1.0,0.8607655502392344,0.0,0.0,0.0,0.0,0.0,0.0,0.0,0.6623056035546779,0.3431276169670491,0.0,0.0,0.7492165629047758,0.0,0.0,0.0,0.0,0.0,0.9695167286245353,0.0,0.0,0.0,0.0,0.6720302375809935,0.2410714285714286,0.0,0.0,0.0,0.0,0.0,0.0,0.0,0.8181818181818181,0.0,0.0,0.0,0.5308689024390245,0.0,0.0,0.0,0.5258647716584806,0.4118119266055046,0.5340423817581177,0.7017543859649122,0.590909090909091,0.43112272677774144,0.5275974025974027,0.0,0.0,0.7253246753246754,0.33333333333333337,0.3076923076923077,0.6626506024096386,0.0,0.0,0.6923076923076923,0.0685563612392881,0.497716894977169,0.47080381138529204,0.19381313131313127,0.0,0.0,0.0,0.5081967213114753,0.1791187739463601,0.7254901960784315,1.0,0.7664399092970522,0.5,0.0,0.14724770642201834,0.0,0.3467782851344495,0.0,0.8381742738589212,0.0,0.0,0.6666666666666666,0.0,0.0,0.5,0.0,0.40866873065015485,0.28099173553719003,0.0,0.7583461736004109,0.3434504792332267,0.0,0.08510638297872364,1.0,0.6956521739130435,0.0,0.5,0.0,0.0,1.0,0.0,0.36,0.0,0.75,0.0,0.0,0.5,0.0,0.0,0.5,0.0,0.6000000000000001,0.4741498479402819,0.0,0.07017543859649122,0.658890290037831,0.75,0.0,0.8533916849015317,0.0,0.3931185944363105,0.0,0.25,0.19999999999999996,0.0,0.4791808873720136,0.0,0.6666666666666667,0.02336448598130847,0.0,0.0,0.7222222222222223,0.0,0.0,0.2857142857142857,0.0,0.0,0.0,0.0,0.6487334678323247,0.0,0.30315789473684207,0.0,0.0,0.0,0.0,0.0,0.18181818181818177,0.08333333333333326,0.07692307692307698,0.0,0.0,0.0,0.0,0.0,0.0,0.0,0.0,0.14841564187650458,0.25,0.8378378378378378,0.3846153846153846,0.0,0.25773195876288646,0.5555555555555556,0.3438759065269943,0.0,0.6250789639924195,0.12948717948717947,0.3670886075949368,0.0,0.7757275411218895,0.0,1.0,0.8,0.025924147863658265,1.0,0.5730566919929867,0.0,0.3136054421768707,1.0,0.7652849740932642,0.0,0.4,0.0,0.9255689116790075,0.0,0.0,0.0,0.8111455108359134,0.0,0.0,0.4482758620689655,0.0,0.40611353711790377,0.6666666666666667,0.4628581561331697,0.2571819425444597,1.0,0.0,0.0,0.0,0.0,0.6298688524590164,0.7964575790194736,0.010928961748634003,0.08659598268566693,0.0,0.0,0.0,0.0,0.0,0.0,0.6666666666666667,0.0,0.0,0.0,0.9211889214140959,0.0,0.0,0.7272727272727273,0.0,0.0,0.9482758620689655,0.6755509403484481,0.0,0.0,1.0,0.7857142857142857,0.0,0.0,0.0,0.0,0.8125,m2
0.0,0.0,0.0,0.0,0.0,0.0,0.0,0.0,0.0,0.0,0.0,0.6508854354897,0.0,0.0,0.0,0.0,0.0,0.0,0.0,0.0,0.0,0.0,0.7373658766654876,0.0,0.657909390027841,0.7256219616814412,0.0,0.0,0.6837247341979203,0.0,0.0,0.0,0.8931419457735248,0.0,0.0,0.0,0.0,0.0,0.0,0.0,0.0,0.5662750375239377,0.5831130135549121,0.4364614654217439,0.5391969407265775,0.5338541666666667,0.0,0.3446949257549412,0.6657091561938959,0.20920080591000667,0.5038480664945892,0.6666666666666667,0.0250571646341462,0.4813898850006183,0.35808370321119876,0.0,0.0,0.0,0.0,0.81737741902404,0.0,0.9385926573426573,0.544885595553998,0.5196697920913167,0.1578947368421052,0.9717528062168497,0.0,0.5816125860373649,0.12119635890767233,0.2166105499438833,0.5992721391023049,0.9726130653266332,0.0,0.0,0.0,0.0,0.0,0.7101836782143687,0.0,0.4,0.5,0.0,0.0,0.16960588866738258,0.3511897022493825,0.0,0.0,0.0,0.1428571428571428,0.44067796610169496,0.0,0.22797927461139889,0.5,0.2498472816127062,0.6000000000000001,0.7562670419561967,0.78125,0.09670329670329691,0.0,0.0,1.0,0.0,0.5714285714285714,0.0,0.8329683456101931,0.6428571428571428,0.18181818181818188,0.0,0.0,0.5143364628266938,0.11111111111111116,0.46464779028183334,0.6514423076923076,1.0,0.8118115461181155,0.8620977852068533,0.9166666666666666,0.8510072960906021,0.3000949667616334,0.0,0.0,0.0,0.7194206008583692,0.0,0.0,0.0,0.75,0.0,0.7918307086614174,0.3065693430656935,0.781754741403568,0.11111111111111105,0.0,0.6840620592383639,1.0,0.0,0.9545107033639144,0.6666666666666667,0.0,0.5005749847798147,0.5,0.6946415897799858,0.6666666666666667,1.0,0.0,0.6281186783546865,0.0,0.0,0.8571428571428572,0.6330913490623109,0.0,0.7380952380952381,0.5,0.8571428571428571,0.0,0.0,0.0,0.0,0.0,0.0,0.41799005940113965,0.7222222222222222,0.6606413217267721,0.0,0.0,0.5556612749762131,0.6121567417463746,0.1096502108657903,0.0,0.5720232721436453,0.0,1.0,0.0535714285714286,0.0,0.0,0.8333333333333334,0.39662301860785654,0.0,0.0,0.0,0.0,0.0,0.0,0.0,0.9803921568627451,0.0,0.8178436431271374,0.9709381263334842,0.8180046403712297,0.04281712685074035,0.006896080841185315,0.9393141117045701,0.9624726362973002,0.6488702658793218,0.7708237459733088,1.0,0.0,0.0,0.0,0.0,0.0,0.7815891032917139,0.0,0.6046274123115931,0.0,0.0,0.0,0.0,0.7605577816236568,0.0,0.0,0.0,0.0,0.0,0.0,0.7458635659856097,0.0,0.0,0.0,0.5749625187406298,0.9782608695652174,0.15681546409247527,0.0,0.0,1.0,1.0,0.0,0.5,0.0,0.0,0.0,0.0,0.0,0.0,0.0,0.0,0.0,0.0,0.0,0.0,0.0,0.0,0.8,0.0,0.0,0.0,0.0,0.0,0.0,0.0,0.0,0.0,0.0,0.8504763967085318,0.0,0.3853532404704312,0.9360986547085202,0.0,0.0,0.6180869098172175,0.0,0.0,0.21212121212121204,0.7608247422680412,0.25,0.0,0.0,0.0,0.0,0.0,0.0,0.061790668348045474,0.7444228455058781,0.690795559666975,0.15984697272122428,0.42668146914608185,0.6649451258876695,0.025262467191600968,0.7292002864135256,0.709236412137379,0.0,0.34593175853018376,1.0,0.6494893221912721,0.7694908512330947,0.26195899772209585,0.0,0.0,0.0,0.0,0.8054246732494776,0.0,0.9428571428571428,0.7625035454287605,0.687698272823405,0.22764227642276436,0.6565752949340736,0.0368421052631579,0.7341703056768558,0.0,0.4568965517241379,0.7223353699932111,0.8685538461538462,0.0,0.0,0.5,0.0,1.0,0.9099794238683128,1.0,1.0,1.0,0.5,0.0,0.045702245150039955,0.5066469719350074,0.5,0.0,0.0,0.0,0.3392857142857143,1.0,0.0,1.0,0.45753588516746413,1.0,0.9633943427620633,0.8974358974358975,0.36363636363636365,0.0,0.0,0.8636363636363636,0.0,0.8571428571428571,0.0,0.8047172575446822,0.75,0.09999999999999998,0.1428571428571428,0.0,1.0,0.0,0.0,0.6445333333333334,0.8125,0.9453125,0.9219858156028369,0.3653846153846154,1.0,0.2727272727272728,0.0,0.5416666666666667,0.0,0.7232796486090776,0.0,0.13099393716700336,0.7266217354675653,1.0,0.0,0.7829293993677555,1.0,0.7147744450632509,0.0,0.6666666666666667,0.8649813272048261,1.0,0.0,0.925645872715816,1.0,0.0,0.3125,1.0,0.8066197550169403,1.0,0.9,0.3529411764705882,0.6875957120980092,0.3667117726657646,0.0,1.0,0.0,0.5,0.8571428571428572,1.0,1.0,0.5,0.0,0.0,0.0,0.029088913282107498,0.0,0.0522508038585211,0.9583333333333334,0.38847305389221554,0.0,0.0985401459854015,0.8432607865597557,0.3709327548806941,0.8846153846153846,0.7778534459275401,0.8216080402010051,0.4406546644844518,1.0,0.0,0.0,0.0,1.0,0.39848234905971647,0.44999999999999996,1.0,0.0,1.0,1.0,0.0,0.0,0.9888888888888889,0.0,0.8411532756936657,1.0,0.8900284562485179,0.15546875000000004,0.0,0.9305019305019305,0.9850746268656716,0.7727690977869897,0.2867540029112081,0.0,0.0,0.0,0.0,0.0,0.0580401197455821,0.8255590286126473,0.0,0.17327342114982147,0.0,0.0,0.0,0.0,0.7352259916700801,0.0,0.0,0.0,0.0,0.0,0.0,0.6854674796747968,0.0,0.0,0.0,0.8835126759876046,1.0,0.0,0.0,0.0,0.0,0.6666666666666667,0.0,1.0,0.0,0.0,0.0,1.0,0.0,0.0,0.0,0.0,0.0,0.0,0.0,0.0,0.0,0.0,0.6074766355140186,0.0,0.0,0.0,0.0,0.0,0.0,0.0,0.0,0.0,0.0,0.8846035553915237,0.0,0.42028985507246375,0.5357142857142858,0.0,0.0,0.918918918918919,0.0,0.0,0.0,0.6382066276803118,0.0,0.0,0.0,0.0,0.0,0.0,0.0,0.0,0.4093499839897534,0.4652914798206277,0.0,0.0,0.0,0.161167374496352,0.0,0.0,0.0,0.0,0.6666666666666667,0.20512820512820518,0.45977011494252884,0.03128103277060568,0.0,0.25,0.0,0.0,0.48010471204188476,0.0,1.0,0.3407671721677076,0.20318169132012276,0.20668693009118533,0.38701923076923084,0.2932692307692307,0.0,0.6546546546546548,0.0,0.0,0.7458715596330274,0.0,0.0,0.0,0.0,0.0,0.7362637362637363,0.0,0.4,0.0,0.0,0.33333333333333326,0.09862570735650766,0.2515723270440251,0.0,0.0,0.0,0.19999999999999996,0.21052631578947367,0.0,0.0,0.0,0.5,0.0,0.3203883495145631,0.6666666666666667,0.0,0.0,0.6000000000000001,0.75,0.0,0.0,0.0,0.2857142857142857,0.0,0.5,0.0,0.10909090909090913,0.7858681602757431,0.25,0.0,0.0,0.4999999999999999,0.7011417058428475,1.0,1.0,0.38062064597846745,0.5950920245398772,0.25,0.0,0.31707317073170727,0.8993055555555556,0.2222222222222221,0.1374095989480606,0.3986486486486486,0.0,0.0,0.3037037037037037,0.5714285714285714,0.0,0.2857142857142857,1.0,0.2776214593884825,0.0,0.0,0.6615079365079366,0.0,0.3147368421052632,0.07147220525351261,0.0,0.5093304061470909,0.0,0.0,0.0,0.5,0.0,0.6666666666666667,0.0,0.0,0.0,0.5,0.0,0.0,0.5,0.5959866764156309,0.0,0.74,0.0,0.625354870288791,0.0,0.5555555555555556,0.0,0.0,0.0,0.05192307692307674,0.0,0.16365873666940112,0.05820328975115985,0.23322637106184374,0.0,1.0,0.025604096655464925,0.375,0.24181060154854095,0.0,0.7698412698412699,0.0,0.0,0.0,0.0,0.0,0.0,0.0,0.9166666666666666,0.0,0.7048022598870056,0.9121127366609294,0.4441087613293052,0.4469827586206896,0.8344197505517631,0.6224627875507442,0.6666666666666667,0.3723401216760447,0.03944773175542404,0.0,0.0,0.0,0.0,0.0,0.0,0.7965869639626424,0.16666666666666674,0.0,0.0,0.0,0.0,0.0,0.9366544644278211,0.0,0.0,0.0,0.0,0.0,0.0,0.6115589353612167,0.0,0.0,0.0,0.7979890310786106,0.9372822299651568,0.6509251432328356,0.0,0.0,0.25,0.3571428571428572,0.0,0.0,0.0,0.0,0.0,m2
0.5714285714285714,0.0,0.0,0.0,0.8035571222560487,0.6466918979534624,0.75,0.0,0.0,0.7004636350864046,0.5201955081111878,0.0,0.0,0.0,0.0,0.0,0.0,0.0,0.0,0.0,0.6564677055971428,0.5,0.0,0.0,0.6232406572835056,0.0,0.0,0.7605788204341153,0.1447455585666969,0.0,0.0,0.0,0.0,0.0,0.0,0.0,0.4855494839101395,0.14360658534504822,0.9443571204023892,0.0,0.16283621316333974,0.5229447585906917,0.3449655358832274,0.0,0.45474613686534215,0.0,0.0,0.5219742378426078,0.37726053474084964,0.8265975293579381,0.17117978124668176,0.0,0.031136065334694374,0.32232244190908554,0.0,0.0,0.7344453269790838,0.0,0.4091658611474386,0.7957049452732724,0.0,0.21781946072684644,0.0,0.49150710315009283,0.4876589379207179,0.3880292151522655,0.8296374516015488,0.5716332378223496,0.9620738636363636,0.3098591549295775,0.8766999093381687,0.9206812652068127,0.0,0.5104813986245753,0.5,0.4339622641509433,0.0,0.695099484156227,0.6666666666666667,0.0,0.0,0.0,0.0,0.4447361512207929,0.59139904433826,0.5555555555555556,0.4735807001442244,0.0,0.0,0.0,1.0,0.3106329642782535,0.5,0.545815516188149,0.6000000000000001,0.2803602556653111,0.0,0.1043689320388349,0.0,0.09011627906976738,0.7142857142857142,0.0,0.5714285714285714,0.8961038961038961,0.9486842105263158,0.0,0.0,0.7952769000498918,1.0,0.5113636363636364,0.0,0.59227588140464,0.655035685963521,0.3750000000000001,0.0,1.0,0.5,0.22219553206822007,0.864696734059098,0.6194029850746269,0.5,0.34420279163100875,0.7174959871589086,0.8122626153011394,0.6192715423008702,0.4754224270353302,0.75,0.0,0.0,1.0,0.6260411049194079,0.4444444444444444,0.0,0.0,0.875,0.0,0.0,0.6666666666666667,0.33371508037138553,0.3598764502034053,0.5,0.8156904080710736,0.6666666666666667,0.2997275204359672,0.5,0.0,0.10999451854558728,0.0,0.8571428571428572,0.0,1.0,0.0,0.5,0.9285714285714286,0.5,0.28016302656959746,1.0,0.6611826722781957,0.7118105126541208,0.0,0.28216939078751857,0.0,0.9943328693577252,0.8333333333333334,0.512820512820513,0.0,0.0,0.38820988304709725,0.3548137978376521,0.6851847287605057,0.8142956441149212,1.0,1.0,0.0,0.0,0.7916666666666666,0.3339712918660287,0.0,0.0,0.0,0.0,0.0,0.940070732480894,0.0,0.9802073515551367,0.0,0.8178436431271374,0.42390740106692004,0.0,0.0,0.9040424121935057,0.9304414846214986,0.9850746268656716,0.6317393247470848,0.9507712504102396,0.84,0.0,0.9648954256087362,0.2049488972565896,0.0,0.02941176470588247,0.40492334905660377,0.9133686506699906,0.21239075493808846,0.0,0.0,0.0,1.0,0.0,0.6751326266622374,0.0,0.0,0.0,0.0,0.0,0.0,0.23214285714285698,0.0,0.0,0.8613971366104802,0.8369565217391304,0.254060083380487,0.0,0.0,0.5,1.0,0.0,0.5,0.0,0.0,0.8125,0.0,0.0,0.0,0.0,0.8936170212765957,0.6714285714285715,0.65,0.0,0.0,0.5480225988700564,0.7515789473684211,0.0,0.0,0.0,0.0,0.0,0.0,0.0,0.0,0.0,0.8632889895273139,0.0,0.0,0.0,0.0,0.0,0.0,0.5189873417721519,0.5779462746333958,0.0,0.0,0.0,0.0,0.25,0.0,0.0,0.6843135213906526,0.5199976947902258,0.8293079612913719,0.0,0.19530553629791003,0.7403366876704599,0.5617206109009388,0.0,0.7608432693969241,0.6556064073226545,0.644286587228842,0.7681746381603116,0.30239099859353014,0.5866336633663367,0.34593175853018376,1.0,0.6517011574886005,0.0,0.0,0.0,0.0,0.0,0.3270963270963271,0.8099985121261717,0.0,0.0,0.0,0.7270471464019851,0.9934426229508196,0.0,0.32530120481927716,0.7459874389392882,1.0,1.0,0.9314802844214609,0.9478976234003657,0.0,0.6108210726150924,1.0,0.2500000000000001,1.0,0.9036144578313253,1.0,1.0,0.0,0.5,1.0,0.4502791968634906,0.8222849083215797,0.75,1.0,0.4475138121546962,0.0,0.0,0.0,0.84375,1.0,0.8518356643356644,1.0,0.0,0.0,0.36363636363636365,0.0,0.0,0.8636363636363636,0.0,0.8571428571428571,0.4285714285714286,0.7986928104575164,0.0,1.0,0.6666666666666666,0.5,0.8636363636363636,1.0,0.6368262571514605,0.771388985105646,0.0,0.16109422492401204,1.0,0.05053191489361708,0.34615384615384615,0.8181818181818182,0.9166666666666666,0.5833333333333333,0.6155018855813208,0.793644996347699,0.8928571428571428,0.0,0.5951008645533141,1.0,0.0,0.0,1.0,0.9041126508717032,0.6666666666666667,0.6666666666666667,0.0,1.0,0.0,0.1791907514450869,1.0,0.0,0.31464174454828653,1.0,0.5185465556396669,1.0,0.44999999999999996,0.8823529411764706,0.46153846153846145,0.23951285520974308,0.0,1.0,0.0,1.0,0.0,0.75,1.0,1.0,0.7403863845446182,1.0,0.8970264317180616,0.7277716794731064,0.8877364246491763,0.28531390134529144,0.0,1.0,0.8823529411764706,0.7911160058737151,0.0,0.2775041050903121,0.7239307681304534,0.5350739396565733,0.9439725579875857,0.9384615384615385,0.8,1.0,0.0,0.0,1.0,0.480719794344473,0.44999999999999996,1.0,0.0,0.0,1.0,0.9927103650727979,0.0,0.9888888888888889,0.0,0.8269697972302311,0.21176734785537832,0.0,0.5447558770343581,0.9428375300321383,0.9818363844393593,0.9850746268656716,0.8463996042501881,1.0,0.9545454545454546,0.0,0.9738352300359887,0.21219091431857395,0.0,0.4292319408181027,0.5709362435381965,0.9266048502139801,0.3171719602181583,0.0,0.0,0.0,1.0,0.0,0.6324950015784488,0.0,0.0,0.0,0.0,0.0,0.0,0.5,0.0,0.0,0.8802223226870196,0.7765632534962225,0.0,0.0,0.0,0.0,1.0,0.0,1.0,0.0,0.0,0.8087431693989071,1.0,0.0,0.0,0.0,0.8695652173913043,0.5051277026585669,0.9333333333333333,0.0,0.0,0.6578385305425032,0.526849702230746,0.0,0.0,0.0,0.0,0.0,0.0,0.0,0.0,0.0,0.7130930775213897,0.6000000000000001,0.0,0.0,0.0,0.0,0.0,0.7639902676399027,0.6292134831460674,0.0,0.0,0.0,0.0,1.0,0.0,0.0,0.0,0.0,0.7639391745112238,0.0,0.0,0.3353264769193972,0.39893421536199924,0.0,0.3274733495417992,0.0,0.0,0.0,0.3076923076923076,0.8229994700582937,0.6013513513513513,0.0,0.20512820512820518,0.4873338870431895,0.09666901093280489,0.0,0.6923076923076923,0.0,0.446969696969697,0.4409828167656977,0.0,0.2857142857142857,0.31783276450511944,0.20737887695114543,0.28358208955223874,0.7417311752287121,1.0,0.0,0.5555555555555556,0.0,0.8571428571428572,0.9798165137614678,0.0,0.4461732548359967,0.2857142857142858,0.4925373134328359,0.0,0.5205288796102993,0.6666666666666666,0.0,0.0,0.0,0.0,0.07502799552071682,0.28099173553719003,0.5714285714285714,0.2526158445440957,0.0,0.0,0.0,0.0,0.13043478260869568,0.0,0.0,0.0,1.0,0.0,0.0,0.0,1.0,0.75,0.0,0.0,1.0,0.2857142857142857,0.0,0.5,0.5561770428015562,1.0,0.4741498479402819,0.0,0.75,0.0,0.75,0.0,0.8279569892473119,1.0,0.0,0.13636363636363613,0.25,0.19999999999999996,0.04878048780487809,0.5086928525434643,0.0,0.48654855643044626,0.0,0.0,0.0,0.0,0.5714285714285714,0.6057692307692308,0.4285714285714285,0.6666666666666667,0.0,0.0,0.0,0.0,0.0,0.7617105425781733,0.11494252873563238,0.0,0.6153846153846154,0.0,0.0,0.18181818181818177,0.0,0.38247011952191223,0.6666666666666667,0.0,0.5833333333333333,0.6666666666666666,0.0,0.5,0.5,0.5,0.0,0.25,0.0,0.8666666666666667,0.0,0.0,0.0,0.9459236326109391,0.0,0.0,0.0,0.0,0.0,0.0,0.4090504451038576,0.7963636363636364,0.8,0.7882861257801248,0.11111111111111116,0.23647711511789193,0.0,0.0,0.0,0.0,0.0,0.4,0.0,0.9324221212221743,0.0,0.9166666666666666,0.0,0.7083333333333334,0.5796764121487369,0.0,0.22413793103448276,0.7224755304273816,0.4746963562753036,0.6666666666666667,0.4628581561331697,0.7373461012311902,1.0,0.0,0.9444133866341543,0.5,0.0,0.3727593507410022,0.6948422077019325,0.010928961748634003,0.11107717369171244,0.0,0.0,0.0,0.998848147437128,0.0,0.4009443277499505,0.0,0.0,0.0,0.0,0.0,0.0,0.5555555555555556,0.0,0.0,0.7771993753253514,0.7630662020905923,0.6699165553493052,0.0,0.0,0.0,0.9285714285714286,0.0,0.0,0.0,0.0,0.75,m2
0.0,0.0,0.0,0.0,0.0,0.0,0.0,0.0,0.0,0.7527198145175673,0.0,0.0,0.0,0.0,0.4,0.0,0.0,0.0,0.0,0.0,0.9249720769865808,0.0,0.0,0.0,0.22377840024898854,0.7473067915690866,0.0,0.0,0.6880215735578148,0.0,0.0,0.0,0.0,0.0,0.0,0.0,0.0,0.7673119713171241,0.0,0.0,0.8911329101750337,0.39573591627699845,0.5849019988356298,0.0,0.5618233618233619,0.3834903544190219,0.06800070058674135,0.9224046422758474,0.0,1.0,0.2117704162116245,0.6666666666666667,0.006352910670296752,0.47815518853225303,0.8677541270594394,0.0,0.0,0.0,0.0,0.5825992891361459,0.0,0.1354961832061069,0.2277291708093061,0.4789519314131585,0.1578947368421052,0.6155742459396751,0.15233362143474505,0.0,0.8027195720017833,0.2166105499438833,0.035211267605633645,0.0,0.0,0.0,0.0,0.0,0.0,0.9355345911949686,0.0,0.4,0.5,0.0,1.0,0.06833435021354506,0.058119880379664646,0.33333333333333337,0.3288702928870295,0.26201559760594895,0.1428571428571428,0.0,1.0,0.7956769055745165,0.5,0.17676225105363186,0.5,0.11816984858459523,0.78125,1.0,0.735166872682324,0.0,0.34702702702702726,0.0,0.5714285714285714,0.0,0.0,0.0,0.0,0.7987969924812031,0.8,0.5498938428874736,1.0,0.5964669685760707,0.5043616177636796,1.0,1.0,0.8620689655172413,0.5,0.5419392353539758,0.0,0.33333333333333337,0.0,0.0,0.2525538268112526,0.8536395484624367,0.5539743431093511,0.42658132530120485,0.75,0.0,0.9125,1.0,0.45067418298164086,0.7777777777777778,0.25,0.6813655761024182,1.0,0.0,0.0,0.6666666666666667,0.0,0.0,0.5,0.0,0.0,0.8214285714285715,0.7012987012987013,0.0,0.10378220354467393,0.33333333333333337,0.8571428571428572,1.0,1.0,1.0,0.5,0.0,0.5,0.28359448918837826,0.0,0.8670715492147913,0.3934801762114538,0.9036160478620447,0.9304382000393004,0.0,0.9165534353399893,0.8333333333333334,0.05717509873989113,0.6918116376724655,0.6121567417463746,0.7769465809714466,0.20442839696277793,0.6407240185458889,1.0,0.0,0.5795918367346938,0.0,0.7868601986249045,0.6666666666666667,0.8595385601367229,0.0,0.0,0.0,0.0,0.0,0.0,0.0,0.0,0.0,0.0,0.9709149340005176,1.0,0.023832935337360195,0.0,0.946949602122016,0.9624726362973002,0.3189239012409161,0.0,1.0,0.0,0.0,0.0,0.897986296483092,0.6784980212903028,0.0,0.3761701310546781,0.0,0.0,0.0,0.0,0.0,0.0,0.0,0.0,0.0,0.0,0.0,0.0,0.0,0.0,0.7485581450094162,0.980588515806895,0.0,0.0,0.07697857541442865,0.0,0.0,0.17808219178082185,0.9130434782608696,0.5334099576824618,0.5,0.0,0.0,0.0,0.0,0.0,0.0,0.0,0.0,0.0,0.0,0.0,0.0,0.5454545454545454,0.0,0.0,0.0,0.0,0.5,0.0,0.0,0.0,0.0,0.0,0.893762998732997,0.0,0.0,0.0,0.3289448937370698,0.9384328358208955,0.0,0.0,0.624416321547016,0.0,0.0,0.0,0.0,0.25,0.0,0.0,0.0,0.7767714263942261,0.0,0.0,0.8624410686223154,0.16891098056936293,0.646050214329455,0.1239892183288408,0.43040330920372294,0.6835119959162839,0.6352885895528233,0.9035462114026768,0.0,0.9536942458290772,0.0,1.0,0.6487873134328357,0.6433141919606234,0.8986900485949715,0.0,0.0,0.0,0.0,0.7226771812759074,0.0,0.0,0.6346106708064385,0.4193548387096775,0.22764227642276436,0.29973474801060995,0.0,0.4772036474164133,1.0,0.4374999999999999,0.0,0.009624639076034613,0.0,0.18467220683287167,0.5,0.0,1.0,1.0,1.0,1.0,1.0,0.5,1.0,0.06471679580923273,0.0,0.2500000000000001,0.5,0.5359116022099447,0.0,0.0,1.0,0.9690181124880839,1.0,0.47845417236662124,0.7,0.5323741007194244,0.895017116774439,0.8636363636363636,0.5959510754955715,0.0,0.36363636363636365,0.0,0.8571428571428571,0.0,0.0,0.0,0.0,0.6666666666666666,1.0,0.9391634980988594,1.0,0.6503884950926937,0.8186684509869522,0.8125,0.9322268326417704,0.9166666666666666,0.5,1.0,0.4545454545454546,0.0,0.5416666666666667,0.0,0.3071585098612125,0.8928571428571428,0.9844364351245085,0.7509353287012293,1.0,0.0,0.9183140619171951,0.6666666666666667,0.6683255572835667,1.0,0.33333333333333337,0.856929063154744,1.0,0.0,0.508613617719442,1.0,0.040506329113924044,0.0,1.0,0.2980849292256451,0.0,0.9,0.3529411764705882,0.0,0.23951285520974308,0.6000000000000001,1.0,1.0,0.5,0.8571428571428572,1.0,0.0,1.0,0.5894125242091672,0.0,1.0,0.6441326530612245,0.9801466642818816,0.8760257263251275,0.0,1.0,0.8823529411764706,0.0,0.8432607865597557,0.3709327548806941,1.0,0.5791730129181474,0.9439725579875857,1.0,0.0,0.2515942028985507,0.0,0.6394224341548196,1.0,0.8401768793430195,0.44999999999999996,0.6511627906976745,0.0,0.0,1.0,0.0,0.0,0.0,0.0,0.37038689172289085,1.0,1.0,0.6646385981990752,0.0,0.9716821393121972,0.9850746268656716,0.34648120854826825,0.0,0.13636363636363646,0.0,0.0,0.0,0.8732394366197183,0.7338820915442026,0.0,0.6414850595371826,0.0,0.0,0.0,0.0,0.0,0.0,0.0,0.0,0.0,0.0,0.0,0.0,0.0,0.0,0.7258335080729713,1.0,0.0,0.0,0.8955363517738878,0.0,0.0,0.0,1.0,0.48043818466353694,1.0,0.0,0.0,0.0,1.0,0.0,0.0,0.0,0.0,0.0,0.0,0.0,0.0,0.648619957537155,0.0,0.0,0.0,0.0,0.33333333333333326,0.0,0.0,0.0,0.0,0.0,0.8926259888255794,0.0,0.0,0.0,0.0,0.8888888888888888,0.0,0.0,0.9090909090909091,0.0,0.0,0.0,0.0,0.0,0.0,0.0,0.0,0.5308689024390245,0.0,0.0,0.3385284523378037,0.4861351264809479,0.4652914798206277,0.5340423817581177,0.8807017543859649,0.0,0.0,0.0,0.15384615384615385,0.7893379191745485,0.18360433604336024,0.6666666666666667,0.20512820512820518,0.46096345514950177,0.496648460774578,1.0,0.25,0.0,0.0,0.0,0.0,0.5054945054945055,0.0,0.6241262683201805,0.09836065573770503,0.5249999999999999,0.4374999999999999,0.0,0.0,0.0,0.0,0.0,0.23076923076923073,0.25185396463205934,0.0,0.0,0.0,1.0,0.0,0.4,0.0,0.0,0.0,0.03273809523809512,0.0,0.5714285714285714,0.45856019358741673,0.20142036869144775,0.19999999999999996,0.0,0.8571428571428572,1.0,0.0,0.0,0.5,0.3203883495145631,0.6666666666666667,0.75,0.5,0.6000000000000001,0.5,0.0,0.0,0.0,0.0,0.0,0.0,0.49096594857539966,0.6000000000000001,0.3963855421686746,0.16666666666666663,0.2767653758542141,0.2716202783300199,0.4999999999999999,1.0,1.0,0.0,0.0,0.9072164948453608,0.25,0.0,0.31707317073170727,0.0,0.0,0.6291913214990139,0.0,0.0,0.0,0.7443609022556391,0.5714285714285714,0.0,0.7142857142857142,0.0,0.2776214593884825,0.0,0.0,0.0,0.0,0.36185758513931887,0.25778863775198524,0.0,0.24478594950603716,0.0,0.0,0.0,0.0,0.27350427350427353,0.33333333333333337,0.0,0.0,0.0,0.5,0.0,0.0,0.5,0.1806288478452066,0.0,0.4800000000000001,0.3846153846153846,0.8645144218047103,0.25773195876288646,0.0,0.4376590330788803,0.0,0.5822357311719013,0.2435897435897436,0.0,0.49095966620305986,0.0,0.10432766615146816,1.0,0.0,0.6890702512401985,0.0,0.3312095667516173,0.0,0.59796067006555,0.0,0.0,0.0,0.4,0.0,0.0,0.0,0.0,0.0,0.0,0.8762864493996569,1.0,0.0,0.8190131082954352,0.7266949152542372,0.6666666666666667,0.16182508436445453,0.0,1.0,0.0,0.0,0.5,0.9090423043507319,0.673388910028019,0.0,0.4336283185840708,0.0,0.0,0.0,0.0,0.0,0.0,0.0,0.0,0.0,0.0,0.0,0.0,0.0,0.0,0.7272727272727273,1.0,0.18648434403487912,0.0,0.002429071123202564,0.0,0.0,0.5,0.0,0.5419233860166086,0.0,0.0,0.0,0.0,m2
0.0,0.0,0.7512074968006496,0.0,0.0,0.0,0.0,0.0,0.3874400166910076,0.0,0.645282168012369,0.0,0.0,0.6811834422091498,0.0,0.0,0.0,0.983206106870229,0.0,0.0,0.0,0.0,0.0,0.0,0.0,0.0,0.5903334194882398,0.0,0.20330962800875285,0.0,0.0,0.24107490588082559,0.0,0.0,0.0,0.0,0.0,0.0,0.9128970163618865,0.0,0.00969473599871784,0.0,0.5935000506226586,0.38528610354223425,0.0,0.7984420642648491,0.5114607920272751,0.7503476376806907,0.34627389777604367,0.0,0.0,0.33333333333333337,0.01948586588601231,0.5700923652519584,0.4206730355452276,0.0,0.0,0.0,0.7575206611570248,0.0,0.9012111484021597,0.24807068560563694,0.6147057137944869,0.5006311537490533,0.2049364248317127,0.2969253657327052,0.3871466431095407,0.0,0.0,0.3829787234042552,0.06625766871165617,0.0,0.8571428571428572,0.0,0.33333333333333337,0.0,0.0,0.2354799513973267,0.6666666666666667,0.0,0.0,0.0,1.0,0.6553426096088213,0.8130865484880083,0.0,0.4389501711677444,0.27007541228142884,0.0,0.0,0.0,0.3192997082117549,0.5,0.20775142550202452,0.6000000000000001,0.7354151537158073,0.78125,0.0,0.39619883040935666,0.7695390781563126,0.5038759689922481,0.0,0.2857142857142857,0.49557522123893805,0.8512904547316673,0.6428571428571428,1.0,0.32261317794710886,0.0,0.0,1.0,0.0,0.4979919678714859,1.0,0.0,0.44839114082741327,0.0,0.3440875983770838,0.051010886469673555,1.0,0.0,0.0580865603644648,0.8688133571854502,0.7833547833547834,0.0,0.794480755265069,0.75,0.0,0.624380574826561,1.0,0.41097424412094063,0.0,0.0,0.5283018867924528,0.0,0.0,0.0,0.6666666666666667,0.04235439390821161,0.5013143071723618,0.5,0.0,0.6666666666666667,0.8228882833787465,0.1578947368421053,0.6281186783546865,0.10999451854558728,0.33333333333333337,0.8571428571428572,0.22602739726027377,0.0,0.0,0.5,0.0,0.0,0.015705287584949268,0.0,0.6606633456805893,0.0,0.0,0.280755711775044,0.0,0.0,0.8333333333333334,0.4048305695746216,0.9145186610624398,0.5155173718870638,0.0,0.0,0.0,0.7481259370314843,0.0,0.1964285714285715,0.15384615384615385,0.0,1.0,0.5240706886045094,0.0,0.0,0.875,0.0,0.0,0.0,0.0,0.0,0.0,0.8001579778830964,0.45463290259025335,0.0,0.049286987522281556,0.9362277676337323,0.9809556033545206,0.0,0.6443561781937677,0.0,0.84,0.0,0.0,0.0,0.0,0.5233255633255633,0.352123368920522,0.0,0.23609391021799642,0.0,0.0,0.0,0.0,0.7190733373054772,0.0,0.9473684210526315,0.0,0.0,0.0,0.0,0.0,1.0,0.7495271548230209,0.0,0.0,0.0,0.0,0.9185346292394481,0.0,0.056074766355140304,0.0,0.9335519870511565,0.0,0.0,0.0,0.0,0.0,1.0,0.7140134550513617,0.0,0.0,0.0,0.0,0.0,0.4839962392184115,0.0,0.8434268833087148,0.0,0.0,0.8003170106569539,0.0,0.0,0.0,0.4736842105263158,0.0,0.0,0.0,0.0,0.0,0.0,0.15052660374777727,0.0,1.0,0.0,0.605689428195295,0.0,0.0,0.0,0.0,0.25,0.0,0.0,0.0,0.0,0.8781207496715001,0.0,0.0,0.0,0.7286277197190336,0.7174203113417346,0.4133568970328342,1.0,0.0,0.9451245324095272,0.2212475633528267,0.0,0.2787212787212786,1.0,0.6429939355250558,0.9889400921658986,0.2225922842076048,0.0,0.0,0.0,0.7787072243346007,0.0,1.0,0.5714285714285714,0.17275469168900814,0.728476821192053,0.0,0.7747713414634146,0.7514450867052023,0.0,0.6000000000000001,0.36413043478260865,0.5814977973568283,0.19637139807897563,0.9375,0.0,1.0,0.0,1.0,0.9333703498056636,1.0,1.0,0.0,0.5,1.0,0.8210094319245446,0.8581979320531757,0.5,0.5391918978795232,0.0,0.0,0.0,1.0,0.84375,1.0,0.13829787234042556,1.0,0.9630872483221476,0.9,0.0,0.5509391007398975,0.0,0.36363636363636365,0.0,0.5714285714285714,0.0,0.7914927449811171,0.75,1.0,0.0,0.5,0.0,0.5,0.0,0.3680555555555556,0.8125,0.0,0.767094017094017,0.0,0.0,0.4545454545454546,1.0,0.5416666666666667,0.3138739263357111,0.0,0.8571428571428572,0.593872870249017,0.7320977253580454,1.0,0.0,0.8031496062992126,0.6666666666666667,0.5591032608695652,0.33333333333333337,0.6666666666666667,0.3925307906237584,1.0,0.0,0.013971802362504837,1.0,0.2823228634039445,0.7476635514018692,1.0,0.0,1.0,0.9,0.5882352941176471,0.6875957120980092,0.33333333333333337,0.8,1.0,0.0,0.5,0.0,1.0,0.0,0.5,0.0,0.0,0.9068617949214964,0.0,0.1504664970313826,0.0,0.0,0.0,0.8823529411764706,0.7888725128960943,0.9330159809588575,0.8973727422003284,0.0,0.0,0.10591350397175647,0.9376518218623482,0.0,0.905638665132336,0.0,0.0,1.0,0.5872728140056289,0.44999999999999996,0.55,1.0,1.0,1.0,0.0,0.0,0.0,0.0,0.854220600769482,0.06677458518818302,0.0,0.012873563218390838,0.9755073477956613,0.8810754912099276,0.5,0.7727690977869897,0.16843702579666175,0.9545454545454546,0.0,0.0,0.0,0.0,0.9513466966464144,0.5534713290785993,0.0,0.33936529890886724,0.0,0.0,0.0,0.0,0.7395586056722652,0.0,1.0,0.0,0.0,0.0,0.0,0.0,1.0,0.7258335080729713,0.0,0.0,0.0,0.793062818920903,0.7644986790791295,0.0,0.6774193548387096,0.75,0.97339593114241,0.5,0.0,0.0,0.0,1.0,0.0,0.7201734196863459,0.0,0.0,0.0,0.0,0.0,0.7152255639097744,0.0,0.7245346432264737,0.0,0.0,0.5348578974220461,0.0,0.0,0.0,0.6071511492918507,0.0,0.0,0.0,0.0,0.0,0.0,0.0,0.0,0.47339593114240996,0.0,0.0,0.0,0.0,0.4772896500372301,0.0,0.0,0.0,0.0,0.33333333333333326,0.0,0.75,0.0,0.0,0.0,0.42224442224442227,0.10066280033140029,0.0,0.6689214580984593,0.7904824131547425,0.5705689558047831,0.3076923076923076,0.75,0.39634146341463417,0.33333333333333337,0.20512820512820518,0.4568965517241379,0.08308902395423667,0.0,0.25,0.0,0.8367346938775511,0.05352616669151633,0.5497872340425531,0.05714285714285716,0.7377701934015928,0.20318169132012276,0.4918032786885246,0.18508092892329342,0.25,0.2857142857142857,0.7664399092970522,0.0,0.0,0.14724770642201834,0.5,0.0,0.2857142857142858,0.0,0.0,0.04038997214484685,0.6666666666666666,0.0,0.0,0.0,0.0,0.28873239436619724,0.4764150943396226,0.0,0.5380281690140845,0.3347832608369581,0.0,0.0,0.0,0.13043478260869568,0.0,0.0,0.0,0.41176470588235303,0.6666666666666667,0.5,0.6,0.33333333333333337,0.5,0.0,0.0,0.25,0.2857142857142857,0.0,0.5,0.3691450461431308,1.0,0.0,0.0,0.07017543859649122,0.2564102564102564,0.6140350877192982,0.5221625251846878,0.28884026258205686,0.625,0.23495883470550982,0.1986062717770034,0.0,0.0,0.0,0.7986486486486487,0.4444444444444444,0.0,0.2642276422764227,0.0,0.0,0.12371134020618568,0.5714285714285714,0.0,0.0,0.33333333333333337,0.5639821554355482,0.0,0.0,0.0,0.0,0.46469515372589887,0.0,0.0,0.5396825396825395,0.0,0.0,0.18181818181818177,0.5,0.3447488584474886,0.0,0.0,0.0,0.0,0.0,0.0,0.0,0.5,0.6362157589953803,0.0,0.0,0.6666666666666666,0.0,0.2093023255813954,0.0,0.23569794050343262,0.0,0.0,0.8921885087153002,0.3493393490170803,0.7211474316210806,0.6883394746226078,0.06785411365564042,0.7184170471841704,0.0,0.002400384061449712,0.0,0.2509370684553166,0.5,0.0,0.0,0.0,0.8,0.0,0.0,0.0,0.0,0.0,0.0,0.6530612244897959,0.45753380293093693,0.0,0.4482758620689655,0.8620496792235566,0.815748031496063,0.0,0.3421598388987407,0.25714285714285723,1.0,0.0,0.0,0.0,0.0,0.727544590409057,0.1568858948538091,0.0,0.11107717369171244,0.0,0.0,0.0,0.0,0.9366544644278211,0.0,0.6666666666666667,0.0,0.0,0.0,0.0,0.0,0.888888888888889,0.7272727272727273,0.0,0.2221763369812101,0.0,0.14827072646036754,0.7513985700182486,0.0,1.0,0.3571428571428572,0.8889970788704966,0.0,0.0,0.0,0.0,m2
0.5714285714285714,0.0,0.0,0.0,0.0,0.7070504855262553,0.0,0.0,0.0,0.8475842097241274,0.0,0.0,0.0,0.6811834422091498,0.0,0.0,0.0,0.0,1.0,0.0,0.0,0.0,0.0,0.0,0.0,0.6759259259259258,0.0,0.0,0.0,0.0,0.0,0.24107490588082559,0.0,0.0,0.0,0.815515999588435,0.0,0.0,0.0,0.0,0.06886143478871276,0.55784519784337,0.34441035284802324,0.0,0.5037451150673035,0.2591496426766766,0.13282602991340864,0.11951062797498069,0.0,0.486439055520102,0.1464958224217483,0.33333333333333337,0.0,0.0,0.8384810534369589,0.0,0.0,0.06623903652310514,0.7513460597161037,0.0,0.7194071261682243,0.2330255930816877,0.5480468297206444,0.0,0.1578947368421052,0.29796979450359007,0.15233362143474505,0.14296351451973188,0.78125,0.0,0.9214723926380368,0.13324732768153325,0.0,0.6205392102024835,0.33333333333333337,0.0,0.0,0.5850319440219045,0.0,0.4,0.0,0.0,0.0,0.0,0.025711159737418,0.0,0.0,0.23710666121781776,0.0,0.45197740112994356,0.6666666666666667,0.7702323493096869,0.5,0.0,0.6000000000000001,0.11816984858459523,0.0,0.0,0.36155747836835606,0.3066132264529058,0.4285714285714285,0.31818181818181823,0.8571428571428572,0.515897435897436,0.7995262066923304,0.0,1.0,0.3081105573176257,0.0,0.5198807157057654,1.0,0.9262672811059908,1.0,1.0,0.0,0.0,0.9166666666666666,0.569572119466903,0.015677491601343907,0.6666666666666667,0.0,0.13988539366083685,0.684774665042631,0.7958313595452393,0.0,0.6483433734939759,0.75,0.0,0.7297435897435898,0.0,0.7533975278289968,0.0,0.0,0.5471698113207548,0.0,0.0,0.5573338735818476,0.6666666666666667,0.15787092262761704,0.49103173386478616,0.5,0.0,0.6666666666666667,0.8228882833787465,0.8111888111888111,0.0,0.18856203179243558,0.33333333333333337,0.8571428571428572,0.22602739726027377,0.0,0.7777777777777778,0.5,0.8571428571428571,0.0,0.2600289063754617,0.0,0.4161205208953954,0.5173682059664895,0.0,0.0,0.7222222222222222,0.8945984030061062,0.0,0.0,0.5586433187129608,0.5155173718870638,0.0,0.909581717161128,0.6287605032870389,0.0,0.0,0.889795918367347,1.0,0.8791436464088398,0.5,0.06026892362296088,0.0,0.0,0.0,0.8,0.0,0.9467301814698199,0.0,0.0,0.0,0.25894639840270306,0.035510227733673405,1.0,0.5160427807486629,0.8634988309723559,0.7691029583086648,1.0,0.3131006519888829,0.8220810166799046,0.0,0.0,0.0,0.0,0.9398034623404736,0.4090132090132089,0.0,0.45000880126738263,0.8337785083213478,0.0,0.0,0.0,0.0,0.7189357646211219,0.0,0.0,0.0,0.0,0.0,0.0,0.0,0.0,0.999627595195978,0.0,0.0,0.0,0.9326966166255881,0.7869827779020353,0.0,0.40201005025125625,0.0,0.47453066715587344,0.5,0.0,0.6666785829192436,0.0,0.0,1.0,0.0,0.0,0.0,0.6714285714285715,0.0,0.0,0.0,0.5454545454545454,0.0,0.0,0.0,0.7360807317558162,0.0,0.0,0.0,0.0,1.0,0.0,0.0,0.0,0.0,0.0,0.19609967497291436,0.9360986547085202,0.0,0.0,0.0,0.0,0.0,0.0,0.0,0.0,0.0,0.7073170731707317,0.0,0.0,0.0,0.0,0.2275980791881852,0.9467592592592593,0.5433409873708381,0.0,0.9629597274395038,0.6637744034707158,0.34104507379337845,0.729026818778481,0.2733677782996713,0.744661095636026,0.08653295128939842,1.0,0.9020108522183211,0.8771894904458599,0.901398313798067,0.0,0.6307692307692307,0.23627346794190573,0.7264202123537162,0.0,0.8712179984484096,0.5714285714285714,0.9136904761904762,0.0,0.07251264755480591,0.6506035921091373,0.0,0.4397641112047177,0.8148148148148149,0.0,1.0,0.010057778728867817,0.0,0.763614237906906,1.0,0.0,1.0,1.0,0.0,1.0,0.0,0.5,0.0,0.05942237468186329,0.18316100443131456,0.5,1.0,0.4931129476584022,0.0,0.2647058823529411,0.0,0.9951923076923077,1.0,0.0,1.0,0.0,0.0,0.0,0.5509391007398975,1.0,0.36363636363636365,0.0,1.0,0.0,0.7965059851180848,0.0,1.0,0.5238095238095237,0.0,0.8242894056847545,0.5,0.7844677137870855,1.0,0.6875,0.0,0.4078947368421053,0.3798387096774194,1.0,0.0,0.9166666666666666,0.5416666666666667,0.35974244120940624,0.7894932935916542,0.8571428571428572,0.11630312147423838,0.7514698022447889,1.0,0.0,0.8456843940714909,0.6666666666666667,0.7007645875251509,0.33333333333333337,0.6666666666666667,0.8558818063556959,1.0,0.0,0.6451918522027476,1.0,0.6785955435516543,0.7560975609756098,1.0,0.484375,1.0,0.9,0.3529411764705882,0.0,1.0,0.6000000000000001,1.0,0.0,0.5,0.8571428571428572,1.0,1.0,0.5,0.776254807218223,0.0,0.7028130334743561,0.6836734693877551,0.1504664970313826,0.26071774975751705,0.9583333333333334,1.0,0.0,0.7962170682278766,0.515552099533437,0.8973727422003284,0.0,0.9818649818649818,0.9511507750117426,0.4406546644844518,0.0,0.7513043478260869,0.0,0.8853661790208547,1.0,0.6020320999865127,0.44999999999999996,0.4,0.0,1.0,1.0,0.95681122464692,0.0,0.0,0.0,0.0,0.9767632499921178,0.9980550352975076,0.0,0.9364791288566243,0.8031178840427395,1.0,0.40536438606387826,0.0,0.0,0.0,0.0,0.0,1.0,0.0,0.0,0.6537934322665235,0.37040636578995323,0.0,0.0,0.0,0.0,0.7351174063216557,0.0,0.0,0.0,0.0,0.0,0.0,0.0,0.0,0.9973474801061007,0.0,0.0,0.0,0.7779577850557698,0.53726064931341,0.0,1.0,0.6666666666666667,0.48043818466353694,1.0,0.0,0.7245657568238213,0.0,0.0,0.0,0.0,0.0,0.0,0.593969592436438,0.0,0.0,0.0,0.6779725609756098,0.0,0.0,0.0,0.7290756535607794,0.0,0.0,0.0,0.0,0.6666666666666667,0.0,0.0,0.0,0.0,0.0,0.0,0.8888888888888888,0.0,0.0,0.0,0.0,0.0,0.4772896500372301,0.0,0.0,0.0,0.8670105404799282,0.33333333333333326,0.0,0.0,0.0,0.0,0.3353264769193972,0.38016055045871555,0.0,0.2835517814288352,0.0,0.161167374496352,0.0,0.3076923076923076,0.625,0.18360433604336024,0.33333333333333337,0.3076923076923077,0.0,0.46629164103014853,0.0,0.25,0.25356633380884475,0.740909090909091,0.03657362848893175,0.3331914893617022,0.05714285714285716,0.477957906712173,0.0,0.09836065573770503,0.0,0.43028846153846145,0.0,0.0,0.5,1.0,0.0,0.43333333333333335,0.25418569254185686,0.2857142857142858,0.0,0.0,0.5205288796102993,0.6666666666666666,0.4,0.0,0.0,0.33333333333333326,0.0,0.0,0.0,0.0,0.3934524703408919,0.0,0.21052631578947367,1.0,0.5652173913043479,0.0,0.5,0.0,0.41176470588235303,1.0,0.5,0.6,0.0,0.5,0.0,0.5,0.25,0.2857142857142857,0.0,0.5,0.24470899470899465,0.2785714285714287,0.4437742352434295,0.0,1.0,0.658890290037831,0.0,0.4509966777408638,0.0,0.0,0.8841772151898735,0.1986062717770034,0.25,0.0,0.0,0.38364779874213817,0.4444444444444444,0.16688481675392686,0.0,0.0,0.0,0.14545454545454573,0.0,0.0,0.0,0.6666666666666667,0.2776214593884825,0.0,0.0,0.22797579018157388,0.0,0.27228344260008375,0.0,0.0,0.6153846153846154,0.0,0.0,0.0,0.0,0.1187214611872146,0.33333333333333337,0.0,0.0,0.0,0.5,0.0,0.0,0.5,0.0,0.0,0.0567734682405846,0.26923076923076916,0.0,0.0,0.5555555555555556,0.6178888523512003,0.0,0.0,0.1468689477081988,0.34884970973984086,0.5924812030075188,0.7021276595744681,0.0,0.0,0.0,0.002400384061449823,1.0,0.0,0.0,0.0,0.0,0.0,0.0,0.8,0.0,0.9240173488750338,0.0,0.0,0.0,0.0,0.06869202096353788,1.0,0.6681896551724138,0.1237487517961956,0.0,0.6666666666666667,0.1285186280307511,0.0,0.0,0.0,0.0,0.0,0.9316313573481254,0.6606076060032057,0.0,0.0,0.08659598268566693,0.0,0.0,0.0,0.0,0.9329288843950118,0.0,0.0,0.0,0.0,0.0,0.0,0.0,0.0,1.0,0.0,0.15294815987336774,0.0,0.14884990898560324,0.45497822343765826,0.0,1.0,0.3571428571428572,0.5613437195715678,0.0,0.0,0.6794304672380426,0.0,m2
0.0,0.0,0.0,0.0,0.0,0.0,0.0,0.0,0.0,0.7686251236399604,0.6456595580015478,0.6508854354897,0.9046938289254229,0.0,0.0,0.0,0.0,0.9131545338441891,1.0,0.6657078824051104,0.0,0.0,0.7001684944869786,0.0,0.0,0.7109577221742882,0.0,0.5575868372943327,0.0,0.890632603406326,0.0,0.0,0.0,0.0,0.0,0.8594083905072545,0.7285450412048877,0.0,0.0,0.0,0.8729324771356295,0.5662750375239377,0.0,0.8840488874960828,0.5618233618233619,0.0,0.06800070058674135,0.8255249583688721,0.9693302387267905,0.9544991511035654,0.21212930804167784,0.33333333333333337,0.5806266168439205,0.0,0.36045325170506426,0.0,0.763299131807419,0.0,0.0,0.5820012760160709,0.9013407169921306,0.12923076923076893,0.7155995227679459,0.0,0.0,0.9561542525092446,0.49572649572649563,0.0,0.7869731800766283,0.24166666666666692,0.44366197183098577,0.0,0.0,0.6139389193422083,0.0,0.0,0.0,0.07763171514335998,0.0,0.4,0.0,0.6666666666666667,1.0,0.4958307911328046,0.5523038605230386,0.22222222222222232,0.0,0.23220353028921858,0.1428571428571428,0.0,1.0,0.06712328767123277,0.5,0.20775142550202452,0.5,0.0,0.0625,0.0,0.0,0.3066132264529058,0.7142857142857142,0.5061224489795919,0.5714285714285714,0.9364102564102564,0.8095572733661279,0.0,0.18181818181818188,0.27344067108645653,1.0,0.0,0.0,0.49332648870636553,0.8773364485981309,0.5,1.0,0.0,0.9166666666666666,0.5086927288444913,0.5979740424184868,0.23880597014925375,0.875,0.045117986997351145,0.3178742772788782,0.8444632290786137,0.0,0.8576208178438662,0.75,0.0,0.8844621513944223,1.0,0.5352112676056338,0.4444444444444444,0.0,0.25,1.0,0.0,0.0,0.6666666666666667,0.5754318198382044,0.09153963414634181,0.0,0.14071856287425144,0.0,0.35164835164835184,0.1578947368421053,0.0,0.0,0.33333333333333337,0.8571428571428572,1.0,0.0,1.0,0.5,0.9285714285714286,0.0,0.0,0.7,0.38591916558018247,0.34871993793638467,0.0,0.5149525156597292,0.41666666666666663,0.0,0.8333333333333334,0.1632451962555429,0.0,0.6121567417463746,0.18483829650976635,0.21343956389558683,0.8202597174695095,0.5476785416815402,0.0,0.19552058111380144,0.15384615384615385,0.0,0.6666666666666667,0.4509831264816623,0.1923076923076923,0.0,0.75,0.0,0.0,0.9441018503109067,0.0,0.0,0.0,0.9507706464228204,0.8533973220314335,0.0,0.0,0.0,0.9698084180668733,1.0,0.0,0.751230718739744,0.84,0.0,0.0,0.0,0.6328958212884258,0.6784980212903028,0.44149157046756904,0.50519978106185,0.23609391021799653,0.0,0.0,0.0,0.0,0.7459198412484138,0.0,0.0,0.0,0.0,0.0,0.0,0.0,0.0,0.0,0.0,0.0,0.9782608695652174,0.07738420539632995,0.0,0.0,0.7990867579908676,0.0,0.8118927322191993,0.5,0.0,0.0,0.8125,0.0,0.0,0.0,0.0,0.0,0.0,0.0,0.0,0.0,0.5454545454545454,0.8917910447761194,0.8,0.9385206532180596,0.0,0.0,0.0,0.0,0.7435897435897436,1.0,0.989081315466395,0.0,0.0,0.8934412019647501,0.0,0.15052660374777727,0.33333333333333326,0.0,0.5189873417721519,0.0,0.8142610695802185,0.0,0.20274914089347085,0.0,0.0,0.0,0.7073170731707317,0.6797829036635006,0.0,0.0,0.0,0.9620410703173615,0.774216380182002,0.0,0.6748170326014638,0.4218779699676868,0.00045829514207140765,0.648129958443521,0.9476692306823444,1.0,0.8858330668372242,0.0,1.0,0.9767755873615988,0.0,0.2225922842076048,0.0,0.7636871508379888,0.0,0.0,0.7224522372424801,1.0,0.0,0.8992061099386996,0.0,0.18887015177065758,0.6757575757575758,0.7514450867052023,0.4397641112047177,0.8148148148148149,0.4374999999999999,0.9186351706036745,0.0,0.0,0.605724838411819,0.5,0.0,1.0,0.041000515729757714,1.0,0.5,0.0,1.0,1.0,0.8299683509767544,0.5066469719350074,0.0,0.0,0.4039634146341464,0.0,0.0,1.0,0.6738197424892705,1.0,0.24390243902439024,0.7,0.0,0.140068886337543,0.0,0.0,0.8571428571428572,0.8636363636363636,0.4375,0.8571428571428571,1.0,0.8197807217907721,0.0,0.0,0.5238095238095237,0.5,0.0,0.0,0.4585454231731516,0.1816546762589928,0.6875,0.3625154130702837,0.41627358490566035,0.3653846153846154,1.0,0.6363636363636365,0.75,0.9583333333333334,0.2815691360025938,0.42742653606411385,0.8928571428571428,0.593872870249017,0.8484054172127566,1.0,0.0,0.8029906542056074,0.6666666666666667,0.9140480591497228,0.6666666666666667,0.6666666666666667,0.6275232297340596,1.0,0.0,0.32321547698465636,1.0,0.9411392405063291,0.5015576323987538,0.0,0.831275720164609,0.0,0.44999999999999996,0.5882352941176471,0.0,0.3667117726657646,0.6000000000000001,1.0,0.5454545454545454,0.5,0.8571428571428572,1.0,1.0,1.0,0.0,1.0,0.6724938933856985,0.6441326530612245,0.1504664970313826,0.14378050389130714,0.5202265372168284,0.0,0.8823529411764706,0.0,0.0,0.3709327548806941,0.8084866691701089,0.5791730129181474,0.6745366284201236,0.6194331983805668,0.0,0.6476810414971522,0.0,0.0,1.0,0.545628505443748,0.0,1.0,0.6666666666666666,1.0,1.0,0.9437011513332055,0.0,0.0,0.0,0.9526282669130708,0.9171597633136095,0.0,0.822559876384239,0.0,0.8810754912099276,1.0,0.0,0.10991105463786532,0.9545454545454546,0.0,0.0,0.0,0.46478873239436613,0.702822371394613,0.5531315974665729,0.6238049713193117,0.38132718733692805,0.0,0.0,0.0,0.0,0.738050653802209,0.0,0.0,0.0,0.0,0.0,0.0,0.0,0.0,0.0,0.0,0.0,0.9870910304918763,0.8989435970389104,0.0,0.0,0.7708333333333334,0.0,0.7871674491392802,1.0,0.0,0.0,0.8292682926829268,1.0,0.0,0.0,0.0,0.0,0.0,0.0,0.0,0.0,0.8336798336798337,0.44090299701595814,0.6074766355140186,0.9432835820895522,0.0,0.0,0.0,0.0,0.6481069042316258,0.6666666666666667,0.9697804808514682,0.0,0.0,0.7044650324905102,0.0,0.42028985507246375,0.2410714285714286,0.0,0.7637956748695004,0.0,0.671461897356143,0.0,0.0,0.0,0.0,0.0,0.8877823658003401,0.1696428571428572,0.0,0.0,0.0,0.3385284523378037,0.4093499839897534,0.0,0.2480422681385036,0.0,0.3148992778411249,0.0,0.6728630570663203,0.7692307692307692,0.36801375752364573,0.09285714285714286,0.33333333333333337,0.46153846153846156,0.4913793103448275,0.03128103277060568,0.0,0.0,0.0,0.0,0.032439376907017925,0.5519781144781144,0.5054945054945055,0.5263157894736843,0.0,0.0,0.2826797385620915,1.0,0.0,0.0,0.0,0.8571428571428572,0.0,0.23076923076923073,0.535015447991761,0.0,0.0,0.0,0.0,0.0,0.6,0.0,0.5,0.0,0.7832140015910899,0.40340909090909094,0.5714285714285714,0.0,0.3239649440918707,0.19999999999999996,0.0,1.0,0.0,0.0,0.75,0.5,0.0,0.0,0.5,0.0,0.0,0.75,0.0,0.0,1.0,0.2857142857142857,0.0,0.5,0.19528875379939226,1.0,0.0,0.25,0.0,0.2716202783300199,0.0,1.0,0.0,0.0,0.05960264900662249,0.0,0.25,0.8,0.0,0.0,0.0,0.0,0.6653225806451614,0.0,0.0,0.07766990291262144,0.5714285714285714,0.6057692307692308,0.4285714285714285,1.0,0.0,0.0,0.0,0.0,0.0,0.39500679767643054,0.3549175320708613,0.0,0.24478594950603716,0.0,1.0,0.18181818181818177,0.0,0.0,0.33333333333333337,0.0,0.0,0.0,0.5,0.0,0.5,0.0,0.5959866764156309,0.25,0.07162687395891187,0.3846153846153846,0.0,0.0,0.0,0.36463104325699736,0.0,0.5990536277602525,0.0,0.0,0.0,0.0,0.9608875517111696,0.0,0.0,0.002400384061449823,0.0,0.21800116890707188,0.0,0.3544093178036606,0.41463414634146345,0.0,0.8,0.0,0.0,0.9231272738343507,0.0,0.0,0.0,0.8476425052779732,0.8044545501524469,0.0,0.0,0.8265135141698439,0.0,0.6666666666666667,0.0,0.25714285714285723,1.0,0.0,0.0,0.0,0.6562186727260576,0.6635933806146572,0.0,0.0,0.05019386305022899,0.0,0.0,0.0,0.0,0.9329288843950118,0.0,0.0,0.0,0.0,0.0,0.0,0.0,0.0,0.0,0.0,0.18648434403487912,0.9482758620689655,0.0728226490781454,0.0,0.0,0.5,0.3571428571428572,0.8266809536565765,0.0,0.0,0.0,0.75,m2
0.0,0.0,0.0,0.0,0.0,0.0,0.0,0.0,0.0,0.0,0.5021487275967917,0.0,0.0,0.725900805426028,0.0,0.0,0.0,0.0,0.33333333333333326,0.5120918613650469,0.45327362226581314,0.5,0.0,0.734132640228054,0.0,0.0,0.7187039764359351,0.7603911980440098,0.006898770374606733,0.0,0.0,0.7203892312682452,0.0,0.8328173374613003,0.0,0.0,0.4750626915575369,0.14360658534504822,0.8936666040218004,0.0,0.010244097639055871,0.6279063545150502,0.6217777895042348,0.4523187924241705,0.4541359096830221,0.2591496426766766,0.12950432730133754,0.7282915009613105,0.5315315315315314,0.7115120012230545,0.0524760151177438,0.0,0.01655538278606039,0.5198449976514795,0.7830482572150709,0.0,0.0,0.047592877555506785,0.6213540979279397,0.7271796447038346,0.0,0.24736369755440868,0.5935604528912253,0.47478118506391276,0.4876589379207179,0.0,0.11418803418803403,0.8546433378196501,0.6683673469387755,0.2773109243697478,0.44366197183098577,0.492360097323601,0.0,0.6205392102024835,0.0,0.0,0.0,0.20000000000000007,0.0,0.4,0.0,0.6666666666666667,1.0,0.25515574650913,0.24458273141460174,0.0,0.7494149414941493,0.2661444210103443,0.0,0.0,1.0,0.3531439314810946,0.5,0.0,0.5,0.19066764132553626,1.0,0.2250639386189257,0.0,0.0,0.25,0.0,0.8571428571428572,0.7660377358490567,0.0,0.6428571428571428,0.0,0.08637596494888378,1.0,0.8839627805145047,0.5,0.0,0.655035685963521,0.5,0.6266882766072394,0.8620689655172413,0.0,0.0,0.0,0.0,0.0,0.6377458418875896,0.7530923694779116,0.9425544917498472,0.5198217032858666,0.6519129782445612,0.75,0.0,0.10927835051546386,0.0,0.39273356401384074,0.11111111111111105,0.0,0.25,0.875,0.0,0.0,0.6666666666666667,0.19217200016602332,0.0,0.5,0.14799790630724952,0.6666666666666667,0.43728813559322033,0.16625310173697294,0.5666666666666667,0.02941176470588247,0.33333333333333337,0.8571428571428572,1.0,0.75,1.0,0.5,0.0,0.0,0.2359716479621975,0.0,0.5810903079742695,0.0,0.0,0.9329094496820872,0.0,0.6098522659213416,0.8333333333333334,0.0,0.4814938154138916,0.0,0.18483829650976635,0.733079672546985,0.452410770194114,0.5476785416815402,1.0,0.19552058111380144,0.0,0.8791436464088398,0.6666666666666667,0.3157181571815718,0.1923076923076923,0.5777777777777778,0.0,0.8,0.0,0.0,0.0,0.0,0.0,0.08567828643427122,0.28196076074873067,0.9988142667425536,0.46354825115887066,0.9608007749434937,0.6890218985120551,0.9850746268656716,0.0,0.9971002485501242,0.0,0.0,0.0,0.0,0.0,0.0,0.42346435766642376,0.0,0.23609391021799653,0.0,0.0,0.0,0.0,0.0,0.6647928408978543,0.0,0.0,0.0,0.0,0.0,0.9161565854338541,0.0,0.9395203336809176,0.0,0.4725943755198838,0.0,0.09429292502227815,0.0,0.0,0.6869158878504673,0.3835227272727273,0.95703125,0.5,0.0,0.904045867589788,0.0,0.0,0.0,0.0,0.0,0.0,0.0,0.0,0.0,0.0,0.0,0.7904191616766467,0.0,0.0,0.9408349696917955,0.0,0.0,0.0,0.0,0.5,0.7996008787375694,0.8632889895273139,0.0,0.0,0.8917471772785474,0.15052660374777727,0.0,0.6000000000000001,0.5189873417721519,0.6067222556520244,0.0,0.0,0.6437462235649547,0.0,0.0,0.0,0.0,0.6101694915254237,0.5615368704105905,0.813876194432904,0.0,0.21298963133640547,0.8394281000824856,0.7286277197190338,0.7176714560805807,0.6281279695913842,0.6923429619440623,0.2888854750748906,0.9370619524405507,0.7201850016518005,0.9530224525043178,0.0,1.0,0.0,0.6571884520528073,0.6484873716347488,0.0,0.0,0.15859609609609604,0.5861425061425062,0.7940302057319539,0.0,0.5714285714285714,0.9513790162069946,0.4193548387096775,1.0,0.39745075318655854,0.06024096385542177,0.9202127659574468,0.8666666666666667,0.36413043478260865,0.8916083916083916,0.7992565055762082,0.0,0.7750692520775623,0.5,0.0,1.0,0.8546775658492279,0.0,1.0,0.0,1.0,1.0,0.4510644481581051,0.2609308885754583,0.5,1.0,0.5283018867924529,0.0,0.0,0.0,0.0,1.0,0.0,0.7,0.5323741007194244,0.0,0.36363636363636365,0.0,1.0,0.0,0.0,1.0,0.4285714285714286,0.0,0.75,0.0,0.0,0.5,0.8702702702702703,1.0,0.0,0.6659540352752539,0.0,0.0,0.9143576826196473,1.0,1.0,0.8181818181818182,0.75,0.0,0.931477172430394,0.6723021582733812,1.0,0.9844364351245085,0.7121013543031891,1.0,0.0,0.8328971962616822,0.6666666666666667,0.8989399293286219,0.0,0.6666666666666667,0.627243001834277,1.0,0.0,0.32321547698465636,1.0,0.7123417721518988,0.0,1.0,0.23250345781466109,1.0,0.44999999999999996,0.5882352941176471,0.6716232961586122,0.23951285520974308,0.6000000000000001,1.0,0.5454545454545454,1.0,0.8571428571428572,1.0,0.0,0.5,0.775726243229936,0.0,0.8747717033970535,0.0,0.15147407658420875,0.9674300254452927,0.0,0.0,0.8823529411764706,0.7959094865100087,0.6632097925875553,0.17508417508417495,0.8084866691701089,0.7079830747531735,0.9312390158172232,0.6194331983805668,0.6,0.6476810414971522,0.0,0.885110744685592,1.0,0.545628505443748,0.0,0.5348837209302325,0.0,1.0,1.0,0.0,0.0,0.0,0.0,0.2829484113103736,0.9796395193591455,0.9985667268287504,0.28105705112373425,0.9825581395348837,0.36711478800413655,0.9850746268656716,0.0,0.994475138121547,0.0,0.0,0.0,0.0,0.0,0.6169750801875153,0.5364072712418302,0.0,0.42156862745098045,0.0,0.0,0.0,0.0,0.0,0.7659462540002631,0.0,0.0,0.0,0.0,0.0,1.0,0.0,0.9408227086841472,0.0,0.9279595015576324,0.0,0.551038338658147,0.0,0.0,0.032258064516129115,0.0,0.9723014256619145,1.0,0.0,0.9510894881217328,0.0,0.0,0.0,0.0,0.0,0.0,0.0,0.0,0.0,0.0,0.0,0.3431276169670491,0.0,0.0,0.7064875854845667,0.0,0.0,0.0,0.0,0.6666666666666667,0.12797636289902092,0.1349511536063187,0.6000000000000001,0.0,0.9190444591904446,0.0,0.0,0.6080525883319639,0.7637956748695004,0.625,0.0,0.0,0.8237704918032787,0.0,0.8181818181818181,0.0,0.0,0.0,0.0,0.7830968015251006,0.0,0.0,0.5430519014589812,0.4163737385191064,0.16860143725815357,0.30025964391691384,0.0,0.2353212065392587,0.6938666366425537,0.0,0.0,0.09285714285714286,0.0,0.0,0.45977011494252884,0.9577464788732395,1.0,0.0,0.1438356164383563,0.3544973544973544,0.3902478535558076,0.0,0.09523809523809523,0.477957906712173,0.4696920583468396,0.2615384615384616,0.1791187739463601,0.7254901960784315,1.0,0.2222222222222222,0.0,0.10000000000000009,0.6057339449541284,0.23076923076923073,0.25418569254185686,0.0,0.4626865671641791,0.0,0.04038997214484685,0.6666666666666666,0.4,0.0,0.5,0.0,0.10509209100758399,0.0,0.0,0.48108747044917255,0.7093596059113301,0.0,0.0,0.0,0.6956521739130435,0.0,0.5,0.5,0.41176470588235303,0.0,0.0,0.0,0.33333333333333337,0.0,0.0,0.5,1.0,0.0,0.0,0.5,0.46957671957671965,0.20000000000000007,0.4683439314348907,0.33333333333333326,0.06249999999999989,0.30409356725146186,0.38888888888888884,0.5221625251846878,0.8279569892473119,0.0,0.2543290043290044,0.13636363636363613,0.25,0.7,0.46341463414634154,0.3617021276595743,0.6666666666666667,0.6291913214990139,0.16532258064516137,0.0,0.0,0.12962962962962987,0.7142857142857143,0.52,0.2857142857142857,0.6666666666666667,0.0,0.0,0.0,1.0,0.0,0.25561357702349874,0.3928571428571429,0.0,0.2727272727272727,0.0,1.0,0.18181818181818177,0.08333333333333326,0.38247011952191223,0.33333333333333337,0.0,0.0,0.6666666666666666,0.5,0.0,0.0,0.5,0.0,0.0,0.0,0.0,0.0,0.8608247422680413,0.0,0.0,0.0,0.0,0.10030165912518862,0.0,0.0,0.0,0.0,0.0,0.8,0.002400384061449823,0.0,0.0,0.0,0.3580980683506687,0.41463414634146345,0.735483870967742,0.0,0.8,0.0,0.0,0.0,0.0,0.0,0.0,0.018669382213170493,0.0,0.6724137931034482,0.38229718563165316,0.6010009099181073,0.6666666666666667,0.0,0.7821482602118003,1.0,0.0,0.0,0.0,0.0,0.1482998770995495,0.19313808623051343,0.0,0.01804132370233502,0.0,0.0,0.0,0.0,0.0,0.7711033361257577,0.0,0.0,0.0,0.0,0.0,0.8814764646122587,0.0,0.9047619047619048,0.0,0.2453428458184702,0.0,0.0,0.0,0.0,1.0,0.3571428571428572,0.8959764474975466,0.0,0.0,0.89754223599773,0.0,m2
0.0,0.0,0.0,0.0,0.0,0.7078925022376243,0.0,0.0,0.3842251840063656,0.0,0.0,0.32978723404255317,0.0,0.0,0.0,0.0,0.0,0.6912326803631151,1.0,0.0,0.0,0.5,0.7373658766654876,0.0,0.06845417017354005,0.0,0.0,0.0,0.0,0.0,0.0,0.0,0.0,0.33333333333333326,0.0,0.0,0.4855494839101395,0.0,0.0,0.0,0.7242722649063953,0.0,0.0,0.4266914460796625,0.0,0.2591496426766766,0.12604248623131387,0.0,0.43038850912866655,0.955433618843683,0.0,0.0,0.031136065334694374,0.41023489932885904,0.4638508891928864,0.0,0.0,0.05222088835534233,0.0,0.7822957611813449,0.0,0.15324204591220314,0.09555479763528862,0.6894718185040767,0.4649122807017544,0.7405724953329185,0.5483870967741936,0.5816125860373649,0.7106269113149847,0.6301369863013699,0.5992721391023049,0.13324732768153325,0.0,0.7135416666666667,0.33333333333333337,0.0,0.0,0.21377222852818767,0.6666666666666667,0.4,0.5,0.0,1.0,0.4370984569765526,0.0,0.33333333333333337,0.6785850133130468,0.6421448730009407,0.8571428571428571,0.45197740112994356,0.0,0.6649645685702377,0.5,0.5248744865358284,0.5,0.19758731394104478,0.0625,0.060439560439560336,0.7718816712412321,0.37335834896810494,0.0,0.0,0.8571428571428572,0.7741626794258374,0.9115116755428103,0.0,1.0,0.0,0.0,0.0,0.0,0.45626270414242664,0.0,1.0,0.0,0.2808390732623669,0.0,0.8513815789473684,0.4494556765163298,0.09734513274336287,0.33333333333333337,0.07514762661821484,0.39276608360509946,0.0,0.7014369345396487,0.7982708933717579,0.75,0.0,0.624380574826561,0.3065693430656935,0.9071706503613118,0.11111111111111105,0.0,0.75,0.875,0.0,0.0,0.6666666666666667,0.0,0.02471576866040548,0.0,0.2521677327647477,0.6666666666666667,0.2997275204359672,0.42298084929225643,0.4265003371544168,0.7158779462817467,0.33333333333333337,0.8571428571428572,0.8415492957746479,0.75,0.0,0.5,0.8571428571428571,0.5,0.06393249766743758,0.0,0.6734400135466937,0.0,0.41419287756693524,0.19160473990761195,0.0,0.9944262455385519,0.8333333333333334,0.4979169146530176,0.4751017244720016,0.0,0.18483829650976635,0.29206744370261395,0.6375794637161523,0.0,1.0,0.0535714285714286,0.0,0.0,0.0,0.3398756315584921,0.1923076923076923,1.0,0.0,0.6000000000000001,0.0,0.0,0.0,0.0,0.0,0.06954793840039741,0.42390740106692004,0.8195088375475643,0.11951871657754032,0.7471366847266991,0.0,1.0,0.8812639950582967,0.751230718739744,0.16000000000000003,0.0,0.0,0.0,0.6329161413327593,0.5128782195548887,0.5067196367763904,0.36786791994727885,0.2476699561403507,0.0,0.0,0.0,0.0,0.7377764154369504,0.0,0.9473684210526315,0.0,0.0,0.0,0.0,0.0,0.0,0.7485581450094162,0.0,0.5901914723290331,0.0,0.1533643048576876,0.0,0.0,1.0,0.9130434782608696,0.0,0.0,0.0,0.0,0.875,0.0,0.0,0.0,0.0,0.0,0.6714285714285715,0.0,0.0,0.4839962392184115,0.0,0.0,0.0,0.0,0.0,0.0,0.0,0.0,0.8938244853737811,1.0,0.0,0.0,0.0,0.850657631070791,0.0,0.7321504462388441,0.0,0.0,0.0,0.0,0.0,0.0,0.17588440458395616,0.0,0.0,0.0,0.0,0.6797433547204399,0.0,0.0,0.0,0.7563451776649746,0.0,0.0,0.7373397228338299,0.42668146914608185,0.6784386617100371,0.31251445755262564,0.0,0.0,1.0,0.3170603674540683,1.0,0.6456168831168831,0.8822130970391182,0.23717155041959015,0.0,0.0,0.18067075369635777,0.0,0.805769343751836,0.0,0.0,0.6449940446997828,0.2680412371134021,1.0,0.9142561314955024,0.8473684210526315,0.7341703056768558,0.8666666666666667,0.7880434782608695,0.7741935483870968,0.0,0.0,0.6108210726150924,1.0,0.0,1.0,0.08064938465566918,1.0,1.0,1.0,0.5,1.0,0.47708008994983564,0.18316100443131456,0.2500000000000001,0.8759420289855072,0.8125,1.0,0.2857142857142856,1.0,0.9554140127388535,1.0,0.4629958555358199,0.7,0.5748031496062993,0.140068886337543,0.36363636363636365,0.6497257769652651,0.8571428571428572,0.0,0.0,1.0,0.4285714285714286,0.9437908496732026,0.0,1.0,0.1428571428571428,0.0,0.0,0.5,0.5103583258054802,0.0,0.9375,0.0,0.0,0.0,1.0,0.6363636363636365,0.75,0.5833333333333333,0.30825338936018387,0.3071585098612125,0.0,0.5018020969855832,0.7039819684447783,1.0,0.0,0.8453038674033149,1.0,0.9435922810489856,0.0,0.6666666666666667,0.6214845550945136,1.0,0.0,0.0,1.0,0.8706954760297096,1.0,0.0,0.0,1.0,0.44999999999999996,0.8823529411764706,0.7549770290964778,0.9303112313937754,0.8,1.0,0.16129032258064502,1.0,0.0,0.75,1.0,1.0,0.7609173735469683,0.0,0.9143829787234042,0.3505102040816328,0.7820186598812553,0.0,0.0,1.0,0.8823529411764706,0.7945922372437855,0.668842253238277,0.2775041050903121,0.8338220918866079,0.5344743541136328,0.9307063197026022,0.0,0.8,0.0,0.0,0.0,0.0,0.41663883986070693,0.0,1.0,0.0,1.0,1.0,0.0,0.0,0.0,0.0,0.28298908162783,0.14821492967904804,0.8815286624203822,0.5025932328970116,0.9170126942697829,0.0,1.0,0.9104183673469388,0.2423756019261637,0.13636363636363646,0.0,0.0,0.0,0.46478873239436613,0.2412040463853934,0.5510169285105346,0.669781221513218,0.2952074348539149,0.0,0.0,0.0,0.0,0.734585815386182,0.0,1.0,0.0,0.0,0.0,0.0,0.0,0.0,0.7258335080729713,0.0,0.8749962492873646,0.0,0.0,0.0,0.0,0.25,1.0,0.0,0.5,0.0,0.0,0.891566265060241,1.0,0.0,0.0,0.0,0.0,0.5948144382308084,0.0,0.0,0.30114551637730447,0.0,0.0,0.8333333333333334,0.0,0.0,0.0,0.0,0.0,0.6143024618991793,0.6666666666666667,0.0,0.0,0.6000000000000001,0.89,0.0,0.0,0.0,0.0,0.0,0.0,0.0,0.0,0.0,0.0,0.8181818181818181,0.0,0.0,0.14102564102564086,0.0,0.0,0.0,0.9565789473684211,0.0,0.0,0.3877724313614491,0.0,0.0,0.08838757396449692,0.5176217631111527,0.7692307692307692,1.0,0.39634146341463417,0.0,0.20512820512820518,0.0,0.0,0.0,0.0,0.1438356164383563,0.0,0.5994494150034411,0.0,0.2857142857142857,0.0,0.8135009122237988,0.7142857142857144,0.854679802955665,1.0,0.0,0.2222222222222222,0.2500000000000001,0.0,0.0,0.0,0.43727598566308234,0.2857142857142858,0.0,0.0,0.4220055710306406,0.6666666666666666,0.4,0.0,0.0,0.0,0.0,0.17924528301886788,0.5714285714285714,0.8054862842892768,0.5249161475802588,0.8,0.21052631578947367,1.0,0.4347826086956522,0.0,1.0,0.5,1.0,0.0,0.0,0.5,0.0,0.0,0.0,0.5,0.5,0.8571428571428571,0.0,0.5,0.0,0.08333333333333326,0.0,0.0,0.07017543859649122,0.6969314838167298,0.875,0.7289156626506024,0.5691756272401434,0.0,0.37808739708676375,0.7142857142857142,0.25,0.19999999999999996,0.0,0.0,0.2222222222222221,0.7841207349081365,0.3262411347517731,0.0,0.0,0.12962962962962987,0.5714285714285714,0.6057692307692308,0.2857142857142857,0.0,0.5443181818181819,0.0,0.0,0.0,0.0,0.18124207858048158,0.6793924466338259,0.0,1.0,0.0,1.0,0.18181818181818177,0.08333333333333326,0.5730593607305936,0.0,0.0,0.0,0.6666666666666666,0.0,0.5,0.0,0.5,0.0,0.0,0.0,0.0,0.8234945872801083,0.2373831775700933,0.0,0.9474106784423926,0.0,0.0,0.1468689477081988,0.0,0.0,0.0,0.4090504451038576,0.6543110394842868,0.8,0.0,1.0,0.18254364089775565,0.5,0.0,0.41463414634146345,1.0,0.0,0.6000000000000001,0.0,0.0,0.0,0.0,0.0,0.0,0.4575338029309368,0.4619883040935673,0.22413793103448276,0.7193195247869628,0.0,0.6666666666666667,0.787448465414567,0.20414201183431946,0.5,0.0,0.0,0.0,0.656423950928102,0.0,0.4760480509928904,0.196078431372549,0.5966101694915253,0.0,0.0,0.0,0.0,0.9329288843950118,0.0,0.6666666666666667,0.0,0.0,0.0,0.0,0.0,0.0,0.7272727272727273,0.0,0.8203804347826087,0.0,0.6996083815705303,0.0,0.0,0.5,0.0,0.0,0.0,0.0,0.0,0.8125,m2
0.0,0.33333333333333326,0.7523421808230997,0.0,0.0,0.6219038331708049,0.0,0.0,0.7045790251107829,0.0,0.0,0.5366795366795367,0.0,0.0,0.0,0.6336870382807254,0.8095956547978274,0.98562561254492,0.0,0.0,0.6564677055971428,0.5,0.0,0.0,0.28578416616496083,0.6099899091826437,0.4129793510324483,0.0,0.0011844938980617448,0.0,0.0,0.0,0.0,0.0,0.0,0.75,0.4750626915575369,0.0,0.8089253969226997,0.0,0.0,0.6279063545150502,0.3449655358832274,0.0,0.48420538428137216,0.578383641674781,0.12824547600314695,0.0,0.0,0.7461636828644502,0.0,0.33333333333333337,0.26154972097703766,0.7760879737950398,0.4609309128452207,0.23749650740430273,0.0,0.0,0.36688898585052665,0.7622512916346049,0.5676423474588612,0.2305519595151232,0.09555479763528862,0.4831267731820219,0.6413612565445026,0.29796979450359007,0.38930457746478864,0.803227808814401,0.6728362877997915,0.3287671232876712,0.03521126760563398,0.492360097323601,0.0,0.0,0.33333333333333337,0.0,0.0,0.22494644132349462,0.0,0.0,0.0,0.0,0.0,0.12289275712481473,0.16761217122227956,0.0,0.43819455015984166,0.43273753527751646,0.8571428571428571,0.0,1.0,0.3014394580863675,0.5,0.0,0.6000000000000001,0.095876963350785,0.0,0.0851648351648352,0.0,0.3066132264529058,0.0,0.0,0.8571428571428572,0.0,0.0,0.0,0.0,0.005746358412401342,0.0,0.0,0.0,0.5917652501487013,0.9682791435368755,1.0,1.0,0.5157620041753653,0.9166666666666666,0.553391835929797,0.4494556765163298,0.23880597014925375,0.0,0.0363180178767446,0.9043952518447225,0.0,0.6159558579488882,0.0,0.75,0.0,0.0,0.583941605839416,0.4480173900007496,0.33333333333333326,0.0,0.6813655761024182,0.875,0.0,0.5225408293821028,0.6666666666666667,0.4023160254015691,0.0,0.0,0.0,0.0,0.8228882833787465,0.0,0.4265003371544168,0.0,0.33333333333333337,0.8571428571428572,1.0,0.0,0.0,0.5,0.8571428571428571,0.5,0.0,0.25,0.968451560792512,0.7646122356151922,0.0,0.0,0.0,0.9885760096202024,0.0,0.0,0.911693470257702,0.4862318251969783,0.1096502108657903,0.0,0.6105995234722132,0.616717080056463,0.0,0.1964285714285715,1.0,0.09478463071642118,0.0,0.855311004784689,0.0,0.6561546286876907,0.0,0.0,0.0,0.9396111866041292,0.0,0.0,0.0,0.7787054768288013,0.42390740106692004,0.0,0.025026923257011946,0.9032941332215432,0.9393141117045701,0.0,0.5203280109427266,0.751230718739744,0.84,0.0,0.0,0.0,0.0,0.008702975856260453,0.5672125554418287,0.3761701310546781,0.0,0.0,0.0,0.0,0.0,0.0,0.6393352673381358,0.9473684210526315,0.0,0.0,0.0,0.0,0.0,0.0,0.0,0.0,0.0,0.0,0.08456965854582543,0.436616250980875,0.0,0.5,0.13636363636363635,0.0,0.5,0.0,0.9947156847542137,0.0,0.0,0.0,0.7500748996344899,0.0,0.0,0.6714285714285715,0.0,0.0,0.7724679797653643,0.0,0.0,0.8,0.0,0.0,0.0,0.6863452733638566,0.8571428571428572,0.8938244853737811,0.0,0.0,0.8478489744055182,0.0,0.0,0.0,0.0,0.9384328358208955,0.6000000000000001,0.0,0.5824443627000184,0.0,0.0,0.0,0.0,0.25,0.0,0.7391304347826086,0.6797433547204399,0.0,0.8143974960876369,0.0,0.07959866220735778,0.8456419262408725,0.5617206109009388,0.0,0.0,0.0,0.04015799868334402,0.0,0.0,0.5692593740316083,0.2787212787212786,1.0,0.0,0.9380776340110906,0.2305023591451567,0.2325383304940375,0.0,0.0,0.5339764745705338,0.7861512265876269,0.7088673816374575,0.5714285714285714,0.5429979605710401,0.6833156216790648,0.924119241192412,0.7705299941758882,0.725,0.9202127659574468,0.8666666666666667,0.36413043478260865,0.0,0.8014123949835626,0.0,0.0,1.0,0.0,1.0,0.8881775501493812,0.0,1.0,0.0,0.5,0.0,0.0,0.2609308885754583,0.5,1.0,0.5552486187845305,1.0,0.0,0.0,0.861995753715499,1.0,0.0,1.0,0.0,0.0,0.36363636363636365,0.0,0.8571428571428572,0.0,0.5625,1.0,0.4285714285714286,0.0,0.0,1.0,0.0,0.0,0.0,0.0,0.6385242462386861,0.9784196547144755,0.8125,0.9322268326417704,0.12927350427350426,0.1095041322314051,1.0,0.6363636363636365,0.75,0.5416666666666667,0.2689561100858542,1.0,0.0,0.0,0.0,1.0,0.0,0.6771653543307086,0.33333333333333337,0.6450197924467744,0.33333333333333337,0.0,0.8442815249266862,1.0,0.0,0.0,1.0,0.0,0.0,0.0,0.5423076923076924,0.0,0.9,0.3529411764705882,0.7549770290964778,0.3667117726657646,0.6000000000000001,1.0,0.5454545454545454,0.5,0.0,0.75,1.0,1.0,0.6341567291311755,1.0,1.0,0.7142857142857143,0.15147407658420875,0.28531390134529144,0.0,1.0,0.0,0.3357400722021662,0.9495933326639221,0.8973727422003284,0.8846153846153846,0.7969291728578504,0.8216080402010051,0.6864707108609548,0.0,0.905638665132336,0.0,0.48598422389589546,0.0,0.8991981672394044,0.0,0.0,0.0,1.0,1.0,0.9473946666666666,0.0,0.0,0.0,0.7240816326530612,0.10864539990753563,0.0,0.6596690540874289,0.9641424089881083,0.9286452947259566,0.0,0.7727690977869897,0.6903225806451613,0.9545454545454546,0.0,0.0,0.0,0.0,0.6287135817825192,0.8229827408172297,0.6695979899497488,0.0,0.0,0.0,0.0,0.0,0.0,0.78260476061182,1.0,0.0,0.0,0.0,0.0,0.0,0.0,0.0,0.0,0.0,0.0,0.8497664597862947,0.4899045984554036,0.0,0.0,1.0,0.0,1.0,0.0,1.0,0.0,0.0,0.8522536687631027,0.7202407825432655,0.0,0.0,0.48913409136782604,0.0,0.0,0.7005225342913128,0.0,0.0,0.96,0.0,0.0,0.0,0.48583106267029974,0.9151477058453803,0.6071511492918507,0.0,0.0,0.6393614054656999,0.6000000000000001,0.0,0.0,0.6995249406175772,0.2410714285714286,0.47490347490347506,0.0,0.9090909090909091,0.0,0.0,0.0,0.0,0.0,0.0,0.7293447293447294,0.0,0.4516599781101788,0.5687830687830688,0.0,0.0,0.5258647716584806,0.37856979666438195,0.0,0.669489965015651,0.5924464487034948,0.21217674608022818,0.6617984560817859,0.15384615384615385,0.8229994700582937,0.39634146341463417,0.33333333333333337,0.0,0.5783132530120483,0.0,0.5,0.0,0.0,0.5011337868480725,0.4977064220183486,0.18765957446808512,0.09523809523809523,0.0,0.12706645056726118,0.9230769230769231,0.18508092892329342,0.25,0.7806122448979592,0.2222222222222222,0.0,0.0,0.6057339449541284,0.23076923076923073,0.0,0.2857142857142858,0.4626865671641791,0.0,0.04105775922059851,0.6666666666666666,0.0,0.0,0.0,0.33333333333333326,0.12765957446808518,0.6198347107438016,0.0,0.5062080776366491,0.3560411311053985,0.8,0.08510638297872364,0.0,0.13043478260869568,0.0,0.5,0.0,0.16666666666666652,0.0,0.0,0.0,0.0,0.0,0.0,0.5,1.0,0.0,0.0,0.5,0.19244804061557996,0.4,0.0,0.25,0.2767653758542141,0.658890290037831,0.4999999999999999,0.9977409638554217,0.872852233676976,0.0,0.03311258278145679,0.12337662337662325,0.25,0.0,0.0,0.7130907570054371,0.2222222222222221,0.0,0.2978723404255321,0.0,0.0,0.0,0.7142857142857143,0.0,0.4285714285714285,1.0,0.3341159896689365,0.0,0.0,0.2284241201524322,0.0,0.7617105425781733,0.3928571428571429,0.0,0.7692307692307693,0.0,0.0,0.0,0.08333333333333326,0.6851851851851851,0.33333333333333337,0.0,0.0,0.0,0.0,0.5,0.0,0.5,0.22942286420717017,0.25,0.8400888395335924,0.8666666666666667,0.0,0.0,0.0,0.9459236326109391,0.0,0.6080486980047344,0.7563451776649746,0.3882915173237754,0.14892487390496423,0.05820328975115985,0.3452914798206278,0.0,0.0,0.002400384061449712,1.0,0.6061925495887759,0.5,0.5898801597869507,0.0,0.799081515499426,0.0,0.0,0.0,0.9221499806656415,0.0,0.0,0.0,0.7048022598870056,0.470826799329476,0.0,0.0,0.6970780754436872,0.361196319018405,0.0,0.35315413828262376,0.2571819425444597,0.0,0.0,0.0,0.0,0.0,0.3727593507410022,0.4852420306965761,0.448087431693989,0.0,0.0,0.0,0.0,0.0,0.0,0.45180332122470157,0.6666666666666667,0.0,0.0,0.0,0.0,0.0,0.0,0.0,0.0,0.2221763369812101,0.0,0.0,0.37473152493835005,0.0,0.0,0.0,0.0,0.0,0.0,0.9939436166791725,0.0,m2
0.0,0.33333333333333326,0.0,0.0,0.0,0.7078925022376243,0.0,0.13333333333333341,0.0,0.740834326579261,0.0,0.7,0.0,0.7707795443221452,0.4,0.0,0.0,0.8738277919863597,0.0,0.0,0.0,0.0,0.0,0.0,0.10638994190961892,0.0,0.668931277763261,0.0,0.0,0.0,1.0,0.0,0.0,0.0,0.7988879464706437,0.0,0.0,0.0,0.8328905801263642,0.0,0.3717049576783553,0.6279063545150502,0.6057554312861879,0.0,0.0,0.2591496426766766,0.5314975085234723,0.0,0.7313432835820896,0.0,0.37485984801295613,0.6666666666666667,0.47975686529903383,0.41023489932885904,0.0,0.0,0.0,0.0,0.0,0.7925900862798173,0.7171342796782921,0.5707607806474232,0.3448726693951796,0.9312613430127041,0.0,0.0,0.10690959092471652,0.20188425302826396,0.94713400464756,0.6666666666666667,0.43312883435582805,0.49493180980464424,0.8571428571428572,0.0,0.5,1.0,0.0,0.0,0.0,0.4,1.0,0.0,0.0,0.16698526931294277,0.0,0.0,0.0,0.5888787602552416,0.1428571428571428,0.45197740112994356,0.0,0.37785774767146485,0.5,0.15422047538835848,0.5,0.7421465968586387,1.0,0.0851648351648352,0.380252100840336,0.3066132264529058,0.0,0.0,0.2857142857142857,0.9364102564102564,0.0,0.6428571428571428,0.18181818181818188,0.8762597270059956,0.75,1.0,0.75,0.8752166377816291,0.8754448398576512,0.0,0.24636908727514983,0.28892371995820276,0.9166666666666666,0.15972439711869724,0.0,0.6194029850746269,0.45833333333333337,0.23355606304096532,0.7462763225475091,0.7906671048307591,0.28771803632440196,0.0,0.75,0.0,0.7374358974358974,0.043062200956938024,0.8902913333822557,0.4444444444444444,0.0,0.2860962566844919,0.0,0.0,0.0,0.6666666666666667,0.359137838838386,0.18820878708223798,0.0,0.5433901054339011,0.0,0.8214285714285715,0.0,0.5215427380125086,0.10999451854558728,0.33333333333333337,0.8571428571428572,1.0,0.75,1.0,0.5,0.0,0.0,0.07282586864832308,0.25,0.5682376043200785,0.39146341463414636,0.0,0.29827060020345875,0.0,0.5590391665058846,0.0,0.0,0.4751017244720016,0.41291348118991744,0.0,0.8926178861788618,0.37202814936917517,0.616717080056463,1.0,0.04721549636803879,0.0,0.0,0.0,0.05914455283443609,0.1923076923076923,0.6093189964157706,0.0,0.6000000000000001,0.0,0.0,0.0,0.0,0.0,0.0,0.0,0.0,0.0,0.9362575292897646,0.9639672123266267,1.0,0.0,0.0,0.76,0.0,0.0,0.0,0.0,0.3974670908977478,0.5810032705329586,0.36786791994727885,0.8337785083213478,0.0,0.0,0.0,0.0,0.0,0.0,0.0,0.0,0.0,0.0,0.0,0.0,0.6911764705882353,0.0,0.0,0.0,0.0,0.24599256451729712,0.9191440373806461,0.0,0.5,1.0,0.0,0.5,0.0,0.0,0.0,0.0,0.0,0.0,0.0,0.0,0.6714285714285715,0.0,0.0,0.0,0.5454545454545454,0.0,0.0,0.0,0.9465167306637411,0.5,0.0,0.0,0.6291262135922331,0.0,0.0,0.0,0.0,0.0,0.0,0.047272727272727244,0.0,0.6000000000000001,0.0,0.0,0.0,0.6666666666666667,0.0,0.0,0.25,0.8644304682040531,0.0,0.0,0.0,0.8798372665249972,0.0,0.8017222097964661,0.7961693902653312,0.7009948157489141,0.0,0.4029817780231916,0.7063457330415754,0.8090132350477467,0.0,0.0,0.0,0.34593175853018376,1.0,0.976243093922652,0.7356849876948319,0.0,0.0,0.0,0.0,0.0,0.7996848113127183,0.8713052576510594,0.6857142857142857,0.7248284157645228,0.9069439548819175,0.18887015177065758,0.16206123973114261,0.0,0.4772036474164133,1.0,0.8125,0.8916083916083916,0.790356394129979,0.8,0.18467220683287167,1.0,1.0,1.0,0.0,1.0,0.5,1.0,0.5,0.0,0.0,0.0,0.5,0.0,1.0,0.0,0.3392857142857143,0.0,0.0,1.0,0.43257377661561447,0.7,0.6850393700787402,1.0,0.36363636363636365,0.48090523338048086,1.0,0.0,0.0,0.5714285714285714,1.0,0.0,0.75,0.09999999999999998,1.0,1.0,0.6845425867507886,1.0,0.7869036321283754,0.4786995515695067,0.0,0.7576443941109853,0.0,0.37099125364431496,1.0,0.0,1.0,0.5416666666666667,0.5330857064245426,0.985731272294887,0.8571428571428572,0.0,0.10878112712975097,1.0,0.0,0.7737417943107221,0.6666666666666667,0.9335,0.6666666666666667,0.6666666666666667,0.6018962075848304,1.0,0.0,0.0,1.0,0.0,1.0,0.0,1.0,0.0,0.9,0.3529411764705882,0.7549770290964778,0.33333333333333337,0.8,1.0,0.5454545454545454,0.0,0.0,0.75,0.0,0.5,0.7435411234889784,1.0,0.7175326479577661,0.0,0.15147407658420875,0.0,0.0,0.38847305389221554,0.0,0.6989247311827957,0.6632097925875553,0.0,0.8076923076923077,0.48488150367747207,0.8785560602438441,0.6864707108609548,1.0,0.0,0.0,0.0,0.0,0.545628505443748,0.0,0.20000000000000007,0.0,1.0,1.0,0.0,0.0,0.0,0.0,0.30843251456064813,0.9843124165554072,0.0,0.5062515322382937,0.9692411083540116,0.9048603929679421,1.0,0.0,0.005617977528090012,0.8181818181818182,0.0,0.0,0.0,0.0,0.2412040463853934,0.8281660784917458,0.6666666666666667,0.37040636578995323,0.0,0.0,0.0,0.0,0.0,0.0,0.0,0.0,0.0,0.0,0.0,0.0,0.5,0.0,0.0,0.0,0.0,0.7747588678648606,0.7644986790791295,0.0,0.0,0.25,0.0,1.0,0.0,0.0,0.0,1.0,0.7933609958506225,0.0,0.0,0.0,0.8651975382171928,0.0,0.0,0.0,0.6768802228412256,0.0,0.0,0.0,0.7503500893331402,0.33333333333333326,0.0,0.0,0.6454076761504679,0.0,0.0,0.0,0.0,0.0,0.0,0.6996760259179265,0.0,0.6080525883319639,0.0,0.0,0.0,0.7777777777777778,0.0,0.0,0.0,1.0,0.0,0.0,0.0,0.8321283325802078,0.0,0.945273631840796,0.5385579332947754,0.4163737385191064,0.0,0.0,0.0,0.42862426035502943,0.6613239510033881,0.15384615384615385,0.75,0.0,0.6666666666666667,0.46153846153846156,0.0,0.16374687164819457,0.0,0.25,0.0,0.0,0.390920757138274,0.3331914893617022,0.7034749034749035,0.3087315130830488,0.8559866034049679,0.0,0.1791187739463601,0.4736842105263157,0.0,0.5555555555555556,0.2500000000000001,0.8571428571428572,0.6057339449541284,0.3076923076923077,0.3467782851344495,0.2857142857142858,0.6666666666666667,0.0,0.0,0.0,0.6,0.0,0.0,0.33333333333333326,0.12765957446808518,0.0,0.0,0.0,0.3647694849076436,0.19999999999999996,0.0,1.0,0.6956521739130435,0.0,0.0,0.5,0.41176470588235303,0.8333333333333334,0.0,0.6,0.0,0.0,0.0,0.0,1.0,0.0,0.0,0.5,0.5881720430107527,1.0,0.8101604278074865,0.33333333333333326,1.0,0.2564102564102564,0.38888888888888884,0.0,0.5691756272401434,0.0,0.0,0.5714285714285714,0.0,0.0,0.04878048780487809,0.3851944792973653,0.4444444444444444,0.5026178010471205,0.37903225806451624,0.0,0.0,0.6818181818181819,0.0,0.4318181818181819,0.4285714285714285,0.6666666666666667,0.0,0.0,0.0,0.0,0.0,0.7936950760217604,0.6793924466338259,0.0,0.7272727272727273,0.0,0.0,0.0,0.08333333333333326,0.27350427350427353,0.0,0.0,0.6843434343434343,0.6666666666666666,0.0,0.5,0.0,0.5,0.0,0.25,0.0567734682405846,0.6923076923076923,0.0,0.7634069400630914,0.0,0.0,0.0,0.0,0.12948717948717947,0.7281135728113572,0.0,0.9679068108879115,0.0,0.0,1.0,0.025924147863658265,0.11111111111111116,0.24294960702727686,0.5,0.0,0.41463414634146345,0.735483870967742,0.0,0.6000000000000001,0.0,0.0,0.0,0.0,0.0,0.0,0.010825949963644277,0.0,0.22413793103448276,0.1255658861899429,0.599483204134367,0.33333333333333337,0.0,0.6785714285714286,0.41666666666666663,0.0,0.0,0.0,0.0,0.21421034118888482,0.8111776264680346,0.4444444444444444,0.08659598268566693,0.0,0.0,0.0,0.0,0.0,0.0,0.0,0.0,0.0,0.0,0.0,0.0,0.5555555555555556,0.0,0.0,0.15294815987336774,0.0,0.14827072646036754,0.7513985700182486,0.0,1.0,0.3571428571428572,0.0,0.0,0.0,0.0,0.0,m2
0.0,0.0,0.0,0.0,0.0,0.6717303278054316,0.0,0.0,0.3874400166910076,0.0,0.5017490464238424,0.32978723404255317,0.0,0.0,0.4,0.5985407089747941,0.0,0.0,0.0,0.0,0.0,0.0,0.7373658766654876,0.6717560129684084,0.0,0.0,0.668931277763261,0.0,0.14459779061760936,0.0,0.0,0.0,0.0,0.0,0.0,0.0,0.0,0.14360658534504822,0.892483422131933,0.0,0.8979625641875104,0.4371348808354443,0.46637569631884235,0.0,0.5037451150673035,0.2591496426766766,0.0706863429968565,0.0,0.0,0.0,0.2818645619849124,0.33333333333333337,0.26154972097703766,0.8832465888310592,0.4179951559845281,0.0,0.0,0.05222088835534233,0.77334794720738,0.7857332721165696,0.8952951102896862,0.866481223922114,0.2327985037897431,0.44293324266122625,0.1518324607329843,0.29421281891723705,0.2917594654788417,0.7841127482383088,0.32418952618453856,0.28688524590163933,0.045292014302741324,0.7303163017031631,0.0,0.0,0.8571428571428572,0.0,0.0,0.0,0.0,0.4,1.0,0.0,1.0,0.0,0.3107787519339864,0.5555555555555556,0.0,0.5945239068246833,0.1428571428571428,0.8813559322033898,0.0,0.3106329642782535,0.5,0.0,0.6000000000000001,0.0,0.0625,0.0,0.6884753901560624,0.0,0.7796610169491525,0.5061224489795919,0.5714285714285714,0.5320754716981132,0.30327070285316615,0.6428571428571428,0.0,0.9224032229812577,0.5714285714285714,0.0,0.0,0.0,0.967948717948718,1.0,0.20252156602521565,0.4488517745302715,0.0,0.0,0.0,0.0,0.33333333333333337,0.6377458418875896,0.3178742772788782,0.8721535458685752,0.07352005092297886,0.41666666666666663,0.75,0.0,0.696577243293247,0.35766423357664245,0.0,0.4444444444444444,0.0,1.0,0.0,0.0,0.8256122448979593,0.6666666666666667,0.1728292480265894,0.0,0.5,0.0,0.0,0.35164835164835184,0.8111888111888111,0.4265003371544168,0.18892746208660693,0.33333333333333337,0.8571428571428572,0.9629498941425547,0.0,0.0,0.5,0.0,0.0,0.6412183984853548,0.0,0.7538275444962848,0.0,0.8907589216144616,0.0,0.41666666666666663,0.6667465835531048,0.0,0.07146952035161469,0.5614706452237939,0.0,0.6619436439321166,0.4318298836371125,0.0,0.616717080056463,0.0,0.1964285714285715,0.15384615384615385,0.0,0.6666666666666667,0.0,0.0,0.0,0.0,0.8,0.0,0.0,0.0,0.0,0.620553761147338,0.08567828643427122,0.8339973237637613,0.0,0.14419159994381237,0.5720568927789933,0.9737068882973631,1.0,0.8357541407657201,0.0,0.0,0.0,0.0,0.07692307692307698,0.0,0.0,0.44048559431255974,0.7266137144046338,0.6053371286247999,0.0,0.0,0.0,0.0,0.0,0.6647928408978543,0.9473684210526315,0.0,0.0,0.0,0.0,0.0,0.8,0.0,0.9161908865668427,0.0,0.0,0.3710770883040331,0.5663711639221558,0.0,0.0,1.0,0.8057250538406318,0.0,0.0,0.0,0.0,0.0,1.0,0.0,0.0,0.0,0.6714285714285715,0.0,0.0,0.4839962392184115,0.0,0.779874213836478,0.0,0.0,0.0,0.5,0.7028421209265413,0.0,0.0,0.0,0.0,0.0,0.0,0.8286338962605548,0.9775561097256857,0.3669601677148847,0.0,0.6000000000000001,0.0,0.4974665015200991,0.0,0.0,0.0,0.0,0.25,0.0,0.0,0.0,0.742854609929078,0.8140615920976176,0.0,0.7563451776649746,0.26162080946567756,0.5278823740362202,0.0,0.8673218673218673,0.5943719972546327,0.6194289951798295,0.0,0.0,0.0,0.0,1.0,0.0,0.893312101910828,0.23717155041959015,0.0,0.0,0.14491614255765184,0.9154929577464789,0.7885275308064266,1.0,0.9428571428571428,0.6377347751849745,0.41917525773195874,0.22764227642276436,0.6450648055832502,0.8125,0.8527918781725888,0.0,0.4568965517241379,0.4370629370629371,0.8099547511312217,0.0,0.0,0.75,0.0,1.0,0.0,1.0,1.0,1.0,0.5,1.0,0.07288685365388281,0.43582510578279265,0.75,0.0,0.8294036061026352,0.0,0.8571428571428571,0.0,0.8516645596291614,1.0,0.0,1.0,0.0,0.12494402149574546,0.0,0.5959510754955715,0.0,0.8636363636363636,0.5263157894736842,0.8571428571428571,0.0,0.279668049792531,0.75,0.0,0.8095238095238095,0.5,0.0,0.0,0.0,0.9633596392333709,0.6875,0.8440607012035584,0.7455919395465995,0.0,0.0,0.0,0.0,0.5833333333333333,0.9388142292490118,0.2701438848920862,0.8928571428571428,0.605466593042518,0.6282219309742245,1.0,0.0,0.8334956183057449,0.6666666666666667,0.0,0.6666666666666667,0.6666666666666667,0.9665500988292535,1.0,0.0,0.7397757776725091,1.0,0.8701223063482819,0.0,1.0,0.0,0.0,0.44999999999999996,0.3529411764705882,0.7549770290964778,0.7442489851150202,0.8,1.0,0.8709677419354839,0.5,0.0,0.75,0.0,0.5,0.9326196473551638,0.0,0.7093865345979535,0.25031133250311344,0.9811928159945781,0.0,0.5202265372168284,0.0,0.0,0.5674499564838991,0.8537001706998695,0.3709327548806941,1.0,0.708885754583921,0.07895910780669146,0.6864707108609548,0.0,0.5043914680050189,0.0,0.0,1.0,0.0,0.44999999999999996,0.4,0.0,1.0,1.0,0.0,0.0,0.0,0.6760481816075978,0.37038689172289085,0.9796395193591455,0.0,0.7727272727272727,0.6989717595944968,0.9597711216208326,1.0,0.9104183673469388,0.0,0.0,0.0,0.0,0.10526315789473684,0.0,0.033772856788370054,0.5569255865278511,0.742430613961312,0.176948434188839,0.0,0.0,0.0,0.0,0.0,0.7629639992538705,1.0,0.0,0.0,0.0,0.0,0.0,1.0,0.0,0.9376779178527856,0.0,0.0,0.44730567477348593,0.49912022006889534,0.0,0.0,0.6666666666666667,0.7784114052953157,0.5,0.0,0.0,0.0,0.0,0.0,0.0,0.0,0.0,0.567131824955968,0.0,0.0,0.7085346215780998,0.0,0.526849702230746,0.0,0.0,0.0,0.33333333333333326,0.9119897959183674,0.0,0.0,0.0,0.0,0.0,0.0,0.8315560659502912,0.5038461538461539,0.0,0.0,0.6077795786061588,0.0,0.9090909090909091,0.0,0.0,0.0,0.0,0.0,0.0,0.0,0.0,0.0,0.9657863145258103,0.0,0.9586776859504132,0.4861351264809479,0.40986547085201785,0.0,0.23685171658144621,0.0,0.0,0.6617984560817859,0.15384615384615385,0.0,0.09285714285714286,0.33333333333333337,0.0,0.5783132530120483,0.0,0.0,0.0,0.1438356164383563,0.6405529953917051,0.6090003688675765,0.6015104398045313,0.8095238095238095,0.0,0.6116694584031268,0.2184466019417476,0.0,0.0,0.7806122448979592,0.7052154195011338,0.0,1.0,0.7072769180111953,0.23076923076923073,0.0,1.0,0.4626865671641791,0.0,0.0,0.0,0.4,0.0,0.0,0.0,0.09862570735650766,0.2515723270440251,0.5714285714285714,0.0,0.4585977636748263,0.19999999999999996,0.21052631578947367,0.0,0.13043478260869568,0.0,0.5,0.0,0.0,0.0,0.5,0.5,0.33333333333333337,0.75,0.0,0.0,1.0,0.0,0.0,0.5,0.6726384364820847,1.0,0.0,0.25,0.0,0.7006666666666667,0.5,0.0,0.5056669572798604,0.0,0.2543290043290044,0.5714285714285714,0.25,0.19999999999999996,0.46341463414634154,0.0,0.0,0.0,0.0,0.0,0.0,0.23391812865497064,0.7142857142857143,0.4900000000000001,0.4285714285714285,1.0,0.7715250422059652,0.0,0.0,0.552342524097736,0.0,0.0,0.25778863775198524,0.0,0.20723226703755215,0.0,1.0,0.0,0.08333333333333326,0.0,0.0,0.0,0.3395061728395061,0.0,0.0,0.5,0.0,0.5,0.14841564187650458,0.0,0.9178551055333714,0.0,0.8495133305120609,0.7619047619047619,0.0,0.0,0.0,0.39311043566362713,0.2566171723692705,0.0,0.49899933288859233,0.05820328975115985,0.0,0.0,0.0,0.0,0.375,0.18254364089775565,0.0,0.5322872661436331,0.0,0.0,0.0,0.8,0.0,0.0,0.0,0.0,0.5967741935483871,0.0,0.8048117154811716,0.0,0.2068965517241379,0.2813441483198146,0.599483204134367,0.33333333333333337,0.7977502812148481,0.0,0.0,0.0,0.0,0.0,0.0,0.0,0.4735060347365322,0.010928961748634003,0.0,0.0,0.0,0.0,0.0,0.0,0.41998484430972727,0.6666666666666667,0.0,0.0,0.0,0.0,0.0,0.888888888888889,0.0,0.9611829944547134,0.18717790146361568,0.0,0.001459478021977989,0.8202080237741456,0.0,0.75,0.3571428571428572,0.8313047711781889,0.0,0.0,0.0,0.0,m2
0.0,0.0,0.0,0.0,0.0,0.0,0.0,0.0,0.0,0.0,0.0,0.6508854354897,0.0,0.773905318587375,0.4,0.6276390481250524,0.0,0.0,1.0,0.619046297452692,0.0,0.0,0.0,0.0,0.0,0.0,0.0,0.0,0.3226093762651481,0.0,0.0,0.7115858509420416,0.892886345053148,0.01176470588235301,0.0,0.0,0.0,0.0,0.0,0.0,0.0,0.3874623046696518,0.8655913978494624,0.0,0.5097061347061347,0.2591496426766766,0.5312516399895042,0.10343537960143212,0.0,0.0,0.3641633389153678,0.0,0.8203082600672962,0.5689584432331047,0.8159987241120048,0.3412250217202434,0.0,0.0,0.3217054263565893,0.7564352531382128,0.7194071261682243,0.0,0.08838530195896599,0.4506854390515005,0.17543859649122806,0.0,0.8608470181503889,0.0,0.7692909280500522,0.0,0.06625766871165617,0.13324732768153325,0.6486486486486487,0.6139389193422083,0.6666666666666667,0.0,0.0,0.6924037460978147,0.0,0.0,0.0,0.0,1.0,0.238445968739458,0.5015641293013555,0.0,0.0,0.24854428440085807,0.0,0.45197740112994356,0.25,0.4362354029367558,0.5,0.20775142550202452,0.6000000000000001,0.9994140052739525,0.0,0.0851648351648352,0.735166872682324,0.3066132264529058,0.0,0.0,0.5714285714285714,0.757948717948718,0.9739413680781759,0.0,0.0,0.0,0.66,0.0,1.0,0.0,0.9905370238940147,0.2165242165242166,0.8081296562540845,0.0,0.9166666666666666,0.2509921595198914,0.5110115714818961,0.9111111111111111,0.45833333333333337,0.0,0.2917024145115824,0.7954276704769412,0.6267623363544814,0.6590742101396032,0.75,0.0,0.5345080763582966,0.0,0.7667915267372771,0.11111111111111105,0.0,1.0,0.875,0.0,0.5868455868455869,0.6666666666666667,0.4266053144302119,0.23316062176165808,0.0,0.0,0.6666666666666667,0.2997275204359672,0.7272727272727273,0.7018018018018017,0.10999451854558728,0.0,0.8571428571428572,0.4,0.0,1.0,0.5,0.9285714285714286,0.0,0.08810894058523133,0.7,0.41595921675696435,0.5187450670876086,0.5347762645914396,0.0,0.41666666666666663,0.0,0.0,0.7709923664122138,0.4751017244720016,0.41291348118991744,0.0,0.20442839696277793,0.0,0.0,0.0,0.04721549636803879,0.15384615384615385,0.7845303867403315,0.5,0.1609570418705818,0.8269230769230769,0.2195121951219512,0.0,0.6000000000000001,0.0,0.0,0.0,0.0,0.0,0.09651474530831106,0.0,0.8355410164280224,0.025026923257011946,0.7610787541149657,0.7631132704582262,1.0,0.0,0.0,0.84,0.0,0.9382200339183491,0.25,0.0,0.4090132090132089,0.3639561964223774,0.45000880126738263,0.2510964912280702,0.0,0.0,0.0,0.0,0.0,0.0,0.0,0.0,0.0,0.0,0.0,0.0,0.0,0.0,0.0,0.0,0.0,0.979948658864431,0.0,0.0,0.23115577889447236,1.0,0.5538288871622206,0.5,0.0,0.0,0.0,0.0,0.0,0.0,0.0,0.0,0.0,0.0,0.0,0.0,0.0,0.0,0.8,0.0,0.9517114914425427,0.5,0.633405792020195,0.0,0.0,1.0,0.8429173487513497,0.0,0.0,0.0,0.0,0.17674072235323324,0.0,0.0,0.0,0.6471120735560368,0.0,0.0,0.6444444444444444,0.7608247422680412,1.0,0.0,0.0,0.0,0.0,0.0,0.0,0.1399999999999999,0.12911224995867088,0.8730500268961807,0.0,0.9527523958101181,0.7128797603765511,0.8939901785018318,0.729026818778481,0.0,0.0,0.8221590909090909,1.0,1.0,0.9380776340110906,0.8162335922850255,0.2734899328859062,0.0,0.0,0.5624757920830428,0.7885275308064266,0.8712179984484096,0.19999999999999996,0.5620857621975566,0.41917525773195874,0.013605442176870763,0.14752208989627347,0.6947368421052631,0.4772036474164133,0.8148148148148149,0.0,0.3787878787878788,0.0,0.9375,0.6550045634317005,0.75,0.0,1.0,1.0,1.0,1.0,0.0,0.5,0.0,0.4720593117184906,0.6666666666666667,0.5,0.1428571428571429,0.0,0.0,0.3392857142857143,0.6000000000000001,0.0,1.0,0.23732094463801778,1.0,1.0,0.0,0.36363636363636365,0.5959510754955715,0.8571428571428572,0.0,1.0,0.8571428571428571,0.4285714285714286,1.0,0.0,0.0,0.1428571428571428,0.5,0.0,1.0,0.0,0.9774540409295872,0.0625,0.9518561484918794,0.4078947368421053,0.5,1.0,1.0,0.9166666666666666,0.5416666666666667,0.0,0.3071585098612125,0.8571428571428572,0.9751256605232633,0.6887608069164266,1.0,0.0,0.5268571428571429,0.6666666666666667,0.7146158694586455,0.0,0.6666666666666667,0.8558818063556959,1.0,0.0,0.7986385942694316,1.0,0.9922349763673194,0.7476635514018692,0.0,0.2980849292256451,1.0,0.44999999999999996,0.3529411764705882,0.9019908116385911,0.2619663648124193,0.0,1.0,0.6363636363636365,0.5,0.8571428571428572,1.0,1.0,1.0,0.759937286728765,1.0,0.6834929047700462,0.7155963302752294,0.8213199785369343,0.2612909478581119,0.49764150943396224,0.0,0.0,1.0,0.6537149355572403,0.0,0.0,0.5343660293560093,0.0,0.4406546644844518,0.0,0.0,0.0,0.6566366857454347,1.0,0.41663883986070693,0.8,1.0,0.0,1.0,1.0,0.0,0.0,0.0,0.0,0.0,0.9781711304118094,0.8981042654028436,1.0,0.8972871774163944,0.8031178840427395,1.0,0.0,0.0,0.9545454545454546,0.0,0.9625776111145263,0.2592592592592593,0.0,0.0,0.5569255865278511,0.6466568544995794,0.2952074348539149,0.0,0.0,0.0,0.0,0.0,0.0,0.0,0.0,0.0,0.0,0.0,0.0,0.0,0.0,0.0,0.0,0.0,0.8987172011661808,0.0,0.0,0.0,0.6666666666666667,0.48043818466353694,1.0,0.0,0.0,0.0,1.0,0.0,0.0,0.0,0.0,0.0,0.0,0.0,0.0,0.0,0.0,0.0,0.0,0.7531287175826791,0.33333333333333326,0.4741607466220923,0.0,0.0,0.6666666666666667,0.9687094982410664,0.0,0.0,0.0,0.0,0.0,0.0,0.0,0.0,0.625,0.0,0.0,0.8237704918032787,0.5728693898134141,0.0,0.0,0.0,0.2843137254901962,0.0,0.0,0.0,0.0,0.5654520917678814,0.7916156670746634,0.0,0.23959280130885308,0.0,0.43112272677774144,0.0,0.15384615384615385,0.0,0.0,0.0,0.7948717948717949,0.4568965517241379,0.48254431059617897,0.0,0.0,0.0,0.30909090909090897,0.49718892542696513,0.3350168350168351,0.0,0.0,0.3901596892533449,0.5409836065573772,0.1791187739463601,0.75,0.0,0.0,0.5,1.0,0.0,0.0,0.46752917300862507,0.7142857142857143,0.0,0.0,0.5201949860724234,0.0,0.0,0.0,0.0,0.33333333333333326,0.07502799552071682,0.4745417515274949,0.0,0.0,0.3434504792332267,0.0,0.21052631578947367,0.5714285714285714,0.6956521739130435,0.0,0.75,0.0,0.75,1.0,0.0,0.5,0.0,0.0,0.0,0.0,0.5,0.7142857142857142,0.0,0.0,0.0,1.0,0.0,0.0,0.0,0.658890290037831,0.33333333333333337,0.728101116990006,0.0,0.0,0.03620873269435576,0.7142857142857142,0.25,0.0,0.31707317073170727,0.0,0.4444444444444444,0.6282722513089005,0.0,0.0,0.0,0.0,0.7142857142857143,0.0,0.2857142857142857,0.6666666666666667,0.24233128834355844,0.0,0.0,0.552342524097736,0.0,0.5899843505477307,0.0,0.0,0.0,0.0,1.0,0.0,0.41666666666666663,0.3447488584474886,0.6666666666666667,0.0,0.9473684210526316,0.0,0.5,0.0,0.5,0.0,0.0,0.25,0.07162687395891187,0.26923076923076916,0.2894187779433679,0.0,0.0,0.2912588592642593,0.0,0.77341900574907,0.1468689477081988,0.6936110834246985,0.698058950395399,0.0,0.0,0.0,0.0,0.025924147863658265,0.375,0.330523426779063,0.0,0.0,0.8780487804878049,0.3784090909090909,0.0,0.6000000000000001,0.0,0.0,0.0,0.0,0.0,0.0,0.0,0.4285714285714286,0.0,0.0,0.00873362445414827,0.6666666666666667,0.0,0.0,1.0,0.0,0.9112330067176362,0.5,0.0,0.6298688524590164,0.4941278618105379,0.448087431693989,0.6103545547395555,0.0,0.0,0.0,0.0,0.0,0.0,0.0,0.0,0.0,0.0,0.0,0.0,0.0,0.0,0.0,0.15294815987336774,0.0,0.0,0.0,0.0,1.0,0.3571428571428572,0.5613437195715678,0.0,0.0,0.0,0.0,m2
0.0,0.0,0.0,0.0,0.0,0.0,1.0,0.0,0.3748990306946689,0.7224732262382865,0.0,0.32978723404255317,0.0,0.0,0.0,0.0,0.8095956547978274,0.0,0.0,0.3596548865795962,0.4531476710787361,0.0,0.0,0.0,0.0,0.9454545454545454,0.0,0.0,0.28761863881337346,0.0,1.0,0.0,0.0,0.0,0.0,0.0,0.0,0.765895560931851,0.0,0.0,0.22932478776634602,0.0,0.341120785663663,0.8463215258855585,0.4856661961124986,0.0,0.0,0.5834717994390459,0.5315315315315314,0.9554097482592394,0.9009651984774334,0.33333333333333337,0.2991833163190899,0.5638335418872524,0.0,0.0,0.0,0.0,0.0,0.967843716433942,0.5279260049804342,0.25880923450789795,0.09555479763528862,0.6350981465550949,0.631578947368421,0.2829687697559742,0.35387323943661975,0.04973357015985802,0.7056545313710303,0.346647646219686,0.4285714285714286,0.7397714706966458,0.0,0.0,0.2857142857142857,0.0,0.0,0.27426057198728926,0.0,0.0,0.0,0.6666666666666667,1.0,0.25515574650913,0.33129102844638947,0.0,0.6785850133130468,0.0,0.1428571428571428,0.0,0.6666666666666667,0.3721781574130566,0.5,0.17676225105363186,0.6000000000000001,0.0,1.0,0.0851648351648352,0.7536864279265724,0.9172413793103449,0.0,0.28380024360535927,0.8571428571428572,0.4943934760448522,0.31014289060669953,0.6428571428571428,0.18181818181818188,0.2906445406445406,1.0,0.0,0.5,0.875,0.6506024096385542,1.0,0.0,0.44839114082741327,0.5,0.36463410895490356,0.33009708737864074,0.46902654867256655,0.0,0.7036461636017756,0.3395474137931035,0.9943820224719101,0.026637362637362827,0.4747474747474748,0.75,0.0,0.5435897435897434,0.0,0.7167724093053522,0.4444444444444444,0.0,0.07539118065433859,0.875,0.0,0.881482982171799,0.6666666666666667,0.0,0.3153526970954357,0.0,0.6946415897799858,0.0,0.43728813559322033,0.42105263157894735,0.6938098747236552,0.7613480055020633,0.33333333333333337,0.8571428571428572,0.4826368452030606,0.25,0.0,0.5,0.0,0.0,0.8087079877782628,1.0,0.8690238869653412,0.6036309523809524,0.0,0.0,0.41666666666666663,0.0,0.8333333333333334,0.0,0.6854850635906538,0.0,0.7054590315616326,0.29206744370261395,0.9343957608351787,1.0,1.0,0.7333333333333334,0.0714285714285714,0.0,0.8333333333333334,0.0,0.0,0.26651818856718623,0.0,0.0,0.0,0.0,0.0,0.0,0.6241552000777945,0.0,0.0,0.881286301175804,0.5200534759358288,0.9604279541869556,0.9691060844320794,1.0,0.6444897981637245,0.0,0.76,0.9619829383489323,0.0,0.0,0.0,0.001585081585081527,0.0,0.9516105803850031,0.22593138808870772,0.0,0.0,0.0,0.0,0.7544746632570611,0.0,0.0,0.0,0.0,0.0,0.0,0.913444590286893,0.0,0.0,0.0,0.5356729080240685,0.0,0.11817332622213439,0.0,0.0,0.2500000000000001,0.0,0.0,0.5,0.0,0.6630439927672749,0.0,0.0,0.0,0.0,0.0,0.0,0.0,1.0,0.0,0.44626059420694797,0.5452830188679245,0.0,0.0,0.0,0.0,0.0,0.0,0.8571428571428572,0.0,0.0,0.7996008787375694,0.8815840061514801,0.0,0.0,0.0,0.0,0.9360986547085202,0.0,0.0,0.5788642800761481,0.0,0.6666666666666667,0.17588440458395616,0.0,0.25,0.0,0.0,0.0,0.7748503670242801,0.0,0.0,0.2698550365506134,0.0,0.5617206109009388,0.9184581171237954,0.0,0.6098509397278029,0.6387278828553996,0.7649561952440551,0.7116104868913857,0.9780342516753537,0.9506561679790027,1.0,0.0,0.7064763231197773,0.0,0.0,0.0,0.0,0.0,1.0,0.6572549019607843,0.5714285714285714,0.7441000852999715,0.27626137303556675,0.9172821270310192,0.0,0.6157894736842104,0.12959719789842372,0.8666666666666667,0.36413043478260865,0.8916083916083916,0.8682944876063633,0.0,0.0,1.0,0.0,1.0,0.04654120040691756,0.0,1.0,0.0,1.0,1.0,0.4510644481581051,0.5066469719350074,0.5,1.0,0.4475138121546962,0.0,0.0,0.0,0.0,1.0,0.4325737766156146,1.0,0.0,0.0,0.36363636363636365,0.6264185201997277,0.0,0.0,0.5263157894736842,1.0,0.0,0.40441801189464743,0.75,0.33333333333333326,0.5238095238095237,0.5,0.0,1.0,0.7869036321283754,0.9758120248790602,0.8125,0.0,0.7617924528301887,0.3653846153846154,0.42307692307692313,0.4545454545454546,1.0,0.5416666666666667,0.9302857142857143,0.42742653606411385,1.0,0.11557994757536039,0.0,1.0,0.0,0.41415192507804377,0.25,0.6705061082024433,0.6666666666666667,0.6666666666666667,0.6318333069244177,1.0,0.0,1.0,1.0,0.040506329113924044,1.0,0.0,0.8066197550169403,0.0,0.44999999999999996,0.8823529411764706,0.7757125154894671,0.9375830013280213,0.6000000000000001,1.0,0.0,0.0,0.0,1.0,0.0,1.0,0.7435411234889784,1.0,1.0,1.0,0.1504664970313826,0.1019040902679833,0.5202265372168284,0.0,0.8823529411764706,0.7962170682278766,0.49222395023328136,0.2775041050903121,1.0,0.5791730129181476,1.0,1.0,0.8,0.4371014492753623,0.0,0.0,1.0,0.5688469729236386,0.44999999999999996,1.0,0.0,0.0,1.0,0.0,0.0,0.0,0.6531032523789235,0.2829484113103736,0.9894453177633057,0.8515239477503629,0.0,0.9880735615440641,0.9048603929679421,1.0,0.764204100798247,0.16843702579666175,0.8181818181818182,0.9667962506573724,0.0,0.0,0.0,0.8517474429867361,0.0,0.9634108333852771,0.05305186590765343,0.0,0.0,0.0,0.0,0.7375144014419507,0.0,0.0,0.0,0.0,0.0,0.0,1.0,0.0,0.0,0.0,0.8860922878347854,0.0,0.6349001422774938,0.0,0.0,0.0,0.6666666666666667,0.0,1.0,0.0,0.7638387956719461,0.0,1.0,0.0,0.0,0.0,0.0,0.0,0.0,0.0,0.705707082282833,0.6756861981701383,0.0,0.0,0.0,0.0,0.0,0.0,0.8625954198473282,0.0,0.0,0.11988304093567259,0.5071592597595569,0.0,0.0,0.0,0.0,0.8888888888888888,0.36363636363636365,0.0,0.6241134751773051,0.0,0.7777777777777778,0.0,0.0,0.0,0.0,0.0,0.0,0.5308689024390245,0.0,0.0,0.0,0.0,0.3896664681357952,0.6414950419527078,0.6681884587289993,0.0,0.0,0.6334469451564745,0.0,0.75,0.6210526315789473,0.33333333333333337,0.0,0.4651162790697675,0.1646803900325028,0.0,0.0,0.0,0.0,0.8753541076487252,0.22654941373534343,0.09523809523809523,0.0,0.7524551303758888,0.6557377049180327,0.0,0.0,0.0,0.12888888888888894,0.0,0.8571428571428572,0.7458715596330274,0.5,0.0,0.0,0.0,0.0,0.4220055710306406,0.6666666666666666,0.0,0.0,0.5,0.0,0.0,0.2515723270440251,0.0,0.790871121718377,0.0,0.19999999999999996,0.0,0.8571428571428572,0.6956521739130435,0.0,0.0,0.0,0.0,0.0,0.0,0.8,0.33333333333333337,0.0,0.0,0.5,0.25,0.0,0.0,0.5,0.4259572072072072,0.5142857142857142,0.0,0.33333333333333326,1.0,0.30409356725146186,0.6140350877192982,0.4509966777408638,0.34838709677419366,0.0,0.24445851804939833,0.4285714285714286,0.0,0.0,0.46341463414634154,0.0,0.6666666666666667,0.1374095989480606,0.3584905660377359,0.0,0.0,0.04054054054054068,0.0,0.9134615384615384,0.4285714285714285,0.33333333333333337,0.0,0.0,0.0,0.1333333333333333,0.0,0.3789473684210526,0.9839816933638444,0.0,0.5093304061470909,0.0,1.0,0.18181818181818177,0.5,0.5833333333333335,0.33333333333333337,0.0,0.0,0.6666666666666666,0.0,0.0,0.0,0.0,0.04715887127947427,0.25,0.8336221837088388,0.26923076923076916,0.0,0.768041237113402,0.0,0.38595744680851063,0.0,0.0,0.2566171723692705,0.0,0.7978963185574756,0.0,0.7544581618655692,0.0,0.8,0.0,0.0,0.24181060154854095,0.5,0.0,0.0,0.3979274611398964,0.0,0.4,0.0,0.0,0.0,0.0,0.5967741935483871,0.0,0.0,0.039999999999999925,0.6724137931034482,0.3388214008787801,0.6451327433628318,0.33333333333333337,0.31045214698726664,0.0,0.41666666666666663,0.9684926891300398,0.0,0.0,0.0,0.0,0.0,1.0,0.4041995632454226,0.0,0.0,0.0,0.0,0.9360762436076244,0.0,0.0,0.0,0.0,0.0,0.0,0.8935361216730038,0.0,0.0,0.0,0.2327355184498041,0.0,0.3483816938322917,0.0,0.0,1.0,0.0,0.0,0.0,0.0,0.6960521053533679,0.0,m2
0.0,0.0,0.0,0.0,0.0,0.0,0.7723553477498539,0.0,0.0,0.0,0.0,0.0,0.0,0.5650433077300212,0.0,0.0,0.7730463266261114,0.0,0.0,0.0,0.0,0.0,0.0,0.6777625778993769,0.0,0.0,0.0,0.0,0.1648359361291455,0.0,0.0,0.0,0.0,0.0,0.0,0.0,0.4750626915575369,0.14360658534504822,0.8261805817907064,0.0,0.0,0.6279063545150502,0.0,0.2584136326956852,0.48090948090948105,0.0,0.0,0.0,0.33688537068046887,0.0,0.33738998899889994,0.6666666666666667,0.031136065334694374,0.5627954845141993,0.33710783531931376,0.0,0.0,0.0,0.8167795334838224,0.5267553762851569,0.3913591225729953,0.23223915592028133,0.09527089072543604,0.4831267731820219,0.1518324607329843,0.3626131790744468,0.0,0.8782498414711477,0.6728362877997915,0.0,0.0,0.492360097323601,0.0,0.5104813986245753,0.0,0.15555555555555567,0.0,0.16573775300674698,0.6666666666666667,0.8,0.0,0.0,1.0,0.5531149301825993,0.0,0.0,0.37747476071849995,0.6421448730009407,0.1428571428571428,0.45197740112994356,0.25,0.23430716883726377,0.5,0.5487149822328734,0.6000000000000001,0.9727996461742592,0.0625,0.0,0.0,0.7695390781563126,0.9615384615384616,0.0,0.5714285714285714,0.0,0.3192182410423453,0.0,1.0,0.0060753341433779084,0.8,0.0,0.11111111111111116,0.5917652501487013,0.990530303030303,0.9713774597495528,0.1981957721825771,0.4488517745302715,0.0,0.2528892573267665,0.051010886469673555,0.0,0.0,0.03634195330153167,0.0,0.0,0.6234598943927585,0.4065656565656566,0.75,0.0,0.0,0.0,0.22912873862158645,0.4444444444444444,0.0,0.0,0.875,0.0,0.30353430353430366,0.6666666666666667,0.21334146837502554,0.31833727966324643,0.5,0.13232830820770514,0.0,0.2997275204359672,0.5,0.4265003371544168,0.10999451854558728,0.33333333333333337,0.8571428571428572,0.447802197802198,0.0,1.0,0.5,0.0,0.0,0.43589431389260924,0.25,0.44101512188141,0.6569510793977142,0.0,0.0,0.0,0.5006940736785905,0.8333333333333334,0.7777565450028664,0.4322474032105761,0.4862318251969783,0.0,0.0,0.0,0.0,1.0,0.0,0.0,0.7819358469330331,0.0,0.13747521480502323,0.1923076923076923,0.6106194690265487,0.0,0.0,0.0,0.0,0.0,0.0,0.0,0.0,0.0,1.0,0.025026923257011946,0.750825300409349,0.0,0.9850746268656716,0.5203280109427266,0.9549733394773221,0.84,0.0,0.0,0.0,0.0,0.0,0.5528530513328928,0.9677403869233354,0.23734569134273498,0.0,0.0,0.0,0.0,0.0,0.6647928408978543,0.9473684210526315,0.0,0.0,0.0,0.0,0.0,0.0,0.0,0.0,0.4725943755198838,0.0,0.05732548857650965,0.0,0.0,0.0,0.9130434782608696,0.5307052124397721,0.5,0.0,0.0,0.8125,0.0,0.0,0.0,0.0,0.0,0.0,0.6841750841750842,0.0,0.0,0.0,0.0,0.0,0.0,0.7596403178586365,0.0,0.0,1.0,0.0,0.0,0.0,0.0,0.0,0.0,0.9775561097256857,0.19609967497291436,0.0,0.0,0.0,0.5439067646313658,0.0,0.0,0.0,0.0,0.0,0.0,0.0,0.6797433547204399,0.737748294305532,0.8629655309033282,0.0,0.07959866220735778,0.8472814993505289,0.0,0.4162673228856365,0.0,0.6152705707931801,0.3488091128753883,0.7031899773648471,0.2182223638101306,0.0,0.41002865329512894,1.0,0.3145510835913313,0.7247386759581882,0.25328154299491046,0.0,0.0,0.0,0.8721017202692596,0.8194560864301015,0.2791939373062349,0.5714285714285714,0.5617663499161543,0.6833156216790648,0.12850812407680945,0.5552929085303185,0.0,0.85,1.0,0.0,0.09090909090909072,0.7992565055762082,0.0,0.5669515669515669,0.5,0.2500000000000001,1.0,0.8624813153961136,1.0,1.0,0.0,0.5,1.0,0.8193707767201918,0.0,0.5,0.4189868522815158,1.0,0.0,0.3392857142857143,0.6000000000000001,0.8202054794520548,1.0,0.7754949570414643,1.0,1.0,0.140068886337543,0.0,0.0,1.0,1.0,1.0,0.8571428571428571,0.0,0.4212389380530973,0.0,0.0,0.0,0.0,0.0,0.0,0.6519423240033928,0.9774540409295872,0.6875,0.7576443941109853,0.7730337078651686,0.0,0.34615384615384615,0.4545454545454546,0.75,0.5416666666666667,0.2689561100858542,0.29575402635431924,0.0,0.0,0.5881435257410297,1.0,0.0,0.7028469750889681,0.6666666666666667,0.8860358775940907,0.6666666666666667,0.6666666666666667,0.0,1.0,0.0,0.8014766201804757,1.0,0.6522686025408349,0.3125,1.0,1.0,0.0,0.44999999999999996,0.8823529411764706,0.6716232961586122,0.2325581395348837,0.8,1.0,0.6363636363636365,0.5,0.8571428571428572,1.0,0.0,1.0,0.9471270821635785,1.0,0.6265032107413894,0.0,0.15147407658420875,0.32078472958642634,0.0,0.0,0.8823529411764706,0.9620622568093385,0.6382621666977438,0.8973727422003284,0.78,0.7989103516592373,0.0,0.0,0.6,0.24084621643612703,0.0,0.6413404849505739,0.0,0.3899525445917199,0.0,0.5555555555555556,0.0,0.0,1.0,0.0,0.0,0.0,0.0,0.5046153846153847,0.9811333722808344,1.0,1.0,0.9043752153157144,0.0,0.9850746268656716,0.7534438684939289,0.7867298578199052,0.9545454545454546,0.0,0.0,0.0,0.0,0.6775880382384182,0.8200359928014397,0.9848104157149383,0.2249116336253265,0.0,0.0,0.0,0.0,0.0,0.7584837711805716,1.0,0.0,0.0,0.0,0.0,0.0,0.0,0.0,0.0,0.8897971894585232,0.0,0.6673642962105357,0.0,0.0,1.0,1.0,0.45661914460285136,1.0,0.0,0.0,0.7384615384615385,0.0,0.0,0.0,0.0,0.0,0.0,0.9333333333333333,0.0,0.0,0.0,0.0,0.0,0.0,0.6305100130481647,0.0,0.0,0.8165137614678899,0.0,0.0,0.0,0.0,0.0,0.0,0.5038461538461539,0.0,0.0,0.36363636363636365,0.0,0.040983606557377095,0.0,0.0,0.0,0.0,0.0,0.0,0.0,0.36009875382083234,0.0,0.7487191998048305,0.0,0.0,0.5430519014589812,0.0,0.3409169251982076,0.6696964188329395,0.0,0.0,0.07593795093795108,0.3076923076923076,0.0,0.0,0.6666666666666667,0.20512820512820518,0.5783132530120483,0.0,0.0,0.0,0.0,0.4818181818181819,0.0,0.7853191489361703,0.09523809523809523,0.0,0.12706645056726118,0.0,0.26368363437328957,0.0,1.0,0.17257683215130037,0.5,0.0,0.6057339449541284,0.5,0.46752917300862507,0.0,0.0,0.0,0.04038997214484685,0.6666666666666666,0.8,0.0,0.0,0.0,0.1578947368421052,0.17924528301886788,0.0,0.3457446808510639,0.37322515212981744,0.19999999999999996,0.21052631578947367,0.5714285714285714,0.13043478260869568,0.0,0.38888888888888884,0.0,0.9895833333333334,1.0,0.5,0.0,1.0,0.75,0.0,0.0,1.0,0.0,0.0,0.0,0.2135179153094463,0.8,0.0,0.25,0.8245614035087719,0.658890290037831,0.0,0.0,0.34838709677419366,0.0,0.03620873269435576,0.4285714285714286,0.25,0.0,0.0,0.0,0.2222222222222221,0.5026178010471205,0.02336448598130847,0.0,0.0,0.29729729729729737,0.0,0.52,0.4285714285714285,0.33333333333333337,0.2320390170699681,0.0,0.0,0.8202196816857208,0.0,0.0,0.12585812356979387,0.0,0.6153846153846154,0.0,0.0,0.18181818181818177,0.08333333333333326,0.38247011952191223,0.0,0.0,1.0,0.0,0.5,0.0,0.0,0.0,0.14841564187650458,0.25,0.07162687395891187,0.6923076923076923,0.0,0.0,0.0,0.0,0.0,0.7795062563408861,0.12948717948717947,0.3852926463231615,0.0,0.05820328975115985,0.0,0.44482891195693963,0.75,0.0,0.0,0.32688108000794114,0.5,0.5674641148325358,0.41463414634146345,0.735483870967742,0.0,0.4,0.0,0.0,0.0,0.0,0.0,0.04166666666666674,0.0,1.0,0.0,0.0,0.15829694323144095,0.6666666666666667,0.35315413828262376,0.8506787330316742,0.2499999999999999,0.0,0.0,0.0,0.0,0.43091037402964016,0.46576329825573015,0.8907103825136612,0.21347501851437245,0.0,0.0,0.0,0.0,0.0,0.45180332122470157,0.6666666666666667,0.0,0.0,0.0,0.0,0.0,0.0,0.0,0.0,0.2327355184498039,0.0,0.0,0.0,0.0,0.0,0.0,0.5613437195715678,0.0,0.0,0.0,0.75,m2
0.0,0.0,0.0,0.6936026936026936,0.0,0.0,0.0,0.0,0.0,0.0,0.6514026272266641,0.6741780568895456,0.9764705882352941,0.0,0.4,0.0,0.0,0.0,0.0,0.0,0.0,0.0,0.0,0.0,0.0,0.6918934240362812,0.0,0.0,0.0,0.9314299366861785,0.0,0.70024611181981,0.0,0.8328173374613003,0.0,0.0,0.0,0.0,0.8378152384774902,0.0,0.3264099966227626,0.6279063545150502,0.341120785663663,0.2584136326956852,0.45395808448257136,0.0,0.6192990878540565,0.9225628105535727,0.3649987081216086,0.0,0.8989200339764591,0.0,0.2354111735734542,0.5811903012490817,0.5398744113029827,0.0,0.8181094844048377,0.1493276716206653,0.0,0.7925847135693663,0.7465760477808671,0.22010582010582003,0.7941930850518107,0.0,0.5017543859649123,0.3626131790744468,0.39457937346004934,0.0,0.12617030762371828,0.7131782945736433,0.0,0.0,0.8378378378378378,0.5470154342031861,0.0,0.0,0.0,0.9184045584045584,0.0,0.4,0.0,0.6666666666666667,0.0,0.0,0.33129102844638947,0.0,0.37747476071849995,0.5190505933791381,0.0,0.0,0.0,0.32164696290256833,0.5,0.17676225105363186,0.6000000000000001,0.0,0.78125,0.0851648351648352,0.0,0.3066132264529058,0.4285714285714285,0.0,0.2857142857142857,0.0,0.3104796963073738,0.6428571428571428,0.0,0.0,0.66,0.5711395819285232,0.0,0.0,1.0,0.5,0.0,0.4488517745302715,0.9166666666666666,0.0,0.21313923105636423,0.09734513274336287,0.0,0.0,0.7105731577073692,0.9538658692866296,0.048564762059796984,0.4816941852117732,0.75,0.0,0.0,0.0,0.542709426045257,0.33333333333333326,0.25,0.5471698113207546,0.0,0.0,0.2662789589093336,0.6666666666666667,0.3140927902417773,0.0,0.5,0.8164779968513382,0.0,0.8466981132075472,1.0,0.0,0.18892746208660693,0.0,0.8571428571428572,0.0,0.0,0.0,0.5,0.9285714285714286,0.0,0.7021713816014796,1.0,0.9159411921471085,0.5823680823680825,0.0,0.5753156120128597,0.41666666666666663,0.9155203349282297,0.8333333333333334,0.0,0.5597260634795206,0.0,0.3528837257119358,0.9970748259521441,0.6399935305177606,1.0,1.0,0.7333333333333334,0.0,0.10259150414106344,1.0,0.8601977466084157,0.0,0.12942989214175638,0.0,0.0,0.0,0.0,0.0,0.0,0.0,0.0,0.525941244449851,0.7920174841460357,0.2222222222222221,0.7603428806077405,0.991022472555894,1.0,0.8596439222993206,0.0,0.76,0.0,0.0,0.16666666666666663,0.6328958212884258,0.9126523139087064,0.0,0.574712643678161,0.5309403908259894,0.0,0.0,0.0,0.0,0.0,0.0,0.0,0.0,0.0,0.0,0.9087551596784705,0.0,0.7,0.0,0.0,0.21331836749714783,0.8369565217391304,0.05997987581907871,0.0,0.0,1.0,0.0,0.0,0.5,0.0,0.0,0.8125,0.0,1.0,0.0,0.9325544344131704,0.0,0.0,0.0,0.0,0.0,0.0,0.8660235798499465,0.8,0.9385206532180596,0.0,0.5,0.0,0.0,0.0,0.0,0.0,0.0,0.0,0.0,0.0,0.17674072235323324,0.9384328358208955,0.0,0.0,0.0,0.8486074744108546,0.0,0.6437462235649547,0.0,1.0,0.0,0.0,0.0,0.0,0.8870385303088735,0.0,0.22991556091676724,0.8543409000398248,0.5617206109009388,0.4162673228856365,0.9142200397032703,0.6506094022054556,0.9066168623265742,0.9074701105684235,0.1767676767676768,0.0,1.0,1.0,0.0,0.8942939784380752,0.48807320584001657,0.0,0.7778337531486146,0.14491614255765184,0.0,0.7944358077471175,0.8678347393467445,0.0,0.7507785674359179,0.0,1.0,0.6983612804878048,0.5838150289017342,0.31218274111675126,0.6296296296296297,0.8189655172413793,0.5820895522388061,0.1862900280043832,0.682608695652174,0.5669515669515669,0.5,0.0,1.0,0.9179140511830034,1.0,0.5,0.0,1.0,0.0,0.045702245150039955,0.5066469719350074,0.5,0.39630996309963107,1.0,0.0,0.0,0.0,0.8322211630123928,1.0,0.5069056714663532,1.0,0.6311584553928096,0.8852823477100934,0.36363636363636365,0.0,0.8571428571428572,0.36363636363636365,0.0,0.5714285714285714,0.0,0.32232920678587795,0.75,0.0,0.1428571428571428,0.5,0.9349593495934959,1.0,0.0,1.0,0.6875,0.0,0.7528344671201814,0.3798387096774194,0.0,0.2727272727272728,0.75,0.5416666666666667,0.0,0.7894932935916542,0.8928571428571428,0.11557994757536039,0.7434679334916865,1.0,0.0,0.47748447204968925,0.6666666666666667,0.8520084566596194,0.33333333333333337,0.33333333333333337,0.8546192408689425,1.0,0.0,0.8014766201804757,1.0,0.7123417721518988,0.0,1.0,0.48962655601659744,0.0,0.9,0.8823529411764706,0.0,0.75,0.0,1.0,0.7272727272727273,0.5,0.0,0.75,1.0,1.0,0.9392234621414738,1.0,1.0,0.1446153846153846,0.12645322840279005,0.0,0.5202265372168284,1.0,0.8823529411764706,0.0,0.6484641638225257,0.3709327548806941,0.7648921914971373,0.9818649818649818,0.9439725579875857,1.0,1.0,0.6321752265861027,0.0,0.4852711796425866,1.0,0.7803353864137033,0.44999999999999996,0.5555555555555556,0.0,1.0,1.0,0.0,0.0,0.0,0.0,0.0,0.0,0.8830407114927548,1.0,0.5557676502558393,1.0,1.0,0.7872420643552153,0.0,0.8181818181818182,0.0,0.0,0.1724137931034483,0.46478873239436613,0.9410512843408638,0.2576641822528477,0.7632919254658386,0.7282698946816414,0.0,0.0,0.0,0.0,0.0,0.0,0.0,0.0,0.0,0.0,0.9200130947184635,0.0,0.5,0.0,0.0,0.7013256484149857,0.7749343082371758,0.9344703166670402,0.0,0.0,0.75,0.0,0.0,1.0,0.0,0.0,0.7384615384615385,1.0,0.0,0.0,0.9411764705882353,0.0,0.0,0.0,0.0,0.0,0.0,0.4366578793204453,0.07042253521126773,0.8760526884042323,0.0,0.33333333333333326,0.0,0.0,0.0,0.0,0.0,0.0,0.0,0.0,0.0,0.0,0.8888888888888888,0.0,0.0,0.0,0.6548783024755565,0.0,0.8225734968237552,0.0,0.8181818181818181,0.0,0.0,0.0,0.0,0.7496371552975327,0.0,0.0,0.5997438360550753,0.3223506743737956,0.2418016275884295,0.3120762323621039,0.0,0.43112272677774144,0.43226936551187234,0.3076923076923076,0.0,0.8461538461538461,0.0,0.0,1.0,0.0,0.0,1.0,0.25356633380884475,0.0,0.5002282583884958,0.4850088183421516,0.2857142857142857,0.2202932098765431,0.0,0.5081967213114753,0.36347642505277966,1.0,0.0,0.6546546546546548,0.2500000000000001,1.0,0.14724770642201834,0.5,0.5193953223046206,0.0,0.0,0.0,0.04038997214484685,0.0,0.6,0.0,0.5,0.33333333333333326,0.011150234741783782,0.2515723270440251,0.0,0.4495264960709249,0.523088023088023,0.0,0.0,1.0,0.13043478260869568,0.0,0.33333333333333337,0.0,0.0,0.6666666666666667,0.0,0.0,0.0,0.5,0.0,0.0,0.0,0.0,0.0,0.0,0.0,0.0,0.4437742352434296,0.0,0.0,0.7006666666666667,0.0,0.5444915254237288,0.48951048951048937,0.0,0.2543290043290044,0.045112781954887105,0.25,0.0,1.0,0.3297297297297299,0.0,0.0,0.0,0.0,0.0,0.011363636363636465,0.0,0.03691084611016471,0.4285714285714285,0.0,0.3341159896689365,0.0,0.0,0.8206680116565792,0.0,0.12804953560371535,0.25778863775198524,0.0,0.08120649651972156,0.0,0.0,0.18181818181818177,0.0,0.1187214611872146,0.6666666666666667,0.0,0.605263157894737,0.0,0.0,0.5,0.5,0.0,0.1351595919710431,0.25,0.8357102110667427,0.6923076923076923,0.0,0.0,0.0,0.5469596628537026,0.0,0.5822357311719013,0.1468689477081988,0.0,0.0,0.7757275411218895,0.34548513740886155,1.0,1.0,0.0,0.375,0.6076149141842572,0.0,0.3622009569377991,0.0,0.3191489361702129,0.0,0.0,0.0,0.0,0.0,0.0,0.0,0.045038705137227186,0.7620769453283194,0.31991051454138697,1.0,0.0,0.8162631905648665,0.33333333333333337,0.940989847715736,0.0,0.41666666666666663,0.0,0.0,0.5,0.6603307825228338,0.8554432145036173,0.0,0.010928961748634003,0.6282908867750845,0.0,0.0,0.0,0.0,0.0,0.0,0.0,0.0,0.0,0.0,0.9100418410041842,0.0,0.5555555555555556,0.0,0.0,0.0,0.8184357541899442,0.057594493921001466,0.0,0.0,0.5,0.3571428571428572,0.0,0.0,0.0,0.0,0.75,m2
0.5714285714285714,0.0,0.0,0.0,0.0,0.6219038331708049,0.0,0.0,0.0,0.0,0.0,0.0,0.0,0.0,0.0,0.0,0.0,0.9105950653120465,0.0,0.0,0.6721683576131727,0.0,0.0,0.0,0.0,0.742802824551874,0.439672801635992,0.0,0.0,0.0,0.0,0.0,0.0,0.0,0.0,0.0,0.0,0.0,0.8914209672724248,0.0,0.0,0.522510751810115,0.3440813950545418,0.5743684668989546,0.5097061347061347,0.8075772681954139,0.4385493619879114,0.6021608448415923,0.38557312252964426,0.0,0.32331859081897185,0.6666666666666667,0.01948586588601231,0.0,0.6603196927487626,0.0,0.0,0.041832449160035146,0.7563786996457946,0.9678534277373243,0.0,0.903584817244611,0.08838530195896599,0.633807098882724,0.4876589379207179,0.28792064289301855,0.27838908450704225,0.19763624425476023,0.78125,0.6384704519119351,0.43803680981595094,0.13324732768153325,0.8571428571428572,0.5104813986245753,0.5,0.0,0.0,0.3267511177347242,0.0,0.0,0.0,0.0,1.0,0.4370984569765526,0.24458273141460174,0.0,0.7106332765176346,0.545612422106446,0.1428571428571428,0.0,0.0,0.5874794561482146,0.5,0.5487149822328734,0.5,0.7421465968586387,1.0,0.0,0.7536864279265724,0.9862068965517241,0.0,0.0,0.5714285714285714,0.48968105065666045,0.8329683456101931,0.6428571428571428,1.0,0.0,1.0,0.0,0.0,0.875,0.9079016221873365,1.0,0.1981957721825771,1.0,0.9166666666666666,0.8466121025090567,0.23948220064724923,0.6194029850746269,0.0,0.321550135839865,0.673469387755102,0.8745472505762265,0.6011685986240694,0.47106227106227105,0.75,0.0,0.15460852329038643,0.0,0.0,0.4444444444444444,0.0,0.6840620592383639,0.875,0.0,0.0,0.6666666666666667,0.5075727292915836,0.30878336710421983,0.0,0.0,0.6666666666666667,0.2997275204359672,0.42298084929225643,0.0,0.0,0.0,0.8571428571428572,1.0,0.0,0.7894736842105263,0.5,0.0,0.5,0.7967091927983784,1.0,0.417472229288561,0.7634508348794063,0.5725026852846401,0.19163378058405656,0.41666666666666663,0.8810834510644517,0.8333333333333334,0.49958338293060345,0.0,0.41291348118991744,0.7769465809714466,0.3469927769434312,0.0,1.0,0.0,0.0,0.0,0.8651312147049053,0.5,0.05130921749659423,0.1923076923076923,0.5539358600583091,0.0,0.6000000000000001,0.0,0.9402699422504968,0.0,0.0,0.0,0.25859950859950853,0.41918522724882723,0.0,0.025026923257011946,0.9872691569401849,0.9691374435072625,0.0,0.5206486887846367,0.0,0.16000000000000003,0.0,0.0,0.0,0.0,0.3665855636658556,0.5508823269470604,0.0,0.4900359359686378,0.0,0.0,0.0,0.0,0.0,0.8644071986551962,0.9473684210526315,0.0,0.0,0.0,0.0,0.0,0.0,0.0,0.0,0.0,0.0,0.05450041288191587,0.0,0.0,1.0,0.8275862068965517,0.0,0.5,0.0,0.0,0.0,0.0,0.0,0.0,0.0,0.0,0.6714285714285715,0.0,0.0,0.0,0.0,0.0,0.0,0.0,0.0,0.0,0.0,0.0,0.6452223273415327,0.0,0.0,0.8537492952452547,0.0,0.0,0.0,0.0,0.9444822116474054,0.8,0.0,0.0,0.0,0.0,0.0,0.0,0.0,0.0,0.0,0.0,0.0,0.8831369991440101,0.0,0.14460431654676253,0.7721680936915658,0.5607160135462023,0.6347150259067357,0.9245941700122186,1.0,0.3085650723025587,0.7894091317157055,0.20588235294117663,0.0,0.8221590909090909,1.0,0.5185750636132316,0.7341584158415841,0.7747349823321554,0.0,0.0,0.14491614255765184,0.9078072333060034,1.0,0.0,0.9428571428571428,0.6656101426307448,0.2680412371134021,1.0,0.9118978338182994,0.0,0.4772036474164133,0.8148148148148149,0.8125,0.9594882729211087,0.0,0.8,0.5669515669515669,1.0,0.2500000000000001,1.0,0.7123115577889447,1.0,1.0,0.0,0.5,1.0,0.5006773232186399,0.2609308885754583,0.5,1.0,1.0,0.0,0.0,0.0,0.9777397260273972,1.0,0.8008614976805831,0.7,0.931460195828012,0.0,0.0,0.755834829443447,0.0,0.0,0.0,0.8571428571428571,0.0,0.7918994413407822,0.75,0.0,0.1428571428571428,0.5,0.0,0.0,0.8370365585841623,0.7501914241960184,0.8125,0.7385589094449854,0.9635036496350365,0.11569148936170204,1.0,0.6363636363636365,1.0,0.5416666666666667,0.6308300395256916,0.6625916870415648,0.8928571428571428,0.9844364351245085,0.6415332771693345,1.0,0.0,0.47748447204968925,0.25,0.0,0.6666666666666667,0.0,0.8649813272048261,1.0,0.0,0.0,1.0,0.9606872451951077,0.5015576323987538,0.0,0.5679012345679013,1.0,0.44999999999999996,0.8823529411764706,0.46153846153846145,0.03864168618266994,0.0,1.0,0.5454545454545454,0.5,0.8571428571428572,0.75,0.0,1.0,0.779699333107268,1.0,0.6885745200977839,0.7142857142857143,1.0,0.08140074211502779,0.5202265372168284,1.0,0.8823529411764706,0.7945922372437855,0.0,0.0,1.0,0.7466167466167466,0.13301262778111855,1.0,0.0,0.0,0.0,0.9046245157035694,1.0,0.6020320999865127,0.0,1.0,0.0,1.0,1.0,0.9493405030490775,0.0,0.0,0.0,0.0,0.7918881201935924,0.0,1.0,0.9967062818336163,0.9048603929679421,0.5,0.7534438684939289,0.0,0.13636363636363646,0.0,0.0,0.0,0.0,0.3181105617667833,0.5461489497135581,0.0,0.6351475169507055,0.0,0.0,0.0,0.0,0.0,0.9071872040408292,1.0,0.0,0.0,0.0,0.0,0.0,0.0,0.0,0.0,0.0,0.0,0.5324564582489502,0.0,0.0,0.75,1.0,0.0,1.0,0.0,0.0,0.0,1.0,0.0,0.0,0.0,0.0,0.4824316026471992,0.0,0.0,0.0,0.0,0.0,0.0,0.0,0.0,0.0,0.0,0.0,0.6415879017013232,0.0,0.0,0.691510678852451,0.0,0.0,0.0,0.0,1.0,0.47490347490347506,0.0,0.0,0.0,0.0,0.0,0.0,0.0,0.0,0.0,0.0,0.4516599781101788,0.96398891966759,0.0,0.0,0.2898953215124974,0.39956172388604805,0.5185185185185184,0.7999999999999999,0.6855600539811066,0.3125278644672316,0.5262401547602598,0.3076923076923076,0.75,0.6013513513513513,0.6666666666666667,0.20512820512820518,0.0,0.0,0.0,0.0,0.05882352941176461,0.4818181818181817,0.8730661040787623,0.0,0.8095238095238095,0.0,0.7256488975718671,0.5081967213114753,0.18508092892329342,0.4374999999999999,0.0,0.0,0.2500000000000001,0.8571428571428572,0.0,0.3076923076923077,0.4461732548359967,0.2857142857142858,0.0,0.0,0.07794015309672941,0.0,0.0,0.0,0.0,0.0,0.0,0.6198347107438016,0.0,0.8054862842892768,0.43310827706926736,0.19999999999999996,0.0,1.0,0.4347826086956522,0.0,0.38888888888888884,0.5,0.16666666666666663,0.0,0.5,0.5,0.6666666666666667,0.0,0.0,0.0,0.2500000000000001,0.2857142857142857,0.0,0.0,0.0,1.0,0.0,0.25,1.0,0.30409356725146186,0.6140350877192982,0.0,0.34838709677419366,0.0,0.39050632911392413,0.7142857142857142,0.0,0.0,0.04878048780487809,0.5105837075048107,0.0,0.6282135794330916,0.0,0.0,0.0,0.0,0.0,0.4900000000000001,0.4285714285714285,1.0,0.3341159896689365,0.0,0.0,1.0,0.0,0.3011103853690398,0.6793924466338259,0.0,0.5396825396825395,0.0,0.0,0.18181818181818177,0.0,0.3447488584474886,0.6666666666666667,0.0,0.6843434343434343,0.0,0.5,0.5,0.0,0.5,0.0,0.25,0.03986135181975736,0.8666666666666667,0.26815993301235075,0.0,0.0,0.506398537477148,0.0,0.0,0.0,0.695626183122447,0.8080155138978669,0.0,0.06785411365564042,1.0,0.0,0.023363738198111772,0.11111111111111116,0.0,0.0,0.0,0.41463414634146345,0.47058823529411764,0.0,0.6000000000000001,0.0,0.9304182853012919,0.0,0.0,0.0,0.04166666666666674,0.555926389468317,0.0,0.0,0.9621787426665476,0.7863054928517683,0.0,0.35315413828262376,0.7272727272727273,0.5,0.0,0.0,0.0,0.0,0.0,0.6596743435528825,0.4444444444444444,0.5364626990779549,0.0,0.0,0.0,0.0,0.0,0.5268037081821846,0.6666666666666667,0.0,0.0,0.0,0.0,0.0,0.0,0.0,0.0,0.18717790146361568,0.0,0.6193116001985769,0.0,0.0,1.0,0.0,0.0,0.0,0.0,0.0,0.0,m2
0.5714285714285714,0.6928571428571428,0.0,0.0,0.0,0.0,0.0,0.0,0.0,0.7007702849581778,0.0,0.31818181818181823,0.0,0.0,0.4,0.0,0.0,0.0,0.0,0.6187899769510603,0.0,0.0,0.7373658766654876,0.0,0.0,0.0,0.5970724191063175,0.0,0.3946418575923103,0.0,1.0,0.7203892312682452,0.0,0.0,0.0,0.0,0.4750626915575369,0.0,0.0,0.0,0.3853797019162526,0.0,0.0,0.22678598361067803,0.4541359096830221,0.578383641674781,0.0,0.958041958041958,0.2862909253999103,0.8258812757515641,0.14256730645369053,0.0,0.2586450112470928,0.5670807087773003,0.8137196106472298,0.2385065477848981,0.7711711711711712,0.0,0.0,0.5540199646834121,0.39065154688055637,0.0,0.0,0.0,0.4649122807017544,0.0,0.391150442477876,0.0,0.7660728117738188,0.0,0.0,0.13324732768153325,0.0,0.45032728477918627,0.0,0.5851063829787233,0.0,0.12240663900414928,0.0,0.4,1.0,0.0,1.0,0.16698526931294277,0.0415397734194175,0.33333333333333337,0.3288702928870295,0.09742120343839533,0.0,0.0,0.0,0.37785774767146485,0.5,0.0,0.6000000000000001,0.0,0.9375,0.11133200795228615,0.7965026307644691,0.09011627906976738,0.0,0.0,0.5714285714285714,0.0,0.973918197984588,0.0,1.0,0.0,0.0,0.5098091198303287,0.33333333333333337,0.45626270414242664,0.6506024096385542,0.37142857142857144,0.0,0.27651356993736953,0.0,0.40599916541888625,0.15832037325038884,0.6194029850746269,0.5,0.0,0.7189735336194564,1.0,0.9096084181473176,0.0,0.75,0.0,0.7374358974358974,0.0,0.4133582818093069,0.11111111111111105,0.0,0.5471698113207546,0.875,0.0,0.4570024570024571,0.6666666666666667,0.0,0.3251290877796903,0.5,0.07304442627418906,0.0,0.35164835164835184,1.0,0.6826484018264842,0.04768282882400243,0.33333333333333337,0.8571428571428572,1.0,0.75,0.0,0.5,0.0,0.0,0.02533933017428336,0.25,0.5556418219461698,0.49241800869871866,0.0,0.0,0.0,0.0,0.8333333333333334,0.0,0.5095018885741265,0.4862318251969783,0.0,0.0,0.5741801014514589,1.0,0.0,0.19552058111380144,0.0,0.7796129032258065,0.8333333333333334,0.8107213765718068,0.0,0.6540429887410439,0.0,0.0,0.0,0.0,0.0,0.0,0.0,0.0,0.042442907024658916,0.0,0.04588659455916089,0.9038555176840335,0.6963618390915447,1.0,0.7303761119148866,0.8713264495631454,0.0,0.0,0.0,0.15974282888229463,0.0,0.0,0.7515182434487427,0.6096169519152405,0.5291717778727274,0.0,0.0,0.0,0.0,0.0,0.0,0.9473684210526315,0.0,0.0,0.0,0.0,0.0,0.0,0.0,0.0,0.22262049649055526,0.0,0.11695632475813877,0.9094168512074238,0.0,0.0,0.13636363636363635,0.0,0.0,0.0,0.8710533801080876,0.0,0.0,0.0,0.0,0.0,0.0,0.0,0.0,0.0,0.0,0.5452830188679245,0.0,0.0,0.0,0.0,0.5,0.0,0.0,0.0,0.0,0.8825208840012689,0.0,0.0,0.8532297917402047,0.0,0.0,0.0,1.0,0.0,0.5556991639808254,0.0,0.6666666666666667,0.6437462235649547,0.0,0.25,0.0,0.0,0.6843365466697204,0.0,0.0,0.0,0.8155231734466707,0.0,0.0,0.3595022959561548,0.9021486373360618,0.0,0.22931785195936139,0.5060596480134893,0.29497054825555047,0.5574294853154986,0.0,1.0,0.0,0.9340442986054143,0.8116936590721933,0.23628509719222457,0.75,0.0,0.0,0.8370137441260643,0.3164852255054432,0.19999999999999996,0.0,0.0,1.0,0.15286259541984748,0.5838150289017342,0.4772036474164133,1.0,0.0,0.0,0.0,0.0,0.7750692520775623,0.5,0.2500000000000001,1.0,0.9097472924187726,0.0,1.0,1.0,0.5,1.0,0.0,0.0,0.2500000000000001,0.0,0.5686546463245492,0.0,0.0,0.0,0.0,1.0,0.0,1.0,0.0,0.9566367001586462,0.36363636363636365,0.6793922867160109,0.0,0.0,0.0,0.8571428571428571,0.0,1.0,0.0,1.0,1.0,0.0,0.8,1.0,0.48187182373205095,0.6644933441999457,0.0,0.0,0.0,0.0,1.0,0.2727272727272728,1.0,0.5833333333333333,0.0,0.7486607142857142,1.0,0.5018020969855832,0.1386800334168754,1.0,0.0,0.7028469750889681,0.25,0.5889803673210894,0.0,0.6666666666666667,0.8778352566653402,1.0,0.0,0.3462956754944686,1.0,0.24972776769509974,1.0,1.0,0.6111111111111112,0.0,0.44999999999999996,0.8823529411764706,0.6875957120980092,0.0,0.6000000000000001,1.0,0.8709677419354839,0.0,0.0,1.0,0.0,1.0,0.0,1.0,0.6745595756772116,0.6335078534031413,0.12645322840279005,0.43333333333333335,0.0,0.0,0.8823529411764706,0.6989247311827957,0.8537001706998695,0.8973727422003284,0.875,0.0,0.8233830845771144,1.0,0.0,0.5043914680050189,0.0,0.6510522380087598,1.0,0.6830748927746618,0.0,0.0,0.0,1.0,1.0,0.0,0.0,0.0,0.0,0.0,0.9846204188481675,0.0,0.18386243386243384,0.9990722238081644,0.8885154462242563,1.0,0.8616064848931466,0.882051282051282,0.0,0.0,0.0,0.16499736425935696,0.0,0.8000667079620718,0.8201932922108733,0.669781221513218,0.7220301214077147,0.0,0.0,0.0,0.0,0.0,0.0,1.0,0.0,0.0,0.0,0.0,0.0,0.0,0.0,0.0,0.6840039254170756,0.0,0.6234878633740084,0.7646123655513327,0.0,0.75,0.0,0.0,0.5,0.0,0.8850828729281768,0.0,0.0,0.8607655502392344,0.0,0.0,0.0,0.0,0.0,0.0,0.0,0.6756861981701383,0.0,0.0,0.0,0.0,0.33333333333333326,0.0,0.0,0.0,0.0,0.9694713328369322,0.0,0.0,0.6828325731991782,0.0,0.0,0.0,0.37815126050420167,0.0,0.8955223880597015,0.0,0.7777777777777778,0.8237704918032787,0.0,0.0,0.0,0.0,0.1696428571428572,0.0,0.0,0.0,0.332846715328467,0.0,0.0,0.2418016275884295,0.2909057706355004,0.5911404335532517,0.0,0.9010511054729975,0.3076923076923076,0.8229994700582937,0.5373754152823921,0.0,0.0,0.4568965517241379,0.4811073460776165,0.5051546391752577,0.6923076923076923,0.0,0.0,0.017078604009759135,0.7910353535353536,0.0,0.31783276450511944,0.0,0.7142857142857144,0.1791187739463601,1.0,0.0,0.0,0.5,0.0,0.0,0.5,0.25418569254185686,0.0,0.5952380952380952,0.0,0.07033426183844005,0.6666666666666666,0.4,0.0,0.0,0.0,0.3900928792569659,0.0,0.5714285714285714,0.585494716618636,0.3295727316370619,0.0,0.08510638297872364,0.0,0.6956521739130435,0.0,0.5,0.0,1.0,1.0,0.0,0.36,1.0,0.0,0.0,0.0,0.0,0.7142857142857142,0.0,0.5,0.0,0.2785714285714287,0.5297937356760887,0.16666666666666663,0.03798925556408295,0.0,0.75,0.7289156626506024,0.5691756272401434,0.625,0.29985337243401766,0.045112781954887105,0.0,0.19999999999999996,0.31707317073170727,0.3964451313755796,0.6666666666666667,0.7846858638743456,0.3027522935779816,0.0,0.0,0.32000000000000006,0.0,0.0,0.2857142857142857,0.6666666666666667,0.2776214593884825,0.0,0.0,0.22797579018157388,0.0,0.3526315789473683,0.11494252873563238,0.0,0.2206366630076837,0.0,0.0,0.18181818181818177,0.5,0.3447488584474886,0.33333333333333337,0.0,1.0,0.6666666666666666,0.0,0.0,0.0,0.0,0.6362157589953803,0.25,0.0567734682405846,0.3846153846153846,0.0,0.0,0.0,0.3639964788732395,0.0,0.0,0.05192307692307674,0.36442798518666786,0.0,0.05820328975115985,0.24194476409666288,1.0,0.0,0.002400384061449823,0.375,0.3353789207091369,0.5,0.3294768611670019,0.0,0.799081515499426,0.0,0.0,0.0,0.0,0.0,0.0,0.0,0.0,0.0029813064030943526,0.0,0.4482758620689655,0.0,0.44955752212389377,0.33333333333333337,0.4628581561331697,0.7163958641063515,1.0,0.0,0.0,0.5,0.0,0.0,0.4852420306965761,0.448087431693989,0.613299347260734,0.0,0.0,0.0,0.0,0.0,0.0,0.6666666666666667,0.0,0.0,0.0,0.0,0.0,0.0,0.0,0.0,0.0,0.0,0.3284700657495272,0.7197069448664708,0.0,1.0,0.0,0.0,0.0,0.0,0.8717749052587862,0.0,m2
0.5714285714285714,0.0,0.0,0.0,0.0,0.0,0.0,0.0,0.0,0.0,0.4676012593601089,0.6508854354897,0.0,0.0,0.0,0.0,0.0,0.0,0.33333333333333326,0.5785170090318881,0.0,0.0,0.0,0.0,0.0,0.0,0.0,0.0,0.038464740654399976,0.0,0.0,0.0,0.0,0.0,0.0,0.7406168169915623,0.476566454094544,0.0,0.0,0.0,0.658464384828862,0.5167971569770669,0.0,0.4854959529435423,0.4541359096830221,0.0,0.0,0.521139973473943,0.0,0.6989470325462668,0.0,0.0,0.2079078546193679,0.0,0.465529289451707,0.23749650740430273,0.7869934024505184,0.046526939536925216,0.0,0.552068214804064,0.7194695424074613,0.23185861423220955,0.12937220856124854,0.46949350459786887,0.4649122807017544,0.36319688598694133,0.434961106309421,0.05351386202450048,0.09872159090909094,0.0,0.43661971830985924,0.13324732768153325,0.4285714285714286,0.6139389193422083,0.0,0.0,0.0,0.6159280667951188,0.0,0.4,0.0,0.6666666666666667,1.0,0.12289275712481473,0.8202166064981949,0.0,0.9192342992002097,0.44909431605246697,0.0,0.0,1.0,0.6806799210805888,0.5,0.5487149822328734,0.5,0.9725385130609511,0.78125,0.0851648351648352,0.7965026307644691,0.37335834896810494,0.0,0.34898843930635837,0.2857142857142857,0.7560975609756098,0.9115116755428103,0.0,0.0,0.01248120300751887,0.66,0.0,0.0,0.45848136537791717,0.0,0.0,0.0,0.44896681277395123,0.0,0.0,0.0,0.6194029850746269,0.0,0.07519245518847817,0.7458772104112854,0.0,0.9005930087390761,0.0,0.75,0.0,0.0,1.0,0.5211864406779659,0.11111111111111105,0.0,1.0,0.875,0.0,0.8527131782945736,0.6666666666666667,0.14412827063694822,0.31833727966324643,0.5,0.810550198525241,0.0,0.2997275204359672,0.7272727272727273,0.6996996996996996,0.04768282882400243,0.0,0.8571428571428572,1.0,0.25,0.0,0.5,0.8571428571428571,0.0,0.4278485016209378,0.0,0.7358524760998595,0.030341023069207496,0.6790817521667838,0.0,0.0,0.5418003207698476,0.0,0.48789839444045047,0.5095018885741265,0.4862318251969783,0.5497395187298437,0.0,0.6145415750678909,0.23065338276181646,1.0,0.0,0.0,0.07790055248618777,1.0,0.859377656861078,0.3076923076923077,0.0,0.0,0.0,0.0,0.0,0.0,0.0,0.0,0.25859950859950853,0.3373266622096658,0.0,0.12914438502673808,0.9053453615187828,0.7692880178615729,1.0,0.21360491410442461,0.8220810166799046,0.84,0.0,0.0,0.07692307692307698,0.8979919431716843,0.008702975856260453,0.7515182434487427,0.5063841347459929,0.5291717778727276,0.0,0.0,0.0,0.0,0.5224351956342321,0.8362148493037693,0.0,0.0,0.0,0.0,0.0,0.0,0.0,0.0,0.0,0.0,0.0,0.11328294527766958,0.0,0.0,0.5,0.13494318181818177,0.0,0.5,0.0,0.7037564230695459,0.8125,0.0,0.0,0.0,0.0,0.0,0.0,0.0,0.0,0.0,0.0,0.8584183673469388,0.8,0.0,0.0,0.0,0.0,0.0,0.0,0.5,0.8929843727734764,0.0,0.0,0.0,0.0,0.371274387712744,0.0,0.0,0.0,0.4827186043363054,0.0,0.0,0.0,0.0,0.0,0.0,1.0,0.6797433547204399,0.0,0.0,0.0,0.13265306122448983,0.7430637144148216,0.0,0.20388751033912333,0.7246175243393602,0.03811149032992045,0.37646669971905466,0.7730213565133489,0.0,0.9118236472945892,0.0,1.0,0.0,0.8822130970391182,0.0,0.23546881629189642,0.7141119221411193,0.14491614255765184,0.0,0.8106761879573305,0.8712179984484096,0.5714285714285714,0.5620857621975566,0.43889479277364507,1.0,0.6996350824210394,0.7514450867052023,0.0,0.6296296296296297,0.0,0.9594882729211087,0.0,0.26521739130434796,0.605724838411819,0.5,0.2500000000000001,1.0,0.9631760644418872,0.0,1.0,0.0,1.0,1.0,0.0,0.8885754583921015,0.5,1.0,0.5359116022099447,0.0,0.0,1.0,0.9951923076923077,1.0,0.79890560875513,0.7,0.9693486590038314,0.893707033315706,0.36363636363636365,0.6264185201997277,0.8571428571428572,0.0,0.49739583333333337,0.5714285714285714,0.4285714285714286,0.944300518134715,0.0,0.09999999999999998,0.0,0.5,0.0,0.0,0.510726643598616,0.0,0.0625,0.18181818181818166,0.7528344671201814,0.0,0.0,0.0,0.9166666666666666,0.5416666666666667,0.2815691360025938,0.7232796486090776,0.0,0.5018020969855832,0.0,1.0,0.0,0.0,1.0,0.6403385049365302,0.0,0.6666666666666667,0.9705767350928641,1.0,0.0,1.0,1.0,0.8402903811252269,0.3125,1.0,0.484375,0.0,0.44999999999999996,0.3529411764705882,0.6875957120980092,0.03864168618266994,0.0,1.0,1.0,0.0,0.0,1.0,1.0,1.0,0.9374803644360666,0.0,0.8413888568462338,0.023509174311926784,0.8305343511450382,0.3144411300228108,0.0,0.38847305389221554,0.0,0.6989247311827957,0.8122319597240351,0.8973727422003284,0.0,0.796236692250557,0.8233830845771144,0.0,0.8,0.590621403912543,0.0,0.48598422389589546,1.0,0.7602442398511664,0.65,0.6511627906976745,0.0,1.0,1.0,0.0,0.0,0.0,0.0,0.5046153846153847,0.8541534770584119,0.0,1.0,0.9664939668689072,0.8031178840427395,1.0,0.2808508971245005,0.09999999999999987,0.9545454545454546,0.0,0.0,0.10526315789473684,0.8732394366197183,0.6410813810966444,0.8229827408172297,0.6466568544995794,0.7220301214077147,0.0,0.0,0.0,0.0,0.5627387299058357,0.9442585573848158,0.0,0.0,0.0,0.0,0.0,0.0,0.0,0.0,0.0,0.0,0.0,0.4978589232834105,0.0,0.0,0.0,1.0,0.0,1.0,0.0,0.7646966445060985,1.0,1.0,0.0,0.0,0.0,0.0,0.0,0.0,0.0,0.0,0.0,0.3431276169670491,0.07042253521126773,0.0,0.0,0.0,0.0,0.0,0.0,0.6666666666666667,0.9697344627391263,0.0,0.0,0.0,0.0,0.0,0.0,0.0,0.0,0.8955223880597015,0.0,0.0,0.0,0.0,0.0,0.0,0.8368779682015279,0.14102564102564086,0.39429012345679004,0.0,0.0,0.6751824817518248,0.30384419551934827,0.0,0.5491084064534391,0.0,0.34530201342281885,0.0,0.0,0.15384615384615385,0.7641759406465289,0.39634146341463417,0.0,0.0,0.0,0.0,0.5051546391752577,0.6923076923076923,0.0685563612392881,0.0,0.0,0.3350168350168351,0.09523809523809523,0.0,0.5915264544901683,0.5081967213114753,0.36347642505277966,0.25,0.2857142857142857,0.5363247863247862,0.5,1.0,0.0,0.0,0.46752917300862507,0.0,0.0,0.0,0.5201949860724234,0.6666666666666666,0.4,0.0,0.5,0.0,0.1187010078387456,0.6729559748427674,0.0,0.9295760598503741,0.3560411311053985,0.0,0.0,0.0,0.5652173913043479,0.0,0.38888888888888884,0.5,0.6666666666666667,0.6666666666666667,0.0,0.36,0.0,0.0,0.0,0.0,0.5,0.8571428571428571,0.0,0.5,0.2135179153094463,0.0,0.0,0.25,0.03798925556408295,0.6969314838167298,0.33333333333333337,0.0,0.34838709677419366,0.625,0.2811906269791008,0.3766233766233765,0.25,0.0,0.0,0.4791808873720137,0.2222222222222221,0.5081967213114755,0.20740740740740748,0.0,0.0,1.0,0.5714285714285714,0.0,0.2857142857142857,0.33333333333333337,0.8208499647804649,0.0,0.0,0.6487334678323247,0.0,0.0,0.11494252873563238,0.0,0.6007326007326008,0.0,0.0,0.0,0.5,0.3447488584474886,0.6666666666666667,0.0,1.0,0.6666666666666666,0.0,0.0,0.0,0.0,0.14841564187650458,0.0,0.0,0.0,0.41593211961446563,0.0,0.0,0.0,0.0,0.0,0.0,0.3882915173237754,0.6862182116488925,0.05820328975115985,0.40856550088915233,0.8509803921568627,0.8,0.2924528301886793,0.0,0.5751022793687901,0.5,0.5991156963890936,0.29268292682926833,0.0,0.0,0.0,0.0,0.0,0.0,0.0,0.0,0.04166666666666674,0.470826799329476,0.0,0.2068965517241379,0.7240534627092846,0.09125766871165641,0.33333333333333337,0.1285186280307511,0.0,1.0,0.0,0.0,0.0,0.9090423043507319,0.36014098045498244,0.5335733687069674,0.196078431372549,0.6299938912645082,0.0,0.0,0.0,0.0,0.9327929753461668,0.5192933881880399,0.0,0.0,0.0,0.0,0.0,0.0,0.0,0.0,0.0,0.18648434403487912,0.0,0.6193116001985769,0.0,0.0,0.0,0.0,0.0,0.0,0.0,0.7026905829596413,0.75,m2
0.0,0.33333333333333326,0.0,0.0,0.8254237288135593,0.670676186041699,0.0,0.0,0.7422760709649503,0.0,0.0,0.32978723404255317,0.0,0.0,0.0,0.0,0.0,0.0,0.33333333333333326,0.0,0.0,0.5,0.0,0.0,0.3704175349232076,0.0,0.439672801635992,0.7605788204341153,0.0,0.0,0.0,0.0,0.0,0.0,0.7988879464706437,0.0,0.476566454094544,0.0,0.0,0.0,0.7802073210236475,0.0,0.0,0.0,0.45575933075933084,0.2591496426766766,0.12824547600314695,0.0,0.9694571109008001,0.48545396419437337,0.33738998899889994,0.33333333333333337,0.26154972097703766,0.5700923652519585,0.0,0.23749650740430273,0.0,0.0,0.0,0.0,0.39046020218240207,0.2103432802333406,0.13050950262838668,0.49150710315009283,0.17543859649122806,0.3891935684905896,0.45299145299145305,0.055445544554455606,0.997393117831074,0.9440639269406392,0.0,0.0,0.8648648648648649,0.9243763284483724,0.0,0.5094339622641508,0.0,0.2646484375000001,0.0,0.4,0.0,0.6666666666666667,0.0,0.0,0.59139904433826,0.44444444444444453,0.6329676307915495,0.43273753527751646,0.0,0.0,0.0,0.7593482348025904,0.5,0.0,0.6000000000000001,0.0,0.0,1.0,0.0,0.7695390781563126,0.25,1.0,0.2857142857142857,0.8716981132075472,0.0,0.6428571428571428,0.0,0.014888027023645667,0.6734693877551021,0.0,0.0,0.1751152073732719,0.875,0.9352226720647774,0.0,0.27651356993736953,0.0,0.9170848030205176,0.8719671519223591,0.4626865671641792,0.7142857142857142,0.5060069413544541,0.2501173158141716,0.5887196377109923,0.6220595108272315,0.7904030710172745,0.75,0.0,0.33728981206726005,0.3065693430656935,0.5454217952566797,0.33333333333333326,0.0,1.0,0.875,0.0,0.646647098667871,0.6666666666666667,0.0,0.3139695712309819,0.0,0.8164779968513382,0.6666666666666667,0.8228882833787465,0.7012987012987013,0.0,0.0,0.33333333333333337,0.8571428571428572,1.0,0.0,0.0,0.5,0.0,0.0,0.003876582278480978,0.7,0.0,0.9949339207048458,0.27154973014649175,0.0,0.7222222222222222,0.6251214771622935,0.0,0.3573981415296641,0.0,0.7153886912421468,0.13923171860536887,0.21545203192654805,0.6527058695296746,0.0,0.0,0.0,0.0,0.07790055248618777,1.0,0.489187808615699,0.0,0.6442953020134228,0.0,0.0,0.0,0.9396583100555597,0.0,0.0,0.0,0.08567828643427122,0.4230900917816238,0.0,0.04588659455916089,0.9049452954048139,0.7692880178615729,0.0,0.2148695134007773,0.0,0.16000000000000003,0.0,0.0,0.16666666666666663,0.0,0.001585081585081527,0.4429949890255519,0.0,0.2360939102179963,0.0,0.0,0.0,0.0,0.0,0.6647928408978543,0.0,0.0,0.0,0.0,0.0,0.0,0.0,0.0,0.0,0.0,0.0,0.021719715643196302,0.5723575735913016,0.0,0.7123287671232876,0.0,0.7998363902523035,0.5,0.0,0.0,0.8125,0.0,0.0,0.0,0.0,0.7804080061585835,0.6714285714285715,0.0,0.0,0.7682410423452768,0.0,0.0,0.0,0.0,0.0,0.0,0.0,0.0,0.0,0.5,0.0,0.0,0.0,0.0,0.0,0.06527596697088212,0.0,1.0,0.5189873417721519,0.0,0.0,0.0,0.0,0.0,0.25,0.8644304682040531,0.0,0.6251984126984127,0.0,0.0,0.0,0.8018994413407821,0.0,0.0,0.0,0.7144034617762209,0.6748531767218366,0.3304117869285984,0.7135641696586137,0.9806866952789699,0.7385931558935361,0.2943722943722943,1.0,0.0,0.938115763546798,0.0,0.22937365010799127,0.6307692307692307,0.0,0.0,0.0,0.3164852255054432,0.0,0.6369495166487648,0.7270471464019851,0.0,0.0,0.6626506024096386,0.0,1.0,1.0,0.0,0.016830559757942454,0.8,0.8500461680517082,0.5,0.2500000000000001,1.0,0.3279631760644419,1.0,1.0,0.0,1.0,0.0,0.04931960544315639,0.8222849083215797,0.75,1.0,0.5179063360881542,0.0,0.0,0.0,0.9965753424657534,1.0,0.0,1.0,0.0,0.0,0.8636363636363636,0.0,1.0,0.0,0.49739583333333337,0.5714285714285714,1.0,0.0,0.75,0.0,0.0,0.0,0.0,0.0,0.0,0.48530197755211113,0.6875,0.0,0.0,0.0,1.0,0.8181818181818182,0.08333333333333337,0.0,0.3581802134317581,0.21439006574141706,0.5,0.0,0.702808112324493,1.0,0.0,0.8418836140888208,0.0,0.678477690288714,0.33333333333333337,0.6666666666666667,0.9687772714050228,1.0,0.0,0.29591836734693866,1.0,0.8402903811252269,1.0,0.0,0.48962655601659744,1.0,0.9,0.3529411764705882,0.0,0.3691860465116279,0.8,1.0,1.0,0.5,0.0,0.75,0.0,1.0,0.6341567291311755,1.0,0.0,1.0,0.0,0.35605721949038904,0.9583333333333334,0.0,0.0,0.5674499564838991,0.0,0.3275862068965518,0.8338220918866079,0.5350739396565732,0.9312390158172232,0.0,0.0,0.590621403912543,0.0,0.48598422389589546,1.0,0.5872728140056289,0.0,0.0,0.0,1.0,1.0,0.9490520556779147,0.0,0.0,0.0,0.28298908162783,0.14311726147123072,0.0,0.2021060410123776,0.9185741588515045,0.8031178840427395,0.0,0.34648120854826825,0.0,0.13636363636363646,0.0,0.0,0.1724137931034483,0.0,0.7962003454231433,0.5469833308747603,0.0,0.33936529890886724,0.0,0.0,0.0,0.0,0.0,0.7164589648590995,0.0,0.0,0.0,0.0,0.0,0.0,0.0,0.0,0.0,0.0,0.0,0.8497664597862947,0.49912022006889534,0.0,0.3125,0.0,0.7784114052953157,1.0,0.0,0.0,0.8087431693989071,0.0,0.8607655502392344,0.0,0.0,0.6945010183299389,0.5681756938830504,0.0,0.0,0.7166605097894347,0.0,0.0,0.0,0.0,0.0,0.0,0.0,0.0,0.0,0.6666666666666667,0.0,0.0,0.6000000000000001,0.0,0.0,0.7762949558923321,0.0,0.47640791476407907,0.6866413329435838,0.0,0.0,0.0,0.0,0.0,0.0,0.7121212121212122,0.0,0.14102564102564086,0.4516599781101788,0.0,0.0,0.3244641537324465,0.0,0.0,0.0,0.3120972196648868,0.0,0.2353212065392587,0.068865530989489,0.7692307692307692,0.2925278219395867,0.6134751773049646,0.33333333333333337,0.0,0.4568965517241379,0.09666901093280489,0.5,0.0,0.0,0.0,0.0,0.7853191489361703,0.2857142857142857,0.0,0.1549041713641488,0.6307692307692307,0.7417311752287121,1.0,0.2857142857142857,0.5555555555555556,0.75,0.0,0.14724770642201834,0.25,0.8738435660218671,0.0,0.0,0.0,0.44537230340988165,0.0,0.4,0.0,0.5,0.33333333333333326,0.08591331269349867,0.28099173553719003,0.4285714285714285,0.7696589125160553,0.3560411311053985,0.0,0.08510638297872364,1.0,0.5652173913043479,0.0,1.0,0.0,1.0,0.0,0.75,0.0,1.0,0.0,0.0,0.0,0.0,0.0,0.0,0.5,0.2135179153094463,0.8,0.0,0.25,0.07017543859649122,0.2564102564102564,0.0,0.5911228689006467,0.4785223367697595,0.0,0.32339955849889623,0.0,0.75,0.7,0.7560975609756098,0.9042457091237579,0.8888888888888888,0.0,0.2642276422764227,0.0,0.0,0.0,0.5714285714285714,0.0,0.4285714285714285,0.0,0.8208499647804649,0.0,0.0,0.5523425240977359,0.0,0.0,0.6793924466338259,0.0,0.6007326007326008,0.0,0.0,0.0,0.0,0.6851851851851851,0.0,0.0,0.0,0.0,0.0,0.5,0.0,0.0,0.22942286420717017,0.25,0.24042198778456414,1.0,0.6292014204310843,0.0,0.5555555555555556,0.0,0.0,0.38958403787622586,0.0,0.8574908647990256,0.0,0.0,0.34030710172744694,0.44482891195693963,0.0,0.0,0.11111111111111116,0.5751022793687901,0.5,0.0,0.0,0.6870967741935485,0.0,0.0,0.0,0.9289496791013026,0.0,0.0,0.0,0.0,0.45753380293093693,0.0,0.4482758620689655,0.7087853323147442,0.056534954407294946,0.0,0.11577380504894086,0.0,0.5,0.0,0.0,0.5,0.0,0.43091037402964016,0.2150843282167899,0.0,0.11107717369171244,0.0,0.0,0.0,0.0,0.0,0.35379991412623435,0.0,0.0,0.0,0.0,0.0,0.0,0.0,0.0,0.0,0.15294815987336774,0.0,0.0,0.522810901367158,0.0,0.5,0.3571428571428572,0.8313047711781889,0.0,0.0,0.0,0.75,m2
0.0,0.0,0.0,0.0,0.0,0.0,0.0,0.7801788375558867,0.3874400166910076,0.7402015677491601,0.0,0.0,0.0,0.0,0.0,0.6276390481250524,0.0,0.0,0.0,0.0,0.6511348675549002,0.0,0.0,0.0,0.0,0.0,0.0,0.7422883610919484,0.0,0.0,0.0,0.7203892312682452,0.8986522911051213,0.0,0.7988879464706437,0.0,0.0,0.0,0.8378152384774902,0.0,0.0,0.0,0.0,0.0,0.0,0.05355404089581306,0.1293623720808188,0.5893238620725809,0.0,0.7566103443828196,0.0,0.0,0.2991833163190899,0.16533583842179422,0.0,0.0,0.0,0.047020739602765205,0.47753936400123487,0.7916367680826636,0.0,0.0,0.34070720385122377,0.9408953907226347,0.0,0.0,0.35387323943661975,0.015518311607697344,0.9620738636363636,0.3858632676709154,0.4208494208494209,0.13324732768153325,0.8571428571428572,0.45032728477918627,0.0,0.0,0.0,0.0,0.0,0.4,0.5,0.0,1.0,0.5531149301825993,0.0,0.44444444444444453,0.0,0.29496402877697836,0.5714285714285714,0.45197740112994356,0.6666666666666667,0.0,0.5,0.17676225105363186,0.5,0.7483313702394975,0.0625,0.7572815533980582,0.36555823051459513,0.44767441860465107,0.0,0.0,0.2857142857142857,0.0,0.0,0.0,0.0,0.9173457508731082,0.0,0.8131606765327696,0.0,0.0,0.875,1.0,0.0,0.5438413361169102,0.9166666666666666,0.2248903508771929,0.0,0.23880597014925375,0.45833333333333337,0.7199811137014194,0.9173354735152488,1.0,0.0,0.6545048399106477,0.75,0.0,0.5364102564102564,0.3065693430656935,0.0,0.11111111111111105,0.0,0.6813655761024182,0.875,0.0,0.5573338735818476,0.6666666666666667,0.14955523421410122,0.0,0.0,0.7657681235278723,0.6666666666666667,0.2997275204359672,0.42105263157894735,0.6323641928079572,0.0,0.33333333333333337,0.8571428571428572,0.0,0.75,0.0,0.5,0.8571428571428571,0.5,0.0,0.0,0.0,0.6358480209794475,0.0,0.551912568306011,0.0,0.6254568186189651,0.8333333333333334,0.07388316151202745,0.9458053470301594,0.4862318251969783,0.0,0.2923877389435583,0.2619792725055883,1.0,0.0,0.8883495145631068,0.0,0.8791436464088398,1.0,0.3070814030443415,0.1923076923076923,0.029268292682926855,0.0,0.8,0.0,0.0,0.0,0.0,0.0,0.09272467902995718,0.0,0.0,0.025026923257011946,0.9036809141852544,0.0,1.0,0.7303761119148866,0.7736334405144695,0.84,0.0,0.0,0.0,0.0,0.001585081585081527,0.0,0.0,0.0,0.0,0.0,0.0,0.0,0.0,0.0,0.0,0.0,0.0,0.0,0.0,0.0,0.0,0.0,0.0,0.56186216566388,0.0,0.10940069207549041,0.0,0.0,1.0,1.0,0.0,0.5,0.0,0.0,0.0,0.0,0.0,0.0,0.0,0.0,0.0,0.0,0.875,0.44626059420694797,0.5452830188679245,0.0,0.8,0.0,0.0,0.0,0.6934852077105453,0.0,0.0,0.0,0.0,0.889615642406453,0.0,0.0,0.0,0.15052660374777727,0.0,0.0,0.5189873417721519,0.0,0.0,0.0,0.6437462235649547,0.35035460992907796,0.25,0.8841698841698842,0.0,0.0,0.0,0.8774479586514297,0.0,0.0,0.0,0.0,0.0,0.4294574997816021,0.06987951807228932,0.3304117869285984,0.7655474296695671,0.0,0.8857876162977222,0.2787212787212786,1.0,0.0,0.0,0.0,0.0,1.0,0.17948717948717952,0.6186388175944774,0.7992490690302527,0.0,0.19999999999999996,0.7248284157645228,0.9007444168734492,0.2100271002710028,0.15286259541984748,0.6157894736842104,0.4772036474164133,1.0,0.4374999999999999,0.9186351706036745,0.0,0.8,0.7750692520775623,0.5,0.0,1.0,0.0,0.0,0.5,1.0,0.5,1.0,0.8210094319245446,0.18316100443131456,0.75,0.0,0.0,1.0,0.2857142857142856,1.0,0.2071917808219178,1.0,0.4325737766156146,0.7,0.8717948717948718,0.11641321447299424,0.8636363636363636,0.5537902859736723,0.8571428571428572,0.0,0.4274999999999999,0.5714285714285714,0.0,0.0,0.0,0.0,0.8095238095238095,0.0,0.8695652173913044,1.0,0.45115872321818973,0.8404433993953644,0.8125,0.0,0.18301435406698563,0.46475770925110127,0.0,0.0,0.75,0.5416666666666667,0.930989898989899,1.0,1.0,0.6061914385449201,0.8024844720496894,1.0,0.0,0.2329246935201401,1.0,0.0,0.0,0.6666666666666667,0.8434984970425676,1.0,0.0,0.0,1.0,0.8402903811252269,0.0,0.0,0.797402230693209,1.0,0.44999999999999996,0.8823529411764706,0.7757125154894671,0.29216467463479423,0.8,1.0,0.0,1.0,0.0,1.0,1.0,1.0,0.0,0.0,0.0,1.0,0.15147407658420875,0.950207468879668,0.0,0.789282250242483,0.8823529411764706,0.5570817383472191,0.9707253402946112,0.8973727422003284,0.0,0.5344743541136328,0.0,1.0,0.0,0.6976024748646559,0.0,0.8745326354022006,1.0,0.6020320999865127,0.0,1.0,0.0,1.0,1.0,0.0,0.0,0.0,0.0,0.28298908162783,0.921850437907029,0.0,0.659669054087429,0.9184000712663133,0.0,1.0,0.8616064848931466,1.0,0.9545454545454546,0.0,0.0,0.0,0.0,0.8517474429867361,0.0,0.0,0.0,0.0,0.0,0.0,0.0,0.0,0.0,0.0,0.0,0.0,0.0,0.0,0.0,0.0,0.0,0.0,0.8860922878347854,0.0,0.5873492923291981,0.0,0.0,0.75,0.6666666666666667,0.0,1.0,0.0,0.0,0.0,1.0,0.0,0.0,0.0,0.0,0.0,0.0,0.7142857142857143,0.6993185689948893,0.6756861981701383,0.0,0.6074766355140186,0.0,0.0,0.0,0.48583106267029974,0.0,0.0,0.0,0.0,0.858723315846881,0.0,0.0,0.0,0.0,0.0,0.0,0.7891472868217054,0.0,0.0,0.0,0.8237704918032787,0.5759603469640645,0.0,0.7121212121212122,0.0,0.2843137254901962,0.0,0.7487191998048305,0.0,0.6911070780399274,0.0,0.0,0.0,0.0,0.3040362127499059,0.161167374496352,0.5659294804923847,0.15384615384615385,0.7641759406465289,0.7096491228070176,0.0,0.0,0.4873338870431895,0.14701143251745563,0.0,0.0,0.25356633380884475,0.5734870317002883,0.4409828167656977,0.0,0.0,0.3087315130830488,0.8589093857693088,0.0,0.1791187739463601,0.0,0.0,0.5555555555555556,0.0,0.10000000000000009,0.0,0.25,0.25418569254185686,0.0,0.0,0.0,0.0,0.6666666666666666,0.6,0.0,0.0,0.0,0.2648376259798433,0.17924528301886788,0.4285714285714285,0.0,0.3084013297068601,0.3999999999999999,0.21052631578947367,0.0,0.0,0.0,0.0,0.5,0.13541666666666652,1.0,0.75,0.75,0.0,0.0,0.0,0.0,0.0,0.0,0.0,0.0,0.6726384364820847,0.10909090909090913,0.9766997708174179,0.0,0.0,0.2564102564102564,0.0,0.5444915254237288,0.8939068100358423,0.0,0.0,0.16541353383458646,0.25,0.0,0.46341463414634154,0.7619392185238785,0.6666666666666667,0.0,0.0,0.0,0.0,0.0,0.5714285714285714,0.26923076923076916,0.2857142857142857,0.0,0.2776214593884825,0.0,0.0,0.22797579018157388,0.0,0.0,0.3928571428571429,0.0,1.0,0.0,1.0,0.18181818181818177,0.5,0.0,0.0,0.0,0.6085858585858586,0.6666666666666666,0.0,0.0,0.0,0.5,0.5999506416584404,0.0,0.2310286677908936,0.26923076923076916,0.0,0.25773195876288646,0.0,0.0,0.0,0.38958403787622586,0.8921885087153002,0.36442798518666786,0.33208114199849725,0.0,0.6759205983889528,0.0,0.0,0.002400384061449823,0.375,0.0,0.5,0.0,0.41463414634146345,0.0,0.0,0.8,0.0,0.0,0.0,0.0,0.0,0.0,0.06375248367868303,0.0,0.0,0.0,0.15829694323144095,0.6666666666666667,0.45338345864661644,0.8880090497737556,1.0,0.0,0.0,0.0,0.0,0.42969546845402895,0.0,0.0,0.0,0.0,0.0,0.0,0.0,0.0,0.0,0.0,0.0,0.0,0.0,0.0,0.0,0.0,0.0,0.0,0.24495449149188764,0.0,0.3284700657495273,0.0,0.0,0.5,0.3571428571428572,0.0,0.0,0.0,0.0,0.0,m2
0.5714285714285714,0.33333333333333326,0.0,0.0,0.0,0.0,0.0,0.0,0.0,0.0,0.0,0.0,0.0,0.0,0.0,0.0,0.0,0.0,0.33333333333333326,0.0,0.0,0.0,0.7373658766654876,0.0,0.22377840024898854,0.6661139896373057,0.668931277763261,0.557112397197685,0.0,0.0,0.0,0.24107490588082559,0.0,0.01176470588235301,0.0,0.0,0.47390642948061223,0.11907894736842095,0.0,0.0,0.0,0.4371348808354443,0.0,0.2584136326956852,0.48090948090948105,0.3663602808134906,0.514353188139596,0.11892516007137621,0.315717952589461,0.6989470325462668,0.34956163655685435,0.0,0.0,0.0,0.8159148412390873,0.0,0.0,0.0,0.7396361467342678,0.5540199646834121,0.0,0.23134678554669175,0.3448726693951796,0.5341271694295276,0.4649122807017544,0.0,0.0,0.05351386202450048,0.7816761363636364,0.37681159420289856,0.4208494208494209,0.0,0.0,0.6139389193422083,0.0,0.0,0.0,0.33161401246507627,0.6666666666666667,0.0,0.5,0.0,0.0,0.238445968739458,0.59139904433826,0.0,0.0,0.6421448730009407,0.1428571428571428,0.0,0.25,0.645077720207254,0.5,0.0,0.5,0.0,0.0625,0.0851648351648352,0.0,0.3066132264529058,0.0,0.0,0.2857142857142857,0.5294117647058822,0.0,0.0,0.0,0.0,1.0,1.0,0.0,0.4611393827242086,1.0,0.0,0.0,0.2808390732623669,0.5,0.46092900863794983,0.051010886469673555,0.6194029850746269,0.45833333333333337,0.6490355935573672,0.7928667728888344,1.0,0.6220595108272315,0.6590742101396032,0.75,0.0,0.5364102564102564,0.6698564593301436,0.8125915080527086,0.4444444444444444,0.0,0.0,0.875,0.0,0.8202608202608203,0.6666666666666667,0.0,0.34884255710562617,0.0,0.0,0.0,0.2997275204359672,0.0,0.7061919504643963,0.0,0.33333333333333337,0.8571428571428572,0.0,0.75,0.7777777777777778,0.5,0.9285714285714286,0.0,0.018011705547770207,0.0,0.6644628099173554,0.4294453507340946,0.9076778144135658,0.7667333778074272,0.41666666666666663,0.6242997028304185,0.8333333333333334,0.0,0.0,0.4862318251969783,0.3202157764414574,0.0,0.0,0.0,0.0,0.19552058111380144,0.0714285714285714,0.0,0.5,0.0,0.0,0.0,0.0,0.6000000000000001,0.0,0.0,0.0,0.0,0.0,0.25894639840270306,0.0,0.0,0.014466948586690509,0.9038465882140356,0.6890218985120551,1.0,0.0,0.0,0.76,0.0,0.0,0.0,0.6342546166075578,0.001585081585081527,0.3634964317365549,0.6096169519152405,0.0,0.0,0.0,0.0,0.0,0.9422831112677464,0.8362148493037693,0.0,0.0,0.0,0.0,0.0,0.0,0.0,0.0,0.0,0.0,0.8369565217391304,0.0,0.0,0.0,0.0,0.13494318181818177,0.81053276178812,0.0,0.0,0.701459973084295,0.8125,0.0,0.0,0.0,0.0,0.0,0.0,0.0,0.0,0.0,0.0,0.0,0.0,0.0,0.0,0.0,0.0,0.0,0.0,0.5,0.0,0.0,0.0,0.8310055325569699,0.0,0.0,0.9512195121951219,0.6000000000000001,0.5189873417721519,0.0,0.0,0.0,0.0,0.0,1.0,0.0,0.0,0.6100330305532617,0.7388434710867773,0.0,0.0,0.1399999999999999,0.23779623252987647,0.0,0.25090532850491465,0.0,0.009484536082474126,0.0,0.720977734643901,0.16371158392435015,0.9071338117349093,0.41002865329512894,1.0,0.0,0.7407578558225508,0.8162335922850255,0.0,0.0,0.0,0.7037068310394325,0.8116913852950458,0.0,0.5714285714285714,0.750778567435918,0.7270471464019851,1.0,0.16206123973114261,0.0368421052631579,0.0,0.8148148148148149,0.4374999999999999,0.9424242424242424,0.17560734985818227,0.0,0.605724838411819,0.5,0.0,1.0,0.857379767827529,1.0,1.0,1.0,0.5,0.0,0.4720593117184906,0.8222849083215797,0.5,1.0,0.8125,0.0,0.0,0.0,0.9951923076923077,1.0,0.0,0.7,0.5236270753512133,0.140068886337543,0.36363636363636365,0.0,0.8571428571428572,0.0,1.0,0.5714285714285714,0.0,0.0,0.0,1.0,0.1428571428571428,0.5,1.0,0.0,0.5145532441146592,0.9775319737296924,0.0,0.0,0.0,0.11569148936170204,1.0,0.4545454545454546,1.0,0.5416666666666667,0.931477172430394,0.793644996347699,1.0,0.0,0.702808112324493,1.0,0.0,0.5785557986870897,0.33333333333333337,0.21444201312910294,0.6666666666666667,0.6666666666666667,0.0,1.0,0.0,1.0,1.0,0.8402903811252269,0.31464174454828653,0.0,0.831275720164609,0.0,0.44999999999999996,0.3529411764705882,0.9019908116385911,0.0,0.6000000000000001,1.0,0.6363636363636365,0.0,0.8571428571428572,1.0,1.0,0.5,0.5894125242091672,0.0,0.8747717033970535,0.6800458715596331,0.980121776504298,0.0,0.5202265372168284,0.38847305389221554,0.8823529411764706,0.7945922372437855,0.0,0.8973727422003284,0.8084866691701089,0.0,0.0,0.4406546644844518,0.0,0.6476810414971522,0.0,0.0,1.0,0.0,0.44999999999999996,1.0,0.0,1.0,1.0,0.0,0.0,0.0,0.0,0.0,0.9769253049271072,0.0,1.0,0.9461546888694128,0.36711478800413655,1.0,0.0,0.0,0.8181818181818182,0.0,0.0,0.0,0.46478873239436613,0.8089775907125183,0.5469833308747603,0.6466568544995794,0.0,0.0,0.0,0.0,0.0,0.9377629985426033,0.9468206009535425,0.0,0.0,0.0,0.0,0.0,0.0,0.0,0.0,0.0,0.0,0.8044585987261146,0.5138264238322126,0.0,0.0,0.0,1.0,0.7777777777777778,0.5,0.0,0.7658294086865516,0.8446601941747572,1.0,0.8607655502392344,0.0,0.0,0.0,0.0,0.0,0.0,0.0,0.0,0.0,0.0,0.0,0.0,0.0,0.0,0.0,0.0,0.6666666666666667,0.0,0.0,0.0,0.7927819358112393,0.0,0.6720302375809935,0.2410714285714286,0.6077795786061588,0.7117008443908324,0.0,0.0,0.0,0.4772896500372301,0.0,0.8181818181818181,0.0,0.0,0.0,0.0,0.0,0.0,0.0,0.5771882669159754,0.0,0.3409169251982076,0.6749123130884254,0.6025236593059937,0.804513009440479,0.0,0.3076923076923076,0.7641759406465289,0.0,0.0,0.0,0.0,0.48254431059617897,1.0,0.0,0.0,0.8125,0.0,0.0,0.05714285714285716,0.3087315130830488,0.20318169132012276,0.7142857142857144,0.1791187739463601,0.0,0.2857142857142857,0.0,0.0,0.8571428571428572,0.06578947368421051,0.5,0.4461732548359967,0.0,0.5609756097560975,0.0,0.07033426183844005,0.6666666666666666,0.0,0.0,0.0,0.33333333333333326,0.10509209100758399,0.6838085539714867,0.0,0.0,0.5240038406144985,0.19999999999999996,0.08510638297872364,1.0,0.5652173913043479,0.0,0.5,0.5,0.0,1.0,0.0,0.0,0.0,0.0,0.0,0.0,0.2500000000000001,0.0,0.0,0.5,0.0,0.20000000000000007,0.74,0.25,0.07017543859649122,0.658890290037831,0.38888888888888884,0.5911228689006467,0.5691756272401434,0.0,0.23495883470550982,0.4285714285714286,0.0,0.0,0.46341463414634154,0.3297297297297299,0.6666666666666667,0.5026178010471205,0.0,0.0,0.0,0.039999999999999925,0.7142857142857143,1.0,0.4285714285714285,0.6666666666666667,0.2320390170699681,0.0,0.0,0.6487334678323247,0.0,0.0,0.11494252873563238,0.0,0.0,0.0,1.0,0.0,0.41666666666666663,0.0,0.33333333333333337,0.0,0.11868686868686873,0.6666666666666666,0.5,0.0,0.5,0.5,0.22942286420717017,0.0,0.0,0.3846153846153846,0.8890494719288493,0.768041237113402,0.0,0.0,0.0,0.0,0.0,0.5544675642594858,0.0,0.6163011387600168,0.0,0.0,0.0,0.002400384061449823,0.0,0.21152715153891388,0.0,0.6871227364185111,0.0,0.0,0.0,0.6000000000000001,0.0,0.0,0.0,0.0,0.0,0.045038705137227186,0.0,0.0,0.22413793103448276,0.0,0.00873362445414827,0.33333333333333337,0.0,0.13171577123050282,0.41666666666666663,0.0,0.0,0.5,0.6562186727260576,0.4411691409448538,0.2066653897720746,0.448087431693989,0.0,0.0,0.0,0.0,0.0,0.9878665318503539,0.9102314625153626,0.0,0.0,0.0,0.0,0.0,0.0,0.0,0.0,0.0,0.15294815987336774,0.9008620689655172,0.14827072646036754,0.0,0.0,0.75,0.0,0.769385295299317,0.0,0.0,0.7026905829596413,0.75,m2
0.0,0.33333333333333326,0.7512074968006496,0.0,0.0,0.7053637859896738,0.746875,0.0,0.3748296228986825,0.0,0.4860351222311018,0.0,0.8455940608585932,0.0,0.0,0.0,0.0,0.0,0.0,0.0,0.0,0.0,0.0,0.0,0.0,0.0,0.47829398324447836,0.0,0.0,0.8902217375499818,0.7954545454545454,0.0,0.0,0.0,0.0,0.0,0.0,0.0,0.0,0.0,0.2867634673045176,0.0,0.24428217717906753,0.4392040112817299,0.5144474232946082,0.5338541666666667,0.0,0.3348455784591339,0.3350130039011703,0.09598108747044931,0.491308780742546,0.0,0.03521446976203735,0.04639919633327061,0.38800739803368045,0.0,0.0,0.0,0.0,0.5962349264380694,0.0,0.29619863766205246,0.0,0.6060315430520036,0.631578947368421,0.9779347960828065,0.35387323943661975,0.0,0.9513243894048847,0.2946428571428572,0.9090909090909091,0.972972972972973,0.6486486486486487,0.08233629987623037,0.8571428571428572,0.021739130434782483,0.0,0.894688221709007,0.0,0.8,0.0,0.0,1.0,0.8589173439656494,0.5737383635472808,0.0,0.0,0.0,0.0,0.9491525423728814,0.25,0.9280221470316825,0.5,0.20775142550202452,0.6000000000000001,0.1766072811773819,0.9375,0.1043689320388349,0.0,0.7712418300653595,0.5038759689922481,0.0,0.5714285714285714,0.7647058823529411,0.31014289060669953,0.6428571428571428,0.16666666666666663,0.919064583904266,0.15000000000000002,0.0,0.11111111111111116,0.6113963039014374,0.9078292746792354,0.4736842105263158,0.8081296562540845,0.0,0.0,0.22095578839764896,0.24225865209471764,1.0,0.7142857142857142,0.6948808414325656,0.3668633762517882,0.9444444444444444,0.6198135325227632,0.0,0.75,0.0,0.6923076923076923,0.6086956521739131,0.2149176839511704,0.33333333333333326,0.0,0.5283018867924528,1.0,0.0,0.0,0.6666666666666667,0.20606447254850468,0.0025706940874037354,0.5,0.14799790630724952,0.0,1.0,0.42105263157894735,0.0,0.18892746208660693,0.33333333333333337,0.8571428571428572,1.0,0.0,0.0,0.5,0.9285714285714286,0.0,0.6969662014073135,1.0,0.586249485384932,0.5976359061384515,0.0,0.0,0.7222222222222222,0.6614306428226195,0.0,0.0,0.5710159063625451,0.6121567417463746,0.7054590315616326,0.733079672546985,0.6414325632985645,0.0,0.0,0.0,0.15384615384615385,0.7848521758387775,1.0,0.4632386799693017,0.3076923076923077,0.6396568160152527,0.75,0.6000000000000001,0.0,0.9679683288645576,0.0,0.0,0.9942270686337396,0.0,0.8475571647162776,0.0,0.40862480685489533,0.0,0.0,0.971830985915493,0.523993034933319,0.7552155771905424,0.84,0.0,0.0,0.0,0.633505646498615,0.9772371690646379,0.0,0.0,0.5392008294783857,0.0,0.0,0.0,0.0,0.0,0.9342794271018189,0.0,0.0,0.0,0.0,0.0,0.6568200744779473,0.0,0.8950943396226415,0.9942249942249942,0.56186216566388,0.0,0.8565712157449389,0.6136560069144339,0.0,0.2500000000000001,0.13494318181818177,0.0,0.5,0.0,0.6559469436276044,0.0,0.0,0.0,0.7804808491115822,0.0,0.0,0.6000000000000001,0.6425925925925926,0.0,0.4839962392184115,0.0,0.7515789473684211,0.0,0.82699513672965,0.0,0.0,0.0,0.0,0.0,0.0,0.0,0.0,0.0,0.0,0.0,0.16371490280777556,0.0,1.0,0.0,0.0,0.8486074744108546,0.6666666666666667,0.0,0.0,0.0,0.0,0.0,0.0,0.0,0.0,0.0,0.6068548387096775,0.0,0.4983811285846439,0.5754606036848293,0.3128491620111732,0.6882352941176471,0.3256237203306286,0.728753867069163,0.33982473222979537,0.0,0.8221590909090909,1.0,0.3997895844292477,0.7376847290640394,0.35600248807795987,0.0,0.0,0.0,0.0,0.7946364719904648,0.0,0.5714285714285714,0.054175665946724294,0.2764900662251656,0.8870151770657673,0.8600160185102785,0.5838150289017342,0.4772036474164133,1.0,0.4374999999999999,1.0,0.8767123287671232,0.9375,0.24786324786324776,0.75,0.0,1.0,0.8678777869529315,0.0,1.0,0.0,0.5,1.0,0.94107389377316,0.2609308885754583,0.5,0.0,0.6280991735537189,0.0,1.0,0.6000000000000001,0.9690181124880839,1.0,0.23047026816945193,1.0,0.0,0.9551667577911427,0.36363636363636365,0.0,1.0,0.36363636363636365,0.0,0.8571428571428571,0.4285714285714286,0.3918186298669296,0.75,0.33333333333333326,0.8095238095238095,0.0,0.0,0.0,0.680527995858856,0.978514712751051,0.6875,0.9210977701543739,0.4078947368421053,0.0,0.0,0.0,0.9166666666666666,0.5833333333333333,0.9045447397389527,0.2701438848920862,1.0,0.0,0.7450462351387055,1.0,0.0,0.8012486992715921,0.33333333333333337,0.7005223447475335,0.33333333333333337,0.6666666666666667,0.2686863670225974,1.0,0.0,0.0,1.0,0.8670060451797645,0.5121951219512195,1.0,0.23250345781466109,0.0,0.9,0.8823529411764706,0.0,0.6666666666666667,0.8,1.0,0.5454545454545454,0.5,0.8571428571428572,1.0,1.0,1.0,0.9326196473551638,1.0,0.9024959415584415,0.7277716794731064,0.15147407658420875,0.0,0.9583333333333334,0.7660204631125471,0.0,0.7971177662688583,0.6382621666977438,0.3709327548806941,1.0,0.7087071835675187,0.9403487672880337,0.4406546644844518,0.0,0.0,0.0,0.6543758573388203,0.0,0.609602021478206,0.65,1.0,0.6666666666666666,1.0,1.0,0.9493405030490775,0.0,0.0,1.0,0.0,1.0,0.0,0.0,0.0,0.0,1.0,0.7415168158904522,0.9877551020408163,0.9545454545454546,0.0,0.0,0.0,0.46478873239436613,0.9894542212347989,0.0,0.0,0.7205600974082449,0.0,0.0,0.0,0.0,0.0,0.9845959987947077,0.0,0.0,0.0,0.0,0.0,0.8106995884773662,0.0,0.8309859154929577,1.0,0.9897153617730137,0.0,0.9537909018355946,0.5044421057784086,0.0,0.0,1.0,0.0,1.0,0.0,0.7262773722627737,0.0,1.0,0.8669623059866962,0.7453006170182235,0.0,0.0,0.593969592436438,0.9333333333333333,0.0,0.718819737168361,0.0,0.7245346432264737,0.0,0.78125,0.0,0.0,0.0,0.0,0.0,0.0,0.0,0.0,0.0,0.0,0.0,0.42028985507246375,0.0,0.37326273990734604,0.0,0.0,0.6694182389937107,0.7777777777777778,0.0,0.0,0.0,0.0,0.0,0.0,0.39429012345679004,0.0,0.0,0.0,0.0,0.3684689236988379,0.0,0.0,0.0,0.20042590504822766,0.0,0.7692307692307692,0.0,0.0,0.0,0.20512820512820518,0.0,0.03128103277060568,1.0,0.25,0.0,0.0,0.0,0.0,0.8,0.31311329170383595,0.7256488975718671,0.6557377049180327,0.7859477124183006,0.0,0.0,0.5555555555555556,0.0,0.7,0.7458715596330274,0.5454545454545454,0.25185396463205934,0.7142857142857143,0.0,0.0,1.0,0.6666666666666666,0.8,0.0,0.0,0.0,1.0,0.6198347107438016,0.0,0.0,0.0,0.0,0.25531914893617036,1.0,1.0,0.0,0.0,0.0,0.41176470588235303,1.0,0.0,0.0,0.6000000000000001,0.5,0.0,0.0,0.5,0.0,0.0,0.5,0.7511111111111111,0.2785714285714287,0.0,0.25,0.8245614035087719,0.0,0.0,0.6906146179401993,0.1366366366366366,0.0,0.0,0.5950920245398772,0.25,0.19999999999999996,0.46341463414634154,0.0,0.6666666666666667,0.4842209072978303,0.0,0.0,0.0,0.1542553191489361,0.7142857142857143,0.0,0.4285714285714285,1.0,0.6976177077471394,0.0,0.0,0.0,0.0,0.0,0.3549175320708613,0.0,0.27677329624478453,0.0,0.0,0.18181818181818177,0.0,0.0,0.0,0.0,0.0,0.0,0.5,0.0,0.5,0.0,0.10081354441512769,0.25,0.0,0.26923076923076916,0.0,0.7619047619047619,0.5555555555555556,0.0,0.0,0.0,0.1468689477081988,0.0,0.49095966620305986,0.05820328975115985,0.23322637106184374,0.0,0.0,0.025924147863658265,0.375,0.3318208719668573,0.5,0.0,0.29268292682926833,0.6056997022543598,0.8,0.6000000000000001,0.0,0.928208548506965,0.0,0.0,1.0,0.045038705137227186,0.8394561758750361,0.0,0.6715517241379312,0.8683823142842122,0.6864406779661016,0.33333333333333337,0.37196341811946265,0.8880090497737556,1.0,0.0,0.0,0.0,0.656423950928102,0.9489179580989197,0.0,0.0,0.613299347260734,0.0,0.0,0.0,0.0,0.0,0.8013864497643035,0.0,0.0,0.0,0.0,0.0,0.576271186440678,0.0,0.8571428571428572,1.0,0.2334365325077401,0.0,0.829593041984323,0.7644025717741422,0.0,1.0,0.0,0.0,0.0,0.0,0.6850892951495298,0.0,m2
0.5714285714285714,0.0,0.0,0.0,0.0,0.0,0.0,0.3529411764705882,0.0,0.7686251236399604,0.48641600098568716,0.5687393040501997,0.0,0.0,0.4,0.0,0.0,0.8026140304081089,0.33333333333333326,0.6213139102325346,0.0,0.0,0.0,0.0,0.0,0.0,0.0,0.0,0.39469220984465936,0.0,0.0,0.0,0.0,0.33333333333333326,0.0,0.0,0.47390642948061223,0.11818181818181817,0.9392712550607287,0.0,0.7802073210236475,0.4371348808354443,0.8656107511399088,0.0,0.0,0.8863718607512485,0.0,0.5905427048599259,0.33688537068046887,0.0,0.0,0.33333333333333337,0.41278697521265884,0.3345080939012005,0.8135432779996767,0.2385065477848981,0.8141592920353982,0.0,0.7622807512266652,0.0,0.0,0.0,0.3448726693951796,0.0,0.0,0.2969253657327052,0.8608470181503889,0.0,0.09872159090909094,1.0,0.0,0.0,0.0,0.045139277324085514,0.5,0.2861842105263157,0.0,0.48865248226950353,0.6666666666666667,0.4,0.5,0.0,0.0,0.5531149301825993,0.0,0.0,0.696877269426289,0.26503838945650227,0.1428571428571428,0.943502824858757,0.0,0.0,0.5,0.0,0.5,0.3677281077770974,0.0,0.25,0.36555823051459513,0.0,1.0,0.0,0.8571428571428572,0.5,0.7586206896551724,0.0,1.0,0.3311159155163811,0.5714285714285714,0.0,0.33333333333333337,0.0,0.6506024096385542,0.03585657370517925,0.5094890510948906,0.4488517745302715,0.5,0.0,0.2084115659031167,0.33333333333333337,0.0,0.19536649758239155,0.0,0.9608540925266904,0.5647382920110192,0.6590742101396032,0.75,0.0,0.6007575757575757,0.0,0.8117339434548129,0.11111111111111105,0.0,0.6813655761024182,0.875,0.0,0.5868455868455869,0.6666666666666667,0.0,0.18820878708223798,0.0,0.0,0.0,0.2997275204359672,0.4736842105263158,0.0,0.18856203179243558,0.33333333333333337,0.8571428571428572,0.098901098901099,0.0,0.0,0.5,0.0,0.5,0.007539651535276248,0.0,0.4083122657135384,0.6400555992022723,0.0,0.48587947520569263,0.0,0.84568570237599,0.8333333333333334,0.0,0.5619444858235265,0.5155173718870638,0.5588552915766739,0.9971312180848012,0.6557819383259913,1.0,1.0,0.19552058111380144,0.15384615384615385,0.0,0.0,0.825366648560565,0.0,0.0,0.0,0.0,0.0,0.0,0.0,0.0,0.6216121879106438,0.8003419702748915,0.0,1.0,0.04588659455916089,0.7537617048756862,0.6890218985120551,0.971830985915493,0.0,0.9719789842381786,0.84,0.0,0.9871957764682687,0.16666666666666663,0.5699797160243407,0.0,0.4518051706465206,0.5778321108394459,0.0,0.0,0.0,0.0,0.0,0.0,0.8517770027271641,0.0,0.0,0.0,0.0,0.0,0.0,0.0,0.0,0.0,0.22262049649055526,0.0,0.8563749287222402,0.5649533698231106,0.0,0.0,0.0,0.0,0.5,0.0,0.0,0.8125,0.0,0.0,0.0,0.0,0.0,0.0,0.0,0.7916666666666666,0.0,0.5454545454545454,0.9027777777777778,0.8,0.0,0.0,0.5,0.0,0.0,0.6415094339622642,0.5,0.8929843727734764,0.0,0.0,0.0,0.0,0.13920836445108298,0.0,0.0,0.0,0.538161206911314,0.0,0.0,0.0,0.0,0.0,0.0,0.0,0.6843135213906526,0.6348734815129171,0.7579115872429503,0.0,0.8018994413407821,0.26201448321263987,0.8875393612235718,0.0,0.1676904176904176,1.0,0.6332015810276679,0.7655474296695671,0.20364904749127977,0.0,0.2787212787212786,1.0,0.8333924140375754,0.0,0.8116936590721933,0.2879708383961117,0.7622448979591837,0.0,0.8759970993473531,0.0,0.0,0.19999999999999996,0.7316372242413998,0.0,0.22000000000000008,0.6583821130409748,0.6947368421052631,0.31218274111675126,0.0,1.0,1.0,0.1746524329692153,0.0,0.0,1.0,0.2500000000000001,1.0,0.2806799336650082,1.0,1.0,1.0,0.5,0.0,0.8193707767201918,0.0,0.5,0.0,0.0,0.0,1.0,0.0,0.2071917808219178,1.0,0.0,0.7,0.0,0.0,0.36363636363636365,0.5517241379310345,0.0,1.0,1.0,1.0,0.0,0.3207261724659606,0.0,0.0,0.5238095238095237,0.5,0.0,1.0,0.0,0.7694753577106518,0.0625,0.10717449069973428,0.7455919395465995,0.0,0.0,0.2727272727272728,0.0,0.0,0.7073057235923685,0.0,0.8928571428571428,0.9730816831683168,0.702808112324493,1.0,0.0,0.8383954154727794,0.6666666666666667,0.7184313725490197,0.0,0.6666666666666667,0.8432677469135803,1.0,0.0,0.29718875502008035,1.0,0.8402903811252269,0.5015576323987538,0.0,0.0,0.0,0.44999999999999996,0.8235294117647058,0.0,0.75,0.8,1.0,0.7272727272727273,0.5,0.0,1.0,0.0,1.0,0.4940458902120244,0.0,0.631011810544259,1.0,0.12645322840279005,0.8915615906886518,0.0,0.7103293413173652,0.8823529411764706,0.7888725128960943,0.8473275208491281,0.8973727422003284,1.0,0.97481449385257,0.9352256186317321,1.0,1.0,0.6476810414971522,0.0,0.0,0.0,0.7602442398511664,0.44999999999999996,0.4,0.0,1.0,1.0,0.0,0.0,0.0,0.6776953793496863,0.8269697972302311,0.8838095238095238,1.0,0.03616636528028927,0.9097403557175937,0.31853281853281856,1.0,0.0,1.0,0.9545454545454546,0.0,0.9887887211463149,0.1724137931034483,0.46478873239436613,0.8024207051619385,0.5407686736757986,0.742430613961312,0.0,0.0,0.0,0.0,0.0,0.0,0.9283455949413266,0.0,0.0,0.0,0.0,0.0,0.0,0.0,0.0,0.0,0.8759791471728379,0.0,0.9741078615508452,0.49912022006889534,0.0,0.75,0.0,0.0,1.0,0.0,0.0,0.8087431693989071,1.0,0.0,0.0,0.0,0.0,0.0,0.0,0.7142857142857143,0.0,0.6860158311345647,0.3431276169670491,0.96,0.0,0.0,0.33333333333333326,0.0,0.0,0.6646120377084843,0.6666666666666667,0.9687094982410664,0.0,0.0,0.0,0.0,0.0,0.0,0.0,0.0,0.040983606557377095,0.0,0.0,0.0,0.0,0.5454545454545454,0.0,0.0,0.36009875382083234,0.0,0.7487191998048305,0.0,0.33647912885662445,0.5640911405295316,0.8081526452732004,0.0,0.0,0.711882229232387,0.0,0.5659294804923847,0.3076923076923076,0.0,0.7574750830564785,0.33333333333333337,0.46153846153846156,0.4913793103448275,0.48254431059617897,0.5,0.6923076923076923,0.0,0.6417233560090703,0.0,0.0,0.0,0.3087315130830488,0.0,0.0,0.0,0.75,0.0,0.6546546546546548,0.75,0.10000000000000009,0.06578947368421051,0.0,0.0,0.2857142857142858,0.2304147465437787,0.0,0.4220055710306406,0.6666666666666666,0.4,0.0,0.0,0.33333333333333326,0.15789473684210542,0.3930753564154785,0.0,0.46852605074569054,0.3084013297068601,0.19999999999999996,0.6842105263157894,0.0,0.0,0.0,0.5,0.5,0.16666666666666652,1.0,0.0,0.75,1.0,0.75,0.0,0.5,0.0,0.0,0.0,0.0,0.3643322475570032,1.0,0.0,0.16666666666666663,0.0,0.0,0.0,1.0,0.29639175257731953,0.0,0.2811906269791008,0.045112781954887105,0.25,0.7,0.04878048780487809,0.7922138836772983,0.0,0.6282722513089005,0.0,0.0,0.0,0.06329113924050633,0.5714285714285714,0.6990346394094265,0.2857142857142857,0.6666666666666667,0.2776214593884825,0.0,0.0,0.5617574534857657,0.0,0.0,0.6793924466338259,0.0,0.7692307692307692,0.0,1.0,0.36363636363636365,0.0,0.1187214611872146,0.0,0.0,0.605263157894737,0.0,0.0,0.0,0.0,0.5,0.22942286420717017,0.0,0.05855855855855874,0.26923076923076916,0.0,0.23809523809523803,0.0,0.5266814019576886,0.0,0.0,0.2566171723692705,0.3653287959163247,0.4701653486700216,0.7757275411218895,0.24739509997183895,0.0,1.0,0.002400384061449823,0.0,0.21152715153891388,0.5,0.3294768611670019,0.0,0.0,0.0,0.0,0.0,0.0,0.0,0.0,0.5967741935483871,0.6530612244897959,0.0,1.0,0.4482758620689655,0.0,0.00873362445414827,0.33333333333333337,0.0,0.7821482602118003,0.2499999999999999,0.0,0.9860087609024367,0.5,0.646714421221339,0.45862295081967197,0.21159438614236936,0.010928961748634003,0.0,0.0,0.0,0.0,0.0,0.0,0.9099362926428278,0.0,0.0,0.0,0.0,0.0,0.0,0.0,0.0,0.0,0.0,0.0,0.8135884989376716,0.522810901367158,0.0,1.0,0.3571428571428572,0.0,0.0,0.0,0.0,0.75,m2
0.0,0.0,0.7950791482838923,0.0,0.0,0.0,0.0,0.0,0.7422760709649503,0.0,0.0,0.0,0.0,0.0,0.0,0.5902766568744553,0.0,0.0,1.0,0.0,0.6563142483334372,0.0,0.0,0.7597124078131268,0.28578416616496083,0.0,0.0,0.0,0.08727057430432195,0.0,0.0,0.0,0.0,0.0,0.0,0.0,0.0,0.0,0.0,0.0,0.5346801346801346,0.0,0.6057554312861879,0.48279672509920135,0.0,0.3641088572872303,0.5314975085234723,0.0,0.0,0.0,0.23517944173681893,0.0,0.44621899019652966,0.0,0.0,0.2385065477848981,0.0,0.05222088835534233,0.7284455081431324,0.7916367680826636,0.9006538861643633,0.5910618279569892,0.34070720385122377,0.9338283468006114,0.0,0.0,0.0,0.0,0.7660728117738188,0.6833095577746078,0.4208494208494209,0.0,0.0,0.0,1.0,0.19148936170212771,0.0,0.0,0.0,0.4,0.0,0.6666666666666667,0.0,0.25515574650913,0.025711159737418,0.22222222222222232,0.7634707254749472,0.18554476806903986,0.0,0.45197740112994356,0.6666666666666667,0.3102428722280888,0.5,0.5328467153284671,0.5,0.7492613748276542,0.78125,0.0,0.0,0.37335834896810494,0.25,0.0,0.2857142857142857,0.4943934760448522,0.0,0.0,0.0,0.0,0.0,0.9629349470499243,0.5,0.0,0.990530303030303,0.0,0.24307526009998648,0.44896681277395123,0.0,0.21489105603183578,0.051010886469673555,0.0,0.875,0.19194217641547306,0.26694386694386685,0.8287056813327638,0.0,0.6590742101396032,0.75,0.0,0.0,0.6698564593301436,0.0,0.7777777777777778,0.0,0.0,0.875,0.0,0.5868455868455869,0.6666666666666667,0.5188195410292074,0.31521451854462146,0.0,0.037437899219304516,0.0,0.8214285714285715,0.478908188585608,0.6567060458651841,0.19716046075542482,0.6666666666666667,0.8571428571428572,1.0,0.75,0.0,0.5,0.0,0.0,0.4239721824503988,0.0,0.0,0.48845238095238086,0.19086348032743583,0.0,0.0,0.5432073954983923,0.0,0.07388316151202745,0.4751017244720016,0.0,0.04027439699048463,0.0,0.0,0.0,1.0,0.8214285714285714,0.0,0.7849258364953432,0.8333333333333334,0.8251767264817836,0.0,0.12942989214175638,0.0,0.0,0.0,0.9654409480439774,0.0,0.0,0.0,0.04471330878485025,0.04417975094748228,1.0,0.0,0.7467893688620286,0.9639672123266267,0.0,0.0,0.0,0.0,0.0,0.0,0.0,0.9394569328700144,0.0,0.7512791051665046,0.0,0.5383724182014302,0.0,0.0,0.0,0.0,0.7346016088309553,0.0,0.0,0.0,0.0,0.0,0.96579476861167,0.0,0.0,0.0,0.8871967230332948,0.132932145917949,0.0,0.1093795040693788,0.0,0.0,0.0,0.9130434782608696,0.5545624610268136,0.5,0.0,0.0,0.8125,0.0,0.0,0.7636847068280542,0.0,0.0,0.0,0.0,0.0,0.7693973754618424,0.0,0.0,0.0,0.0,0.0,0.0,0.7028421209265413,0.0,0.0,1.0,0.0,0.889615642406453,0.0,0.0,0.9775561097256857,0.0,0.0,0.0,0.0,0.5987165963431786,0.0,0.0,0.0,0.0,0.0,0.0,0.0,0.0,0.0,0.0,0.0,0.801500223914017,0.0,0.7009948157489141,0.6559028292104874,0.4133568970328342,0.0,0.7718792401628223,0.0,0.0,0.0,0.8221590909090909,1.0,0.976243093922652,0.0,0.0,0.25507121277514033,0.0,0.15859609609609604,0.7698659326999912,0.7959607317389612,1.0,0.6857142857142857,0.7504996402590135,0.9064824654622742,0.18887015177065758,0.16206123973114261,0.16473988439306364,0.4397641112047177,0.8148148148148149,0.8125,0.9424242424242424,0.17560734985818227,0.0,0.0,0.5,0.2500000000000001,1.0,0.0,1.0,1.0,0.0,1.0,0.0,0.4510644481581051,0.18316100443131456,0.0,1.0,0.0,0.0,0.3392857142857143,0.0,0.861995753715499,1.0,0.7754949570414643,0.7,0.9818664307828394,0.893707033315706,0.0,0.0,0.8571428571428572,0.0,0.0,0.5714285714285714,0.0,0.0,0.0,0.0,0.1428571428571428,0.0,0.8825995807127882,1.0,0.0,0.9707207207207207,0.0,0.7385589094449854,0.7730337078651686,0.0,0.0,0.4545454545454546,0.75,0.9583333333333334,0.6172244897959184,0.19732142857142854,0.8571428571428572,0.6061914385449201,0.7050960735171261,1.0,0.0,0.0,1.0,0.0,1.0,0.6666666666666667,0.0,1.0,0.0,0.2690730106644791,1.0,0.9731397459165154,0.3125,0.0,0.2213855421686748,0.0,0.9,0.8235294117647058,0.6875957120980092,0.750332005312085,0.8,1.0,0.5454545454545454,1.0,0.0,1.0,0.0,1.0,0.9156675472464946,0.0,0.0,0.7252208047105004,0.1504664970313826,0.09123205911610055,0.0,0.38847305389221554,0.0,0.5537634408602151,0.668842253238277,0.2775041050903121,0.925,0.0,0.05880946688979194,0.0,0.8,0.9406021155410903,0.0,0.6534538838965764,1.0,0.6830748927746618,0.44999999999999996,0.5348837209302325,0.0,0.0,1.0,0.9469597923171298,0.0,0.0,0.0,0.5046153846153847,1.0,1.0,1.0,0.8206910051874328,0.9073359073359073,0.5,0.0,0.005610972568578565,0.0,0.0,0.0,0.0,0.9436619718309859,0.8089775907125183,0.8201932922108733,0.0,0.7220301214077147,0.0,0.0,0.0,0.0,0.7445932287764431,0.0,0.0,0.0,0.0,0.0,0.8736604624929498,0.0,0.0,0.0,0.9384615384615385,0.7860932063202327,0.0,0.6335153097555187,0.0,0.0,1.0,1.0,0.48043818466353694,1.0,0.0,0.0,0.954954954954955,1.0,0.0,0.7453006170182235,0.0,0.0,0.0,0.0,0.0,0.23725328947368407,0.0,0.0,0.0,0.0,0.0,0.0,0.48583106267029974,0.0,0.0,0.6666666666666667,0.0,0.8732261890156627,0.0,0.0,0.7979041916167664,0.7754524886877828,0.0,0.0,0.0,0.6241134751773051,0.0,0.0,0.0,0.0,0.0,0.0,0.0,0.0,0.0,0.0,0.0,0.332846715328467,0.0,0.48600303183425975,0.5491084064534391,0.7818181818181817,0.5926760563380282,0.42862426035502943,0.5176217631111527,0.15384615384615385,0.0,0.0,0.0,0.46153846153846156,0.4913793103448275,0.09666901093280489,0.19012345679012344,0.0,0.0685563612392881,0.7409090909090909,0.4409828167656977,0.5497872340425531,0.7142857142857143,0.3087315130830488,0.8559866034049679,0.0,0.1791187739463601,0.2932692307692307,0.0,0.0,0.2500000000000001,0.8571428571428572,0.14724770642201834,0.5,0.0,0.0,0.6785714285714285,0.0,0.0,0.0,0.4,0.0,0.5,0.33333333333333326,0.0750279955207167,0.0,0.5714285714285714,0.5218774860779634,0.3295727316370619,0.0,0.21052631578947367,0.5714285714285714,0.13043478260869568,0.0,0.38888888888888884,0.5,0.0,0.6666666666666667,0.5,0.0,0.0,0.0,0.0,0.0,0.25,0.0,0.0,0.0,0.0,0.0,0.9766997708174179,0.33333333333333326,0.0,0.658890290037831,0.38888888888888884,0.0,0.34838709677419366,0.625,0.0,0.4285714285714286,0.25,0.8,1.0,0.8609510086455332,0.4444444444444444,0.0,0.0,0.0,0.0,0.5599999999999999,0.7142857142857143,0.4204545454545454,0.7142857142857142,0.6666666666666667,0.2320390170699681,0.0,0.0,0.552342524097736,0.0,0.37396870554765294,0.11494252873563238,0.0,0.24478594950603716,0.0,0.0,0.36363636363636365,0.5,0.07692307692307698,0.6666666666666667,0.0,0.6843434343434343,0.6666666666666666,0.0,0.0,0.0,0.0,0.14841564187650458,0.0,0.2310286677908936,0.3846153846153846,0.0,0.0,0.0,0.0,0.0,0.38958403787622586,0.12948717948717947,0.0,0.09495949594959485,0.05820328975115985,0.0,0.6543110394842868,1.0,1.0,0.11111111111111116,0.3353789207091369,0.5,0.3356164383561644,0.0,0.3191489361702129,0.0,0.4,0.0,0.9256095399914523,0.0,0.0,0.0,0.04166666666666674,0.010825949963644277,1.0,0.0,0.0,0.6451327433628318,0.0,0.0,0.34285714285714297,0.0,0.0,0.0,0.0,0.933486622377775,0.0,0.5335733687069674,0.0,0.613299347260734,0.0,0.0,0.0,0.0,0.6168046899934487,0.0,0.0,0.0,0.0,0.0,0.8916595012897679,0.0,0.0,0.0,0.7333333333333334,0.0,0.0,0.34906406538360146,0.0,0.0,0.0,0.0,0.5613437195715678,0.0,0.0,0.0,0.75,m2
0.0,0.0,0.0,0.8569024985278034,0.0,0.0,0.0,0.0,0.0,0.0,0.0,0.0,0.0,0.0,0.0,0.5988818360129113,0.0,0.0,0.8,0.0,0.0,0.5,0.7001684944869786,0.0,0.0,0.649746192893401,0.5983193277310924,0.0,0.27462607310381437,0.0,0.9473684210526315,0.0,0.0,0.33333333333333326,0.9518348623853211,0.8201148846115086,0.476566454094544,0.0,0.8357838132189777,0.0,0.5272604512462725,0.4627233518176216,0.0,0.4048173309895957,0.8305471124620061,0.05355404089581306,0.5312516399895041,0.0,1.0,0.0,0.16832073093887834,0.33333333333333337,0.41563365903456306,0.32274754683318485,0.2413954031034884,0.2385065477848981,0.0,0.041832449160035146,0.0,0.9512840071192474,0.5431290898274836,0.5683661645422944,0.5964771415667185,0.45062480950929584,0.6413612565445026,0.3626131790744468,0.0,0.14682822523164663,0.0862877997914493,0.3287671232876712,0.4285714285714286,0.4920634920634921,0.0,0.10264674889977077,0.0,0.021739130434782483,0.0,0.5646923519263944,0.0,0.4,0.0,0.0,0.0,0.8607948442534908,0.0,0.22222222222222232,0.0,0.6421448730009407,0.8571428571428571,0.8813559322033898,0.6666666666666667,0.18031968031968038,0.5,0.20775142550202452,0.6000000000000001,0.17590971006032308,1.0,0.0,0.0,0.28125,0.0,0.0,0.5714285714285714,0.8823529411764706,0.0,0.0,0.0,0.0,0.8,0.0,0.33333333333333337,0.0,0.0,0.0,0.0,0.2809822361546499,0.9166666666666666,0.4578994106724793,0.6666666666666667,0.23880597014925375,0.7142857142857142,0.4092526690391459,0.0,0.0,0.0,0.41666666666666663,0.75,0.0,0.11491935483870952,0.0,0.0,0.4444444444444444,0.0,0.0,0.875,0.0,0.5573338735818476,0.6666666666666667,0.426367519595239,0.30878336710421983,0.5,0.7675022730224704,0.0,0.8228882833787465,1.0,0.6911665542818611,0.2095588235294117,0.33333333333333337,0.8571428571428572,0.4397705544933078,0.75,1.0,0.5,0.0,0.5,0.0,0.0,0.4101695655974128,0.6389308822640141,0.4078859135410613,0.21626733921815888,0.0,0.5802069857697283,0.8333333333333334,0.031160389982795245,0.6918116376724655,0.5155173718870638,0.3528837257119358,0.7381517927836218,0.9516352275872978,0.0,1.0,1.0,1.0,0.7745124231899546,0.5,0.3110522832561218,0.0,0.27330508474576265,0.75,0.6000000000000001,0.0,0.0,0.0,0.0,0.7109338154378242,0.0,0.05016089343176189,0.0,0.025026923257011946,0.9867614879649891,0.9850437580191118,1.0,0.5203280109427266,0.0,0.16000000000000003,0.0,0.0,0.0,0.6329136502586372,0.0,0.0,0.574712643678161,0.2200322522845367,0.0,0.0,0.0,0.0,0.0,0.9383367942252546,0.0,0.0,0.0,0.0,0.9087551596784705,0.0,0.0,0.0,0.0,0.16045450971141006,0.0,0.05683132229187837,0.0,0.0,0.0,0.0,0.7918152306955457,0.0,0.0,0.0,0.0,0.0,0.0,0.0,0.9325544344131704,0.0,0.0,0.0,0.0,0.0,0.0,0.0,0.0,0.0,0.0,0.0,0.6095274390243903,0.0,0.0,0.8571428571428572,0.0,0.0,0.0,0.8097267971323387,0.0,0.371274387712744,0.9384328358208955,0.6000000000000001,0.0,0.5217949403647644,0.0,0.6666666666666667,0.0,0.0,1.0,0.8699007717750826,1.0,0.6797433547204399,0.0,0.8676698296740382,0.0,0.0,0.16891098056936293,0.0,0.20388751033912333,0.986336032388664,0.05102040816326503,0.8710837955329036,0.47375439447205714,0.3894945490584737,0.0,0.08653295128939842,0.0,0.7452574525745257,0.0,0.3612996092946741,0.25344827586206886,0.0,0.17948717948717952,0.0,1.0,0.6798649478207489,0.6857142857142857,0.9445023449713392,0.4193548387096775,0.8870151770657673,0.0,0.16473988439306364,0.31218274111675126,0.6296296296296297,0.4568965517241379,0.9659498207885304,0.7992565055762082,0.0,0.24786324786324776,0.5,0.0,1.0,0.9564032697547684,1.0,0.5,0.0,0.5,0.0,0.9411807368726429,0.0,0.0,0.0,0.8294036061026352,1.0,0.8474025974025974,1.0,0.8202054794520548,1.0,0.25513634665670537,1.0,0.0,0.8921568627450981,0.0,0.6497257769652651,1.0,0.0,0.0,0.8571428571428571,1.0,0.0,0.0,0.0,0.1428571428571428,1.0,0.0,1.0,0.0,0.0,0.0,0.0,0.0,0.9404761904761905,0.42307692307692313,0.2727272727272728,0.75,0.5833333333333333,0.2689561100858542,0.1931540342298288,0.0,0.593872870249017,0.8895486935866983,1.0,0.0,0.8012486992715921,0.6666666666666667,0.0,0.6666666666666667,0.6666666666666667,0.0,1.0,0.0,0.0,1.0,0.9411392405063291,0.5121951219512195,1.0,0.8015214384508991,0.0,0.9,0.8823529411764706,0.9019908116385911,0.75,0.6000000000000001,1.0,0.0,0.0,0.8571428571428572,0.75,0.0,1.0,0.0,0.0,0.6691759310035396,1.0,0.0,0.0,0.0,0.7660204631125471,0.8823529411764706,0.0,0.49222395023328136,0.8641221374045802,0.7648921914971373,0.7467914960015604,1.0,0.0,0.6,0.9576811594202899,0.0,0.6530713615541697,1.0,0.6020320999865127,0.44999999999999996,0.5348837209302325,0.6666666666666666,1.0,1.0,0.0,0.0,0.0,0.646873771136453,0.0,0.9783183164061257,0.0,1.0,0.9942824651735793,1.0,1.0,0.7534438684939289,0.0,0.13636363636363646,0.0,0.0,0.0,0.46478873239436613,0.8586711226722252,0.0,0.770546516478932,0.42156862745098045,0.0,0.0,0.0,0.0,0.0,0.9803324939376982,0.0,0.0,0.0,0.0,0.9014499320344359,0.0,0.0,0.0,0.0,0.7013256484149857,0.0,0.7286356154633213,0.0,0.0,0.0,0.0,0.7784114052953157,0.5,0.0,0.0,0.0,1.0,0.0,0.0,0.9411764705882353,0.0,0.0,0.0,0.0,0.0,0.0,0.0,0.0,0.0,0.0,0.0,0.48583106267029974,0.0,0.0,0.6666666666666667,0.0,0.0,0.6000000000000001,0.7974172225962421,0.0,0.0,0.09166666666666667,0.47339593114240996,0.0,0.040983606557377095,0.0,0.7777777777777778,0.0,0.0,0.8181818181818181,0.7121212121212122,0.8665564478034955,0.14102564102564086,0.4516599781101788,0.75,0.0,0.9724061810154525,0.543889021765128,0.0,0.5185185185185184,0.37275985663082445,0.2550623052959501,0.44331704872854827,0.4366355140186915,0.7692307692307692,0.75,0.6798245614035088,0.6666666666666667,0.46153846153846156,0.4873338870431895,0.05255209906372715,0.20000000000000007,0.0,0.25356633380884475,0.0,0.8338141950375072,0.2148972602739726,0.7142857142857143,0.477957906712173,0.4696920583468396,0.49240121580547114,0.26368363437328957,0.0,0.0,0.6546546546546548,0.0,1.0,0.6057339449541284,0.5,0.3467782851344495,0.0,0.0,0.0,0.5201949860724234,0.0,0.6,0.0,0.0,0.33333333333333326,0.8096304591265397,0.17924528301886788,0.5714285714285714,0.0,0.43197193685793045,0.8,0.21052631578947367,0.5714285714285714,0.13043478260869568,0.0,0.0,0.0,0.41176470588235303,0.0,0.5,0.36,0.0,0.0,0.0,0.0,0.5,0.0,0.0,0.0,0.0,0.6000000000000001,0.0,0.16666666666666663,0.07017543859649122,0.0,0.33333333333333326,0.4509966777408638,0.5691756272401434,0.0,0.0,0.045112781954887105,0.25,0.19999999999999996,0.0,0.0,0.2222222222222221,0.0,0.6822429906542056,0.0,0.0,0.16753926701570687,0.0,0.4900000000000001,0.4285714285714285,0.0,0.2320390170699681,0.0,0.0,0.8166666666666667,0.0,0.3535248041775456,0.6793924466338259,0.0,0.4285714285714285,0.0,0.0,0.18181818181818177,0.41666666666666663,0.0,0.33333333333333337,0.0,0.2592592592592592,0.6666666666666666,0.5,0.5,0.0,0.5,0.553150367220719,0.0,0.05533371363377082,0.26923076923076916,0.6915487935338167,0.768041237113402,0.0,0.0,0.0,0.6080486980047344,0.2566171723692705,0.7965895249695493,0.0,0.004349627174813464,0.7696538337107732,0.44482891195693963,0.75,0.7882861257801249,1.0,0.3318208719668573,0.0,0.0,0.0,0.35865921787709487,0.8,0.6000000000000001,0.0,0.0,0.0,0.0,0.9583333333333334,0.045038705137227186,0.10257837135967351,0.0,0.0,0.33888975034889135,0.0,0.33333333333333337,0.35283855706682443,0.0,0.5,0.0,0.0,0.0,0.656423950928102,0.4484479121320697,0.0,0.0,0.01804132370233502,0.0,0.0,0.0,0.0,0.0,0.8237139473094529,0.0,0.0,0.0,0.0,0.9211889214140959,0.0,0.0,0.0,0.0,0.0,0.0,0.0,0.0,0.0,0.25,0.3571428571428572,0.8313047711781889,0.0,0.0,0.0,0.0,m2
0.0,0.0,0.7941182202646605,0.0,0.0,0.0,0.0,0.18181818181818188,0.0,0.0,0.48494928339698573,0.0,0.0,0.0,0.4,0.0,0.0,0.6968955675927544,0.0,0.6511350747600595,0.0,0.0,0.0,0.0,0.0,0.0,0.0,0.6028825119032301,0.2234090607147603,0.9314299366861785,0.0,0.0,0.0,0.0,0.7925983790645446,0.857903706859821,0.476566454094544,0.0,0.0,0.0,0.9028008499130771,0.5296053511705686,0.348381309200285,0.38528610354223425,0.48420538428137216,0.0,0.07415466295313111,0.0,0.3603200550632366,0.0,0.0,0.0,0.25142857142857133,0.6939830929885629,0.0,0.2544959128065395,0.0,0.15666692673792615,0.4123821308187908,0.7925847135693663,0.6120390797352662,0.23223915592028133,0.2037236913113868,0.0,0.9382716049382716,0.2969253657327052,0.11418803418803403,0.055445544554455606,0.9942041908158716,0.7131782945736433,0.46953405017921146,0.2699756690997567,0.8648648648648649,0.6139389193422083,0.0,0.4339622641509433,0.0,0.7237522422707607,0.0,0.0,0.0,0.0,0.0,0.12289275712481473,0.0,0.22222222222222232,0.0,0.25753396669731343,0.1428571428571428,0.9491525423728814,0.6666666666666667,0.7868619076672767,0.5,0.6406513194834362,0.6000000000000001,0.18044170122480496,0.0625,0.0851648351648352,0.380252100840336,0.7695390781563126,0.0,0.2452651515151516,0.2857142857142857,0.125,0.0,0.6428571428571428,1.0,0.02850779510022239,0.0,1.0,0.0,0.0,0.4979919678714859,1.0,0.8081296562540845,0.4489668127739511,0.9166666666666666,0.5363270984696242,0.5110115714818961,0.46902654867256655,0.5,0.4837852374474009,0.0,0.8359918200408998,0.5342916522341532,0.4477498093058734,0.75,0.0,0.9388508170795994,0.44976076555023936,0.4481001274076296,0.0,0.0,0.07539118065433859,0.0,0.0,0.6483299965042744,0.6666666666666667,0.3536840106342575,0.0,0.5,0.810550198525241,0.0,0.8466981132075472,0.7272727272727273,0.7068502350570853,0.0,0.0,0.8571428571428572,1.0,0.0,0.0,0.5,0.9285714285714286,0.0,0.4455867304443015,0.0,0.9162131568635987,0.7698187377156585,0.0,0.9444836509056692,0.0,0.9155884901544805,0.8333333333333334,0.3573981415296641,0.9458053470301594,0.0,0.3528837257119358,0.22416812609457104,0.0,0.616717080056463,1.0,0.8883495145631068,1.0,0.7845303867403315,1.0,0.34088480444539426,0.0,0.7501850481125092,0.875,0.0,0.0,0.0,0.0,0.0,0.0,0.9588618997328695,0.4963982444423243,0.8150985996685322,0.8927038626609443,0.7650029080526622,0.0,0.0,0.0,0.0,0.76,0.0,0.0,0.0,0.8985758051990143,0.9144399791391846,0.0,0.44913830348999084,0.2661475723903879,0.0,0.0,0.0,0.0,0.5294296767752402,0.6916094243249469,0.0,0.0,0.0,0.0,0.0,0.0,0.0,0.0,0.0,0.0,0.0,0.026758866468902576,0.0,0.0,0.2500000000000001,1.0,0.0,0.5,0.0,0.0,0.0,0.0,1.0,0.7638088181951487,0.0,0.0,0.0,0.0,0.0,0.0,0.0,0.34615384615384603,0.0,0.0,0.0,0.5,0.0,0.0,0.8938244853737811,0.0,0.9008662996628686,0.0,0.0,0.0,0.0,0.15052660374777727,0.0,0.0,0.5189873417721519,0.6226683464054944,0.8486074744108546,0.0,0.21212121212121204,0.0,0.25,0.8644304682040531,0.7073170731707317,0.7696843565730143,0.0,0.0,0.0,0.8298450665941832,0.7434347080588394,0.5405173890697276,0.7174203113417346,0.0,0.0,0.6839010233694822,0.0,0.17640186915887845,0.0,0.3170603674540683,1.0,0.6713871902156421,0.8771894904458599,0.0,0.25054089138900915,0.0,0.14491614255765184,0.5378870521104304,0.7944358077471175,0.7175986129172085,0.5714285714285714,0.17109368412176418,0.0,0.22008862629246662,0.7802293151533932,0.29999999999999993,0.0,1.0,0.8125,0.947075208913649,0.0,0.8,0.605724838411819,0.5,0.2500000000000001,1.0,0.857379767827529,0.0,1.0,0.0,0.5,0.0,0.0,0.0,0.0,0.0,0.5283018867924529,0.0,1.0,0.0,1.0,1.0,0.8797216699801192,1.0,0.0,0.1133837261004893,0.36363636363636365,0.5170814002530577,1.0,0.0,0.49739583333333337,0.5714285714285714,0.0,0.0,0.75,0.0,0.0,0.0,0.7113402061855669,0.0,0.0,0.7420541108484371,0.8125,0.9441298603246508,0.7528344671201814,0.04261363636363624,1.0,0.6363636363636365,1.0,0.5833333333333333,0.36991408656184155,0.0,0.8571428571428572,0.9844364351245085,0.30106888361045137,1.0,0.0,0.9272666888077051,0.0,0.6962750716332379,0.33333333333333337,0.0,0.6321317736930054,1.0,0.0,0.0,1.0,0.7123417721518988,0.0,1.0,0.5054121565362197,0.0,0.9,0.3529411764705882,0.9019908116385911,0.3691860465116279,0.0,1.0,0.5454545454545454,0.5,0.0,0.75,1.0,1.0,0.7724125023395096,0.0,1.0,0.7142857142857143,0.1504664970313826,0.8952719877986782,0.0,1.0,0.8823529411764706,0.4839084916634355,0.9532049492976091,0.3709327548806941,0.8084866691701089,0.5680408752291431,0.13301262778111855,0.6864707108609548,1.0,0.918429003021148,0.0,0.6405437824870053,1.0,0.4452636784606394,0.44999999999999996,1.0,1.0,0.0,1.0,0.0,0.0,0.0,0.0,0.9029495950638682,0.0,0.8825067118835664,0.5062515322382937,0.4877630271832385,0.0,0.0,0.0,0.07821229050279321,0.8181818181818182,0.0,0.0,0.0,0.8732394366197183,0.9404150338841546,0.2526120428924936,0.655374940673944,0.1498055324913692,0.0,0.0,0.0,0.0,0.6453693198781871,0.8077070608716179,0.0,0.0,0.0,0.0,0.0,0.0,0.0,0.0,0.0,0.0,0.0,0.8230061112400402,0.0,0.0,0.0,0.6666666666666667,0.0,1.0,0.0,0.0,0.0,0.0,0.0,0.7836379460400349,0.0,0.0,0.0,0.0,0.0,0.0,0.0,0.3431276169670491,0.0,0.0,0.0,0.33333333333333326,0.0,0.0,0.5994659546061416,0.0,0.9692423813567318,0.0,0.0,0.0,0.0,0.0,0.0,0.0,0.6911054276783177,0.9090909090909091,0.6551652463105384,0.0,0.0,0.0,0.0,1.0,0.6649528706083976,0.0,0.4516599781101788,0.0,0.0,0.3421052631578947,0.4093499839897534,0.3223506743737956,0.663157894736842,0.6763446863949376,0.3047887323943661,0.0,0.6371877010883249,0.3076923076923076,0.0,0.27243589743589747,0.0,0.7857142857142857,0.0,0.01638530287984097,0.5,0.0,0.25356633380884475,0.3884711779448621,0.4735191217275908,0.35732758620689653,0.09523809523809523,0.7044753086419753,0.0,0.4461538461538461,0.18508092892329342,0.7254901960784315,0.2857142857142857,0.5555555555555556,0.2500000000000001,1.0,0.0,0.25,0.5193953223046206,0.0,0.4925373134328359,0.0,0.07033426183844005,0.6666666666666666,0.0,0.0,0.0,0.33333333333333326,0.0,0.3930753564154785,0.5714285714285714,0.0,0.04199475065616809,0.19999999999999996,1.0,0.8571428571428572,0.5652173913043479,0.0,1.0,0.0,0.3203883495145631,0.0,0.0,1.0,0.33333333333333337,0.0,0.0,0.0,1.0,0.0,0.0,0.0,0.0,0.0,0.820855614973262,0.25,0.0,0.2806666666666666,0.4999999999999999,0.7757255936675462,0.48951048951048937,0.0,0.0,0.18796992481203012,0.0,0.19999999999999996,0.7560975609756098,0.7922138836772983,0.4444444444444444,0.6282135794330916,0.8821138211382114,0.0,0.0,0.5786516853932584,0.5714285714285714,0.0,0.0,0.0,0.03686311340690296,0.0,0.0,0.2284241201524322,0.0,0.0,0.0,0.0,0.08120649651972156,0.0,0.0,0.0,0.41666666666666663,0.08565737051792799,0.6666666666666667,0.0,0.0,0.0,0.0,0.5,0.5,0.0,0.0,0.0,0.8357102110667427,0.3846153846153846,0.0,0.5551401869158878,0.0,0.5243328100470959,0.0,0.39311043566362713,0.8921885087153002,0.0,0.0,0.0,0.0,0.0,1.0,0.0,0.11111111111111116,0.3312095667516173,0.0,0.6143308746048473,0.0,0.7202072538860104,0.8,0.4,0.0,0.0,0.0,0.0,0.0,0.6530612244897959,0.6435023828152785,0.31991051454138697,1.0,0.0,0.0,0.0,0.0,0.0,0.41666666666666663,0.0,0.0,0.0,0.9053164160809524,0.8570840574407756,0.0,0.196078431372549,0.09769868057686415,0.0,0.0,0.0,0.0,0.9329288843950118,0.7610591067130249,0.0,0.0,0.0,0.0,0.0,0.0,0.0,0.0,0.0,0.15294815987336774,0.0,0.03717171717171697,0.0,0.0,1.0,0.3571428571428572,0.0,0.0,0.0,0.0,0.0,m2
0.0,0.33333333333333326,0.0,0.0,0.0,0.0,0.0,0.0,0.0,0.0,0.6456595580015478,0.5,0.0,0.0,0.0,0.0,0.0,0.0,0.0,0.0,0.0,0.0,0.7001684944869786,0.8121997542174059,0.0,0.0,0.0,0.0,0.3369460758142019,0.0,1.0,0.0,0.8950320512820513,0.0,0.0,0.0,0.4750626915575369,0.0,0.0,0.0,0.0,0.5296053511705686,0.34441035284802324,0.4261726408928661,0.5037451150673035,0.2591496426766766,0.12604248623131387,0.6045864434568753,0.0,0.0,0.0,0.33333333333333337,0.8203082600672962,0.0,0.28357141208778536,0.0,0.7631406761177754,0.05222088835534233,0.0,0.9663721858079225,0.5667590836130162,0.903516998827667,0.08838530195896599,0.528074074074074,0.17543859649122806,0.33076309492156364,0.8608470181503889,0.0,0.9948979591836735,0.33333333333333337,0.9285714285714286,0.0,0.8648648648648649,0.6139389193422083,0.0,0.31699346405228757,0.0,0.3236574746008707,0.0,0.0,0.0,0.0,0.25,0.0,0.0,0.0,0.7494149414941493,0.0,0.0,0.5511240029006528,0.6666666666666667,0.7844935389745727,0.5,0.5487149822328734,0.6000000000000001,0.0,0.78125,0.09670329670329691,0.0,1.0,0.0,0.3032886723507917,0.8571428571428572,0.75,0.8461538461538461,0.0,0.0,0.014026602176541947,0.0,0.967003367003367,1.0,0.0,0.821969696969697,0.9713774597495528,0.0,0.0,0.9166666666666666,0.47855984430749265,0.864696734059098,0.0,0.45833333333333337,0.045117986997351145,0.3178742772788782,0.8698481561822126,0.6192715423008702,0.6590742101396032,0.75,0.0,0.5447870778267254,0.043062200956938024,0.45100875523410733,0.0,0.0,0.0,0.875,0.0,0.5868455868455869,0.6666666666666667,0.42622474799850674,0.32209543568464727,0.0,0.463941681853684,0.0,0.35164835164835184,0.0,0.0,0.18856203179243558,0.33333333333333337,0.8571428571428572,0.0,0.0,0.5555555555555556,0.5,0.8571428571428571,0.0,0.4367247669233887,0.7,0.0,0.0,0.0,0.5296032553407934,0.0,0.0,0.0,0.6863070539419087,0.5095018885741266,0.41291348118991744,0.7866112486735055,0.9098651896749922,0.9571597788891814,1.0,0.0,0.04721549636803879,0.0,0.86707410236822,0.0,0.31430125067971726,0.1923076923076923,0.5830721003134797,0.875,0.8,0.0,0.9654409480439774,0.0,0.0,0.0,0.9807403851922961,0.04417975094748228,1.0,0.0,0.7467893688620286,0.9265883031657893,0.0,0.0,0.751230718739744,0.0,0.0,0.9866756118619137,0.0,0.0,0.001585081585081527,0.4240815277896721,0.6636263261485287,0.2200322522845366,0.0,0.0,0.0,0.0,0.9576827031675802,0.0,0.9473684210526315,0.0,0.986652998674619,0.0,0.0,0.0,0.0,0.0,0.0,0.0,0.8369565217391304,0.021549942067303762,0.0,0.9375,0.0,1.0,0.0,0.0,0.0,0.0,0.0,0.0,0.0,0.0,0.0,0.0,0.0,0.0,0.0,0.0,0.0,0.9027777777777778,0.0,0.0,0.0,0.0,0.0,0.0,0.0,0.0,0.0,0.0,0.0,0.8976793875007418,0.9803921568627451,0.15052660374777727,0.0,0.0,0.0,0.6275828604547722,0.0,0.6666666666666667,0.17588440458395616,0.35035460992907796,0.0,0.0,0.0,0.6797829036635006,0.0,0.0,0.0,0.12944162436548223,0.7390546122074346,0.5607160135462023,0.7373397228338299,0.9581828549705379,0.7460148777895856,0.32220745720315813,0.769778528755054,0.0,0.0,0.3170603674540683,0.0,1.0,0.6184591112279779,0.2743029389600603,0.0,0.7636871508379888,0.14491614255765184,0.0,1.0,0.7090336134453782,0.9428571428571428,0.6369495166487648,0.7270471464019851,0.0,0.5960604929051531,0.5028901734104047,0.16944024205748864,1.0,0.0,1.0,0.17434944237918215,0.8,0.605724838411819,0.5,0.2500000000000001,1.0,0.9099794238683128,1.0,1.0,0.0,0.5,1.0,0.045702245150039955,0.0,0.5,1.0,0.0,0.0,0.6196428571428572,0.8333333333333334,0.7504761904761905,1.0,0.806009144350098,1.0,0.0,0.8974358974358975,0.36363636363636365,0.0,1.0,0.0,0.5263157894736842,1.0,0.4285714285714286,0.29953198127925107,0.0,0.0,0.0,0.0,0.8702702702702703,1.0,0.0,0.7705943691345152,0.6875,0.0,0.41627358490566035,0.37099125364431496,0.42307692307692313,0.8181818181818182,0.75,0.5416666666666667,0.2689561100858542,0.0,0.8928571428571428,0.0,0.7050960735171261,1.0,0.0,0.5340974212034384,0.6666666666666667,0.6403541128734784,0.33333333333333337,0.6666666666666667,0.0,1.0,0.0,0.2499999999999999,1.0,0.841936957514847,0.31464174454828653,0.0,0.5210843373493976,0.0,0.44999999999999996,0.3529411764705882,0.0,0.75,0.8,1.0,0.0,0.5,0.8571428571428572,1.0,1.0,1.0,0.8285714285714285,1.0,0.0,0.3429833169774289,0.1504664970313826,0.8760257263251275,0.0,0.0,0.0,0.0,0.8473275208491281,0.0,1.0,0.9493790880652194,1.0,1.0,0.0,0.0,0.0,0.9004015277641759,0.0,0.545628505443748,0.0,0.5348837209302325,1.0,1.0,1.0,0.9532293112024505,0.0,0.0,0.0,0.9717823888074869,0.9736728528269314,1.0,0.7905138339920948,0.914026936974987,0.9286452947259566,0.0,0.0,0.07857142857142851,0.0,0.0,0.9892054682436212,0.0,0.0,0.7945937880784821,0.5469833308747603,0.742430613961312,0.33936529890886724,0.0,0.0,0.0,0.0,0.951093925207798,0.0,1.0,0.0,0.984726709929675,0.0,0.0,0.0,0.0,0.0,0.0,0.0,0.7828135517164012,0.8989688271564188,0.0,1.0,0.75,0.6666666666666667,0.0,0.5,0.0,0.0,0.0,1.0,0.8876033057851239,0.0,0.0,0.0,0.0,0.0,0.0,0.0,0.0,0.526849702230746,0.0,0.0,0.0,0.0,0.0,0.0,0.0,0.0,0.0,0.0,0.0,0.89,0.7958078602620087,0.0,0.0,0.0,0.0,0.9090909090909091,0.0,0.7777777777777778,0.0,0.576288144072036,0.0,0.0,0.0,0.1696428571428572,0.0,0.0,0.0,0.7291204730229119,0.3420088683246578,0.41566051136363635,0.39142695995487864,0.2809718100890207,0.0,0.161167374496352,0.5066841170421614,0.15384615384615385,0.0,0.7574750830564785,0.6666666666666667,0.7948717948717949,0.0,0.06060993542612381,0.0,0.6923076923076923,0.1438356164383563,0.0,0.8983872923487328,0.18765957446808512,0.8095238095238095,0.0,0.21016066000868439,0.19148936170212771,0.26368363437328957,0.75,0.0,0.5555555555555556,0.5,0.8571428571428572,0.14724770642201834,0.25,0.46752917300862507,0.0,0.42116182572614114,0.0,0.07794015309672941,0.0,0.0,0.0,0.0,0.0,0.0,0.05681818181818177,0.0,0.5218774860779634,0.0,0.0,0.0,0.8571428571428572,0.5652173913043479,0.0,0.38888888888888884,0.0,1.0,0.6666666666666667,0.0,0.0,1.0,0.0,0.0,0.5,0.5,0.0,0.0,0.0,0.24392023346303482,0.0,0.9766997708174179,0.16666666666666663,0.07017543859649122,0.0,0.0,0.5911228689006467,0.0,0.0,0.03311258278145679,0.0,0.25,0.0,0.0,0.0,0.0,0.5026178010471205,0.06603773584905659,0.0,0.0,0.2692307692307694,0.0,0.0,0.0,0.6666666666666667,0.2320390170699681,0.0,0.0,0.5617574534857657,0.0,0.3957894736842106,0.11494252873563238,0.0,0.0,0.0,1.0,0.0,0.0,0.1187214611872146,0.0,0.0,0.052631578947368474,0.0,0.5,0.0,0.0,0.0,0.22961271291274143,0.25,0.24042198778456414,0.0,0.0,0.25773195876288646,0.0,0.3639964788732395,0.0,0.8360655737704918,0.2566171723692705,0.6930237213492143,0.4701653486700216,0.7966101694915255,0.8774263120057513,1.0,0.0,0.0,1.0,0.0,0.5,0.0,0.41463414634146345,0.735483870967742,0.8,0.8,0.0,0.9304483346018629,0.0,0.0,0.0,0.934201266713582,0.010913978494623389,1.0,0.0,0.0,0.7380530973451327,0.0,0.0,0.13171577123050282,0.0,0.0,0.9859911997362049,0.0,0.0,0.0,0.2198798949080445,0.010928961748634003,0.06401667154642376,0.0,0.0,0.0,0.0,0.9878665318503539,0.0,0.6666666666666667,0.0,0.9848484848484849,0.0,0.0,0.0,0.0,0.0,0.0,0.15294815987336774,0.9008620689655172,0.0,0.0,0.9,1.0,0.3571428571428572,0.0,0.0,0.0,0.0,0.0,m2
0.0,0.0,0.0,0.8801711840228246,0.0,0.7078925022376243,0.0,0.0,0.3874400166910076,0.0,0.0,0.0,0.0,0.0,0.0,0.0,0.0,0.0,0.0,0.6783399249440871,0.0,0.0,0.0,0.0,0.0,0.0,0.0,0.0,0.0,0.0,1.0,0.0,0.0,0.01176470588235301,0.0,0.0,0.0,0.0,0.9151131280812302,0.0,0.0,0.5296053511705686,0.0,0.0,0.0,0.0,0.06800070058674135,0.3447759106439946,0.644804014882755,0.7474571734475375,0.5038480664945892,0.0,0.26154972097703766,0.4813898850006183,0.0,0.0,0.0,0.0,0.4837467172454041,0.5803469378897266,0.7171342796782921,0.5875028045770697,0.5554038902159606,0.5166478767380684,0.4876589379207179,0.7405724953329185,0.0,0.9887082204155375,0.8001300390117034,0.9384787472035794,0.8534241089307169,0.0,0.0,0.0,0.33333333333333337,0.0,0.0,0.9070550011603621,0.0,0.4,0.0,0.0,1.0,0.0770805985823052,0.6458424507658642,0.44444444444444453,0.0,0.26503838945650227,0.5714285714285714,0.44067796610169496,0.6666666666666667,0.3192997082117549,0.5,0.545815516188149,0.6000000000000001,0.7505351235648959,0.0625,0.060439560439560336,1.0,1.0,0.0,0.4085308056872038,0.2857142857142857,0.0,0.3104796963073738,0.0,0.18181818181818188,0.31217436609934013,1.0,0.0,0.75,0.0,0.9584816132858838,1.0,0.0,0.0,0.9166666666666666,0.2272280342956029,0.0,0.6194029850746269,0.0,0.057973621103117545,0.7174959871589086,0.7893020221787345,0.6194063198212577,0.4816941852117732,0.75,0.0,0.7476851851851851,0.35766423357664245,0.915113385604958,0.11111111111111105,0.0,0.0,0.0,0.0,0.6381080475229769,0.6666666666666667,0.43789129197495713,0.01344157572531246,0.0,0.9795448507925264,0.0,0.2997275204359672,1.0,0.6938098747236552,0.10378220354467393,0.33333333333333337,0.8571428571428572,0.9658980188372849,0.0,0.7380952380952381,0.5,0.8571428571428571,0.0,0.0,0.0,0.4181930350798818,0.7455803228285933,0.463388562266168,0.9166118884402291,0.0,0.0,0.0,0.4862209441648694,0.5095018885741265,0.0,0.18483829650976635,0.4138114209827357,0.3053386419128483,0.0,0.0,0.0535714285714286,0.0,0.876899268429938,0.7916666666666666,0.3967378819205146,0.3076923076923077,0.0,0.0,0.0,0.0,0.0,0.0,0.0,0.0,0.08567828643427122,0.0,0.0,0.0,0.5705935050391937,0.9737280189816498,0.0,0.6445475804405616,0.0,0.16000000000000003,0.0,0.0,0.0,0.0,0.0,0.5057612606458077,0.0,0.0,0.0,0.0,0.0,0.0,0.7516131950585919,0.0,0.0,0.0,0.0,0.0,0.0,0.0,0.0,0.0,0.0,0.0,0.0,0.0,0.0,0.0,0.40201005025125625,0.9130434782608696,0.8111116329310102,0.0,0.0,0.0,0.875,0.0,1.0,0.0,0.9494549058473736,0.0,0.6714285714285715,0.0,0.0,0.44626059420694797,0.0,0.0,0.0,0.0,0.0,0.0,0.0,0.0,0.0,0.0,0.9008662996628686,0.0,0.0,0.0,0.0,0.20539342445511644,0.0,0.0,0.0,0.0,0.0,0.6666666666666667,0.17588440458395616,0.0,0.0,0.0,0.0,0.0,0.0,0.8775993214402977,0.0,0.0,0.7744216587534094,0.0,0.0,0.42668146914608185,0.6998264893001735,0.6194289951798295,0.7215739179314222,0.7207750952986023,0.8903940886699507,0.34593175853018376,1.0,0.0,0.7756682027649769,0.1533788914198938,0.0,0.0,0.0,0.6653554638779622,0.8033018036543094,0.8713052576510594,0.6857142857142857,0.7275274994745323,0.7294845360824742,1.0,0.9158409552845528,0.0368421052631579,1.0,1.0,1.0,0.9626006904487917,0.1875907111756171,0.0,0.0,1.0,0.0,1.0,0.9387274155538099,1.0,0.5,0.0,0.5,1.0,0.0,0.8581979320531757,0.75,0.0,0.0,1.0,0.3392857142857143,0.0,0.8322211630123928,1.0,0.8746303962152573,1.0,0.8561151079136691,0.12494402149574546,0.36363636363636365,1.0,1.0,0.0,0.5625,0.5714285714285714,0.0,0.3477878699091709,0.0,0.0,0.5238095238095237,0.5,0.0,1.0,0.0,0.2904494382022471,0.8125,0.0,0.45346320346320346,0.4947478991596639,0.0,0.0,0.9166666666666666,0.5416666666666667,0.3269461077844311,0.6625916870415648,0.8571428571428572,0.9844364351245085,0.6415332771693345,1.0,0.0,0.8045347928068803,0.0,0.9455803962129048,0.0,0.6666666666666667,0.0,1.0,0.0,0.6546943919344675,1.0,0.7370413511939429,0.0,0.0,0.8015214384508991,0.0,0.44999999999999996,0.8235294117647058,0.6875957120980092,0.23951285520974308,0.8,1.0,1.0,0.5,0.8571428571428572,1.0,1.0,0.5,0.0,0.0,0.6834929047700462,0.6937431394072449,0.8237822349570201,0.8054267161410018,0.0,0.0,0.0,0.7945922372437855,0.8122319597240351,0.3709327548806941,0.8084866691701089,0.7466167466167466,0.0,0.4406546644844518,0.0,0.0,0.0,0.895034293552812,1.0,0.43786671754996886,0.65,1.0,0.0,0.0,1.0,0.0,0.0,0.0,0.0,0.37038689172289085,0.14821492967904804,0.0,0.6832183908045977,0.6091237691636545,0.9597711216208326,0.0,0.7752579218865143,0.0,0.13636363636363646,0.0,0.0,0.0,0.0,0.033772856788370054,0.5569255865278511,0.0,0.0,0.0,0.0,0.0,0.0,0.7403227742047318,0.0,0.0,0.0,0.0,0.0,0.0,0.0,0.0,0.0,0.0,0.0,0.0,0.0,0.0,0.0,0.7708333333333334,1.0,0.7871674491392802,0.5,0.0,0.0,0.9189189189189189,1.0,0.0,0.0,0.7777777777777778,0.0,0.593969592436438,0.0,0.0,0.703658832081415,0.0,0.0,0.0,0.0,0.0,0.0,0.0,0.0,0.0,0.0,0.9692423813567318,0.0,0.0,0.0,0.0,0.0,0.0,0.36363636363636365,0.0,0.0,0.0,0.7777777777777778,0.0,0.0,0.8181818181818181,0.0,0.0,0.2843137254901962,0.0,0.8480734677580355,0.0,0.0,0.4093499839897534,0.0,0.0,0.0,0.0,0.0,0.0,0.0,0.7641759406465289,0.6077235772357723,0.0,0.0,0.45977011494252884,0.01638530287984097,0.0,0.0,0.0,0.3544973544973544,0.0,0.4075537988581466,0.7142857142857143,0.3087315130830488,0.36190476190476195,0.5081967213114753,0.854679802955665,0.0,0.923469387755102,0.0,0.75,1.0,0.14724770642201834,0.0,0.0,0.2857142857142858,0.0,0.0,0.04038997214484685,0.0,0.6,0.0,0.0,0.0,0.0,0.4764150943396226,0.4285714285714285,0.0,0.31044370661032294,0.3999999999999999,0.21052631578947367,0.0,0.13043478260869568,0.0,0.33333333333333337,0.0,0.3203883495145631,0.0,0.0,1.0,0.6666666666666667,0.0,0.0,0.0,0.0,0.0,0.0,0.5,0.3643322475570032,1.0,0.0,0.33333333333333326,0.0,0.0,0.4999999999999999,0.5911228689006467,0.0,1.0,0.0,0.5714285714285714,0.25,0.0,0.0,0.4813052345343304,0.4444444444444444,0.6282135794330916,0.0,0.0,0.0,0.0,0.7142857142857143,0.52,0.2857142857142857,1.0,0.0,0.0,0.0,0.2284241201524322,0.0,0.0,0.0,0.0,1.0,0.0,1.0,0.36363636363636365,0.5,0.3447488584474886,0.0,0.0,1.0,0.0,0.5,0.0,0.0,0.5,0.6362157589953803,0.0,0.04166666666666652,0.8666666666666667,0.8278210116731517,0.5551401869158878,0.0,0.29807306302689696,0.0,0.0,0.2566171723692705,0.0,0.0,0.1147125633409053,0.6725689404934688,0.0,0.0,0.003718073068218586,0.0,0.0,0.0,0.7892998678996037,0.29268292682926833,0.0,0.0,0.4,0.0,0.0,0.0,0.0,0.0,0.0,0.0,0.0,0.0,0.0,0.9143389199255121,0.0,0.3720441783708869,1.0,0.5,0.0,0.0,0.5,0.0,0.0,0.47269082196469603,0.0,0.0,0.0,0.0,0.0,0.0,0.9366544644278211,0.0,0.0,0.0,0.0,0.0,0.0,0.0,0.0,0.0,0.0,0.0,0.0,0.5262182407907947,0.0,0.0,0.0,0.0,0.8313047711781889,0.0,0.0,0.0,0.8125,m2
0.5714285714285714,0.0,0.0,0.0,0.0,0.0,0.0,0.0,0.3842251840063656,0.0,0.0,0.0,0.8456752076546036,0.0,0.0,0.5442766970580635,0.0,0.8734177215189873,0.0,0.0,0.0,0.5,0.0,0.0,0.0,0.0,0.0,0.7602256699576869,0.20437597312136369,0.9313206639403416,1.0,0.0,0.0,0.0,0.9518348623853211,0.0,0.0,0.0,0.0,0.0,0.5726780508121616,0.0,0.3440813950545418,0.48279672509920135,0.48420538428137216,0.0,0.0,0.51839961823368,0.31343283582089543,0.0,0.0,0.33333333333333337,0.26154972097703766,0.0,0.0,0.23749650740430273,0.0,0.0,0.3205415798750201,0.7231256819244558,0.7294977479391519,0.0,0.611869031377899,0.44885769747648196,0.17543859649122806,0.3204643628509719,0.38930457746478864,0.8115183246073299,0.0862877997914493,0.6301369863013699,0.0,0.0,0.0,0.0,0.6666666666666667,0.358490566037736,0.0,0.20496453900709222,0.0,0.0,1.0,0.0,0.0,0.25515574650913,0.23748079877112138,0.0,0.3288702928870295,0.2715161422149571,0.0,0.9491525423728814,0.0,0.13736263736263743,0.5,0.20775142550202452,0.6000000000000001,0.9757730943470554,1.0,0.0,0.36155747836835606,0.28125,0.0,0.4375,0.5714285714285714,0.8823529411764706,0.80927291886196,0.6428571428571428,1.0,0.35972095844707286,0.10000000000000009,0.0,0.0,0.0,0.4979919678714859,0.4736842105263158,0.19862737182075096,0.4482758620689655,0.0,0.2419685577580314,0.6666666666666667,0.0,0.0,0.0363180178767446,0.0,0.7793427230046948,0.047609201344016805,0.4747474747474748,0.75,0.0,0.6130690161527166,0.3065693430656935,0.3926099348534202,0.0,0.0,0.6017069701280229,0.875,0.0,0.5868455868455869,0.6666666666666667,0.11877410525442711,0.47181881051175645,0.0,0.15430575399402535,0.6666666666666667,0.2997275204359672,0.7272727272727273,0.6323641928079572,0.2095588235294117,0.33333333333333337,0.8571428571428572,1.0,0.0,0.0,0.5,0.8571428571428571,0.0,0.6570166830225712,0.25,0.7252815128046752,0.0,0.4077965040904825,0.4407353652636672,0.41666666666666663,0.09186101856258921,0.8333333333333334,0.0,0.503653960102706,0.0,0.04027439699048463,0.46530081300813,0.10759625390218497,0.23065338276181646,0.0,0.1964285714285715,0.0,0.8651312147049053,0.5,0.30883322346736974,0.0,0.11288805268109114,0.0,0.6000000000000001,0.0,0.9313704585026876,0.0,0.0,0.617345819623724,0.9568534040885244,0.007481767122139327,0.9992872009808115,0.14419159994381248,0.9614158163265306,0.9850437580191118,1.0,0.5203280109427266,0.0,0.84,0.0,0.0,0.16666666666666663,0.0,0.5215858756004741,0.5581101676464184,0.574712643678161,0.0,0.0,0.0,0.0,0.0,0.0,0.8644071986551962,0.0,0.0,0.0,0.0,0.0,0.0,0.0,0.0,0.9032071743426052,0.0,0.0,0.02833171697579495,0.0,0.0,0.0,0.0,0.0,0.5,0.0,0.0,0.8125,0.0,0.0,0.0,0.0,0.0,0.0,0.0,0.0,0.4839962392184115,0.0,0.0,0.0,0.82699513672965,0.0,0.0,0.6823821339950372,0.0,0.7435897435897436,0.0,0.0,0.0,0.0,0.0,0.0,0.0,0.0,0.0,0.5189873417721519,0.4477115348624424,0.8142610695802185,0.6666666666666667,0.0,0.0,0.0,0.8699007717750826,0.0,0.0,0.0,0.0,0.0,0.8269230769230769,0.0,0.5405173890697276,0.20388751033912333,0.0,0.6527614571092832,0.4270148412549315,0.723204522718284,0.6582568807339451,0.11351139041633951,0.3170603674540683,1.0,0.0,0.6373809523809524,0.0,0.25054089138900915,0.0,0.0,0.3443895553987296,0.8151362610657872,0.8571428571428571,0.19999999999999996,0.0,0.4380986165306846,0.0,0.0,0.8473684210526315,0.8527918781725888,0.6296296296296297,0.8189655172413793,0.0,0.1808859721082855,0.0,0.0,0.75,0.2500000000000001,1.0,0.0,1.0,1.0,0.0,0.5,0.0,0.45604435164518686,0.43582510578279265,0.5,0.39630996309963107,0.0,0.0,1.0,0.0,0.0,1.0,0.24018655266226208,1.0,0.8188976377952756,0.0,0.0,0.5170814002530577,1.0,0.0,0.0,0.8571428571428571,1.0,0.8053822152886115,0.75,0.0,0.5238095238095237,0.0,0.0,0.0,0.0,0.4018721755971597,0.6875,0.0,0.7583732057416268,0.0,0.34615384615384615,0.2727272727272728,0.0,0.5416666666666667,0.28759595959595974,0.46269335759781616,0.8571428571428572,0.11557994757536039,0.12384161752316747,1.0,0.0,0.7804621848739496,0.0,0.8130409694171956,0.33333333333333337,0.6666666666666667,0.3708830911995131,1.0,0.0,0.7413358538122243,1.0,0.06776964683423481,0.75,0.0,0.23250345781466109,1.0,0.44999999999999996,0.3529411764705882,0.6875957120980092,0.7442489851150202,0.8,1.0,0.5454545454545454,0.5,0.0,0.75,1.0,0.5,0.9450744502514545,1.0,0.8849935076980152,0.029088913282107498,0.0,0.7829236739974127,0.5202265372168284,0.0,0.8823529411764706,0.0985401459854015,0.515552099533437,0.2775041050903121,0.8948428686543111,0.5877031987414787,0.5278969957081545,0.0,0.0,0.6476810414971522,0.0,0.885110744685592,1.0,0.5872728140056289,0.44999999999999996,0.5348837209302325,0.0,1.0,1.0,0.9460358119939474,0.0,0.0,0.6692073170731707,0.8985871271585557,1.0,0.9981110955645726,0.7704302627779382,0.9838436133178613,0.9775208734746307,1.0,0.7284026301478222,0.0,0.9545454545454546,0.0,0.0,0.1724137931034483,0.0,0.9500135165024207,0.8192498870311794,0.7304287849178066,0.0,0.0,0.0,0.0,0.0,0.0,0.9415040410013799,0.0,0.0,0.0,0.0,0.0,0.0,0.0,0.0,0.9185905224787363,0.0,0.0,0.752708788513845,0.0,0.0,0.75,0.0,0.0,1.0,0.0,0.0,0.8087431693989071,1.0,0.0,0.0,0.0,0.0,0.0,0.0,0.0,0.7425277540563622,0.0,0.0,0.0,0.9520833333333334,0.0,0.0,0.9119897959183674,0.0,0.6202017160921269,0.0,0.0,0.0,0.6000000000000001,0.0,0.0,0.0,0.0,0.0,0.7117224880382775,0.625,0.6694182389937107,0.7777777777777778,0.0,0.0,0.0,1.0,0.0,0.2843137254901962,0.4516599781101788,0.0,0.0,0.32855040470934516,0.0,0.38953488372093026,0.467159277504105,0.8245614035087718,0.0,0.0,0.0,0.0,0.75,0.45584415584415583,0.33333333333333337,0.0,0.0,0.290546662639686,0.19012345679012344,0.0,0.0,0.54983922829582,0.395745428973277,0.3193493150684932,0.0,0.7377701934015928,0.4696920583468396,0.4918032786885246,0.26368363437328957,0.25,0.6952380952380952,0.6546546546546548,0.2500000000000001,0.0,0.06578947368421051,0.5,0.0,0.7142857142857143,0.0,0.0,0.0,0.0,0.0,0.0,0.0,0.33333333333333326,0.0,0.165289256198347,0.0,0.4522673031026253,0.32345180816389885,0.0,0.21052631578947367,0.0,0.13043478260869568,0.0,0.75,0.0,1.0,1.0,0.5,0.75,0.0,0.0,0.0,0.0,0.5,0.2857142857142857,0.0,0.0,0.38799283154121866,0.10909090909090913,0.0,0.25,0.07017543859649122,0.5555555555555556,0.0,0.0,0.28884026258205686,0.0,0.0,0.5714285714285714,0.25,0.0,0.0,0.0,0.4444444444444444,0.1374095989480606,0.36448598130841114,0.0,0.0,0.15654205607476646,0.5714285714285714,0.6057692307692308,0.0,0.6666666666666667,0.6976177077471394,0.0,0.0,0.0,0.0,0.4761594580510682,0.0,0.0,0.0,0.0,0.0,0.0,0.5,0.1187214611872146,0.0,0.0,0.0,0.0,0.0,0.5,0.0,0.5,0.04838511605059548,0.25,0.0,0.0,0.6915487935338167,0.25773195876288646,0.0,0.3877675840978594,0.0,0.0,0.12948717948717947,0.0,0.14892487390496423,0.0854629739688576,0.0,0.8509803921568627,0.0,0.33333333333333326,1.0,0.0,0.0,0.0,0.0,0.2807316035729476,0.0,0.6000000000000001,0.0,0.926826989143878,0.0,0.0,0.5967741935483871,0.8435734463276836,0.0,0.0,0.2068965517241379,0.3372969612186214,0.0,0.6666666666666667,0.35283855706682443,0.0,0.2499999999999999,0.0,0.0,0.5,0.0,0.7448524590163934,0.21860826746144857,0.0,0.010992419021364497,0.0,0.0,0.0,0.0,0.0,0.5623561081004498,0.0,0.0,0.0,0.0,0.0,0.0,0.0,0.0,0.904,0.2221763369812101,0.0,0.0,0.0,0.0,0.0,0.3571428571428572,0.0,0.0,0.0,0.0,0.75,m2
0.0,0.0,0.0,0.0,0.8549979432332373,0.0,0.0,0.0,0.7422760709649503,0.0,0.0,0.7857142857142857,0.0,0.0,0.0,0.0,0.0,0.0,0.0,0.0,0.0,0.0,0.0,0.0,0.0,0.6927860696517414,0.5970724191063175,0.0,0.0,0.0,0.0,0.70024611181981,0.0,0.0,0.0,0.0,0.0,0.14360658534504822,0.0,0.0,0.6122848425536815,0.0,0.0,0.0,0.4531037113739168,0.2591496426766766,0.07415466295313111,0.645447141228213,0.9749935104265813,0.47212200721548037,0.21736869474778975,0.0,0.4188732394366197,0.0005275304978571427,0.8776946604267236,0.0,0.7826291079812208,0.1493276716206653,0.0,0.0,0.2640221686252374,0.2103432802333406,0.450124947938359,0.47834000728066983,0.0,0.3897324206596141,0.0,0.5816125860373649,0.9631989596879064,0.8458333333333334,0.45112107623318387,0.2699756690997567,0.8,0.6205392102024835,1.0,0.0,0.0,0.06274404200888672,0.0,0.0,0.5,0.0,0.0,0.0770805985823052,0.8123124791643517,0.44444444444444453,0.2475292410916673,0.0,0.1428571428571428,0.9491525423728814,0.0,0.0,0.5,0.2498472816127062,0.6000000000000001,0.42149472323928505,0.78125,0.25,0.0,0.8030018761726079,0.0,0.0,0.5714285714285714,0.7933333333333332,0.3055711873944851,0.6428571428571428,0.0,0.0,0.0,0.0,0.5,0.0,0.0,0.9352226720647774,0.42647058823529405,0.4488517745302715,0.0,0.22797876329761002,0.8711978971085242,0.5486725663716814,0.7142857142857142,0.2345487822047022,0.0,0.910802775024777,0.6233967641881131,0.4756238003838772,0.75,0.0,0.9386248269497001,0.0,0.8616465501711403,0.33333333333333326,0.0,0.07539118065433859,0.0,0.0,0.6483299965042744,0.6666666666666667,0.4242355776472361,0.0,0.0,0.8156904080710736,0.0,0.8466981132075472,0.42105263157894735,0.8634674922600619,0.18892746208660693,0.33333333333333337,0.8571428571428572,1.0,0.0,0.0,0.5,0.8571428571428571,0.0,0.6561347498211043,0.0,0.6645503565837538,0.5462351810317206,0.7803568231994749,0.9152186366240214,0.0,0.6475577123679078,0.8333333333333334,0.9185135437653906,0.0,0.0,0.1096502108657903,0.6589918699186992,0.0,0.0,0.0,0.05054479418886204,1.0,0.0921095711011678,1.0,0.0,0.0,0.2729323308270678,0.0,0.8,0.0,0.0,0.0,0.0,0.0,0.6909046323434964,0.6593028667965315,0.8140421118641615,0.07947355099974684,0.0,0.6733198015336039,0.0,0.446969774250477,1.0,1.0,0.0,0.96486447614849,0.07692307692307698,0.0,0.6722972972972974,0.9533030385241454,0.0,0.25446580469547475,0.0,0.0,0.0,0.0,0.0,0.6751326266622374,0.0,0.0,0.9775720675944334,0.0,0.0,0.0,0.0,0.0,0.0,0.9233878906403812,0.0,0.3385551345714407,0.5693648672206404,0.0,0.273972602739726,1.0,0.5553178338800933,0.5,0.0,0.0,0.0,0.0,1.0,0.0,0.0,0.6754966887417219,0.0,0.0,0.0,0.7777777777777778,0.0,0.0,0.0,0.0,0.0,0.0,0.0,0.0,0.0,0.0,0.0,0.0,0.0,0.0,0.0,0.0,0.94,1.0,0.0,0.0,0.0,0.0,0.6437462235649547,0.0,0.25,0.0,0.0,0.0,0.7683383758440361,0.0,0.0,0.4350333940497876,0.0,0.0,0.0,0.6210350584307178,0.514637904468413,0.5229924502402197,0.7335282651072124,0.9755323969188945,0.7150805270863836,0.0,1.0,0.7099948213360951,0.7376847290640394,0.8096031085206772,0.0,0.1836734693877552,0.14491614255765184,0.0,0.0,0.22990654205607486,0.0,0.6430684699915469,0.4104513064133015,0.22879177377892024,0.0,0.0,0.7399286078531362,1.0,1.0,0.43700547778454046,0.0,0.26521739130434796,0.7892738490745135,0.5,0.0,1.0,0.3014354066985647,1.0,1.0,1.0,0.5,1.0,0.0,0.8885754583921015,0.75,0.5555555555555556,0.5123966942148761,0.0,0.8616352201257862,1.0,0.19979577944179716,1.0,0.5122975404919016,1.0,0.5748031496062993,0.8880429914912673,0.36363636363636365,0.0,1.0,0.0,0.0,0.8571428571428571,0.4285714285714286,0.3752924660739354,0.75,0.09999999999999998,0.1428571428571428,0.0,0.0,1.0,0.0,0.0,0.6875,0.4749455337690631,0.7640692640692641,1.0,0.0,0.8181818181818182,0.9166666666666666,0.0,0.6195555555555556,0.27616599338964376,1.0,0.0,0.7211925866236906,1.0,0.0,0.8393002441008951,0.25,0.962379150903741,0.33333333333333337,0.6666666666666667,0.627243001834277,1.0,0.0,0.0,1.0,0.7123417721518988,1.0,0.0,0.5185465556396669,0.0,0.9,0.8823529411764706,0.8888888888888888,0.7442489851150202,0.6000000000000001,1.0,1.0,0.5,0.0,1.0,1.0,1.0,0.9286669638876505,0.0,0.3883333333333333,0.0,0.830735343951203,0.8916456677650707,0.0,0.6666666666666667,0.8823529411764706,0.9620622568093385,0.8665691532585731,0.375487900078064,0.925,0.0,0.09452736318407962,0.0,0.0,0.0,0.0,0.4820989341350096,1.0,0.0,0.44999999999999996,0.20000000000000007,0.0,1.0,1.0,0.0,0.0,0.0,0.0,0.5379211854528143,0.0,0.8533523991102637,0.0,0.41596654344497963,0.36711478800413655,0.0,0.491427662198178,0.9874476987447699,0.9545454545454546,0.0,0.9752605028827596,0.10526315789473684,0.0,0.6732360388380485,1.0,0.3453566423249982,0.1498055324913692,0.0,0.0,0.0,0.0,0.0,0.7030161018985821,0.0,0.0,0.9839441234802104,0.0,0.0,0.0,0.0,0.0,0.0,1.0,0.0,0.0,0.49703003430101234,0.0,1.0,1.0,0.45661914460285136,1.0,0.0,0.0,0.0,0.0,0.0,0.0,0.0,0.6842105263157895,0.0,0.0,0.0,0.2864335408275357,0.0,0.0,0.0,0.0,0.0,0.0,0.0,0.0,0.0,0.0,0.0,0.0,0.0,0.0,0.0,0.7464932126696833,1.0,0.0,0.0,0.0,0.0,0.0,0.8225734968237552,0.0,1.0,0.0,0.0,0.0,0.0,0.0,0.0,0.969017094017094,0.0,0.0,0.0,0.32179415596501015,0.0,0.0,0.0,0.7692307692307692,0.2925278219395867,0.0,0.0,1.0,0.0,0.496648460774578,0.0,1.0,0.05882352941176461,0.0,0.015080226806611252,0.650352733686067,0.2857142857142857,0.0,0.5737745098039214,0.0,0.7417311752287121,0.3088942307692307,0.0,0.5555555555555556,0.75,0.9,0.0,0.8064516129032259,0.32943525385054195,0.0,0.4626865671641791,0.0,0.4220055710306406,0.0,0.0,0.0,0.0,0.0,0.0,0.6729559748427674,0.4285714285714285,0.36826867400115804,0.0,0.19999999999999996,1.0,0.0,0.0,0.0,0.5,0.0,0.3203883495145631,0.6666666666666667,0.0,0.0,0.33333333333333337,0.0,0.0,0.0,1.0,0.0,0.0,0.5,0.0,0.10909090909090913,0.0,0.33333333333333326,0.0,0.5784444444444444,0.0,0.5911228689006467,0.5056669572798604,0.0,0.0,0.13636363636363613,0.25,0.7,0.04878048780487809,0.5505473277527366,0.6666666666666667,0.08333333333333326,0.0,0.0,0.0,0.717741935483871,0.0,1.0,0.4285714285714285,1.0,0.03686311340690296,0.0,0.0,0.22876988572708934,0.0,0.0,0.049342105263158076,0.0,0.08120649651972156,0.0,0.0,0.18181818181818177,0.6666666666666666,0.0,0.33333333333333337,0.0,0.6370967741935484,0.0,0.0,0.0,0.0,0.0,0.14841564187650458,0.0,0.0,0.6923076923076923,0.4169407894736843,0.5333333333333333,0.0,0.0,0.0,0.7142857142857142,0.0,0.0,0.16365873666940112,0.6163011387600168,0.0,0.0,0.0,0.005981247979308102,0.11111111111111116,0.5661634973534602,0.5,0.6349100599600266,0.0,0.3979274611398964,0.0,0.8,0.0,0.0,0.0,0.0,0.0,0.0,0.7958150005116136,0.4285714285714286,0.7707006369426752,0.0,0.177345537757437,0.0,0.75,1.0,1.0,0.0,0.9444133866341543,0.0,0.0,0.6628747754801272,0.8818235955799643,0.0,0.09769868057686415,0.0,0.0,0.0,0.0,0.0,0.3619700197692942,0.0,0.0,1.0,0.0,0.0,0.0,0.0,0.0,0.0,0.9765747006767309,0.0,0.63241188927545,0.8202080237741456,0.0,1.0,0.7857142857142857,0.5613437195715678,0.0,0.0,0.0,0.0,m2
0.0,0.0,0.7512074968006496,0.8569024985278034,0.0,0.0,0.0,0.9117647058823529,0.0,0.0,0.0,0.5366795366795367,0.0,0.0,0.4,0.6276390481250524,0.0,0.0,1.0,0.0,0.0,0.0,0.0,0.0,0.657909390027841,0.6801895734597156,0.0,0.0,0.2630556230264758,0.0,0.0,0.0,0.0,0.01176470588235301,0.0,0.0,0.48794424626767074,0.0,0.8638052001650847,0.0,0.23365264473136194,0.541125988729773,0.5935000506226586,0.18091245644599296,0.5015537262170855,0.578383641674781,0.48145816942040387,0.0,0.6444579043004239,0.4794631306597671,0.8510300550303372,0.33333333333333337,0.26154972097703766,0.15450719045948802,0.33648525600616375,0.23749650740430273,0.0,0.047020739602765205,0.0,0.552068214804064,0.6985328916232845,0.24580565251660857,0.08935772310209789,0.4716471647164716,0.1518324607329843,0.28792064289301855,0.39457937346004934,0.5744113727232341,0.9620738636363636,0.24519774011299433,0.0,0.13324732768153325,1.0,0.45032728477918627,0.0,1.0,0.0,0.5940675638560835,0.0,0.0,0.0,0.0,1.0,0.5531149301825993,0.8596280087527353,0.33333333333333337,0.0,0.19896214176200033,0.5714285714285714,0.45197740112994356,1.0,0.0,0.5,0.545815516188149,0.5,0.7606874514206754,0.0625,0.060439560439560336,0.7536864279265724,1.0,1.0,0.0,0.2857142857142857,0.0,0.3273248668578451,0.6428571428571428,1.0,0.801225153144143,0.0,0.49257688229056196,1.0,0.59227588140464,0.8226415094339623,0.9713774597495528,1.0,0.5157620041753653,0.0,0.2178266660089776,0.0,0.5486725663716814,0.5,0.2331020085759422,0.3445981905268761,0.7784330244313395,0.06525524061564192,0.6545048399106477,0.75,0.0,0.5364102564102564,0.0,0.0,0.33333333333333326,0.0,0.0,0.875,0.0,0.0,0.6666666666666667,0.002323117052494439,0.926996719810817,0.0,0.46512534095337055,0.0,0.35164835164835184,1.0,0.4265003371544168,0.10999451854558728,0.6666666666666667,0.8571428571428572,0.38095238095238093,1.0,0.0,0.5,0.9285714285714286,0.5,0.10269638466809061,0.7,0.4061211049876954,0.0,0.05010696067138365,0.0,0.7222222222222222,0.5611559139784947,0.0,0.03111874761359268,0.5298626636857234,0.532938022906344,0.0,0.0,0.5715935334872979,0.0,1.0,0.19552058111380144,0.0,0.7845303867403315,0.0,0.0,0.0,0.6505392912172573,0.0,0.0,0.0,0.0,0.0,0.9803921568627451,0.0,0.0,0.6695309307385604,0.8189485741061318,0.04588659455916089,0.7624024175270713,0.9766043928782703,0.0,0.7302497325082453,0.0,1.0,0.0,0.0,0.0,0.0,0.008702975856260453,0.9533162313959928,0.0,0.0,0.0,0.0,0.0,0.0,0.0,0.0,0.0,0.0,0.0,0.0,0.0,0.0,0.0,0.0,0.0,0.0,0.0,0.144052364226799,0.0,0.0,0.273972602739726,0.3835227272727273,0.5033921302578018,0.0,0.0,1.0,0.8125,0.0,0.0,0.7632195318680296,0.9189189189189189,0.0,0.0,0.0,0.8318452380952381,0.0,0.0,0.0,0.8,0.0,0.0,0.5,0.6863452733638566,0.0,0.0,1.0,0.0,0.0,0.0,0.0,0.0,0.2237486560745432,0.9384328358208955,0.0,0.0,0.5044786615834473,0.0,0.0,0.0,0.0,1.0,0.0,0.0,0.6843365466697204,0.0,0.8897883494106948,0.0,0.1284013605442178,0.7397247360482654,0.6727140783744557,0.3589325426241661,0.9602437880918894,0.0,0.0,0.7285248278361725,0.7467149977344811,0.7250554323725056,1.0,1.0,0.0,0.0,0.0,0.30083857442348005,0.0,0.14491614255765184,0.0,0.7762970859985785,0.8656562177058216,0.5714285714285714,0.5689015241254047,0.7270471464019851,0.22764227642276436,0.6603053435114504,0.6157894736842104,0.7399286078531362,1.0,0.4374999999999999,0.0,0.0,0.682608695652174,0.7892738490745135,0.75,0.75,1.0,1.0,1.0,1.0,0.0,0.5,1.0,0.8193707767201918,0.9630723781388478,0.2500000000000001,0.0,0.5552486187845305,1.0,0.2857142857142856,0.0,0.2071917808219178,1.0,0.8804804804804804,0.7,0.9818664307828394,0.140068886337543,0.36363636363636365,0.5934204976803037,1.0,0.8636363636363636,0.0,0.5714285714285714,0.0,0.3228758169934641,0.75,1.0,0.6666666666666666,0.0,0.7107438016528925,1.0,0.6807204803202135,0.9821315955434097,0.6875,0.3625154130702838,0.14268585131894462,0.0,0.0,0.0,0.9166666666666666,0.5833333333333333,0.6155018855813208,0.1931540342298288,0.8571428571428572,0.11557994757536039,0.7513812154696132,1.0,0.0,0.7272727272727273,0.25,0.0,0.33333333333333337,0.6666666666666667,0.0,1.0,0.0,0.508613617719442,1.0,0.8402903811252269,0.9375,0.0,0.48962655601659744,0.0,0.44999999999999996,0.8235294117647058,0.7549770290964778,0.23951285520974308,0.8,1.0,0.16129032258064502,0.5,0.0,0.75,1.0,1.0,0.759937286728765,1.0,0.7143431096826035,0.2559153175591531,0.0,0.0,0.9583333333333334,1.0,0.0,0.0,0.0,0.0,0.875,0.635036496350365,0.8216080402010051,0.0,0.8,0.5044359949302915,0.0,0.6519816748348604,0.0,0.9090909090909091,0.44999999999999996,1.0,0.0,1.0,1.0,0.0,0.0,0.9888888888888889,0.0,0.0,1.0,0.8926709444555845,0.9069078947368421,0.8662289549939478,0.9775208734746307,0.0,0.847031882411418,0.0,0.13636363636363646,0.0,0.0,0.0,0.0,0.6461820630093098,0.964596548163446,0.3144793152639088,0.0,0.0,0.0,0.0,0.0,0.0,0.0,0.0,0.0,0.0,0.0,0.0,0.0,0.0,0.0,0.0,0.0,0.0,0.0,0.0,0.0,1.0,0.0,0.48043818466353694,0.5,0.0,1.0,0.7247191011235956,1.0,0.0,0.7202407825432655,0.9411764705882353,0.0,0.0,0.0,0.7142857142857143,0.0,0.0,0.0,0.6074766355140186,0.0,0.0,0.33333333333333326,0.48583106267029974,0.0,0.0,0.6666666666666667,0.0,0.0,0.0,0.0,0.0,0.0,0.125,0.0,0.0,1.0,0.0,0.0,0.0,0.0,0.8181818181818181,0.0,0.0,0.1696428571428572,0.0,0.7495773967640667,0.0,0.6930656934306569,0.26343584964274613,0.4652914798206277,0.2418016275884295,0.2778606038017144,0.590909090909091,0.7904824131547425,0.068865530989489,0.0,0.2925278219395867,0.7110655737704918,0.33333333333333337,0.0,0.9,0.0,0.4042553191489361,0.0,0.05882352941176461,0.0,0.032439376907017925,0.3331914893617022,0.09523809523809523,0.0,0.20737887695114543,0.09836065573770503,0.0,1.0,0.0,0.5555555555555556,0.0,0.0,0.0,1.0,0.2375946173254837,0.7142857142857143,1.0,0.0,0.5201949860724234,0.0,0.0,0.0,0.0,0.0,0.28873239436619724,0.6729559748427674,0.5714285714285714,0.0,0.20142036869144775,0.3999999999999999,0.21052631578947367,0.0,0.0,0.0,0.33333333333333337,0.5,0.13541666666666652,0.0,0.0,0.5,1.0,0.75,0.0,0.0,0.0,0.0,0.0,0.5,0.48048656867714135,0.4,0.8101604278074865,0.0,0.8245614035087719,0.0,0.5,1.0,0.8939068100358423,0.0,0.0,0.3766233766233765,0.25,0.19999999999999996,0.04878048780487809,0.0,0.4444444444444444,0.16688481675392686,0.3986486486486486,0.0,0.0,0.0,0.0,0.4900000000000001,0.4285714285714285,0.33333333333333337,0.2320390170699681,0.0,0.0,0.0,0.0,0.0,0.8747947454844006,0.0,0.0,0.0,0.0,0.36363636363636365,0.08333333333333326,0.3447488584474886,0.6666666666666667,0.0,0.0,0.0,0.0,0.5,0.5,0.5,0.0,0.25,0.5800000000000001,0.0,0.5622882950696273,0.0,0.5555555555555556,0.0,0.0,0.6080486980047344,0.937389770723104,0.3060046189376443,0.0,0.05820328975115985,0.24194476409666288,0.44482891195693963,0.8,0.002400384061449823,0.11111111111111116,0.3312095667516173,0.5,0.6390773405698779,0.0,0.62786029706945,0.0,0.0,0.0,0.0,0.0,0.9166666666666666,0.0,0.04166666666666674,0.6888293554148401,0.4619883040935673,0.4482758620689655,0.0,0.0,0.0,0.45345742681441614,0.0,0.0,0.0,0.0,0.0,0.0,0.19007546917785345,0.8808250572956455,0.0,0.0,0.0,0.0,0.0,0.0,0.0,0.0,0.0,0.0,0.0,0.0,0.0,0.0,0.0,0.0,0.0,0.0,0.0,0.6474136824541139,0.0,0.0,0.0,0.3571428571428572,0.5647693817468106,0.0,0.0,1.0,0.75,m2
0.0,0.0,0.7512074968006496,0.0,0.0,0.0,1.0,0.0,0.0,0.0,0.0,0.6508854354897,0.0,0.6215667584551295,0.0,0.0,0.0,0.0,0.0,0.0,0.0,0.0,0.0,0.0,0.0,0.649746192893401,0.47829398324447836,0.0,0.39469220984465936,0.0,0.0,0.0,0.0,0.33333333333333326,0.0,0.0,0.4750626915575369,0.0,0.0,0.0,0.22911157373544144,0.0,0.5935000506226586,0.22678598361067803,0.5037451150673035,0.0,0.13170731707317063,0.7245738389865577,0.38557312252964426,0.47811284046692604,0.0,0.33333333333333337,0.039078882153341765,0.5700923652519584,0.594293167238947,0.0,0.0,0.041832449160035146,0.9477365712023228,0.5278413424866514,0.0,0.24468444144448198,0.08935772310209789,0.4845367331481948,0.0,0.0,0.391150442477876,0.14624808575803983,0.7685088633993744,0.5211267605633803,0.9285714285714286,0.7397714706966458,0.6486486486486487,0.0,0.0,0.5272727272727272,0.0,0.12171837708830546,0.0,0.8,0.0,0.6666666666666667,0.0,0.6553426096088213,0.0415397734194175,0.0,0.0,0.18554476806903986,0.0,0.8813559322033898,0.6666666666666667,0.3721781574130566,0.5,0.6494504586397818,0.6000000000000001,0.42772861356932157,1.0,0.0,0.39619883040935666,0.2109375,1.0,0.0,0.5714285714285714,0.0,0.31534939279315155,0.0,1.0,0.03902807503462158,1.0,0.41788321167883213,0.5,0.690769688357183,0.9678714859437751,1.0,0.15579662789177884,0.2932511491851233,0.9166666666666666,0.2563555847137936,0.33009708737864074,0.0,0.7142857142857142,0.09698312023893385,0.6422935297211994,0.914560770156438,0.021432551759612672,0.7948717948717949,0.75,0.0,0.6385793871866294,0.0,0.0,0.0,0.0,0.0,0.875,0.0,0.7274266114303533,0.6666666666666667,0.1805284772057909,0.3251290877796903,0.5,0.0,0.0,0.2997275204359672,0.0,0.6911665542818611,0.2095588235294117,0.0,0.8571428571428572,0.4895352962043278,0.75,1.0,0.5,0.8571428571428571,0.0,0.8533703123115881,1.0,0.40875896544229506,0.9350042760344714,0.4316681534344333,0.0,0.4722222222222222,0.8925081433224755,0.8333333333333334,0.3510625667814319,0.6918116376724655,0.5155173718870638,0.3528837257119358,0.28157803668243186,0.6262110966109069,0.5476785416815402,1.0,0.5777777777777778,0.15384615384615385,0.8813785733368955,0.5,0.3197242841993636,0.1923076923076923,0.0634595701125894,0.875,0.0,0.0,0.9381962618032673,0.0,0.0,0.0,0.8169209431345353,0.41918522724882723,0.0,0.11951871657754032,0.986993079506774,0.9809556033545206,1.0,0.6445475804405616,0.7708237459733088,0.0,0.990277725154397,0.9379860624237231,0.07692307692307698,0.9920382165605095,0.0,0.0,0.0,0.5291717778727275,0.0,0.0,0.0,0.0,0.7347243847117838,0.0,0.9473684210526315,0.0,0.0,0.0,0.0,0.0,0.7,0.0,0.9032179350312644,0.16045450971141006,0.0,0.057354541055804176,0.9185346292394481,0.0,0.17808219178082185,1.0,0.5395493461685905,0.5,0.0,0.0,0.875,0.0,0.0,0.7435453277786921,0.0,0.0,0.0,1.0,0.0,0.0,0.0,0.0,0.8,0.0,0.8003170106569539,0.0,0.0,0.0,0.0,0.0,0.0,0.0,0.0,0.0,0.0,0.19609967497291436,0.9360986547085202,1.0,0.0,0.5379005751848809,0.0,0.0,0.0,0.0,0.0,0.0,0.0,0.6797433547204399,0.0,0.0,0.0,0.5927272727272725,0.0,0.6727140783744557,0.3595022959561548,0.9623679772787788,0.6758409785932722,0.32523678582340365,0.9370619524405507,0.1461854728186388,0.884167237834133,0.2787212787212786,0.0,0.63818359375,0.9879831764470258,0.34925623297716313,0.0,0.0,0.14491614255765184,0.9414997041170006,0.7708235844642022,0.0,0.5714285714285714,0.4773735581188997,0.4193548387096775,0.18887015177065758,0.25801526717557255,0.5838150289017342,0.4397641112047177,1.0,1.0,1.0,0.8699622549616461,0.26521739130434796,0.0,0.5,0.2500000000000001,1.0,0.9269997411338338,1.0,1.0,0.0,1.0,1.0,0.8193707767201918,0.0,0.5,0.0,0.0,0.0,0.8474025974025974,0.0,0.0,1.0,0.8797216699801192,1.0,0.0,0.11519607843137258,0.0,0.46727605118829985,1.0,1.0,0.0,0.8571428571428571,0.0,0.29953198127925107,0.0,1.0,0.33333333333333326,0.5,0.6460176991150444,1.0,0.8082778876700834,1.0,0.8125,0.7263999999999999,0.0,0.3012195121951219,0.0,0.4545454545454546,0.0,0.0,0.2815691360025938,0.793644996347699,0.8571428571428572,0.11295681063122909,0.7541567695961996,1.0,0.0,0.9402390438247012,0.6666666666666667,0.0,0.33333333333333337,0.6666666666666667,0.0,1.0,0.0,0.6631685849695328,1.0,0.7123417721518988,0.3292682926829268,1.0,0.0,0.0,0.44999999999999996,0.3529411764705882,0.9019908116385911,0.75,0.0,1.0,0.0,1.0,0.8571428571428572,0.75,1.0,1.0,0.9440488301119023,1.0,0.6858755519140607,1.0,0.8305343511450382,0.0,0.37264150943396224,1.0,0.8823529411764706,0.48306734137796803,0.844434857635893,0.8973727422003284,0.8084866691701089,0.5676065676065676,0.9439725579875857,0.6194331983805668,1.0,0.2784491440080564,0.0,0.8853661790208547,1.0,0.7803353864137033,0.0,0.4,1.0,1.0,1.0,0.9444258574751192,0.0,0.0,0.0,0.82698834362208,0.13050030138637736,0.0,0.5447558770343581,0.9952456418383518,0.8841698841698842,1.0,0.7517494409003308,0.2791068580542265,0.0,0.9970934574070883,0.9626639834933897,0.10526315789473684,0.0,0.8550888472815912,0.0,0.0,0.6730708412397217,0.0,0.0,0.0,0.0,0.7438868737419345,0.0,1.0,0.0,0.0,0.0,0.0,0.0,0.5,0.0,0.9502369668246445,0.6651776033308756,0.0,0.9374875229124698,0.7658376930896829,0.0,0.0,0.25,0.48043818466353694,1.0,0.0,0.0,0.9268292682926829,1.0,0.0,0.7162930563149261,0.0,0.0,0.0,0.0,0.0,0.0,0.0,0.0,0.07042253521126773,0.0,0.47812569398178995,0.0,0.0,0.0,0.0,0.0,0.0,0.0,0.0,0.0,0.0,0.0,0.09166666666666667,0.37326273990734604,0.0,0.040983606557377095,0.0,0.0,0.0,0.0,0.0,0.0,0.0,0.0,0.0,0.0,0.0,0.0,0.0,0.551156113042164,0.10134107562560468,0.2811636899281901,0.0,0.161167374496352,0.6938666366425537,0.3076923076923076,0.625,0.27243589743589747,0.6666666666666667,0.20512820512820518,0.4651162790697675,0.11830985915492953,0.0,0.0,0.25356633380884475,1.0,0.0,0.0,0.09523809523809523,0.0,0.45998814463544757,0.0,0.0,1.0,0.0,0.0,0.2500000000000001,0.8571428571428572,0.7458715596330274,0.0,0.0,1.0,0.6785714285714285,0.0,0.04105775922059851,0.0,0.8,0.0,0.5,0.0,0.28873239436619724,0.6198347107438016,0.0,0.0,0.5162561576354681,0.0,0.21052631578947367,0.5714285714285714,0.6956521739130435,0.0,1.0,0.0,0.41176470588235303,0.0,0.5,0.6,0.6666666666666667,0.75,0.0,0.0,0.0,0.0,0.0,0.5,0.26484415810551976,1.0,0.7979319258940112,0.33333333333333326,0.2402148887183423,0.30409356725146186,0.4999999999999999,0.0,0.5691756272401434,0.0,0.0,0.4285714285714286,0.25,0.7,0.0,0.3297297297297299,0.4444444444444444,0.12590639419907723,0.1410256410256412,0.0,0.0,0.30666666666666664,0.0,0.26923076923076916,0.0,0.0,0.0,0.0,0.0,0.0,0.0,0.25508077123501816,0.11494252873563238,0.0,0.7692307692307693,0.0,1.0,0.0,0.41666666666666663,0.16666666666666674,0.6666666666666667,0.0,0.052631578947368474,0.6666666666666666,0.5,0.5,0.0,0.0,0.0,0.25,0.05533371363377082,1.0,0.32906463615125037,0.2093023255813954,0.7777777777777778,0.5150000000000001,0.0,0.41945672773215414,0.2566171723692705,0.3852926463231615,0.0,0.0854629739688576,0.0,0.0,1.0,0.6893903024483918,0.0,0.0,0.0,0.2707325501036627,0.41463414634146345,0.0,0.8,0.0,0.0,0.9235715152250394,0.0,0.0,0.0,0.6530612244897959,0.5557410498979781,0.050000000000000044,0.22413793103448276,0.9576694887007533,0.3872340425531916,0.6666666666666667,0.31045214698726664,0.0,0.0,0.965652805062897,0.907672104225661,0.0,0.9233637523304876,0.4484479121320697,0.0,0.0,0.5816355948491256,0.0,0.0,0.0,0.0,0.9329288843950118,0.0,0.6666666666666667,0.0,0.0,0.0,0.0,0.0,0.5555555555555556,0.0,0.904,0.0,0.0,0.0,0.745014245014245,0.0,1.0,0.3571428571428572,0.5613437195715678,0.0,0.0,0.0,0.8125,m2
0.0,0.0,0.0,0.0,0.0,0.7045300420453003,0.0,0.8206583427922816,0.3748296228986825,0.7686251236399604,0.5017490464238424,0.0,0.0,0.6539057052016973,0.4,0.6598963780983191,0.0,0.0,0.0,0.0,0.0,0.5,0.0,0.0,0.0,0.6099899091826437,0.0,0.0,0.2675975849131611,0.0,0.7954545454545454,0.0,0.0,0.01176470588235301,0.7988879464706437,0.0,0.47531052221883774,0.11907894736842095,0.0,0.0,0.24022438541494806,0.0,0.0,0.3861558554636484,0.48090948090948105,0.3641088572872303,0.06990469528722565,0.6436170212765957,0.6296239914751103,0.486439055520102,0.4913268977839541,0.0,0.01948586588601231,0.4813898850006183,0.0,0.0,0.0,0.06623903652310514,0.0,0.0,0.9012111484021597,0.9043731126272229,0.23838541412762648,0.4808320950965824,0.17543859649122806,0.3880292151522655,0.11418803418803403,0.055445544554455606,0.9631989596879064,0.0,0.0,0.2699756690997567,0.2857142857142857,0.045139277324085514,0.5,0.0,0.0,0.0,0.0,0.0,0.0,0.0,1.0,0.11815252416756161,0.23748079877112138,0.33333333333333337,0.0,0.2500455954769284,0.5714285714285714,0.0,0.6666666666666667,0.0,0.5,0.20775142550202452,0.5,0.7577585453273887,0.0625,0.0851648351648352,0.0,0.0,0.25,0.31818181818181823,0.5714285714285714,0.25,0.3031441291040624,0.6428571428571428,0.0,0.019672635057250587,1.0,0.8363123236124177,1.0,0.4604715672676837,0.49919871794871795,1.0,0.24650971803996713,0.0,0.5,0.0,0.0,0.0,0.0,0.23575384442382852,0.0,0.8654570352618967,0.7149381541389154,0.6547619047619047,0.75,0.0,0.8871794871794871,0.583941605839416,0.9076426024955437,0.33333333333333326,0.0,0.0,0.0,0.0,0.0,0.6666666666666667,0.35730668414154665,0.0,0.5,0.46512534095337055,0.0,0.0,1.0,0.0,0.10378220354467393,0.33333333333333337,0.8571428571428572,0.34351851851851845,0.0,0.7777777777777778,0.5,0.0,0.0,0.6414264646735488,0.0,0.0,0.0,0.1953064764841943,0.4009933342046793,0.7222222222222222,0.6738474535360849,0.8333333333333334,0.7733537519142419,0.5559834267609066,0.0,0.18483829650976635,0.0,0.6561954624781849,1.0,0.0,0.19642857142857162,0.0,0.07790055248618777,1.0,0.25854611413422646,0.0,0.2729323308270678,0.875,0.0,0.0,0.0,0.0,0.0,0.0,0.8003419702748915,0.5819672785633869,0.7906668317094304,0.14419159994381237,0.06245278267438936,0.9469070491396269,1.0,0.21360444397861844,0.4038585209003215,0.84,0.0,0.0,0.0,0.0,0.250299107279811,0.26921998542028835,0.0,0.0,0.0,0.0,0.0,0.0,0.0,0.6647928408978543,0.0,0.0,0.9969868290258449,0.0,0.0,0.7204023944130362,0.23214285714285698,0.7495271548230209,0.0,0.0,0.0,0.9337083776797932,0.5705149742223252,0.9375,0.40201005025125625,1.0,0.530257219227904,0.0,0.0,0.0,0.0,0.0,1.0,0.0,0.0,0.0,0.6000000000000001,0.0,0.984375,0.4213154871897318,1.0,0.788659793814433,0.0,0.0,0.7596403178586365,0.5,0.6863452733638566,0.0,0.0,0.0,0.0,0.0,0.0,0.0,0.0,0.15052660374777727,0.94,0.0,0.0,0.556516382221411,0.0,0.6666666666666667,0.0,0.0,0.0,0.8841698841698842,0.0,0.6843135213906526,0.731444099378882,0.0,0.0,0.14095982142857155,0.028778085564789113,0.0,0.7373397228338299,0.046425255338904514,0.3711426188490409,0.6515349696083712,0.7774327307975372,0.808974358974359,0.7402868318122555,0.34593175853018376,1.0,0.5641367066134044,0.6451662561576355,0.0,0.0,0.0,0.23627346794190573,0.0,0.0,1.0,0.9428571428571428,0.5446496331899824,0.7294845360824742,0.0,0.0,0.29999999999999993,0.0,1.0,0.0,0.0,0.008147512864493778,1.0,0.0,1.0,0.0,1.0,0.0,1.0,1.0,0.0,0.5,1.0,0.0,0.43582510578279265,0.2500000000000001,0.0,0.0,1.0,0.33333333333333326,1.0,0.19979577944179716,1.0,0.23654665118079732,0.7,0.9633943427620633,0.12494402149574546,0.36363636363636365,0.0,0.0,0.0,0.4274999999999999,0.8571428571428571,1.0,0.33565288579615216,0.75,0.0,0.0,0.5,0.7881136950904393,1.0,0.482313249727372,0.5727618389215346,0.8125,0.8387286639199529,0.3765743073047859,0.234375,1.0,0.5,0.0,0.5416666666666667,0.6267859946616423,0.27616599338964376,0.8928571428571428,0.3953188748121109,0.7106149957877,1.0,0.0,0.8029906542056074,0.33333333333333337,0.9521477543025045,0.33333333333333337,0.0,0.0,1.0,0.0,0.0,1.0,0.6293588301462317,0.0,1.0,0.4790343074968233,0.0,0.44999999999999996,0.8823529411764706,0.0,0.5,0.8,1.0,0.8,0.5,0.8571428571428572,1.0,0.0,0.5,0.9471270821635785,0.0,0.0,0.3429833169774289,0.0,0.17815200531797015,0.9583333333333334,0.0,0.8823529411764706,1.0,0.8122319597240351,0.3709327548806941,0.8338220918866079,0.0,0.9346309217774513,1.0,0.0,0.6476810414971522,0.0,0.4849037307127929,1.0,0.41663883986070693,0.44999999999999996,0.4,1.0,0.0,1.0,0.0,0.0,0.0,0.0,0.854220600769482,0.8838095238095238,0.8786032341223342,0.6278960917388252,0.5837330037082817,0.9716821393121972,1.0,0.4088892981567598,0.08749999999999969,0.9545454545454546,0.0,0.0,0.0,0.0,0.0,0.5569255865278511,0.0,0.0,0.0,0.0,0.0,0.0,0.0,0.6510956344487855,0.0,0.0,0.9982283431665859,0.0,0.0,0.7175572519083969,0.5,0.7258335080729713,0.0,0.0,0.0,0.501929816778315,0.5410075135529276,1.0,1.0,0.6666666666666667,0.45661914460285136,0.5,0.0,0.0,0.0,0.0,0.0,0.0,0.0,0.0,0.593969592436438,0.0,0.7142857142857143,0.7152255639097744,0.6779725609756098,0.526849702230746,0.0,0.0,0.6470334101382489,0.33333333333333326,0.9119897959183674,0.0,0.0,0.0,0.0,0.0,0.6000000000000001,0.0,0.0,0.0,0.2410714285714286,0.2455357142857143,0.0,0.8955223880597015,0.0,0.7777777777777778,0.0,0.0,0.8181818181818181,0.7121212121212122,0.0,0.14102564102564086,0.0,0.0,0.0,0.0,0.0,0.0,0.5849706997587039,0.6749123130884254,0.6084402871437894,0.0,0.5079831932773109,0.0,0.2925278219395867,0.0,0.0,0.20512820512820518,0.45977011494252884,0.06606519208381834,0.0,0.0,0.1438356164383563,0.0,0.005955274671852195,0.6015104398045313,0.8023166023166023,0.0,0.31446078431372537,0.6307692307692307,0.7701149425287357,0.4736842105263157,0.2857142857142857,0.5555555555555556,0.5,0.0,0.0,0.0,0.0,0.2857142857142858,0.4626865671641791,0.0,0.0,0.0,0.0,0.0,0.0,0.0,0.0,0.2515723270440251,0.5714285714285714,0.0,0.27281947261663286,0.3999999999999999,0.0,0.5714285714285714,0.0,0.0,0.0,0.5,0.3203883495145631,1.0,0.0,0.0,0.33333333333333337,0.0,0.0,0.0,0.0,0.0,0.0,0.5,0.2135179153094463,1.0,0.9816265060240964,0.0,0.07017543859649122,0.2806666666666666,0.6140350877192982,0.0,0.15441176470588236,0.0,0.27929069031032305,0.5714285714285714,0.25,0.0,0.04878048780487809,0.7798742138364779,0.0,0.6739130434782609,0.0,0.0,0.0,0.7295081967213115,0.7142857142857143,0.6057692307692308,0.4285714285714285,0.0,0.2320390170699681,0.0,0.0,0.0,0.0,0.1902834008097165,0.0,0.0,0.6007326007326008,0.0,1.0,0.18181818181818177,0.0,0.38247011952191223,0.0,0.0,0.08333333333333337,0.0,0.5,0.0,0.0,0.5,0.14841564187650458,0.0,0.20739456961294045,0.0,0.6196865607556891,0.0,0.5555555555555556,0.0,0.0,0.7491510074711343,0.2566171723692705,0.0,0.0,0.6163011387600168,0.2416666666666667,1.0,0.0,0.92,0.11111111111111116,0.564105077435797,0.5,0.0,0.0,0.3979274611398964,0.8,0.4,0.0,0.0,0.0,0.0,0.0,0.34674922600619196,0.4456589958158995,0.4285714285714286,0.206896551724138,0.1163950050096525,0.43956043956043955,0.33333333333333337,0.15025218248581917,0.0,1.0,0.0,0.0,0.0,0.0,0.6923828590495258,0.49021413769283917,0.0,0.08610962501823838,0.0,0.0,0.0,0.0,0.0,0.40723701672122437,0.0,0.0,1.0,0.0,0.0,0.851374869474417,0.5555555555555556,0.7272727272727273,0.0,0.232001582278481,0.0,0.0,0.8202080237741456,0.9,0.0,0.3571428571428572,0.5613437195715678,0.0,0.0,0.0,0.0,m2
0.0,0.0,0.7889382785459529,0.0,0.0,0.0,0.0,0.13333333333333341,0.3842251840063656,0.0,0.0,0.0,0.0,0.0,0.4,0.0,0.0,0.0,0.0,0.4729683851415132,0.4785655110437115,0.0,0.6278722769322591,0.0,0.0,0.6873610081541883,0.6764032073310424,0.6030888030888031,0.3223887055768918,0.8902217375499818,0.0,0.0,0.8931419457735248,0.8328173374613003,0.0,0.0,0.47531052221883774,0.0,0.0,0.0,0.7799578401167504,0.541125988729773,0.6057846945592201,0.3867565510492551,0.4541359096830221,0.8863718607512485,0.48145816942040387,0.0,0.9625513776830568,0.0,0.1399774176408075,0.33333333333333337,0.01655538278606039,0.32274754683318463,0.3368056347017391,0.25543478260869557,0.0,0.05222088835534233,0.413762211509748,0.5548400982906749,0.0,0.21269136379572284,0.5907060771817132,0.44022120102811746,0.17543859649122806,0.38592473384501136,0.49572649572649563,0.0,0.09508133230054205,1.0,0.43312883435582805,0.13324732768153325,0.0,0.6205392102024835,1.0,0.0,0.0,0.18066561014263083,0.0,0.4,1.0,0.6666666666666667,0.0,0.5531149301825993,0.0,0.22222222222222232,0.9446297531687792,0.250677915034649,0.1428571428571428,0.45197740112994356,0.6666666666666667,0.2743112434847358,0.5,0.0,0.6000000000000001,0.999418942475305,0.0,0.060439560439560336,0.39619883040935666,0.10821643286573146,0.0,0.0,0.2857142857142857,0.8823529411764706,0.8002371072910492,0.6428571428571428,1.0,0.0,0.5714285714285714,0.8452459016393443,0.7777777777777778,0.5759676487579434,0.0,1.0,0.1981957721825771,0.8622417031934878,0.0,0.1894340121660939,0.21313923105636423,0.0,0.5,0.22514536540873342,0.0,0.0,0.5805664791677039,0.0,0.75,0.0,0.5435897435897434,0.043062200956938024,0.9621395553598944,0.33333333333333326,0.0,0.11495063469675593,0.875,0.0,0.4570024570024571,0.6666666666666667,0.14651578320428837,0.3514276988853259,0.0,0.04563948346010982,0.6666666666666667,0.35164835164835184,1.0,0.5324324324324323,0.0,0.33333333333333337,0.8571428571428572,0.2592592592592593,0.0,1.0,0.5,0.8571428571428571,0.5,0.42709809478822236,0.7,0.4197153789353564,0.6025127131319172,0.0934023033378879,0.0,0.7222222222222222,0.0,0.8333333333333334,0.012014969470159231,0.4322474032105761,0.0,0.18483829650976635,0.2831065954882038,0.3960053407449795,0.0,0.0,0.0,1.0,0.8854193548387097,0.6666666666666667,0.3157181571815718,0.0,0.25803981623277183,0.75,0.0,0.0,0.9544767846274237,0.0,0.0,0.0,0.0,0.04417975094748228,0.0,0.5200534759358288,0.9055319148936171,0.0,0.0,0.0,0.48843464228079625,0.16000000000000003,0.0,0.9392737772525036,0.16666666666666663,0.5699797160243407,0.5128782195548887,0.37141277811046103,0.7266137144046338,0.0,0.0,0.0,0.0,0.0,0.5287992922017225,0.8362148493037693,0.0,0.0,0.0,0.0,0.0,0.0,0.0,0.0,0.0,0.22262049649055526,0.0,0.0,0.5691282039348916,0.0,0.5,0.8275862068965517,0.0,0.5,0.0,0.0,0.0,0.0,0.0,0.7593442129803715,0.0,0.0,0.0,0.0,0.0,0.44626059420694797,0.0,0.0,0.0,0.0,0.0,0.5,0.0,0.0,0.0,0.0,0.7411825838439388,0.6709427060161154,0.0,0.7186900459554723,0.0,0.0,0.9360986547085202,0.8,0.5189873417721519,0.563536626806259,0.8355365011313565,0.0,0.0,0.7608247422680412,1.0,0.0,0.0,0.6843365466697204,0.0,0.0,0.0,0.7918882978723405,0.7390546122074346,0.7286277197190336,0.6916873449131513,0.7246175243393602,1.0,0.0,0.705461741424802,0.9947729500163345,0.0,0.4363636363636364,1.0,0.0,0.0,0.252919855014096,0.2422571064913025,0.0,0.15859609609609604,0.7894736842105263,0.8116913852950458,0.0,0.0,0.0902509652509651,0.41917525773195874,0.0,0.0,0.8473684210526315,0.2124430955993929,0.6296296296296297,1.0,0.9424242424242424,0.0,0.0,0.7750692520775623,0.5,0.0,1.0,0.8624813153961136,1.0,1.0,1.0,1.0,1.0,0.8196982883666957,0.0,0.0,0.875725900116144,0.5561719833564494,0.0,0.3392857142857143,0.0,0.8202054794520548,1.0,0.0,1.0,1.0,0.0,0.36363636363636365,0.5509391007398975,0.0,0.0,0.0,0.5714285714285714,1.0,0.7918994413407822,0.75,0.0,0.1428571428571428,0.5,0.6628849270664505,1.0,0.680527995858856,0.0,0.6875,0.8370400323493732,0.9186602870813397,0.0,0.34615384615384615,0.2727272727272728,0.0,0.5833333333333333,0.6245936731943234,0.0,0.0,0.9793162576358375,0.03007518796992481,1.0,0.0,0.5268571428571429,0.6666666666666667,0.9646045175813087,0.33333333333333337,0.6666666666666667,0.6018962075848304,1.0,0.0,0.7270707711837512,1.0,0.6785955435516543,0.31464174454828653,0.0,0.23250345781466109,1.0,0.44999999999999996,0.5882352941176471,0.7549770290964778,0.2941176470588235,0.8,1.0,0.6363636363636365,0.5,0.0,1.0,1.0,1.0,0.9156675472464946,1.0,0.6667131631561818,1.0,0.0,0.3144411300228108,0.9583333333333334,0.0,0.8823529411764706,0.7945922372437855,0.6537149355572403,0.2775041050903121,0.7648921914971373,0.5290548867191205,0.0,0.0,0.0,0.24084621643612703,0.0,0.8853661790208547,1.0,0.2549019607843137,0.44999999999999996,0.4,0.6666666666666666,1.0,1.0,0.9510912228142361,0.0,0.0,0.0,0.0,0.999098896147781,0.0,0.0,0.9469370021723389,0.0,0.5,0.0,0.23731138545953367,0.13636363636363646,0.0,0.9629349532011092,0.1724137931034483,1.0,0.2837584699706298,0.5510169285105346,0.742430613961312,0.02089534106784907,0.0,0.0,0.0,0.0,0.655917749262772,0.8988817090082912,0.0,0.0,0.0,0.0,0.0,0.0,0.0,0.0,0.0,0.7743677581863979,0.0,0.4462796534693547,0.4994677295571013,0.0,0.0,1.0,0.0,1.0,0.0,0.0,0.0,0.0,0.0,0.698893499308437,0.0,0.0,0.0,0.0,0.0,0.2325213540018981,0.0,0.0,0.0,0.0,0.0,0.33333333333333326,0.0,0.0,0.0,0.0,0.11988304093567259,0.30499609679937534,0.0,0.6006222432262129,0.0,0.0,0.2410714285714286,0.8194444444444444,0.7117224880382775,0.0,0.6408875484704869,0.0,0.0,0.5492253873063468,0.0,0.0,0.0,0.0,0.4516599781101788,0.0,0.0,0.945273631840796,0.30384419551934827,0.4819165378670789,0.3877724313614491,0.3058234421364987,0.6820388349514563,0.804513009440479,0.068865530989489,0.7692307692307692,0.0,0.09285714285714286,0.33333333333333337,0.0,0.8493975903614458,0.0,0.0,0.0,0.1438356164383563,0.3030303030303031,0.032439376907017925,0.0,0.25482625482625487,0.7377701934015928,0.3744227353463587,0.19148936170212771,0.7701149425287357,1.0,0.0,0.6453900709219857,0.2500000000000001,1.0,0.0,0.23076923076923073,0.25418569254185686,0.0,0.5609756097560975,0.0,0.04105775922059851,0.0,0.4,0.0,0.5,0.0,0.1578947368421052,0.0,0.5714285714285714,0.7963393375944218,0.3295727316370619,0.19999999999999996,0.21052631578947367,0.5714285714285714,0.13043478260869568,0.0,1.0,0.0,0.9895833333333334,0.0,0.0,1.0,0.5,0.0,0.0,0.0,0.5,0.2857142857142857,0.0,0.0,0.0,1.0,0.685099846390169,0.8333333333333333,0.75,0.6969314838167298,0.0,0.0,0.7938144329896908,0.625,0.0,0.5714285714285714,0.25,0.19999999999999996,0.04878048780487809,0.7702996092053843,0.2222222222222221,0.6282722513089005,0.37903225806451624,0.0,0.0,0.0,0.0,1.0,0.4285714285714285,0.6666666666666667,0.0,0.0,0.0,0.22797579018157388,0.0,0.0,0.12585812356979387,0.0,0.2727272727272727,0.0,1.0,0.18181818181818177,0.08333333333333326,0.0,0.0,0.0,0.11868686868686873,0.0,0.0,0.0,0.0,0.5,0.14841564187650458,0.25,0.0567734682405846,0.26923076923076916,0.6021089051816457,0.0,0.5555555555555556,0.40790513833992104,0.0,0.0,0.1468689477081988,0.0,0.0,0.0,0.6827654181920586,0.44482891195693963,0.0,0.0,0.11111111111111116,0.0,0.0,0.3189771197846566,0.0,0.353631284916201,0.8,0.0,0.0,0.9290076266816245,0.0,0.0,0.0,0.045038705137227186,0.010672043010752752,0.0,0.6681896551724138,0.0,0.6376106194690265,0.0,0.0,0.0,0.5,0.0,0.9113556022791336,0.5,0.646714421221339,0.21421034118888482,0.4956438878301117,0.7254901960784315,0.08610962501823838,0.0,0.0,0.0,0.0,0.9327929753461668,0.9074177356385945,0.0,0.0,0.0,0.0,0.0,0.0,0.0,0.0,0.0,0.0,0.0,0.01425226035576388,0.522810901367158,0.0,0.5,0.0,0.0,0.0,0.0,0.0,0.0,m2
0.0,0.0,0.0,0.0,0.0,0.7078925022376243,0.0,0.0,0.0,0.0,0.651779593988927,0.0,0.0,0.0,0.0,0.0,0.0,0.0,0.0,0.0,0.0,0.5,0.0,0.0,0.10638994190961892,0.0,0.0,0.7602256699576869,0.0,0.0,0.0,0.0,0.0,0.0,0.0,0.0,0.0,0.765895560931851,0.892483422131933,0.0,0.0,0.0,0.34441035284802324,0.0,0.8305471124620061,0.2591496426766766,0.0,0.0,0.6296239914751103,0.6989470325462668,0.14610066027158353,0.6666666666666667,0.0,0.0,0.3368056347017391,0.0,0.0,0.0,0.0,0.0,0.5664427570093458,0.2160957297043642,0.39448988809153407,0.93000693000693,0.4876589379207179,0.0,0.0,0.04320601127113344,0.9620738636363636,0.0,0.0,0.13324732768153325,0.0,0.018671550453388086,0.4444444444444444,0.0,0.0,0.16352877891339423,0.6666666666666667,0.4,0.0,0.6666666666666667,0.0,0.11815252416756161,0.6458424507658642,0.0,0.0,0.24609595484477886,0.5714285714285714,0.45197740112994356,0.0,0.0,0.5,0.17676225105363186,0.6000000000000001,0.0,0.0625,0.0,0.0,1.0,0.7448648648648649,0.27586206896551724,0.2857142857142857,0.515897435897436,0.9028723719277465,0.6428571428571428,0.0,0.0,0.5714285714285714,1.0,1.0,0.0,0.0,0.020242914979757054,0.29240488943826404,0.0,0.5,0.5679965923612098,0.15832037325038884,0.6194029850746269,0.45833333333333337,0.08307329003963937,0.917514401274666,0.8455538221528861,0.6220595108272315,0.0,0.75,0.0,0.0,1.0,0.7167724093053522,0.4444444444444444,0.0,0.6813655761024182,0.875,0.0,0.0,0.6666666666666667,0.0,0.4930523744083066,0.5,0.463941681853684,0.0,0.2997275204359672,0.1578947368421053,0.0,0.0,0.33333333333333337,0.8571428571428572,1.0,0.0,0.7777777777777778,0.5,0.0,0.0,0.0,0.0,0.4097541909146183,0.0,0.0,0.48587947520569263,0.0,0.0,0.0,0.0,0.0,0.0,0.13923171860536887,0.2244876943672124,0.6403441049961398,0.0,1.0,0.0,0.0,0.0,0.5,0.8251767264817836,1.0,0.6184826724945365,0.0,0.0,0.0,0.0,0.0,0.0,0.0,0.04498224385111127,0.0,0.0,0.04588659455916089,0.9034815353108278,0.9265883031657893,1.0,0.0,0.0,0.84,0.0,0.0,0.0,0.6329136502586372,0.001585081585081527,0.37141277811046103,0.6636263261485287,0.0,0.0,0.0,0.0,0.0,0.0,0.0,0.0,0.0,0.0,0.0,0.0,0.0,0.0,0.0,0.9079822910315208,0.0,0.0,0.0,0.8082752082345771,0.0,1.0,0.0,0.0,0.0,0.0,0.0,0.0,0.0,0.0,0.0,0.0,0.0,0.6714285714285715,0.0,0.0,0.0,0.0,0.9027777777777778,0.0,0.0,0.0,0.0,0.0,0.0,0.0,0.0,0.0,0.0,0.0,0.0,0.0,0.0,0.0,0.0,0.5189873417721519,0.0,0.0,0.0,0.0,0.0,0.0,0.0,0.0,0.0,0.7960852488571244,0.8807686726006192,0.0,0.1252115059221658,0.0,0.5607160135462023,0.0,0.960561808203888,0.6666666666666666,0.648129958443521,0.7141077072696328,0.7199745141764893,0.8936996118244251,0.4363636363636364,1.0,0.0,0.6184591112279779,0.0,0.0,0.0,0.0,0.0,0.0,0.7108559498956158,0.0,0.7507785674359179,0.9007444168734492,1.0,0.16206123973114261,0.0368421052631579,0.0,1.0,0.0,0.29211469534050183,0.0,0.0,0.0,0.0,0.0,1.0,0.9179140511830034,1.0,1.0,0.0,1.0,0.0,0.0,0.8581979320531757,0.5,0.0,0.0,1.0,0.3392857142857143,0.0,0.2071917808219178,1.0,0.4325737766156146,1.0,0.5236270753512133,0.140068886337543,0.0,0.0,1.0,0.8636363636363636,0.4274999999999999,0.5714285714285714,0.0,0.9415274463007159,0.75,0.0,0.1428571428571428,0.5,0.6923076923076923,1.0,0.0,0.0,0.0625,0.8387286639199529,0.4438202247191011,0.3653846153846154,0.5192307692307692,0.2727272727272728,0.9166666666666666,0.5416666666666667,0.28759595959595974,1.0,0.8571428571428572,0.0,0.06318252730109208,1.0,0.0,0.0,0.6666666666666667,0.5793871866295264,0.6666666666666667,0.0,0.8432677469135803,1.0,0.0,0.5416012558869703,1.0,0.8402903811252269,0.7476635514018692,1.0,0.5210843373493976,0.0,0.44999999999999996,0.5882352941176471,0.0,0.0,0.8,1.0,0.5454545454545454,0.5,0.8571428571428572,1.0,0.0,1.0,0.0,0.0,0.6599902823516709,0.25031133250311344,0.15147407658420875,0.889372649910944,0.0,0.0,0.0,0.7945922372437855,0.0,0.2775041050903121,0.7648921914971373,0.5344743541136328,0.9346309217774513,0.0,0.8,0.24084621643612703,0.0,0.0,1.0,0.7602442398511664,0.65,0.0,0.0,1.0,1.0,0.0,0.0,0.0,0.0,0.0,0.9758707723372034,0.0,0.9124365482233503,0.9205171590958393,0.9286452947259566,1.0,0.0,0.0,0.9545454545454546,0.0,0.0,0.0,0.46478873239436613,0.8089775907125183,0.5469833308747603,0.7290337283500457,0.0,0.0,0.0,0.0,0.0,0.0,0.0,0.0,0.0,0.0,0.0,0.0,0.0,0.0,0.0,0.9384615384615385,0.0,0.0,0.7653911118877046,0.49133660253992206,0.0,0.75,0.0,0.0,0.5,0.0,0.0,0.0,1.0,0.0,0.0,0.0,0.0,0.8651975382171928,0.0,0.0,0.0,0.0,0.526849702230746,0.0,0.0,0.0,0.0,0.0,0.0,0.0,0.0,0.0,0.0,0.6000000000000001,0.0,0.0,0.7464932126696833,0.0,0.0,0.7439791711868085,0.0,0.0,0.0,0.0,0.0,0.0,0.0,0.0,0.0,0.5308689024390245,0.7639391745112238,0.0,0.726938625505329,0.0,0.42584562012142224,0.0,0.7616762045412591,0.0,0.0,0.068865530989489,0.0,0.7641759406465289,0.5373754152823921,0.6666666666666667,0.0,0.0,0.0,0.0,0.0,0.0,0.0,0.010064265793621852,0.18765957446808512,0.25482625482625487,0.3087315130830488,0.8559866034049679,0.5081967213114753,0.1791187739463601,0.0,0.2857142857142857,0.5555555555555556,0.5,0.0,0.0,0.5,0.0,0.8571428571428572,0.0,0.0,0.04038997214484685,0.6666666666666666,0.4,0.0,0.5,0.33333333333333326,0.12765957446808518,0.6838085539714867,0.0,0.0,0.3295727316370619,0.3999999999999999,0.21052631578947367,1.0,0.0,0.0,0.0,0.0,0.0,1.0,0.5,0.0,1.0,0.75,0.0,0.0,0.25,0.8571428571428571,0.0,0.0,0.0,1.0,0.8296931158418579,0.16666666666666663,0.0,0.6969314838167298,0.0,0.0,0.0,0.0,0.8796706776440786,0.045112781954887105,0.25,0.0,0.0,0.690990990990991,0.4444444444444444,0.5026178010471205,0.36448598130841114,0.0,0.0,0.60625,0.5714285714285714,0.9021739130434783,0.4285714285714285,1.0,0.2776214593884825,0.0,0.0,0.0,0.0,0.0,0.0,0.0,0.6007326007326008,0.0,1.0,0.18181818181818177,0.0,0.0,0.0,0.0,0.6843434343434343,0.0,0.5,0.0,0.0,0.0,0.6362157589953803,0.0,0.0567734682405846,0.0,0.0,0.23809523809523803,0.0,0.33323244552058096,0.0,0.0,0.0,0.0,0.0,0.0,0.24739509997183895,0.44482891195693963,0.8,0.0,1.0,0.21152715153891388,0.0,0.3294768611670019,1.0,0.7868325973504616,0.0,0.0,0.0,0.0,0.0,0.0,0.0,0.045038705137227186,0.0,0.0,0.4482758620689655,0.0,0.40611353711790377,0.6666666666666667,0.0,0.2571819425444597,1.0,0.0,0.0,0.0,0.6562186727260576,0.4411691409448538,0.21159438614236936,0.010928961748634003,0.0,0.0,0.0,0.0,0.0,0.0,0.0,0.0,0.0,0.0,0.0,0.0,0.0,0.0,0.0,0.8787446504992867,0.15294815987336774,0.0,0.14827072646036754,0.522810901367158,0.0,0.5,0.3571428571428572,0.0,0.0,0.0,0.0,0.0,m2
0.0,0.0,0.0,0.0,0.0,0.0,0.0,0.0,0.0,0.7004636350864046,0.0,0.783677482792527,0.0,0.0,0.4,0.0,0.0,0.0,0.33333333333333326,0.0,0.0,0.0,0.0,0.0,0.0,0.7158883381163579,0.0,0.0,0.0,0.8885619713129828,0.0,0.0,0.0,0.0,0.0,0.8621834786218348,0.0,0.11907894736842095,0.0,0.0,0.8539221382916908,0.6155255705480593,0.0,0.4821263955751306,0.0,0.0,0.06800070058674135,0.3452300135771901,0.3070082893745292,0.0,0.48599678907265353,0.33333333333333337,0.2586450112470928,0.0,0.0,0.0,0.0,0.0,0.4123821308187908,0.8150484734481261,0.5551094157799639,0.9008661048689138,0.2365414407436095,0.0,0.0,0.2829687697559742,0.27838908450704225,0.0,0.9513243894048847,0.0,0.0,0.13324732768153325,0.4285714285714286,0.0,0.5,0.0,0.0,0.712526766595289,0.6666666666666667,0.0,1.0,0.0,1.0,0.0,0.16761217122227956,0.0,0.37747476071849995,0.0,0.0,0.44067796610169496,0.0,0.0,0.5,0.0,0.6000000000000001,0.0,0.0625,0.0851648351648352,0.0,0.44767441860465107,0.0,0.0,0.2857142857142857,0.0,0.730578080041852,0.0,1.0,0.33637717121588073,0.0,0.55031817110535,0.33333333333333337,0.45827518838961767,0.9583333333333334,1.0,0.5169258920402562,0.4488517745302715,0.0,0.21864141765114642,0.4494556765163298,0.8333333333333334,0.5,0.23355606304096532,0.9180078683834049,0.8322851153039832,0.0,0.43298585256887556,0.75,0.0,0.12598425196850382,0.583941605839416,0.4133582818093069,0.0,0.0,0.5471698113207546,0.0,0.0,0.9603061224489796,0.6666666666666667,0.45008799718409,0.48377716559534745,0.5,0.463941681853684,0.0,0.35164835164835184,0.0,0.6323641928079572,0.0,0.33333333333333337,0.8571428571428572,0.5326404676843131,0.0,0.0,0.5,0.9285714285714286,0.0,0.6480415059488238,0.0,0.5366548042704626,0.0,0.5379815518176885,0.9706320071435658,0.9166666666666666,0.6546596763988068,0.0,0.0,0.0,0.0,0.04027439699048463,0.0,0.0,0.0,1.0,0.19552058111380144,0.0714285714285714,0.7849258364953432,0.6666666666666667,0.25817846720933824,0.1923076923076923,0.0,0.875,0.0,0.0,0.0,0.0,0.0,0.0,0.09272467902995718,0.8143672807562272,1.0,0.0,0.028977974140731777,0.0,1.0,0.632204934354855,0.0,0.76,0.0,0.9638885643063021,0.07692307692307698,0.0,0.9121761575475607,0.7503966728754594,0.6636263261485287,0.5383724182014302,0.0,0.0,0.0,0.0,0.0,0.8517770027271641,0.0,0.0,0.9775720675944334,0.0,0.0,0.0,0.4666666666666667,0.7485581450094162,0.9945649791803638,0.17560129550643322,0.0,0.10913557679331609,0.0,0.0,0.5,0.0,0.0,0.5,0.0,0.0,0.0,0.0,1.0,0.0,0.0,0.0,0.0,0.0,0.0,0.0,0.5452830188679245,0.0,0.8,0.0,0.0,0.5,0.0,0.0,0.0,0.5,0.0,0.0,0.0,0.0,0.0,0.15052660374777727,0.9444822116474054,0.0,0.0,0.0,0.8142610695802185,0.0,0.0,0.0,0.25,0.0,0.7073170731707317,0.0,0.7418496221797459,0.0,0.0,0.801500223914017,0.8504501016358532,0.0,0.6347150259067357,0.0,0.4580812445980984,0.3600746268656717,0.7123186506896633,0.3215223097112859,0.0,0.34593175853018376,1.0,0.0,0.6373809523809524,0.0,0.0,0.0,0.0,0.31620271234832265,0.7959607317389612,0.7026047955839227,0.9428571428571428,0.6397084836906531,0.0,0.18360655737704912,0.6603053435114504,0.0,0.31218274111675126,1.0,0.0,0.4370629370629371,0.0,0.26521739130434796,0.0,1.0,0.2500000000000001,1.0,0.857379767827529,1.0,1.0,0.0,0.5,0.0,0.045702245150039955,0.2609308885754583,0.5,0.4189868522815158,0.6280991735537189,0.0,0.7857142857142857,0.0,0.14632983794089605,1.0,0.0,1.0,0.0,0.10522832561217732,0.36363636363636365,0.0,0.8571428571428572,0.0,0.0,0.5714285714285714,0.0,0.8135034993824619,0.0,0.0,0.5238095238095237,0.0,0.9047619047619048,1.0,0.48187182373205095,0.6640369967355821,0.8125,0.05890944498539408,0.7730337078651686,0.0,0.34615384615384615,0.6363636363636365,0.08333333333333337,0.5833333333333333,0.6195555555555556,1.0,0.8928571428571428,0.5424189167598659,0.6395806028833552,1.0,0.0,0.5995203836930456,1.0,0.7187813860060261,0.33333333333333337,0.6666666666666667,0.8543812391063224,1.0,0.0,1.0,1.0,0.7123417721518988,1.0,1.0,0.5027365129007036,0.0,0.44999999999999996,0.3529411764705882,0.6875957120980092,0.29216467463479423,0.8,1.0,0.16129032258064502,0.5,0.0,0.75,1.0,1.0,0.8285714285714285,0.0,0.6265032107413894,0.029088913282107498,0.830735343951203,1.0,1.0,0.38847305389221554,0.0,0.6989247311827957,0.0,0.3709327548806941,0.7935126582278481,0.7778534459275401,0.05880946688979194,0.4406546644844518,1.0,0.5043914680050189,0.0,0.6532745992994375,1.0,0.4020455295282086,0.0,0.5348837209302325,1.0,0.0,1.0,0.0,0.0,0.0,0.0,0.30843251456064813,0.9857489387507581,0.97900466562986,0.6970517448856799,0.568028653565201,0.0,1.0,0.8479183673469388,0.0,0.8181818181818182,0.0,0.9750141753885542,0.10526315789473684,0.0,0.931735532947146,0.8201932922108733,0.728414801279123,0.7277784855820273,0.0,0.0,0.0,0.0,0.0,0.9241255312193527,0.0,0.0,0.9875550884400864,0.0,0.0,0.0,0.5,0.7258335080729713,0.9954323001631321,0.6428239017125837,0.0,0.07319612396892783,0.0,0.0,0.0,0.0,0.0,1.0,0.0,0.0,0.0,0.0,0.0,0.0,0.0,0.0,0.0,0.0,0.0,0.0,0.6756861981701383,0.0,0.07042253521126773,0.0,0.0,0.33333333333333326,0.0,0.0,0.0,0.6666666666666667,0.0,0.0,0.0,0.0,0.0,0.0,0.5357142857142858,0.0,0.0,0.0,0.6548783024755565,0.0,0.0,0.0,1.0,0.0,0.865752777121248,0.28042328042328046,0.0,0.0,0.0,0.3465807375581811,0.5814558652331713,0.0,0.5340423817581177,0.7864768683274022,0.0,0.0,0.0,0.3076923076923076,0.0,0.0,0.33333333333333337,0.0,0.0,0.01638530287984097,0.0,0.0,0.0,0.3544973544973544,0.4735191217275908,0.27543314082629944,0.8095238095238095,0.0,0.0,0.0,0.0,0.4374999999999999,0.0,0.5555555555555556,0.5,0.0,0.0,0.0,0.0,0.2857142857142858,0.0,0.0,0.07033426183844005,0.6666666666666666,0.0,0.0,0.0,0.33333333333333326,0.03273809523809512,0.0,0.0,0.5523056653491435,0.0,0.0,0.21052631578947367,1.0,0.0,0.0,0.5,0.0,0.0,0.0,0.0,0.0,0.0,0.0,0.0,0.0,0.0,0.2857142857142857,0.0,0.0,0.3854571984435795,0.10909090909090913,0.4563636363636364,0.16666666666666663,0.07017543859649122,0.0,0.0,1.0,0.48951048951048937,0.625,0.0,0.18796992481203012,0.75,0.19999999999999996,0.04878048780487809,0.7619392185238785,0.0,0.0,0.0825688073394496,0.0,0.0,0.0,0.7142857142857143,0.0,0.0,1.0,0.2776214593884825,0.0,0.0,0.6504593322876988,0.0,0.17396870554765298,0.07147220525351261,0.0,0.0,0.0,0.0,0.0,0.5,0.0,0.0,0.0,0.0,0.0,0.0,0.5,0.5,0.0,0.14841564187650458,0.0,0.03986135181975747,0.0,0.40734487125369356,0.8608247422680413,0.7777777777777778,0.0,0.0,0.0,0.0,0.0,0.09495949594959485,0.05820328975115985,0.0,0.0,1.0,0.0,0.11111111111111116,0.3353789207091369,0.0,0.5593561368209254,0.41463414634146345,0.16415868673050615,0.8,0.4,0.0,0.0,0.0,0.0,0.0,0.0,0.8031411359724613,1.0,0.22413793103448276,0.1993626153332133,0.4928940568475453,0.33333333333333337,0.4876112040251289,0.328054298642534,0.6666666666666666,0.0,0.9443580521521991,0.0,0.0,0.839038199933821,0.48477686639788686,0.010928961748634003,0.613299347260734,0.0,0.0,0.0,0.0,0.0,0.6023637788475379,0.0,0.0,1.0,0.0,0.0,0.0,0.5555555555555556,0.7272727272727273,0.9543509272467903,0.0,0.0,0.2565360491833819,0.0,0.0,0.0,0.3571428571428572,0.0,0.0,0.0,0.0,0.0,m2
0.0,0.0,0.0,0.0,0.0,0.0,0.0,0.0,0.0,0.0,0.6514026272266641,0.6727004063538973,0.0,0.0,0.4,0.0,0.0,0.7076810686704238,1.0,0.0,0.0,0.0,0.0,0.7222963951935915,0.0,0.0,0.0,0.0,0.2793366970582162,0.8878708551483421,0.0,0.0,0.0,0.2857142857142857,0.0,0.0,0.4750626915575369,0.0,0.8328905801263642,0.0,0.0,0.5296053511705686,0.341120785663663,0.0,0.5037451150673035,0.0,0.6180488659252124,0.9776905167321125,0.0,0.0,0.0,0.33333333333333337,0.41563365903456306,0.0,0.36045325170506426,0.0,0.0,0.0,0.77334794720738,0.0,0.0,0.2156611039794608,0.5513830101387933,0.0,0.0,0.3725550878930429,0.0,0.01577669902912604,0.8001300390117034,0.9303370786516854,0.0,0.49493180980464424,0.0,0.5104813986245753,0.0,0.0,0.0,0.0662818841928875,0.0,0.4,0.0,0.6666666666666667,1.0,0.238445968739458,0.8502862711657936,0.0,0.7106332765176346,0.545612422106446,0.0,0.9491525423728814,0.25,0.23658565222496186,0.5,0.0,0.5,0.17208139950017842,0.0,0.08252427184466027,0.0,0.37335834896810494,0.0,0.0,0.2857142857142857,0.0,0.0,0.0,1.0,0.0,1.0,0.0,0.5,0.8753358409457281,0.8220960492074758,1.0,0.5023562676720076,0.4488517745302715,0.9166666666666666,0.4441712184188191,0.864696734059098,0.5486725663716814,0.0,0.52887619387664,0.7194206008583692,0.7862248213125407,0.5719869706840389,0.4065656565656566,0.75,0.0,0.9345472440944882,0.0,0.7300095454879212,0.0,0.0,1.0,0.0,0.0,0.0,0.6666666666666667,0.4019158683881716,0.2200215285252961,0.0,0.15290269828291092,0.0,0.35164835164835184,1.0,0.6281186783546865,0.1976962228770427,0.33333333333333337,0.8571428571428572,0.9658980188372849,0.0,0.0,0.5,0.0,0.5,0.15307662214273765,0.25,0.0,0.0,0.0,0.3831228024482355,0.4722222222222222,0.0,0.8333333333333334,0.0,0.47137395104027,0.0,0.0,0.6623739837398375,0.5749685534591196,1.0,1.0,0.0,0.15384615384615385,0.7819358469330331,0.8333333333333334,0.16489967056004828,0.0,0.0,0.0,0.0,0.0,0.0,0.0,0.0,0.0,0.2642582628747119,0.893508935348099,0.8024846854067671,0.025026923257011724,0.04366783808408192,0.9809556033545206,0.33333333333333326,0.6444897981637245,0.5965572888649813,1.0,0.0,0.0,0.0,0.6345125927565707,0.0,0.7521375055090348,0.4489741775733994,0.25094171632079987,0.0,0.0,0.0,0.0,0.0,0.0,0.0,0.0,0.0,0.0,0.0,0.0,0.7483870967741936,0.0,0.0,0.8076350239084424,0.0,0.021020985242021117,0.0,0.0,1.0,0.0,0.0,0.5,0.0,0.6940909301571118,0.0,0.0,1.0,0.0,0.0,0.0,0.0,0.0,0.0,0.0,0.0,0.8660235798499465,0.8,0.0,0.0,0.5,0.0,0.0,0.6796116504854368,1.0,0.0,0.0,0.0,0.0,0.875192820081335,0.0,0.0,0.0,0.0,0.6242370451286953,0.8355365011313565,0.0,0.0,0.0,0.0,0.0,0.0,0.6253476360746921,0.0,0.888362754754148,0.0,0.1284013605442178,0.7448008133838617,0.5607160135462023,0.0,0.960561808203888,0.670266836086404,0.8001052077853761,0.9660146038042008,0.0,0.0,0.0,1.0,0.9585443037974684,0.0,0.2729992520568437,0.0,0.0,0.0,0.9195484537721599,0.0,0.0,0.0,0.7507785674359179,0.0,0.21088435374149672,0.555703871033987,0.0368421052631579,0.4772036474164133,0.8148148148148149,1.0,0.09090909090909094,0.7906030336662968,0.0,0.5669515669515669,0.5,0.0,1.0,0.04418155480444219,1.0,1.0,0.0,1.0,1.0,0.4720593117184906,0.9630723781388478,0.5,0.8684238270954138,1.0,0.0,1.0,0.6000000000000001,0.8322211630123928,1.0,0.0,0.7,0.0,0.0,0.36363636363636365,0.0,0.8571428571428572,0.0,0.0,0.5714285714285714,0.0,0.0,0.0,1.0,0.1428571428571428,0.5,0.0,1.0,0.7869036321283754,0.748166730991895,0.9375,0.18933333333333335,0.7659574468085106,0.37099125364431496,1.0,0.8181818181818182,0.9166666666666666,0.5416666666666667,0.37023080546396614,0.9012738853503185,0.8571428571428572,0.9825463898585339,0.6415332771693345,1.0,0.0,1.0,0.25,0.7182932578972183,0.33333333333333337,0.6666666666666667,0.8649813272048261,1.0,0.0,0.013945233265720058,1.0,0.8701223063482819,0.0,0.0,1.0,0.0,0.44999999999999996,0.8823529411764706,0.7222222222222222,0.7400468384074941,0.6000000000000001,1.0,1.0,0.5,0.0,1.0,0.0,1.0,0.5894125242091672,1.0,0.0,0.023509174311926784,0.0,0.0,0.39522653721682854,0.0,0.8823529411764706,0.6989247311827957,0.6664632906243644,0.3709327548806941,0.875,0.0,0.8216080402010051,1.0,0.6,0.24084621643612703,0.0,0.6394224341548196,1.0,0.545628505443748,0.44999999999999996,1.0,0.0,1.0,1.0,0.0,0.0,0.0,0.0,0.0,1.0,0.8518679409209383,1.0,0.5830692621095519,0.9775208734746307,0.5,0.7534438684939289,0.8613636363636363,0.13636363636363646,0.0,0.0,0.0,0.46478873239436613,0.0,0.8272801420141054,0.6466568544995794,0.26336237344007507,0.0,0.0,0.0,0.0,0.0,0.0,0.0,0.0,0.0,0.0,0.0,0.0,0.5,0.5,0.0,0.9709992603838219,0.0,0.6001058670015017,0.0,0.0,0.75,0.6666666666666667,0.0,1.0,0.0,0.7563707927536962,0.0,1.0,0.0,0.0,0.0,0.0,0.0,0.0,0.0,0.0,0.0,0.526849702230746,0.0,0.0,0.0,0.33333333333333326,0.0,0.0,0.6395908543922983,0.6666666666666667,0.0,0.0,0.0,0.0,0.709828674481515,0.0,0.0,0.0,0.0,0.6241134751773051,0.640577835273825,0.0,0.0,0.0,0.0,0.0,0.0,0.36111111111111116,0.0,0.9657863145258103,0.0,0.0,0.4093499839897534,0.36444308445532425,0.0,0.2778606038017144,0.0,0.43112272677774144,0.5286335628851033,0.15384615384615385,0.0,0.45584415584415583,0.33333333333333337,0.46153846153846156,0.4913793103448275,0.03128103277060568,0.0,0.0,0.0,0.6417233560090703,0.038942220612207756,0.0,0.2857142857142857,0.3087315130830488,0.0,0.0,0.29503792667509465,0.0,0.0,0.0,0.75,0.0,0.6057339449541284,0.23076923076923073,0.5193953223046206,0.0,0.0,0.0,0.4220055710306406,0.0,0.4,0.0,0.5,0.0,0.6923076923076923,0.6729559748427674,0.0,0.7967259214622878,0.5240038406144985,0.0,0.6842105263157894,0.5714285714285714,0.13043478260869568,0.0,0.5,0.5,0.4259818731117825,0.0,0.0,0.0,0.0,0.0,0.0,0.0,0.0,0.0,0.0,0.5,0.0,0.5142857142857142,0.0,0.33333333333333326,1.0,0.0,0.8070175438596491,1.0,0.48951048951048937,0.0,0.24445851804939833,0.0,0.25,0.0,0.7560975609756098,0.5105837075048107,0.4444444444444444,0.6291913214990139,0.0,0.0,0.0,0.6639344262295082,0.0,0.0,0.0,1.0,0.24233128834355844,0.0,0.0,0.0,0.0,0.2972602739726028,0.25778863775198524,0.0,0.0,0.0,0.0,0.18181818181818177,0.5,0.1187214611872146,0.33333333333333337,0.0,1.0,0.0,0.0,0.0,0.0,0.5,0.22942286420717017,0.25,0.5384615384615385,0.0,0.6255748142907677,0.0,0.7777777777777778,0.36444557477110895,0.0,0.0,0.12948717948717947,0.0,0.0,0.6163011387600168,0.24739509997183895,1.0,0.75,0.0,0.0,0.32757593805836804,0.5,0.0,0.0,0.0,0.0,0.0,0.0,0.0,0.0,0.0,0.0,0.04166666666666674,0.9121127366609294,0.4619883040935673,0.0,0.23090862024333414,0.0,0.0,0.382316978904614,0.961038961038961,0.5,0.0,0.0,0.0,0.656423950928102,0.0,0.7655394201296417,0.448087431693989,0.6103545547395555,0.0,0.0,0.0,0.0,0.0,0.0,0.0,0.0,0.0,0.0,0.0,0.0,0.5555555555555556,0.0,0.0,0.7381983096268809,0.0,0.2653582016737346,0.0,0.0,0.0,0.3571428571428572,0.0,0.0,0.0,0.7079743759664237,0.0,m2
0.5714285714285714,0.0,0.0,0.0,0.0,0.0,0.0,0.0,0.0,0.0,0.0,0.8537095088819227,0.0,0.0,0.4,0.0,0.0,0.0,0.0,0.0,0.0,0.5,0.0,0.0,0.0,0.717922345075855,0.0,0.0,0.39469220984465936,0.0,0.0,0.0,0.0,0.33333333333333326,0.0,0.0,0.0,0.0,0.0,0.0,0.9028008499130771,0.0,0.6090823084200567,0.38588850174216016,0.8305471124620061,0.0,0.6173451482716266,0.8239212190148278,0.644804014882755,0.47811284046692604,0.0,0.33333333333333337,0.2991833163190899,0.6092240573387349,0.0,0.0,0.0,0.0,0.9043392925715749,0.0,0.0,0.8630248675091724,0.7405941455352094,0.0,0.631578947368421,0.29421281891723705,0.3418708240534519,0.0,0.1732636295743093,0.3355704697986577,0.0,0.0,0.0,0.84375,0.33333333333333337,0.5094339622641508,0.0,0.7140915885310506,0.0,0.4,0.0,0.0,0.0,0.12289275712481473,0.41617819460726846,0.0,0.3288702928870295,0.0,0.8571428571428571,0.0,0.25,0.6509376273950265,0.5,0.20775142550202452,0.6000000000000001,0.17940359773029102,0.0,0.25,0.0,0.3066132264529058,0.0,0.3664965986394557,0.8571428571428572,0.0,0.8009893017370298,0.6428571428571428,1.0,0.0,0.8,0.5711395819285232,0.11111111111111116,0.3282828282828282,0.0,1.0,0.0,0.4488517745302715,0.0,0.9210372847089927,0.0,0.6106194690265487,0.0,0.12218056857232107,0.0,0.0,0.052322979142422454,0.4812680115273775,0.75,0.0,0.7016341591987348,0.0,0.915113385604958,0.33333333333333326,0.0,0.11495063469675593,0.0,0.0,0.8358597896208726,0.6666666666666667,0.34850380063504294,0.48582317073170733,0.0,0.0,0.6666666666666667,0.2997275204359672,0.42105263157894735,0.69548584544759,0.10378220354467393,0.33333333333333337,0.8571428571428572,1.0,0.0,0.0,0.5,0.8571428571428571,0.0,0.6989608581919413,0.0,0.41650753235730953,0.0,0.0,0.0,0.7222222222222222,0.9103058652006196,0.8333333333333334,0.23712948517940702,0.0,0.9216561955945802,0.7769465809714466,0.0,0.0,0.5476785416815402,1.0,0.7333333333333334,0.15384615384615385,0.86707410236822,0.5,0.5441806601042269,0.3076923076923077,0.7501850481125092,0.0,0.0,0.0,0.0,0.0,0.0,0.9347325860425364,0.0,0.0,0.8022745761089755,0.0,0.034951957180628046,0.9809556033545206,1.0,0.8357541407657201,0.751230718739744,0.76,0.0,0.0,0.0,0.8990707542362675,0.0,0.0,0.4489741775733994,0.0,0.0,0.0,0.0,0.0,0.0,0.6647928408978543,0.0,0.0,0.986652998674619,0.0,0.0,0.0,0.0,0.0,0.0,0.5147047259573798,0.0,0.1393668573244361,0.0,0.0,1.0,1.0,0.0,0.0,0.0,0.0,0.0,0.0,1.0,0.0,0.0,0.0,0.0,0.0,0.0,0.0,0.0,0.0,0.8,0.0,0.0,0.5,0.0,0.0,0.0,0.0,0.0,0.0,0.0,0.0,0.0,0.371274387712744,0.9444822116474054,0.0,0.0,0.5425355450236966,0.0,0.0,0.0,0.0,0.0,0.0,0.0,0.0,0.0,0.0,0.0,0.8187766432041241,0.0,0.6905855338691159,0.7174203113417346,0.9902685168498828,0.1202749140893472,0.8831829747860283,0.9493322203672788,0.6676441837732161,0.745997536945813,0.3076923076923076,0.0,0.0,0.9336633663366336,0.0,0.0,0.0,0.0,0.9296782963298595,0.0,0.0,0.9428571428571428,0.9266505406943654,0.0,0.9172821270310192,0.7705299941758882,0.725,0.4772036474164133,0.0,0.4568965517241379,0.0,0.2181110029211295,0.0,0.7750692520775623,1.0,0.2500000000000001,1.0,0.8615266589950135,1.0,1.0,0.0,0.5,0.0,0.0,0.2609308885754583,0.5,0.39630996309963107,0.4475138121546962,1.0,0.0,0.6000000000000001,0.9690181124880839,1.0,0.1550695825049705,1.0,0.4545454545454546,0.0,0.36363636363636365,0.0,0.8571428571428572,0.0,0.49739583333333337,1.0,0.0,0.8309591642924976,0.75,0.0,0.1428571428571428,1.0,0.905511811023622,0.0,0.0,0.0,0.8125,0.0,0.767094017094017,0.0,1.0,0.0,0.08333333333333337,0.0,0.3140711462450593,0.23789473684210505,0.0,0.593872870249017,0.7475192943770672,1.0,0.0,0.8472803347280334,0.6666666666666667,0.9462517680339463,0.33333333333333337,0.6666666666666667,0.6562051134731398,1.0,0.0,0.7325050709939148,1.0,0.7438132733408325,1.0,0.0,0.5423076923076924,1.0,0.44999999999999996,0.8823529411764706,0.8686493184634448,0.23951285520974308,0.8,1.0,0.6774193548387096,0.5,0.0,1.0,1.0,0.5,0.9464437819420783,0.0,0.6898671030051482,0.023509174311926784,0.15147407658420875,0.0,0.9583333333333334,1.0,0.8823529411764706,0.7975735789710178,0.0,1.0,1.0,0.0,0.17232930414897085,0.6194331983805668,1.0,0.6742937853107345,0.0,0.8854680350082189,1.0,0.6020320999865127,0.65,1.0,0.0,1.0,1.0,0.0,0.0,0.0,0.9697013522308193,0.37038689172289085,0.13050030138637736,0.8518679409209383,0.5296590378327883,0.6898231746788865,0.8810754912099276,1.0,0.9104183673469388,0.5999999999999999,0.8181818181818182,0.0,0.0,0.0,0.0,0.07702939769283934,0.0,0.6683622828784119,0.0,0.0,0.0,0.0,0.0,0.0,0.7629639992538705,0.0,0.0,0.9845447298599627,0.0,0.0,0.0,0.0,0.0,0.0,0.9285631383472609,0.0,0.8392063458307637,0.0,0.0,0.25,1.0,0.0,0.5,0.0,0.0,0.0,1.0,0.0,0.0,0.0,0.0,0.0,0.0,0.0,0.0,0.0,0.0,0.07042253521126773,0.0,0.0,0.33333333333333326,0.0,0.0,0.0,0.0,0.0,0.0,0.6000000000000001,0.0,0.0,0.0,0.8888888888888888,0.0,0.0,0.9090909090909091,0.0,0.0,0.0,0.0,0.8181818181818181,0.0,0.0,0.33333333333333326,0.4516599781101788,0.0,0.0,0.9612903225806452,0.0,0.5537848605577689,0.39142695995487864,0.758423863008654,0.3031102733270499,0.4500345383375548,0.6523315251408304,0.0,0.2925278219395867,0.3091216216216216,0.6666666666666667,0.0,0.4651162790697675,0.01638530287984097,0.0,0.0,0.0,1.0,0.0,0.0,0.8095238095238095,0.477957906712173,0.0,0.9230769230769231,0.18508092892329342,0.25,0.0,0.7474747474747474,0.0,0.0,0.18274613105037874,0.23076923076923073,0.7751677852348994,0.2857142857142858,0.0,0.0,0.07033426183844005,0.0,0.4,0.0,0.0,0.33333333333333326,0.0,0.0,0.0,0.3395601084664056,0.0,0.8,0.0,0.5714285714285714,0.4347826086956522,0.0,0.0,0.0,0.3203883495145631,0.0,0.0,0.0,0.0,0.0,0.0,0.5,1.0,0.2857142857142857,0.0,0.0,0.0,1.0,0.4437742352434296,0.25,0.07017543859649122,0.5784444444444444,0.1515151515151516,0.5444915254237288,0.48951048951048937,0.0,0.3116883116883117,0.5714285714285714,0.75,0.7,0.0,0.7815513626834382,0.2222222222222221,0.0,0.0,0.0,0.0,0.14193548387096777,0.0,0.6057692307692308,0.4285714285714285,1.0,0.03686311340690296,0.0,0.0,0.5523425240977359,0.0,0.0,0.5789473684210527,0.0,0.7692307692307693,0.0,1.0,0.18181818181818177,0.41666666666666663,0.38247011952191223,0.0,0.0,0.0,0.0,0.0,0.0,0.0,0.5,0.24286889742183204,0.0,0.05533371363377049,0.0,0.0,0.2373831775700933,0.5555555555555556,0.5281733746130031,0.0,0.0,0.0,0.8734177215189873,0.49095966620305986,0.6163011387600168,0.0,0.0,1.0,0.0,0.0,0.0,0.0,0.2824381412190705,0.29268292682926833,0.7202072538860104,0.0,0.0,0.0,0.0,0.0,0.0,0.8709677419354839,0.0,0.0,0.31991051454138697,0.22413793103448276,0.0,0.8162631905648665,0.6666666666666667,0.7978440824701699,0.6517857142857142,0.41666666666666663,0.0,0.0,0.0,0.9130691037684365,0.0,0.0,0.448087431693989,0.0,0.0,0.0,0.0,0.0,0.0,0.406722629546984,0.0,0.0,0.9921343038271895,0.0,0.0,0.0,0.0,0.0,0.0,0.2327355184498039,0.0,0.049588289112534434,0.0,0.0,1.0,0.7857142857142857,0.0,0.0,0.0,0.0,0.0,m2
0.0,0.5555555555555556,0.0,0.0,0.0,0.6219038331708049,0.0,0.0,0.0,0.8616071428571428,0.0,0.0,0.7619047619047619,0.7707795443221452,0.4,0.6261283393932587,0.0,0.0,1.0,0.0,0.6562370148757584,0.0,0.0,0.0,0.22377840024898854,0.7057028418844173,0.7187039764359351,0.0,0.0,0.9039658214915947,0.0,0.0,0.0,0.33333333333333326,0.0,0.0,0.4750626915575369,0.0,0.892483422131933,0.0,0.0,0.5296053511705686,0.6057554312861879,0.4261726408928661,0.4541359096830221,0.9239153973868476,0.12604248623131387,0.5949072276997128,0.6332015810276679,0.0,0.03243658724058418,0.0,0.0547882557395043,0.0,0.0,0.2385065477848981,0.0,0.0,0.4991169792279875,0.7942400644468314,0.5060763151185519,0.0,0.39117468661544696,0.4506854390515005,0.4876589379207179,0.0,0.45299145299145305,0.19763624425476023,0.0,0.0,0.0,0.49493180980464424,0.8571428571428572,0.6205392102024835,0.6666666666666667,1.0,0.0,0.23844731977818845,0.0,0.4,0.0,0.0,1.0,0.0770805985823052,0.0415397734194175,0.33333333333333337,0.7494149414941493,0.2715161422149571,0.5714285714285714,0.8813559322033898,0.6666666666666667,0.3531439314810946,0.5,0.0,0.6000000000000001,0.7487665285178606,1.0,0.0,0.0,0.9862068965517241,0.2714776632302406,0.0,0.2857142857142857,0.9367991845056065,0.0,0.6428571428571428,0.0,0.34619461522153916,0.0,0.8839627805145047,0.0,0.43634259259259267,0.9078292746792354,1.0,0.0,0.0,0.9166666666666666,0.8467354873307413,1.0,0.33333333333333337,0.45833333333333337,0.08292120939642578,0.0,0.9678030303030303,0.0,0.789514263685428,0.75,0.0,0.624380574826561,0.44976076555023936,0.6078158593651195,0.7777777777777778,0.0,0.5471698113207546,0.875,0.0,0.0,0.6666666666666667,0.0,0.31833727966324643,0.0,0.0,0.0,0.2997275204359672,0.4736842105263158,0.0,0.1017881705639615,0.33333333333333337,0.8571428571428572,0.4826368452030606,0.0,0.0,0.5,0.8571428571428571,0.0,0.0,0.0,0.6649874055415617,0.0,0.0,0.5296032553407934,0.0,0.0,0.8333333333333334,0.0,0.5614706452237939,0.0,0.13923171860536887,0.7343507946525905,0.5653011368974913,1.0,1.0,0.19552058111380144,0.0,0.0,0.0,0.4867950247060828,0.1923076923076923,0.0,0.0,0.0,0.0,0.0,0.0,0.0,0.7879817774242535,0.04936159010135588,0.29965386517224335,0.9992872009808115,0.14419159994381248,0.9608007749434937,0.9696707729990635,0.33333333333333326,0.0,0.7736334405144695,0.84,0.0,0.0,0.16666666666666663,0.0,0.0,0.43681399885707517,0.0,0.22003225228453704,0.0,0.0,0.0,0.0,0.0,0.0,0.0,0.0,0.0,0.0,0.0,0.0,0.7483870967741936,0.0,0.0,0.14728653726195284,0.0,0.10936886533176282,0.0,0.9375,0.0,0.0,0.8165824665676078,0.5,0.0,0.6945240101095198,0.0,0.0,0.5741935483870968,0.0,0.0,0.0,0.6714285714285715,0.0,0.0,0.0,0.5452830188679245,0.0,0.0,0.7902097902097902,0.9517114914425427,0.5,0.6823821339950372,0.0,0.0,1.0,0.0,0.889615642406453,0.0,0.0,0.0,0.06527596697088212,0.9384328358208955,0.8,0.0,0.0,0.8355365011313565,0.0,0.0,0.0,1.0,0.0,0.0,0.6797433547204399,0.0,0.8827698317096846,0.0,0.0,0.7721680936915658,0.7009948157489141,0.7176714560805807,0.9021486373360618,1.0,0.29448412095426224,0.7652052909722005,0.741512805241215,0.0,0.0,1.0,0.9151699364465322,0.7423473088640651,0.02598366740905722,0.24816573154941723,0.0,0.0,0.6182220256523662,0.8020067422291828,0.2900552486187845,0.19999999999999996,0.9468473163105784,0.4193548387096775,1.0,0.3124635993011067,0.5838150289017342,0.4772036474164133,0.0,0.0,0.5820895522388061,0.7926563257392147,0.682608695652174,0.7750692520775623,0.75,1.0,1.0,0.9349819394276188,1.0,1.0,0.0,0.5,1.0,0.0,0.0,0.2500000000000001,0.5394833948339484,0.0,1.0,0.8474025974025974,1.0,0.0,1.0,0.0,1.0,0.931460195828012,0.025000000000000133,0.0,0.0,0.0,0.36363636363636365,0.0,0.5714285714285714,1.0,0.0,0.75,0.0,0.5238095238095237,0.0,0.8702702702702703,1.0,0.5255134995478621,0.7705696202531646,0.8125,0.0,0.4274376417233561,0.45833333333333337,1.0,0.4545454545454546,0.0,0.5416666666666667,0.2689561100858542,0.0,0.8928571428571428,0.593872870249017,0.7320977253580454,1.0,0.0,0.8374417055296469,1.0,0.4255319148936171,1.0,0.6666666666666667,0.8564814814814815,1.0,0.0,0.508613617719442,1.0,0.040506329113924044,0.31464174454828653,0.0,0.0,0.0,0.44999999999999996,0.8235294117647058,0.0,0.29216467463479423,0.6000000000000001,1.0,0.0,0.5,0.0,1.0,1.0,1.0,0.6897253306205493,0.0,0.8883218415766329,0.3429833169774289,0.0,0.8307517407986358,0.0,0.0,0.8823529411764706,0.0,0.49222395023328136,0.2775041050903121,0.8084866691701089,0.7466167466167466,0.9309355692850838,1.0,1.0,0.905638665132336,0.0,0.0,0.0,0.5872728140056289,0.0,0.6511627906976745,0.0,1.0,1.0,0.0,0.0,0.0,0.6715462031107045,0.0,0.8445529206108381,0.97900466562986,1.0,0.9910938345716676,0.8841698841698842,0.5,0.0,1.0,0.9545454545454546,0.0,0.0,0.1724137931034483,0.0,0.8089775907125183,0.5371782771726654,0.0,0.42156862745098045,0.0,0.0,0.0,0.0,0.0,0.0,0.0,0.0,0.0,0.0,0.0,0.0,0.5,0.0,0.0,0.7860932063202327,0.0,0.6385649167640848,0.0,1.0,0.0,0.6666666666666667,0.7871674491392802,1.0,0.0,0.7679245283018868,0.0,1.0,0.8607655502392344,0.0,0.0,0.0,0.5780667605400479,0.0,0.0,0.0,0.6860158311345647,0.0,0.0,0.9451371571072319,0.7531287175826791,0.33333333333333326,0.9119897959183674,0.0,0.0,0.6666666666666667,0.0,0.8578498473202063,0.0,0.0,0.0,0.7752770866319838,0.2410714285714286,0.6080525883319639,0.0,0.0,0.6551652463105384,0.0,0.0,0.0,0.8181818181818181,0.0,0.0,0.0,0.0,0.7830968015251006,0.0,0.6759225429302156,0.30389800397115674,0.46100157040656065,0.16860143725815357,0.3218627267626707,0.9379932356257046,0.161167374496352,0.6341374166127172,0.0,0.75,0.43085106382978733,0.0,0.3076923076923077,0.0,0.1646803900325028,0.4042553191489361,0.0,0.0,0.5011337868480725,0.390920757138274,0.78125,0.0,0.3087315130830488,0.44627407200669833,0.5081967213114753,0.0,1.0,0.0,0.7735042735042734,0.5,0.0,0.6057339449541284,0.5,0.25418569254185686,0.7142857142857143,0.8095238095238095,0.0,0.04038997214484685,0.0,0.4,0.0,0.0,0.0,0.134344528710726,0.0,0.5714285714285714,0.5285785536159602,0.3347832608369581,0.3999999999999999,0.25531914893617036,1.0,0.6956521739130435,0.0,0.5,0.0,0.23529411764705876,0.0,0.5,0.0,0.6666666666666667,0.5,0.0,0.0,1.0,0.0,0.0,0.0,0.38799283154121866,0.20000000000000007,0.5378151260504203,0.0,0.0,0.30409356725146186,0.4999999999999999,0.5221625251846878,0.0,0.0,0.37682077264091196,0.4285714285714286,0.25,0.0,0.0,0.553314121037464,0.0,0.0,0.2642276422764227,0.0,0.0,0.08000000000000007,0.5714285714285714,0.4318181818181819,0.7142857142857142,0.33333333333333337,0.3341159896689365,0.0,0.0,1.0,0.0,0.4684807256235828,0.11494252873563238,0.0,0.5396825396825395,0.0,1.0,0.36363636363636365,0.0,0.0,0.33333333333333337,0.0,0.0,0.0,0.0,0.0,0.0,0.0,0.19673339064226947,0.0,0.0,0.0,0.6110313371061745,0.5551401869158878,0.0,0.2820588235294119,0.0,0.6080486980047344,0.2566171723692705,0.0,0.0,0.0,0.0,0.0,1.0,0.002400384061449712,1.0,0.22072861874147687,0.5,0.0,0.41463414634146345,0.0,0.0,0.0,0.0,0.0,0.0,0.0,0.9583333333333334,0.045038705137227186,0.359173455532926,0.0,0.2068965517241379,0.9744897959183674,0.3872340425531916,0.0,0.0,0.9732142857142857,0.2499999999999999,0.0,0.0,0.5,0.0,0.4411691409448538,0.2150843282167899,0.0,0.10931193542187201,0.0,0.0,0.0,0.0,0.0,0.0,0.0,0.0,0.0,0.0,0.0,0.0,0.5555555555555556,0.0,0.0,0.0,0.0,0.34906406538360124,0.0,0.9,0.25,0.3571428571428572,0.8313047711781889,0.0,0.0,0.7079743759664237,0.0,m2
0.0,0.0,0.0,0.0,0.0,0.0,0.0,0.0,0.0,0.0,0.0,0.6741780568895456,0.0,0.609795724639004,0.0,0.5927245894432757,0.0,0.9125791139240507,1.0,0.6187899769510603,0.0,0.0,0.0,0.0,0.0,0.0,0.5983193277310924,0.0,0.0,0.0,0.0,0.7203892312682452,0.8904971680302076,0.0,0.0,0.0,0.0,0.0,0.0,0.0,0.00969473599871784,0.0,0.0,0.38528610354223425,0.4513995189153728,0.2591496426766766,0.5314975085234723,0.1185346524260632,0.0,0.0,0.0,0.0,0.2991833163190899,0.0,0.29165052084520515,0.2385065477848981,0.0,0.046526939536925216,0.0,0.7947931785195936,0.5673273098222094,0.21269136379572284,0.39448988809153407,0.49835689721054655,0.17543859649122806,0.24661534377488725,0.45299145299145305,0.0,0.7660728117738188,0.33333333333333337,0.0,0.49493180980464424,0.8378378378378378,0.6205392102024835,0.0,0.8137254901960784,0.0,0.0,0.0,0.0,1.0,0.0,1.0,0.11815252416756161,0.33129102844638947,0.33333333333333337,0.904830734119437,0.43096844792996536,0.0,0.0,1.0,0.0,0.5,0.0,0.6000000000000001,0.0,0.0,1.0,0.7965026307644691,0.05228758169934644,0.0,0.39560439560439553,0.5714285714285714,0.757948717948718,0.0,0.0,1.0,0.0,0.0,0.4937847130388786,0.33333333333333337,0.5942180424939045,0.9591121495327103,1.0,0.6266882766072394,0.0,0.9166666666666666,0.5827016188193866,0.15832037325038884,0.6194029850746269,0.7142857142857142,0.05364634472909047,0.3912004778021102,0.7807684405177728,0.6233967641881131,0.433407738095238,0.75,0.0,0.6121212121212121,0.0,0.0,0.0,0.0,0.25,0.875,0.0,0.5868455868455869,0.6666666666666667,0.09641236407226617,0.3568156214795343,0.5,0.463941681853684,0.6666666666666667,0.8214285714285715,0.0,0.5324324324324323,0.10999451854558728,0.33333333333333337,0.8571428571428572,0.0,0.0,0.0,0.5,0.8571428571428571,0.5,0.08641204697070193,0.7,0.0,0.684015525758645,0.26186298747906545,0.0,0.7222222222222222,0.8809442520606741,0.8333333333333334,0.05182523170039732,0.5614706452237939,0.532938022906344,0.18483829650976635,0.9971174910642223,0.6121212121212121,0.0,1.0,0.19642857142857162,0.15384615384615385,0.8854193548387097,0.0,0.1584373304395008,0.1923076923076923,0.5830721003134797,0.0,0.8,0.0,0.0,0.0,0.0,0.0,0.9529028436018957,0.026275389050264275,0.0,0.46354825115887066,0.9034815353108278,0.9706102177110205,1.0,0.31110396290822184,0.0,0.16000000000000003,0.0,0.0,0.0,0.0,0.019036009002250553,0.45707652250744923,0.574712643678161,0.2200322522845366,0.0,0.0,0.0,0.0,0.0,0.0,0.9473684210526315,0.0,0.0,0.0,0.0,0.0,0.19999999999999996,0.0,0.0,0.09008779493611352,0.0,0.8652851931093235,0.0,0.0,0.0,0.13636363636363635,0.0,0.0,0.0,0.6991904278898531,0.0,0.0,0.0,0.0,0.0,0.0,0.0,0.0,0.0,0.0,0.0,0.0,0.8,0.0,0.8003170106569539,0.0,0.6801008968609866,0.0,0.819047619047619,1.0,0.8923640462102,0.0,0.0,0.0,0.0,0.16371490280777556,0.0,1.0,0.0,0.0,0.0,0.0,0.6437462235649547,0.43324250681198895,0.0,0.0,0.0,0.0,0.0,0.0,0.0,0.0,0.0,0.0,0.7174203113417346,0.9000190077931952,0.591236494597839,0.8844922232387924,0.7287952746654134,0.0,0.0,0.3170603674540683,1.0,0.0,0.6184591112279779,0.2225922842076048,0.27153891859774204,2.220446049250313e-16,0.14491614255765184,0.0,0.80359371100574,0.702698028363888,0.0,0.7298791900629573,0.7270471464019851,0.0,0.6603053435114504,0.5838150289017342,0.31218274111675126,0.8148148148148149,0.4374999999999999,0.90625,0.7545419404715887,0.682608695652174,0.7750692520775623,0.5,0.75,1.0,0.9247034553893759,0.0,1.0,1.0,0.5,1.0,0.0,0.5066469719350074,0.2500000000000001,0.9122270281675282,0.5179063360881542,0.0,0.0,0.6000000000000001,0.375,1.0,0.0,1.0,0.0,0.0,0.8636363636363636,0.6206896551724137,0.0,0.0,0.5263157894736842,0.8571428571428571,0.4285714285714286,0.0,0.0,1.0,0.1428571428571428,0.0,1.0,1.0,0.6503884950926937,0.6604344239758042,0.8125,0.0,0.4438202247191011,0.37099125364431496,0.5192307692307692,0.2727272727272728,0.9166666666666666,0.5833333333333333,0.26655134455103,0.4543795620437957,0.8571428571428572,0.0,0.5385878489326765,1.0,0.0,0.7737417943107221,0.6666666666666667,0.0,0.33333333333333337,0.6666666666666667,0.5780967570441254,1.0,0.0,0.2690730106644791,1.0,0.24972776769509974,0.31464174454828653,1.0,0.5210843373493976,1.0,0.9,0.3529411764705882,0.7549770290964778,0.33333333333333337,0.8,1.0,0.0,0.5,0.8571428571428572,1.0,1.0,1.0,0.712253606990449,1.0,0.0,0.0,0.0,0.14378050389130714,0.9583333333333334,0.7103293413173652,0.8823529411764706,0.0,0.8122319597240351,0.0,0.7239307681304534,0.9493790880652194,0.9309355692850838,0.4406546644844518,0.8,0.6476810414971522,0.0,0.8853661790208547,1.0,0.0,0.0,0.5348837209302325,0.0,1.0,1.0,0.0,0.0,0.0,0.0,0.9452190764286051,0.9630606860158312,0.0,0.0,0.9185886326267609,0.8841698841698842,1.0,0.3010184227261078,0.2786624203821656,0.13636363636363646,0.0,0.0,0.0,0.0,0.6184659998525472,0.5404190495217641,0.7290337283500457,0.33936529890886724,0.0,0.0,0.0,0.0,0.0,0.0,1.0,0.0,0.0,0.0,0.0,0.0,0.5,0.0,0.0,0.8837399380804953,0.0,0.9965606304193132,0.0,0.0,0.75,1.0,0.0,0.5,0.0,0.7577056778679027,0.0,1.0,0.0,0.0,0.0,0.0,0.0,0.0,0.0,0.0,0.0,0.0,0.6074766355140186,0.0,0.7503009672464611,0.0,0.9119897959183674,0.0,0.6219360843934223,0.6666666666666667,0.9695167286245353,0.0,0.0,0.0,0.0,0.0,0.0,0.47640791476407907,0.0,0.0,0.0,0.0,0.8237704918032787,0.5759603469640645,0.0,0.0,0.0,0.0,0.0,0.0,0.0,0.0,0.0,0.0,0.39142695995487864,0.30025964391691384,0.0,0.43112272677774144,0.0,0.15384615384615385,0.0,0.45584415584415583,0.0,0.0,0.0,0.06060993542612381,0.5,0.0,0.1438356164383563,0.0,0.4707166242269917,0.19381313131313127,0.25,0.3087315130830488,0.20737887695114543,0.4918032786885246,0.0,1.0,0.0,0.0,0.0,0.0,0.6057339449541284,1.0,0.25418569254185686,0.0,0.8713692946058091,0.0,0.04038997214484685,0.6666666666666666,0.0,0.0,0.0,0.0,0.134344528710726,0.2515723270440251,0.5714285714285714,0.9281026252983293,0.29895025102692807,0.0,0.0,1.0,0.0,0.0,0.5,0.0,1.0,0.0,0.75,0.36,0.5,0.0,0.0,0.0,0.5,0.0,0.0,0.5,0.0,0.2785714285714287,0.7858681602757431,0.16666666666666663,0.8245614035087719,0.0,0.4999999999999999,0.5911228689006467,0.0,0.0,0.8796706776440786,0.0,0.25,0.19999999999999996,0.0,0.0,0.4444444444444444,0.5026178010471205,0.0,0.0,0.0,0.030405405405405372,0.0,0.15388983532084044,0.0,0.6666666666666667,0.0,0.0,0.0,0.552342524097736,0.0,0.35335558027437897,0.11494252873563238,0.0,0.0,0.0,0.0,0.0,0.08333333333333326,0.3447488584474886,0.0,0.0,0.052631578947368474,0.0,0.5,0.0,0.0,0.5,0.0,0.25,0.22972972972972971,0.6923076923076923,0.5836582471605356,0.0,0.5555555555555556,0.43794506612411,0.0,0.6100777815353398,0.2435897435897436,0.33103448275862046,0.0,0.7757275411218895,0.2416666666666667,0.0,0.8,0.002400384061449823,0.0,0.0,0.0,0.0,0.41463414634146345,0.735483870967742,0.0,0.8,0.0,0.0,0.0,0.0,0.0,0.8476425052779732,0.008636277764283884,0.0,0.6681896551724138,0.0,0.0,0.6666666666666667,0.12884015781774105,0.6517857142857142,0.5,0.0,0.0,0.0,0.0,0.15861610113107127,0.0,0.010928961748634003,0.05019386305022899,0.0,0.0,0.0,0.0,0.0,0.0,0.6666666666666667,0.0,0.0,0.0,0.0,0.0,0.5555555555555556,0.0,0.0,0.0,0.0,0.8135884989376716,0.0,0.0,0.0,0.0,0.0,0.0,0.0,0.7079743759664237,0.0,m2
0.0,0.0,0.0,0.0,0.0,0.0,0.0,0.0,0.7422760709649503,0.7004636350864046,0.645282168012369,0.6727004063538973,0.0,0.0,0.4,0.0,0.0,0.983206106870229,0.0,0.47607463479087675,0.45784638000735023,0.5,0.0,0.0,0.28578416616496083,0.0,0.5983193277310924,0.0,0.0,0.0,0.0,0.0,0.0,0.0,0.0,0.0,0.4750626915575369,0.0,0.0,0.0,0.6636063165626147,0.0,0.0,0.4261726408928661,0.5097061347061347,0.578383641674781,0.0,0.5186610860513532,1.0,0.5633948149103574,0.2353566681435536,0.33333333333333337,0.0,0.0,0.409310263653484,0.0,0.0,0.0,0.7344488031382596,0.576496221147954,0.5136607221294913,0.2156611039794608,0.08838530195896599,0.0,0.4649122807017544,0.0,0.0,0.14624808575803983,0.0,0.6384704519119351,0.0,0.49493180980464424,0.4285714285714286,0.0,0.0,0.0,0.0,0.0,0.0,0.4,0.5,0.0,0.0,0.16698526931294277,0.0415397734194175,0.33333333333333337,0.8865717653459062,0.43273753527751646,0.0,0.0,0.0,0.24423639555295495,0.5,0.6494504586397818,0.6000000000000001,0.0,1.0,0.7572815533980581,0.34733828536056943,0.013793103448275779,0.7448648648648649,0.0,0.5714285714285714,0.7248908296943231,0.0,0.6428571428571428,0.0,0.0,0.7000000000000001,0.4157509157509157,0.75,0.4611851019531379,1.0,0.15384615384615385,0.818805765271105,0.5499373171750941,0.9166666666666666,0.2105657427612938,0.23948220064724923,1.0,0.7142857142857142,0.6012434884893296,0.673469387755102,0.0,0.0,0.41666666666666663,0.75,0.0,0.7297435897435898,1.0,0.0,0.4444444444444444,0.0,0.6017069701280229,0.875,0.0,0.5868455868455869,0.6666666666666667,0.2832378433965035,0.0,0.0,0.5492348636061211,0.6666666666666667,0.2997275204359672,1.0,0.0,0.0,0.33333333333333337,0.8571428571428572,0.35888275414095494,0.0,1.0,0.5,0.0,0.0,0.6290068313189702,0.0,0.4409881928967707,0.4361595510122268,0.0918860827512088,0.4407353652636671,0.41666666666666663,0.5590391665058846,0.8333333333333334,0.1156744536548604,0.5627718704688254,0.0,0.04027439699048463,0.6628943089430895,0.4161583097753312,0.23065338276181646,0.0,0.0,0.0,0.0,0.5,0.7247524752475247,0.1923076923076923,1.0,0.0,0.8,0.0,0.0,0.0,0.0,0.0,0.7791284403669725,0.05016089343176233,0.0,0.04973262032085579,0.9869255868757364,0.0,1.0,0.6444897981637245,0.5965572888649813,0.16000000000000003,0.0,0.0,0.0,0.0,0.5215858756004741,0.7523509438024131,0.3761701310546781,0.22419472661364814,0.0,0.0,0.0,0.0,0.7516131950585919,0.0,0.9473684210526315,0.0,0.0,0.0,0.96579476861167,0.0,0.0,0.0,0.0,0.0,0.8369565217391304,0.13124958645717222,0.8069609438011784,0.0,0.5,1.0,0.0,0.5,0.0,0.0,0.0,0.0,0.0,0.0,0.0,0.0,0.0,0.0,0.0,0.7682410423452768,0.5452830188679245,0.8434268833087148,0.8,0.0,0.0,0.5,0.0,0.0,0.9576379974326059,0.0,0.8120452518424635,0.8815840061514801,0.0,0.0,0.0,0.0,0.0,1.0,0.0,0.0,0.0,0.0,0.21212121212121204,0.0,0.25,0.0,0.0,0.6251984126984127,0.0,0.0,0.0,0.8,0.0,0.0,0.7176714560805807,0.960561808203888,0.0,0.475404196766426,0.7233396893312249,0.503734439834025,0.8831946755407654,0.34593175853018376,0.0,0.9019795657726692,0.881315331010453,0.0,0.0,0.0,0.0,0.9113235408409108,0.8753721244925575,0.2917820867959372,0.0,0.4796183868169992,0.0,1.0,0.33452593917710194,0.0368421052631579,0.4397641112047177,0.6000000000000001,0.7880434782608695,0.0,0.7916496668026656,0.9375,0.0,0.5,0.0,1.0,0.91353001017294,0.0,1.0,1.0,0.5,0.0,0.0,0.0,0.2500000000000001,0.917246713070379,0.5371900826446281,0.0,0.0,1.0,0.84375,1.0,0.8759296822177146,1.0,0.42391304347826086,0.8375,0.8636363636363636,0.5537902859736723,1.0,0.8636363636363636,1.0,0.8571428571428571,0.4285714285714286,0.0,0.75,0.0,0.1428571428571428,1.0,0.7409326424870466,1.0,0.0,0.9631310266591038,0.0625,0.9210977701543739,0.11123595505617945,0.37099125364431496,1.0,0.6363636363636365,0.9166666666666666,0.5833333333333333,0.36991408656184155,0.9012738853503185,0.0,0.593872870249017,0.862257792754844,1.0,0.0,0.7804621848739496,1.0,0.0,0.6666666666666667,0.6666666666666667,0.3708830911995131,1.0,0.0,0.7397757776725091,1.0,0.7216035634743876,0.0,0.0,0.6111111111111112,1.0,0.44999999999999996,0.8823529411764706,0.0,0.03864168618266994,0.8,1.0,0.6363636363636365,0.5,0.8571428571428572,0.75,0.0,1.0,0.9450744502514545,0.0,0.6904507998061077,0.6800458715596331,0.1504664970313826,0.950207468879668,0.5202265372168284,0.38847305389221554,0.8823529411764706,0.0,0.49222395023328136,0.2775041050903121,0.925,0.0,0.856978527607362,0.0,0.0,0.24084621643612703,0.0,0.0,1.0,0.43786671754996886,0.0,1.0,0.0,1.0,1.0,0.0,0.0,0.0,0.0,0.7242700156985871,0.9074803149606299,0.0,0.2021060410123776,0.9966937078192106,0.0,1.0,0.7727690977869897,0.8668122270742358,0.13636363636363646,0.0,0.0,0.0,0.0,0.9117302434578831,0.8192498870311794,0.6668582595700655,0.05305186590765343,0.0,0.0,0.0,0.0,0.7407668931658373,0.0,1.0,0.0,0.0,0.0,0.9360560305621248,0.0,0.0,0.0,0.0,0.0,0.7903405297128867,0.5974472148788242,0.4992197755925991,0.0,0.0,0.6666666666666667,0.0,1.0,0.0,0.0,0.0,1.0,0.0,0.0,0.0,0.0,0.0,0.0,0.0,0.7404291123264619,0.6779725609756098,0.3431276169670491,0.3037037037037037,0.0,0.0,0.33333333333333326,0.0,0.0,0.6496308915388984,0.0,0.11988304093567259,0.5071592597595569,0.6000000000000001,0.0,0.0,0.7464932126696833,0.0,0.0,0.0,0.0,0.0,0.0,0.0,0.0,0.0,0.0,0.0,0.36009875382083234,0.0,0.0,0.0,0.6918604651162791,0.0,0.0,0.10742430526752389,0.2835517814288352,0.5926760563380282,0.0,0.0,0.7692307692307692,0.625,0.0,0.6666666666666667,0.3076923076923077,0.0,0.0,0.0,0.0,0.0,0.4818181818181819,0.0,0.792713567839196,0.2857142857142857,0.0,0.0,0.5081967213114753,0.1791187739463601,0.3088942307692307,0.0,0.8888888888888888,0.2500000000000001,0.0,0.6057339449541284,0.0,0.0,0.0,0.0,0.0,0.04038997214484685,0.6666666666666666,0.4,0.0,0.0,0.33333333333333326,0.134344528710726,0.0,0.5714285714285714,0.9280457098586093,0.1450764219493864,0.0,0.0,1.0,0.13043478260869568,0.0,0.7777777777777778,0.0,0.0,0.0,0.75,1.0,0.33333333333333337,0.75,0.0,0.0,0.5,0.0,0.0,0.0,0.0,0.6000000000000001,0.7940542869452822,0.33333333333333326,0.0,0.30409356725146186,0.33333333333333337,0.7011417058428475,1.0,0.0,0.0,0.7142857142857142,0.25,0.19999999999999996,1.0,0.39923076923076917,0.2222222222222221,0.0,0.6822429906542056,0.0,0.0,0.12371134020618568,0.5714285714285714,0.17391304347826086,0.4285714285714285,0.33333333333333337,0.6976177077471394,0.0,0.0,0.0,0.0,0.35928877988963825,0.3501144164759725,0.0,0.7692307692307693,0.0,0.0,0.18181818181818177,0.0,0.27350427350427353,0.0,0.0,0.11868686868686873,0.0,0.5,0.5,0.0,0.0,0.04838511605059548,0.0,0.03986135181975736,0.3846153846153846,0.0,0.23809523809523803,0.0,0.0,0.0,0.3936422049374365,0.05192307692307674,0.0,0.16365873666940112,0.6883394746226078,0.0,0.8509803921568627,0.0,0.16666666666666652,0.11111111111111116,0.24181060154854095,0.0,0.9245867768595042,0.41463414634146345,1.0,0.0,0.8,0.0,0.0,0.0,0.0,0.0,0.7048022598870056,0.0,0.0,0.4482758620689655,0.3377944602640435,0.4964871194379391,0.6666666666666667,0.35315413828262376,0.8191780821917808,0.5,0.0,0.0,0.0,0.0,0.727544590409057,0.4852420306965761,0.0,0.4041995632454226,0.0,0.0,0.0,0.0,0.6160543973429681,0.0,0.6666666666666667,0.0,0.0,0.0,0.904,0.0,0.0,0.0,0.0,0.2221763369812101,0.9008620689655172,0.619311600198577,0.5801589870867954,0.0,0.0,0.3571428571428572,0.0,0.0,0.0,0.0,0.0,m2
0.0,0.0,0.7889382785459529,0.0,0.0,0.0,0.0,0.0,0.0,0.0,0.0,0.0,0.8235294117647058,0.0,0.4,0.0,0.0,0.0,0.0,0.0,0.6512911243102069,0.5,0.0,0.0,0.6232406572835056,0.0,0.0,0.7234675659591351,0.397644105435937,0.0,0.0,0.0,0.0,0.0,0.0,0.0,0.4855494839101395,0.0,0.0,0.0,0.2867634673045176,0.5096677675219466,0.0,0.8582273389975366,0.0,0.26416733010060056,0.3364031721667945,0.5833030904992934,0.6296239914751103,0.6338790769627434,0.2275289152442772,0.33333333333333337,0.2991833163190899,0.0,0.0,0.0,0.0,0.05222088835534233,0.7169811320754716,0.8227803532656535,0.38816553823965383,0.0,0.2365414407436095,0.0,0.631578947368421,0.36062365862896084,0.797752808988764,0.0,0.14110846650799058,0.3355704697986577,0.8780269058295964,0.7397714706966458,0.0,0.6726482810729127,0.5,0.0,0.0,0.0,0.0,0.0,1.0,0.6666666666666667,1.0,0.0,0.24458273141460174,0.0,0.0,0.2836661970663794,0.0,0.9491525423728814,0.0,0.5213245492371706,0.5,0.83811850946854,0.6000000000000001,0.0,0.9375,0.0,0.0,0.8030018761726079,0.0,0.41848739495798315,0.2857142857142857,0.7922948073701842,0.0,0.6428571428571428,0.0,0.7993318485523384,0.625,0.0,0.5,0.6805400502372314,0.0,1.0,0.0,1.0,0.0,0.46442381298211877,0.864696734059098,0.09734513274336287,0.2222222222222222,0.34420279163100875,0.39276608360509946,0.7858719646799117,0.9132945592542177,0.35858585858585856,0.75,0.0,0.0,0.583941605839416,0.5364112688890575,0.4444444444444444,0.0,0.0,0.0,0.0,0.0,0.6666666666666667,0.0,0.5041870436122463,0.0,0.46113582831719435,0.6666666666666667,0.8228882833787465,1.0,0.3577106518282991,0.0,0.33333333333333337,0.8571428571428572,0.5326404676843131,1.0,0.6666666666666667,0.5,0.8571428571428571,0.0,0.0,1.0,0.41484929643327806,0.5149308530167667,0.7058853791542339,0.9353660763191528,0.4722222222222222,0.0,0.8333333333333334,0.0,0.7049255893586197,0.0,0.0,0.2482454830521128,0.6851847287605057,0.8142956441149212,1.0,0.0,0.0,0.8791436464088398,0.7916666666666666,0.35633617404559004,0.0,0.11007999999999996,0.0,0.8,0.0,0.9332838692422504,0.0,0.9803921568627451,0.0,0.19342930970837957,0.5674032291451045,0.8015386830025112,0.025026923257011724,0.04490746732237605,0.0,0.9850746268656716,0.8357541407657201,0.9507712504102396,0.0,0.0,0.0,0.0,0.0,0.6740116039440729,0.41157775255391593,0.9133686506699906,0.0,0.0,0.0,0.0,0.0,0.0,0.8691651818520421,0.0,0.0,0.0,0.0,0.0,0.0,0.0,0.0,0.8969251595436085,0.9958854647745403,0.0,0.25496471200442317,0.7394637467005141,0.0,0.0,0.0,0.0,0.5,0.0,0.7128484822146411,0.0,0.0,1.0,0.7808869394500428,0.0,0.0,0.0,0.0,0.0,0.0,0.0,0.0,0.0,0.9333333333333333,0.0,0.5,0.0,0.0,0.0,0.0,0.0,0.8552448342052769,0.0,0.0,0.0,0.6188992731048806,0.0,0.0,0.5189873417721519,0.5235998289867465,0.0,0.0,0.0,0.0,0.0,0.0,0.0,0.6843135213906526,0.0,0.0,0.0,0.19530553629791003,0.7397247360482655,0.0,0.9110835401157982,0.33523414549853137,0.6633109619686801,0.6387278828553996,0.7683184432638057,0.72782874617737,0.5566007135906584,0.0,0.0,0.0,0.6373809523809524,0.0,0.0,0.0,0.14491614255765184,0.4921178889650445,0.8083025505716799,0.2801449025357944,0.19999999999999996,0.6442673811874207,0.0,0.924119241192412,0.5685942173479561,0.6947368421052631,0.0,0.0,0.4568965517241379,0.9247928616953474,0.8233438485804416,0.0,0.6108210726150924,1.0,0.0,1.0,0.0,1.0,1.0,0.0,1.0,1.0,0.06781631466769988,0.2609308885754583,0.5,0.0,0.5552486187845305,0.0,1.0,1.0,0.9690181124880839,1.0,0.954177897574124,1.0,0.0,0.9587217043941412,0.0,0.0,1.0,0.0,0.4274999999999999,0.5714285714285714,0.4285714285714286,0.0,0.75,1.0,1.0,0.5,0.0,1.0,0.7836215423445547,0.0,0.8125,0.4565587734241908,0.9914529914529915,0.0,0.42307692307692313,0.8181818181818182,0.75,0.5416666666666667,0.6155018855813208,0.3071585098612125,0.8571428571428572,0.5018020969855832,0.045071609098567667,1.0,0.0,0.0,1.0,0.9281575898030128,0.6666666666666667,0.6666666666666667,0.0,1.0,0.0,0.5416012558869703,1.0,0.040506329113924044,1.0,0.0,0.5,1.0,0.9,0.8235294117647058,1.0,0.3667117726657646,0.8,1.0,0.16129032258064502,0.5,0.8571428571428572,1.0,1.0,1.0,0.0,1.0,0.6681274900398408,0.6585067319461445,1.0,0.8944288984991097,0.39522653721682854,0.0,0.8823529411764706,0.7945922372437855,0.8122319597240351,0.3709327548806941,0.0,0.5676065676065676,0.9438656507541595,0.9384615384615385,0.8,0.0,0.0,0.9044670134588391,1.0,0.7803353864137033,0.44999999999999996,0.20000000000000007,0.0,1.0,1.0,0.9516013430733218,0.0,0.9888888888888889,0.0,0.37038689172289085,0.921850437907029,0.852966221969912,0.7486777311690681,0.4241200866150402,0.0,0.9850746268656716,0.9191322770817981,1.0,0.0,0.0,0.0,0.0,0.0,0.7054661069486512,0.5615626690268968,0.9266048502139801,0.0,0.0,0.0,0.0,0.0,0.0,0.9071872040408292,0.0,0.0,0.0,0.0,0.0,0.0,0.0,0.5,0.9343048536843342,1.0,0.0,0.0,0.7360764943127747,0.0,0.75,0.25,0.0,1.0,0.0,0.740029542097489,0.0,0.0,0.0,0.7548228211793679,0.0,0.0,0.0,0.0,0.0,0.0,0.0,0.0,0.0,0.9471057884231537,0.0,0.33333333333333326,0.0,0.0,0.0,0.0,0.0,0.7130930775213897,0.6000000000000001,0.0,0.0,0.0,0.0,0.0,0.7117008443908324,0.918918918918919,0.0,0.0,0.0,0.0,0.8181818181818181,0.0,0.0,0.0,0.4516599781101788,0.0,0.0,0.0,0.38060672464562084,0.0,0.8836515993876399,0.0,0.0,0.0,0.0,0.0,0.8229994700582937,0.18360433604336024,0.6666666666666667,0.0,0.0,0.06606519208381834,0.0,0.0,0.05882352941176461,0.8410138248847927,0.6034992047261984,0.796756996890271,0.0,0.0,0.0,0.6557377049180327,0.26368363437328957,0.75,0.2857142857142857,0.6546546546546548,0.0,0.8571428571428572,0.6071428571428572,0.0,0.5311804008908685,0.2857142857142858,0.5609756097560975,0.0,0.0,0.0,0.0,0.0,0.5,0.0,0.09862570735650766,0.6198347107438016,0.0,0.0,0.20142036869144775,0.0,0.6842105263157894,0.5714285714285714,0.4347826086956522,0.0,1.0,0.0,0.0,0.5,0.5,0.0,0.33333333333333337,0.0,0.0,0.0,0.5,0.0,0.0,0.5,0.4827859749325718,0.07608695652173902,0.0,0.33333333333333326,0.2482915717539863,0.5784444444444444,0.0,0.0,0.48951048951048937,0.0,0.28481012658227844,0.13636363636363613,0.25,0.0,0.04878048780487809,0.0,0.4444444444444444,0.7836949375410913,0.37142857142857155,0.0,0.0,0.5434782608695652,0.7142857142857143,0.6057692307692308,0.4285714285714285,1.0,0.2320390170699681,0.0,0.0,0.0,0.0,0.36185758513931887,0.07147220525351261,0.0,0.31746031746031755,0.0,1.0,0.36363636363636365,0.08333333333333326,0.0,0.0,0.0,0.0,0.0,0.5,0.0,0.0,0.0,0.6362157589953803,0.25,0.04166666666666652,0.3846153846153846,0.4568440409148373,0.23974763406940058,0.7777777777777778,0.3460721868365181,0.0,0.0,0.17842942345924462,0.0,0.4279250161603103,0.0,0.24194476409666288,0.7963636363636364,1.0,0.00630455868089197,0.11111111111111116,0.0,0.0,0.252106020135607,0.0,0.2807316035729476,0.0,0.8,0.0,0.9255350765139863,0.0,0.9166666666666666,0.0,0.0,0.527769742551345,0.524547803617571,0.0,0.2044675752969365,0.058823529411764386,0.6666666666666667,0.7978440824701699,0.8409638554216867,0.0,0.0,0.0,0.5,0.0,0.6719680199445507,0.6775164898193289,0.010928961748634003,0.0,0.0,0.0,0.0,0.0,0.0,0.562735556931788,0.0,0.0,0.0,0.0,0.0,0.0,0.0,0.0,0.8276923076923077,0.9803082191780822,0.0,0.6466422689844464,0.8493220446877586,0.0,1.0,0.3571428571428572,0.0,0.0,0.0,0.693792216146671,0.0,m2
0.0,0.0,0.0,0.0,0.0,0.0,0.8636363636363636,0.0,0.0,0.0,0.6514026272266641,0.5366795366795367,0.9764705882352941,0.0,0.0,0.5985407089747941,0.0,0.0,0.0,0.0,0.0,0.5,0.0,0.0,0.0,0.0,0.0,0.0,0.17500504046775545,0.0,0.0,0.0,0.0,0.0,0.0,0.0,0.45324147677088844,0.0,0.8001036068121479,0.0,0.0,0.0,0.0,0.18010899182561302,0.45395808448257136,0.2591496426766766,0.0,0.6687558314064339,0.0,0.0,0.8989200339764591,0.0,0.26154972097703766,0.5718392771579164,0.8528704457101528,0.0,0.0,0.046526939536925216,0.8976115449604969,0.5637428677538068,0.0,0.2136020718387568,0.5788786916619548,0.4771676300578035,0.2049364248317127,0.28792064289301855,0.49572649572649563,0.0,0.0,0.0,0.9237187127532778,0.13324732768153325,0.6486486486486487,0.045139277324085514,0.0,0.0,0.0,0.06784260515603813,0.0,0.0,0.0,0.0,1.0,0.11815252416756161,0.0,0.33333333333333337,0.0,0.2677366405252597,0.0,0.0,0.6666666666666667,0.23658565222496186,0.5,0.5487149822328734,0.6000000000000001,0.1895329643654723,0.9375,0.1428571428571428,0.6552631578947369,1.0,0.3846153846153847,0.0,0.5714285714285714,0.0,0.0,0.0,0.0,0.0,0.0,0.55031817110535,0.0,0.0,0.6514423076923076,1.0,0.0,0.0,0.9166666666666666,0.5437975665325513,0.009763424708974844,0.09734513274336287,1.0,0.19230082172204355,0.7725915448687726,0.7935148363413889,0.06768157310497935,0.433407738095238,0.75,0.0,0.9125,0.0,0.746074565954209,0.4444444444444444,0.0,0.6840620592383639,0.0,0.0,0.9545107033639144,0.6666666666666667,0.2008235551344657,0.48582317073170733,0.5,0.7657681235278723,0.0,0.35164835164835184,0.0,0.490092879256966,0.7158779462817468,0.33333333333333337,0.8571428571428572,1.0,0.0,0.0,0.5,0.9285714285714286,0.0,0.0,0.25,0.0,0.0,0.895421575776183,0.38264042747295723,0.41666666666666663,0.6646544181977253,0.8333333333333334,0.0,0.8924102927289896,0.5155173718870638,0.0,0.4616585365853658,0.5720232721436453,1.0,0.0,0.0,0.0,0.0,0.8333333333333334,0.8608203375347148,0.0,0.0,0.75,0.0,0.0,0.0,0.0,0.0,0.0,0.7787054768288013,0.9014124993013358,0.8013702573550578,0.14419159994381237,0.0,0.7491427064099183,0.0,0.3142449011107802,1.0,1.0,0.0,0.0,0.0,0.9394535814891811,0.0,0.5774138576000665,0.9650376331032569,0.5328947368421053,0.0,0.0,0.0,0.0,0.0,0.0,0.0,0.0,0.0,0.0,0.0,0.0,0.0,0.0,0.0,0.0,0.0,0.2600199243452397,0.7853408662900188,0.0,0.5,0.6818181818181819,0.0,0.5,0.0,0.668749112594065,0.8125,0.0,1.0,0.0,0.0,0.0,0.0,0.7857142857142856,0.0,0.0,0.0,0.875,0.8,0.8660714285714286,0.0,0.0,0.6758184951177485,0.0,0.0,0.0,0.0,0.0,0.0,0.0,0.0,0.0,0.0,0.0,0.0,0.533209885089298,0.0,0.0,0.0,0.0,0.25,0.0,0.0,0.6843365466697204,0.0,0.8768827863758767,0.0,0.0,0.0,0.0,0.3589325426241661,0.900482451991297,0.6176305446378438,0.0440119235490094,0.7759190556492411,0.0,0.0,0.9427239427239427,1.0,0.0,0.7247386759581882,0.6864085041761581,0.0,0.0,0.17948717948717952,0.9352523988318732,0.8208779291810081,0.0,0.0,0.7322708491441099,0.43849136411702505,0.0,0.6506035921091373,0.8473684210526315,0.2571428571428571,0.6000000000000001,0.0,1.0,0.00790590050134965,0.39047619047619064,0.0,0.75,0.0,1.0,0.04418155480444219,1.0,1.0,0.0,0.5,1.0,0.0,0.18316100443131456,0.2500000000000001,0.0,0.5165745856353592,0.0,0.0,1.0,0.8121170864533697,1.0,0.8001988071570576,1.0,0.0,0.9583519928347515,0.36363636363636365,0.5959510754955715,1.0,0.36363636363636365,0.0,0.8571428571428571,0.0,0.0,0.0,0.0,0.1428571428571428,0.0,0.8481012658227848,0.0,0.0,0.7484756097560976,0.8125,0.0,0.375,0.46475770925110127,0.42307692307692313,0.4545454545454546,0.75,0.9583333333333334,0.6267859946616423,0.9012738853503185,0.8571428571428572,0.6061914385449201,0.6415332771693345,1.0,0.0,0.9180389221556886,0.6666666666666667,0.7200311162971607,0.6666666666666667,0.6666666666666667,0.8649813272048261,1.0,0.0,0.9254697615663983,1.0,0.8701223063482819,0.3125,1.0,0.8127681049709816,0.0,0.44999999999999996,0.3529411764705882,0.7549770290964778,0.9303112313937754,0.8,1.0,1.0,0.5,0.0,0.75,1.0,1.0,0.0,1.0,0.0,0.23076923076923073,0.9801466642818816,0.17815200531797015,0.5202265372168284,0.38847305389221554,0.8823529411764706,0.0985401459854015,0.9695494463535701,0.9370932754880694,0.33939873417721533,0.6375646962680468,0.8216080402010051,1.0,0.0,0.24084621643612703,0.0,0.0,1.0,0.6830748927746618,0.44999999999999996,0.4,0.6666666666666666,1.0,1.0,0.0,0.0,0.0,0.0,0.8411532756936657,1.0,0.851743238840013,0.6101985780828635,0.5181060793532954,0.9286452947259566,0.0,0.3019138213560616,1.0,0.0,0.0,0.0,0.0,0.9436619718309859,0.0,0.8272801420141054,0.9396080218778486,0.176948434188839,0.0,0.0,0.0,0.0,0.0,0.0,0.0,0.0,0.0,0.0,0.0,0.0,0.0,0.0,0.0,0.0,0.0,0.8955363517738878,0.4962824816610717,0.0,0.0,1.0,0.0,1.0,0.0,0.7237749277188821,0.7371428571428571,1.0,0.0,0.0,0.0,0.0,0.0,0.9333333333333333,0.0,0.0,0.0,0.526849702230746,0.96,0.9483333333333334,0.0,0.0,0.9119897959183674,0.0,0.0,0.0,0.0,0.0,0.6000000000000001,0.0,0.0,0.0,0.0,0.0,0.0,0.9090909090909091,0.0,0.0,0.0,0.0,0.0,0.0,0.0,0.3125,0.0,0.8264142335766423,0.0,0.0,0.0,0.0,0.2418016275884295,0.2893577981651374,0.0,0.161167374496352,0.5659294804923847,0.15384615384615385,0.0,0.7253246753246754,0.0,0.0,0.4568965517241379,0.496648460774578,0.0,0.0,0.0685563612392881,1.0,0.012623316007213448,0.0,0.2857142857142857,0.3087315130830488,0.6116694584031268,0.4918032786885246,0.0,1.0,0.0,0.8078078078078078,0.5,0.7,0.0,0.0,0.0,0.7142857142857143,0.0,0.0,0.4220055710306406,0.0,0.0,0.0,0.0,0.0,0.0,0.17924528301886788,0.5714285714285714,0.0,0.35813730196831495,0.0,0.0,0.8571428571428572,0.13043478260869568,0.0,1.0,0.0,0.3203883495145631,1.0,0.0,0.5,0.6666666666666667,0.5,0.0,0.0,0.0,0.0,0.0,0.0,0.12978524743230613,0.2785714285714287,0.43472641102972853,0.25,0.0,0.0,0.4999999999999999,0.5911228689006467,0.07933740191804695,0.0,0.0,0.1986062717770034,0.25,0.8,0.04878048780487809,0.38364779874213817,0.4444444444444444,0.0,0.0,0.0,0.0,0.7320261437908497,0.0,0.0,0.4285714285714285,1.0,0.2776214593884825,0.0,0.0,0.6451468280654562,0.0,0.0,0.07147220525351261,0.0,0.7287899860917941,0.0,0.0,0.0,0.08333333333333326,0.5730593607305936,0.0,0.0,0.0,0.0,0.0,0.5,0.5,0.0,0.6362157589953803,0.25,0.6103896103896105,0.0,0.8539983511953834,0.0,0.0,0.0,0.0,0.0,0.8205128205128205,0.8064889918887601,0.0,0.0,0.12873478421246787,0.0,0.0,0.0,0.0,0.21152715153891388,0.5,0.5678937839468918,0.0,0.0,0.8,0.0,0.0,0.0,0.0,0.0,0.0,0.7048022598870056,0.8713478353593517,0.4441087613293052,0.2068965517241379,0.11386463678591408,0.6395348837209303,0.0,0.15014289797084868,1.0,0.0,0.0,0.0,0.5,0.9316313573481254,0.0,0.8125056720210546,0.8907103825136612,0.0,0.0,0.0,0.0,0.0,0.0,0.0,0.0,0.0,0.0,0.0,0.0,0.0,0.0,0.0,0.0,0.15294815987336774,0.0,0.002429071123202564,0.7644025717741422,0.0,0.5,0.7857142857142857,0.0,0.0,0.0,0.6938578625790546,0.75,m2
0.0,0.0,0.0,0.8801711840228246,0.0,0.0,0.0,0.0,0.3842251840063656,0.0,0.0,0.0,0.0,0.7734197678026159,0.0,0.0,0.0,0.0,0.0,0.0,0.6505163584035214,0.5,0.0,0.7496322353693636,0.0,0.7008911761014184,0.0,0.7602256699576869,0.1767254986368202,0.0,0.0,0.0,0.9010033444816054,0.0,0.0,0.0,0.4750626915575369,0.7673119713171241,0.0,0.0,0.5726780508121616,0.46314381270903016,0.44537250384024585,0.4159582095667316,0.48090948090948105,0.2591496426766766,0.0,0.4599620443343261,0.7201166180758017,0.47811284046692604,0.3641633389153678,0.0,0.09215239335721237,0.0,0.3740081114441899,0.23749650740430273,0.0,0.0,0.7987299118714359,0.0,0.0,0.0,0.09656713851796683,0.5014564520827265,0.4649122807017544,0.2931571731272591,0.4922547332185886,0.0,0.9958289885297185,0.6301369863013699,0.0,0.0,0.0,0.045139277324085514,0.0,0.19148936170212771,0.0,0.20164797436484305,0.0,0.8,0.0,0.0,0.0,0.25515574650913,0.0415397734194175,0.0,0.9460059993334073,0.6531096115265365,0.1428571428571428,0.44067796610169496,0.6666666666666667,0.46485979115334963,0.5,0.15422047538835848,0.6000000000000001,0.0,1.0,0.0851648351648352,0.0,0.8671875,0.2714776632302406,0.0,0.2857142857142857,0.515897435897436,0.3100339538695702,0.6428571428571428,0.0,0.0,1.0,0.0,1.0,0.0,0.6506024096385542,0.1603773584905661,0.15579662789177884,0.519435736677116,0.5,0.9041167274622199,0.23948220064724923,0.0,0.5,0.0,0.2282973621103116,0.8446436192915066,0.6159558579488882,0.42873218304576133,0.75,0.0,0.5345080763582966,0.0,0.2864413680781759,0.7777777777777778,0.0,0.0,0.875,0.0,0.4570024570024571,0.6666666666666667,0.4041564690753724,0.47181881051175645,0.5,0.0,0.0,0.2997275204359672,0.4736842105263158,0.6501547987616099,0.0,0.0,0.8571428571428572,0.4895352962043278,0.75,1.0,0.5,0.8571428571428571,0.0,0.2838196286472149,0.0,0.0,0.0,0.5011640132171822,0.4407353652636672,0.7222222222222222,0.5611559139784947,0.0,0.11316914308976211,0.5005823669418139,0.0,0.0,0.0,0.40897700471698095,0.41740996168582367,1.0,0.04721549636803879,1.0,0.7845303867403315,1.0,0.3117200217037439,0.3076923076923077,0.1272783441458144,0.0,0.0,0.0,0.0,0.0,0.9803921568627451,0.9334345735256897,0.08189109328830724,0.3486754457880713,0.0,0.14419159994381248,0.9872938274867323,0.9698084180668733,0.0,0.0,0.7708237459733088,0.84,0.0,0.0,0.25,0.0,0.5215858756004741,0.5836097800712619,0.0,0.0,0.0,0.0,0.0,0.0,0.0,0.0,0.0,0.0,0.0,0.0,0.0,0.0,0.0,0.0,0.0,0.0,0.8369565217391304,0.02390294295761386,0.9770114942528736,0.0,0.273972602739726,0.0,0.5055196553581045,0.5,0.0,0.8572430870821296,0.8125,0.0,0.0,0.0,0.9308919078558772,0.0,0.0,0.0,0.0,0.44626059420694797,0.0,0.0,0.8,0.0,0.9517114914425427,0.0,0.0,0.0,0.0,0.0,0.0,0.889615642406453,0.0,0.0,0.8917471772785474,0.0,0.9444822116474054,0.0,0.5189873417721519,0.5323400403815359,0.0,0.0,0.0,0.4285714285714285,0.25,0.0,0.0,0.6843135213906526,0.7702676234397536,0.0,0.0,0.9545454545454546,0.16891098056936293,0.5211426000899685,0.7174203113417346,0.0,0.723298969072165,0.20271993200170013,0.443269321431939,0.0,0.8908921355299969,0.34593175853018376,1.0,0.6805282382691767,0.7362637362637363,0.22148209825145704,0.2346850733390854,0.0,0.0,0.9362316379383544,0.0,0.0,0.19999999999999996,0.7441000852999715,0.6857041504079461,1.0,0.5155979202772963,0.8473684210526315,0.0,1.0,0.8125,0.0,0.1808859721082855,0.0,0.0,0.5,0.2500000000000001,1.0,0.9105492115280044,0.0,1.0,0.0,0.5,0.0,0.4510644481581051,0.0,0.5,0.8684238270954138,1.0,0.0,0.3392857142857143,1.0,0.0,1.0,0.44354293441514525,1.0,0.0,0.0,0.36363636363636365,0.0,0.0,0.36363636363636365,1.0,0.5714285714285714,0.0,0.29953198127925107,0.75,0.0,0.21739130434782605,1.0,0.0,1.0,0.0,0.5971640348050276,0.0625,0.16109422492401204,0.13325471698113223,0.37099125364431496,1.0,0.6363636363636365,0.0,0.5833333333333333,0.0,0.29575402635431924,0.8928571428571428,0.0,0.6524852569502948,1.0,0.0,0.593271028037383,0.6666666666666667,0.6577558916637355,1.0,0.6666666666666667,0.0,1.0,0.0,0.6287311063127143,1.0,0.0,0.8,1.0,0.0,0.0,0.44999999999999996,0.8235294117647058,0.6875957120980092,0.3667117726657646,0.0,1.0,0.0,0.0,0.8571428571428572,1.0,1.0,1.0,0.776254807218223,0.0,0.0,0.3429833169774289,0.8213199785369343,0.8428967154728927,0.9583333333333334,0.38847305389221554,0.0,0.5537634408602151,0.6632097925875553,0.2775041050903121,0.8076923076923077,0.8057157839538541,0.5278969957081545,0.5076923076923077,1.0,0.0,0.0,0.6553214774281806,1.0,0.5872728140056289,0.65,0.5,0.0,1.0,1.0,0.0,0.0,0.9888888888888889,0.9401323706377858,0.0,0.8915384615384616,0.0,0.7704302627779382,0.9970287573838916,0.8810754912099276,0.0,0.0,0.08907672301690495,0.9545454545454546,0.0,0.0,0.2592592592592593,0.0,0.9741886792452831,0.8192498870311794,0.0,0.0,0.0,0.0,0.0,0.0,0.0,0.0,0.0,0.0,0.0,0.0,0.0,0.0,0.0,0.0,0.0,0.0,0.7785090857061095,0.9141462960159317,0.9409130488866775,0.0,1.0,0.0,0.48043818466353694,1.0,0.0,0.884636716583472,0.7608695652173914,1.0,0.0,0.0,0.9411764705882353,0.0,0.0,0.0,0.0,0.718819737168361,0.0,0.0,1.0,0.0,0.6865572019757042,0.0,0.0,0.0,0.0,0.0,0.0,0.9002878377797826,0.6000000000000001,0.0,0.7958078602620087,0.0,0.2410714285714286,0.0,0.7639902676399027,0.625,0.0,0.0,0.0,0.5166438668490652,0.0,0.0,0.0,0.36009875382083234,0.5308689024390245,0.0,0.0,0.32855040470934516,0.543889021765128,0.39599690368240603,0.0250410509031197,0.6749123130884254,0.0,0.0,0.8775579136994399,0.15384615384615385,0.625,0.0,0.0,0.20512820512820518,0.0,0.05255209906372715,0.5,0.0,0.0,0.6405529953917051,0.03657362848893175,0.0,0.0,0.0,0.12706645056726118,0.5081967213114753,0.0,1.0,0.2857142857142857,0.5555555555555556,0.2500000000000001,0.0,0.14724770642201834,0.5,0.0,0.0,0.6785714285714285,0.0,0.07033426183844005,0.6666666666666666,0.8,0.0,0.0,0.33333333333333326,0.0,0.0,0.0,0.7898261043373975,0.37485143807939136,0.19999999999999996,0.21052631578947367,0.8571428571428572,0.6956521739130435,0.0,0.33333333333333337,0.0,0.0,1.0,0.0,0.0,0.33333333333333337,0.5,0.0,0.0,0.25,0.0,0.0,0.0,0.0,0.6000000000000001,0.0,0.0,0.06249999999999989,0.30409356725146186,0.0,0.0,1.0,0.0,0.3116883116883117,0.7142857142857142,0.25,0.19999999999999996,0.31707317073170727,0.0,0.0,0.4842209072978303,0.02336448598130847,0.0,0.0,0.07386363636363646,0.7142857142857143,0.0,0.7142857142857142,0.6666666666666667,0.2320390170699681,0.0,0.0,0.8166666666666667,0.0,0.8114882506527415,0.0,0.0,0.7692307692307693,0.0,0.0,0.36363636363636365,0.5,0.0,0.6666666666666667,0.0,0.052631578947368474,0.6666666666666666,0.5,0.0,0.0,0.0,0.0,0.0,0.2196235025670279,0.0,0.38273070696168376,0.23974763406940058,0.5555555555555556,0.0,0.0,0.3829787234042553,0.12948717948717947,0.0,0.0,0.0,0.0,0.0,1.0,0.025924147863658265,0.0,0.3793993430314405,0.5,0.0,0.29268292682926833,0.3191489361702129,0.0,0.0,0.0,0.0,0.0,0.9166666666666666,0.8709677419354839,0.0,0.0,1.0,0.2068965517241379,0.3813951224261305,0.0,0.0,0.0,0.6517857142857142,1.0,0.0,0.0,0.5,0.0,0.7448524590163934,0.5285705165038628,0.0,0.0,0.0,0.0,0.0,0.0,0.0,0.0,0.0,0.0,0.0,0.0,0.0,0.0,0.0,0.0,0.0,0.18648434403487912,0.9008620689655172,0.0,0.9058475388655024,0.0,1.0,0.3571428571428572,0.5647693817468106,0.0,0.0,0.8817525516554643,0.75,m2
0.0,0.0,0.7144264208759941,0.0,0.0,0.0,0.0,0.0,0.7045790251107829,0.0,0.0,0.0,0.0,0.0,0.4,0.593064746844397,0.0,0.9092715231788079,0.33333333333333326,0.0,0.0,0.0,0.0,0.0,0.3704175349232076,0.6817926120382525,0.0,0.7098052613597541,0.0,0.0,0.0,0.0,0.9026315789473685,0.0,0.7988879464706437,0.0,0.476566454094544,0.11907894736842095,0.8357838132189777,0.0,0.0,0.6279063545150502,0.8510068928233545,0.0,0.48420538428137216,0.05355404089581306,0.0,0.7953064196528756,0.33688537068046887,0.553963577932512,0.2100354221350117,0.0,0.7740630013125273,0.48059581858259304,0.8677541270594394,0.0,0.8182251908396947,0.0,0.0,0.5802922876573577,0.9009519576249213,0.9039561209009219,0.2365414407436095,0.8741552977177101,0.1518324607329843,0.36912626199675935,0.8259717314487632,0.0,0.7218465539661898,0.0,0.028673835125447966,0.0,0.2857142857142857,0.08351976137211015,1.0,0.0,0.0,0.6620286776420605,0.0,0.0,1.0,0.0,1.0,0.5531149301825993,0.16761217122227956,0.5555555555555556,0.7106332765176346,0.0,0.5714285714285714,0.44067796610169496,0.6666666666666667,0.0,0.5,0.5487149822328734,0.6000000000000001,0.0,0.78125,0.0,0.7536864279265724,0.37335834896810494,0.0,0.5061224489795919,0.8571428571428572,0.4925373134328358,0.3031441291040624,0.6428571428571428,1.0,0.79940951719347,0.0,0.0,0.0,0.4630165833113977,0.875,0.9512195121951219,0.0,0.0,0.0,0.23043547172801848,0.0,0.23880597014925375,0.7142857142857142,0.321550135839865,0.3476903870162299,0.8359918200408998,0.024011784925116686,0.41666666666666663,0.75,0.0,0.0,0.35766423357664245,0.506588579795022,0.33333333333333326,0.0,0.6813655761024182,0.0,0.0,0.6360475627564148,0.6666666666666667,0.7454812764853411,0.0,0.0,0.46512534095337055,0.6666666666666667,0.8228882833787465,0.7012987012987013,0.4265003371544168,0.03857487275649607,0.33333333333333337,0.8571428571428572,0.35888275414095494,1.0,1.0,0.5,0.0,0.0,0.696528394232384,0.0,0.0,0.517630551488531,0.0,0.5175209962351578,0.9166666666666666,0.674462227331861,0.0,0.1854599406528189,0.6918116376724655,0.0,0.7054590315616326,0.2726262212601651,0.0,0.0,0.0,0.7333333333333334,1.0,0.8611013060360042,0.0,0.25817846720933824,0.3076923076923077,0.0,0.875,0.0,0.0,0.0,0.0,0.0,0.0,0.09272467902995718,0.5676791532348429,0.0,0.461441213653603,0.5720568927789933,0.0,0.0,0.5206486887846367,0.48843464228079625,0.16000000000000003,0.0,0.0,0.16666666666666663,0.0,0.9126523139087064,0.0,0.6636263261485287,0.22473226468926155,0.0,0.0,0.0,0.0,0.0,0.6647928408978543,0.0,0.0,0.0,0.0,0.0,0.0,1.0,0.0,0.0,0.28281038431320105,0.0,0.1172120408760925,0.7384131573274496,0.0,0.2500000000000001,0.13636363636363635,0.0,0.5,0.0,0.669399322859208,0.0,0.0,1.0,0.7671927798451601,0.0,0.0,0.0,0.0,1.0,0.7724679797653643,0.0,0.0,0.0,0.0,0.0,0.5,0.6167664670658684,0.0,0.9576379974326059,0.5,0.0,0.0,0.0,0.0,0.0,0.06527596697088212,0.9444822116474054,0.0,0.5189873417721519,0.0,0.0,0.0,0.0,0.36857142857142855,0.25,0.8841698841698842,0.0,0.6843135213906526,0.7374912905108939,0.851372072119706,0.0,0.0,0.8534457114526525,0.8912708420905142,0.0,0.0,0.05513639001741155,0.3304117869285984,0.946435943922885,0.2182223638101306,0.733974358974359,0.0,1.0,0.9374167776298269,0.51617144359716,1.0,0.0,0.7567039106145252,0.0,0.0,0.8106601544872987,1.0,0.9428571428571428,0.6374501992031872,0.9007444168734492,0.12850812407680945,0.5685942173479561,1.0,0.31218274111675126,0.8666666666666667,0.0,0.0,0.17449747194475285,0.8826086956521739,0.24786324786324776,0.5,0.0,1.0,0.8624813153961136,0.0,1.0,0.0,0.5,1.0,0.8210094319245446,0.2609308885754583,0.75,0.8758700696055685,0.6280991735537189,1.0,0.3392857142857143,1.0,0.14632983794089605,1.0,0.7747478520732163,1.0,0.0,0.8749181401440733,0.0,0.6264185201997277,0.8571428571428572,0.0,0.4274999999999999,1.0,0.0,0.3462555066079296,0.75,0.0,1.0,0.0,0.0,1.0,0.4846140797285835,0.8404433993953644,0.6875,0.0,0.4078947368421053,0.0,0.34615384615384615,0.0,0.75,0.5833333333333333,0.6155018855813208,0.3071585098612125,0.8571428571428572,0.13099393716700336,0.8895486935866983,1.0,0.0,0.41415192507804377,0.0,0.9135802469135803,0.33333333333333337,0.6666666666666667,0.856250464787685,1.0,0.0,0.3462956754944686,1.0,0.8408227848101266,0.0,0.0,0.4790343074968233,1.0,0.9,0.3529411764705882,0.7549770290964778,0.0,0.8,1.0,0.6363636363636365,1.0,0.8571428571428572,0.75,0.0,0.5,0.9471270821635785,0.0,0.0,0.6585067319461445,0.0,0.43333333333333335,0.9785598705501618,0.7658602150537634,0.0,0.5574028308245338,0.8537001706998695,0.3709327548806941,1.0,0.5680408752291431,0.08567874358575667,0.0,0.0,0.4371014492753623,0.0,0.8857218848353207,0.0,0.4452636784606394,0.65,0.4,1.0,0.0,1.0,0.0,0.0,0.0,0.0,0.37038689172289085,0.921850437907029,0.0,0.0,0.6878658026755853,0.0,0.5,0.764204100798247,0.0,0.13636363636363646,0.0,0.0,0.1724137931034483,0.0,0.9398376329958915,0.0,0.7632919254658386,0.10634051046842463,0.0,0.0,0.0,0.0,0.0,0.6324950015784488,0.0,0.0,0.0,0.0,0.0,0.0,1.0,0.0,0.0,0.6857454017424975,0.0,0.17332860121556282,0.7661734132322368,0.0,0.0,0.0,0.0,1.0,0.0,0.7300523217789405,0.0,0.0,0.0,0.7453006170182235,0.0,0.0,0.0,0.0,0.0,0.27665815119689663,0.0,0.0,0.0,0.0,0.0,0.33333333333333326,0.9119897959183674,0.0,0.6476683937823835,0.6666666666666667,0.0,0.0,0.0,0.0,0.0,0.7464932126696833,0.09166666666666667,0.36363636363636365,0.7891472868217054,0.0,0.0,0.0,0.0,0.6340533672172808,0.0,0.7121212121212122,0.0,0.14102564102564086,0.0,0.7778013132810845,0.0,0.6531339031339032,0.5997438360550753,0.7948183442525313,0.0,0.6749123130884254,0.3047887323943661,0.2353212065392587,0.6127418902496028,0.3076923076923076,0.2925278219395867,0.6798245614035088,0.0,0.7948717948717949,0.46096345514950177,0.5097497089639114,0.0,1.0,0.0,0.0,0.0,0.6015104398045313,0.8095238095238095,0.0,0.8886446886446886,0.0,0.26368363437328957,0.75,0.0,0.43243243243243235,0.5,0.0,0.14724770642201834,0.0,0.25185396463205934,0.0,0.4626865671641791,0.0,0.07033426183844005,0.6666666666666666,0.0,0.0,0.0,0.0,0.8076923076923077,0.0,0.5714285714285714,0.7567372820291108,0.0,0.3999999999999999,0.21052631578947367,0.0,0.0,0.0,1.0,0.0,0.0,0.0,0.5,0.8,0.0,0.0,0.0,0.5,1.0,0.0,0.0,0.0,0.5391812865497077,0.2785714285714287,0.0,0.0,0.07017543859649122,0.2806666666666666,0.0,0.5444915254237288,0.0,0.625,0.0,0.16541353383458646,0.25,0.19999999999999996,0.04878048780487809,0.0,0.4444444444444444,0.1374095989480606,0.6822429906542056,0.0,0.0,0.011363636363636465,0.7142857142857143,0.532608695652174,0.4285714285714285,1.0,0.2776214593884825,0.0,0.0,0.22797579018157388,0.0,0.15662650602409645,0.0,0.0,0.6007326007326008,0.0,0.0,0.0,0.08333333333333326,0.5308641975308642,0.0,0.0,0.08333333333333337,0.6666666666666666,0.5,0.5,0.0,0.5,0.1351595919710431,0.0,0.20739456961294045,0.3846153846153846,0.6525283553875236,0.0,0.7777777777777778,0.0,0.0,0.42271293375394325,0.2566171723692705,0.0,0.7978963185574756,0.0,0.0,0.812874921658161,0.0,0.92,0.11111111111111116,0.0,0.5,0.5674641148325358,0.29268292682926833,0.0,0.8,0.4,0.0,0.0,0.0,0.0,0.0,0.0,0.5157232704402516,0.0,0.6681896551724138,0.21165303964303206,0.19010989010989,0.0,0.3820303712035994,0.0,0.5,0.0,0.0,0.5,0.0,0.8684688173083904,0.0,0.010928961748634003,0.21347501851437245,0.0,0.0,0.0,0.0,0.0,0.4572584643434038,0.0,0.0,0.0,0.0,0.0,0.0,0.888888888888889,0.0,0.0,0.0,0.0,0.2995691581600729,0.8493220446877586,0.0,0.5,0.0,0.0,0.0,0.0,0.693792216146671,0.0,m2
0.0,0.0,0.7523421808230997,0.0,0.0,0.6212052900510971,0.0,0.0,0.0,0.0,0.0,0.7876106194690266,0.0,0.5650433077300212,0.4,0.0,0.0,0.0,0.0,0.0,0.6549965512196141,0.0,0.0,0.6697869101978693,0.22377840024898854,0.6817926120382525,0.0,0.7237337798241943,0.236822907167609,0.9035691347830076,0.0,0.0,0.0,0.0,0.7988879464706437,0.0,0.45324147677088844,0.14360658534504822,0.0,0.0,0.8906449244561228,0.6279063545150502,0.6217777895042348,0.4518504442016248,0.48090948090948105,0.8826247022305638,0.6180488659252124,0.9239380411255411,0.644804014882755,0.6396594342213678,0.48599678907265353,0.0,0.01948586588601231,0.357450886439866,0.0,0.23749650740430273,0.0,0.0,0.0,0.5625412736847453,0.0,0.23055195951512308,0.5548613822725498,0.4681656621851338,0.1578947368421052,0.0,0.4492254733218588,0.0,0.8027195720017833,0.0,0.045292014302741324,0.7303163017031631,0.0,0.6139389193422083,0.33333333333333337,0.15555555555555567,0.0,0.6825004750142505,0.0,0.0,0.5,0.0,1.0,0.0770805985823052,0.3294810534503836,0.5555555555555556,0.7106332765176346,0.28442991418062935,0.0,0.44067796610169496,0.0,0.32164696290256833,0.5,0.17676225105363186,0.6000000000000001,0.7401626731149702,0.0625,0.0,0.735166872682324,0.3066132264529058,0.8461538461538461,0.0,0.5714285714285714,0.5,0.9746922811457495,0.6428571428571428,1.0,0.34629021667761006,1.0,0.8435603506405933,1.0,0.6819348127600554,0.9078292746792354,0.15384615384615385,0.5003379748546708,0.5157620041753653,0.0,0.5784935999153706,0.2084115659031167,1.0,0.0,0.12207086171342874,0.0,0.8424140821458508,0.6233967641881131,0.0,0.75,0.0,0.9388508170795994,0.0,0.4268431001890358,0.0,0.0,1.0,0.0,0.0,0.2662789589093336,0.6666666666666667,0.0,0.48582317073170733,0.0,0.3887757411178999,0.0,0.8228882833787465,0.4736842105263158,0.6567060458651841,0.10378220354467393,0.6666666666666667,0.8571428571428572,0.34941468605888604,0.0,0.7894736842105263,0.5,0.0,0.0,0.2941710930947723,0.0,0.6579790072940759,0.803096274794388,0.27154973014649175,0.5982668150739385,0.7222222222222222,0.6770668024074018,0.8333333333333334,0.48638925530639154,0.9425038051750381,0.0,0.3528837257119358,0.4140604258482451,0.0,1.0,0.0,0.889795918367347,0.0,0.7845303867403315,0.0,0.0,0.1923076923076923,0.0,0.0,0.8,0.0,0.940070732480894,0.0,0.0,0.0,0.9807403851922961,0.0,0.0,0.461441213653603,0.0,0.5309944605644948,0.0,0.2148695134007773,1.0,0.76,0.0,0.0,0.16666666666666663,0.0,0.9772371690646379,0.0,0.9658201718592483,0.0,0.0,0.0,0.0,0.0,0.0,0.6393352673381358,0.0,0.0,0.0,0.0,0.0,0.0,0.0,0.0,0.0,0.0,0.0,0.02356504696209938,0.95853338050235,0.0,0.7990867579908676,0.13636363636363635,0.4718297046515858,0.5,0.0,0.6533779264214046,0.0,0.0,1.0,0.7435453277786921,0.0,0.0,0.6714285714285715,0.0,1.0,0.0,0.0,0.0,0.8,0.0,0.7596403178586365,0.5,0.0,0.0,0.0,0.0,0.0,0.8478489744055182,0.0,0.0,0.9775561097256857,0.3289448937370698,0.9444822116474054,0.0,0.5189873417721519,0.0,0.845967546621458,0.0,0.0,0.0,0.0,0.8666666666666667,0.0,0.6797433547204399,0.6943575852934732,0.0,0.0,0.8298450665941832,0.8504501016358532,0.7009948157489141,0.7176714560805807,0.0,1.0,0.8825956489122281,0.9080195110128155,0.7289039767216294,0.7595057034220531,0.34593175853018376,1.0,0.5452414439756211,0.0,0.0,0.22937365010799127,0.6307692307692307,0.0,0.0,0.7868614103496134,0.0,0.5714285714285714,0.7215180809165772,0.41887417218543044,0.22764227642276436,0.19846856860565631,0.8125,0.2571428571428571,0.8484848484848485,0.0,0.5766016713091922,0.8567019400352733,0.0,0.605724838411819,1.0,0.2500000000000001,1.0,0.8561673068715322,0.0,1.0,1.0,0.5,1.0,0.0,0.43582510578279265,0.75,1.0,0.5179063360881542,0.0,0.2647058823529411,0.0,0.0,1.0,0.4766643788606726,1.0,1.0,0.1133837261004893,0.36363636363636365,0.5934204976803037,0.8571428571428572,0.8636363636363636,0.0,0.8571428571428571,0.0,1.0,0.75,0.0,0.4347826086956522,1.0,0.8563106796116505,1.0,0.826635354721412,0.975609756097561,0.0625,0.18114707552526987,0.19841269841269848,1.0,0.42307692307692313,0.2727272727272728,1.0,0.5416666666666667,0.2689561100858542,0.0,0.8928571428571428,0.0,0.0,1.0,0.0,0.9272666888077051,0.6666666666666667,0.7033898305084746,0.33333333333333337,0.0,0.9710649901530071,1.0,0.0,0.19201010579504174,1.0,0.06776964683423481,0.3292682926829268,0.0,0.2790697674418605,0.0,0.9,0.8235294117647058,0.6875957120980092,0.23951285520974308,0.8,1.0,0.8,0.5,0.8571428571428572,1.0,0.0,1.0,0.6341567291311755,0.0,0.9025997060761162,0.7072018890200709,0.0,0.14378050389130714,0.9583333333333334,0.7658602150537634,0.8823529411764706,0.7975735789710178,0.9707253402946112,0.3709327548806941,0.8029817472481539,0.7467529934864854,0.13301262778111855,1.0,0.0,0.918429003021148,0.0,0.6413404849505739,0.0,0.0,0.0,0.5,0.0,1.0,1.0,0.9489516177024856,0.0,0.0,0.0,0.9762225284572922,0.13050030138637736,0.0,0.33415052708997306,0.7176532044794148,0.9048603929679421,0.0,0.3289219139078762,0.9806451612903225,0.8181818181818182,0.0,0.0,0.1724137931034483,0.0,0.9868551939747051,0.0,0.9925465838509316,0.0,0.0,0.0,0.0,0.0,0.0,0.7659462540002631,0.0,0.0,0.0,0.0,0.0,0.0,0.0,0.0,0.0,0.0,0.0,0.8508228481403419,0.941850500697794,0.0,1.0,0.5,0.45661914460285136,1.0,0.0,0.736444298389747,0.0,0.0,0.0,0.7201734196863459,0.0,0.0,0.48986849168008595,0.0,0.0,0.0,0.0,0.0,1.0,0.0,0.5022547760255816,0.33333333333333326,0.0,0.0,0.0,0.0,0.0,0.6393614054656999,0.0,0.0,0.5038461538461539,0.7752770866319838,0.09166666666666667,0.0,0.7620676548840745,0.0,0.6382468382032271,0.0,0.0,0.0,0.0,1.0,0.0,0.14102564102564086,0.0,0.0,0.0,0.3385284523378036,0.5997438360550753,0.4236359570661896,0.5849706997587039,0.6747708995698523,0.6589029168480627,0.4500345383375548,0.0,0.0,0.8229994700582937,0.6013513513513513,0.0,0.20512820512820518,0.4873338870431895,0.01638530287984097,0.0,0.0,0.0,0.0,0.025694555965954824,0.0,0.09523809523809523,0.3087315130830488,0.6116694584031268,0.0,0.0,1.0,0.0,0.0,0.5,0.0,0.7458715596330274,0.5,0.5193953223046206,0.2857142857142858,0.0,0.0,0.07794015309672941,0.6666666666666666,0.0,0.0,0.0,0.0,0.0,0.165289256198347,0.5714285714285714,0.7670006071645415,0.21484945922244936,0.0,0.21052631578947367,1.0,0.13043478260869568,0.0,0.33333333333333337,0.0,0.3203883495145631,0.0,0.0,0.5,0.0,0.75,0.0,0.0,1.0,0.7142857142857142,0.0,0.0,0.3477709027447248,0.6000000000000001,0.9816265060240964,0.0,1.0,0.0,0.33333333333333337,1.0,0.3999999999999999,0.0,0.04966887417218546,0.5714285714285714,0.0,0.0,0.0,0.8017163504968383,0.0,0.4680290046143706,0.2682926829268293,0.0,0.0,0.5340909090909092,0.0,0.4318181818181819,0.0,0.0,0.8208499647804649,0.0,0.0,0.8206680116565792,0.0,0.35405572755417947,0.07147220525351261,0.0,0.0,0.0,0.0,0.36363636363636365,0.5,0.5308641975308642,0.6666666666666667,0.0,1.0,0.0,0.5,0.0,0.0,0.0,0.21758802237578145,0.0,0.0,0.8666666666666667,0.629348722176422,0.0,0.5555555555555556,0.0,0.0,0.0,0.8921885087153002,0.0,0.0,0.05820328975115985,0.0,1.0,0.0,0.0,0.0,0.330523426779063,0.5,0.606883752319892,0.41463414634146345,0.2927669345579794,0.0,0.8,0.0,0.9302556301464996,0.0,0.0,0.0,0.934201266713582,0.0,0.0,0.6681896551724138,0.0,0.8913385826771654,0.0,0.16171900268594164,1.0,0.41666666666666663,0.0,0.0,0.5,0.0,0.95593615659014,0.0,0.8907103825136612,0.0,0.0,0.0,0.0,0.0,0.0,0.41998484430972727,0.0,0.0,0.0,0.0,0.0,0.0,0.0,0.0,0.0,0.18648434403487912,0.0,0.0718202177774343,1.0,0.0,0.75,0.0,0.5613437195715678,0.0,0.0,0.7271456039153994,0.0,m2
0.0,0.0,0.0,0.0,0.0,0.6464040977365544,0.8636363636363636,0.7817362817362816,0.0,0.0,0.651779593988927,0.0,0.0,0.0,0.0,0.5437867198758453,0.835000704523038,0.0,1.0,0.5171351968357623,0.4590177145452681,0.0,0.0,0.7506485925541575,0.10638994190961892,0.0,0.0,0.0,0.16532185762954998,0.0,0.0,0.0,0.0,0.0,0.0,0.0,0.0,0.765895560931851,0.8357838132189777,0.0,0.16283621316333974,0.0,0.34441035284802324,0.0,0.0,0.2591496426766766,0.1271582261873525,0.21581128466687904,0.6290200815340481,0.0,0.5232278481012659,0.0,0.0,0.16547661549446657,0.33413200177183566,0.0,0.0,0.0,0.7699629380053908,0.973666148900047,0.0,0.24280928728196838,0.09555479763528862,0.9326417191552426,0.1518324607329843,0.3880292151522655,0.11418803418803403,0.04320601127113344,0.09872159090909094,0.37681159420289856,0.43661971830985924,0.49493180980464424,0.8571428571428572,0.6205392102024835,0.33333333333333337,0.19148936170212771,0.0,0.0,0.0,0.4,0.5,0.6666666666666667,1.0,0.11815252416756161,0.5070202808112325,0.5555555555555556,0.0,0.2715161422149571,0.0,0.7796610169491526,0.0,0.259367615618319,0.5,0.204192401272693,0.6000000000000001,0.0,1.0,0.0,0.6884753901560624,0.3066132264529058,0.0,0.0,0.2857142857142857,0.757948717948718,0.3192182410423453,0.6428571428571428,1.0,0.3311159155163811,1.0,0.0,0.11111111111111116,0.0,0.7016949152542373,0.9713774597495528,1.0,0.4488517745302715,0.0,0.2059562560676147,0.0,0.5486725663716814,0.5,0.0,0.2917024145115824,0.0,0.019857498208187607,0.440484937545922,0.75,0.0,0.7297435897435898,1.0,0.34023372287145237,0.11111111111111105,0.0,0.6813655761024182,0.875,0.0,0.881482982171799,0.6666666666666667,0.2818831942789033,0.18184627269215892,0.0,0.463941681853684,0.0,0.0,0.0,0.5324324324324323,0.18856203179243558,0.33333333333333337,0.8571428571428572,0.0,0.25,0.0,0.5,0.8571428571428571,0.0,0.17791311144401745,0.0,0.6633425709734436,0.5183527846646914,0.10542700492519275,0.5158946412352408,0.0,0.5930396613889324,0.0,0.0,0.5483954451345756,0.0,0.38820988304709725,0.7381517927836218,0.2619792725055883,1.0,1.0,0.7378640776699029,0.0714285714285714,0.8854193548387097,0.5,0.3117200217037439,0.0,0.2686898593634346,0.0,0.6000000000000001,0.0,0.0,0.0,0.0,0.7108001036691473,0.04963138493944175,0.0,0.8117388052329273,0.14419159994381248,0.7554985572298814,0.9698084180668733,1.0,0.0,0.0,0.76,0.0,0.0,0.0,0.0,0.019036009002250553,0.0,0.574712643678161,0.23460679534215967,0.0,0.0,0.0,0.0,0.0,0.0,0.9473684210526315,0.0,0.0,0.0,0.0,0.6415499017505105,0.0,0.0,0.0,0.16045450971141006,0.0,0.0,0.0,0.0,0.7123287671232876,0.3835227272727273,0.49981749604574743,0.5,0.0,0.6676703298790855,0.0,0.0,0.0,0.0,0.0,0.0,0.6000000000000001,0.7857142857142856,0.8318452380952381,0.0,0.0,0.9027777777777778,0.0,0.0,0.0,0.0,0.6801008968609866,1.0,0.0,1.0,0.8120452518424635,0.889615642406453,0.0,0.0,0.8917471772785474,0.0,0.0,0.0,0.0,0.0,0.0,0.0,0.0,0.0,0.0,0.0,0.0,0.0,0.7679516521241596,0.8841833440929632,0.0,0.12613458528951482,0.0,0.5617206109009388,0.0,0.4294574997816021,0.6687170474516695,0.29606346355336033,0.0,0.7245862884160756,0.0,0.8221590909090909,1.0,0.6839779005524863,0.6149150743099788,0.35600248807795987,0.0,0.0,0.0,0.9433211799801127,1.0,0.0,0.5714285714285714,0.5647619047619047,0.9007444168734492,0.12850812407680945,0.0,0.0,0.0,0.6296296296296297,0.4568965517241379,0.9424242424242424,0.790356394129979,0.8,0.7750692520775623,1.0,0.2500000000000001,1.0,0.0,0.0,0.5,1.0,1.0,1.0,0.0,0.5066469719350074,0.75,0.0,0.0,0.0,0.8474025974025974,1.0,0.861995753715499,1.0,0.23732094463801778,1.0,0.5236270753512133,1.0,0.0,0.6226522481502561,0.8571428571428572,0.0,0.0,0.5714285714285714,0.4285714285714286,0.3534956794972508,0.75,1.0,0.5238095238095237,0.5,0.0,0.0,0.0,0.7964452759588401,0.6875,0.45390070921985815,0.7730337078651686,0.0,0.34615384615384615,0.0,0.9166666666666666,0.5833333333333333,0.0,0.1931540342298288,0.0,0.11557994757536039,0.8296370967741935,1.0,0.0,0.8456843940714909,0.6666666666666667,0.9082058414464534,0.0,0.6666666666666667,0.8440447253281478,1.0,0.0,1.0,1.0,0.24972776769509974,0.5121951219512195,0.0,0.5210843373493976,0.0,0.44999999999999996,0.3529411764705882,0.7549770290964778,0.6666666666666667,0.6000000000000001,1.0,0.6363636363636365,0.0,0.0,1.0,1.0,1.0,0.5894125242091672,0.0,0.9157967988865692,0.7252208047105004,0.0,0.8308478909245846,0.0,0.789282250242483,0.0,0.7962170682278766,0.668842253238277,0.2775041050903121,0.7648921914971373,0.7193847153766995,0.0,1.0,1.0,0.4371014492753623,0.0,0.8853661790208547,1.0,0.6020320999865127,0.44999999999999996,1.0,0.0,1.0,1.0,0.0,0.0,0.0,0.6473627390499692,0.0,0.9773863950170293,0.885122975404919,1.0,0.9033113285081789,0.8841698841698842,1.0,0.0,0.005610972568578565,0.8181818181818182,0.0,0.0,0.0,0.0,0.7294010232734415,0.0,0.7635856079404466,0.2249116336253265,0.0,0.0,0.0,0.0,0.0,0.0,1.0,0.0,0.0,0.0,0.0,0.6530014641288433,0.0,0.0,0.0,0.7862608399931984,0.0,0.7653911118877046,0.0,0.0,1.0,0.0,0.48043818466353694,1.0,0.0,0.7658294086865516,0.0,1.0,0.0,0.0,0.0,0.0,0.5944564262321272,0.9333333333333333,0.7142857142857143,0.0,0.0,0.2322241516872391,0.0,0.0,0.0,0.0,0.9119897959183674,0.925065731814198,0.0,0.6666666666666667,0.13133760166118702,0.5071592597595569,0.0,0.0,0.7979041916167664,0.7464932126696833,0.0,0.0,0.0,0.0,0.0,0.0,0.0,0.0,0.0,0.0,0.0,0.0,0.5308689024390245,0.7639391745112238,0.0,0.0,0.0,0.36444308445532425,0.0,0.0,0.0,0.08838757396449692,0.6382747372236317,0.0,0.0,0.0,0.0,0.20512820512820518,0.0,0.015652574234635064,0.0,0.0,0.0,0.5984848484848485,0.8983872923487328,0.0,0.05714285714285716,0.0,0.8559866034049679,0.09836065573770503,0.7701149425287357,0.7254901960784315,0.2857142857142857,0.7474747474747474,0.0,0.8571428571428572,0.6057339449541284,0.3076923076923077,0.25418569254185686,0.2857142857142858,0.6785714285714285,0.0,0.0,0.6666666666666666,0.6,0.0,0.5,0.0,0.12765957446808518,0.4745417515274949,0.5714285714285714,0.0,0.3084013297068601,0.0,0.21052631578947367,0.0,0.13043478260869568,0.0,0.0,0.0,0.0,1.0,0.5,0.8,0.0,0.0,0.0,0.0,0.5,0.0,0.0,0.5,0.3643322475570032,0.20000000000000007,0.0,0.25,0.06249999999999989,0.2564102564102564,0.0,0.996042216358839,0.34838709677419366,0.625,0.0,0.3766233766233765,0.25,0.19999999999999996,0.31707317073170727,0.0,0.2222222222222221,0.16688481675392686,0.0,0.0,0.0,0.2698412698412699,0.5714285714285714,0.4318181818181819,0.2857142857142857,0.0,0.2776214593884825,0.0,0.0,0.6487334678323247,0.0,0.2507552870090637,0.9839816933638444,0.0,0.31746031746031755,0.0,1.0,0.0,0.08333333333333326,0.07692307692307698,0.33333333333333337,0.0,0.11868686868686873,0.6666666666666666,0.0,0.0,0.0,0.0,0.21758802237578145,0.0,0.0,0.3846153846153846,0.6194728348574503,0.25773195876288646,0.0,0.0,0.0,0.0,0.10030165912518862,0.0,0.0,0.1147125633409053,0.6827654181920586,1.0,1.0,0.0,0.0,0.0,0.0,0.3704206241519674,0.0,0.3979274611398964,0.0,0.6000000000000001,0.0,0.0,0.0,0.0,0.9583333333333334,0.045038705137227186,0.06120540647757211,0.31991051454138697,0.206896551724138,0.0,0.0,0.33333333333333337,0.0,0.6883116883116883,0.41666666666666663,0.0,0.0,0.0,0.0,0.3617222788867843,0.0,0.010928961748634003,0.21347501851437245,0.0,0.0,0.0,0.0,0.0,0.0,0.6666666666666667,0.0,0.0,0.0,0.0,0.6115589353612167,0.0,0.0,0.0,0.0,0.0,0.014950140351421393,0.0,0.0,0.5,0.3571428571428572,0.5613437195715678,0.0,0.0,0.7006155323700178,0.0,m2
0.0,0.0,0.7499120845114009,0.0,0.0,0.0,0.0,0.0,0.0,0.0,0.0,0.0,0.0,0.0,0.0,0.0,0.0,0.7122875082954719,0.33333333333333326,0.0,0.6675752289576973,0.0,0.0,0.0,0.10638994190961892,0.6801895734597156,0.0,0.6030888030888031,0.3692689734433364,0.0,0.0,0.0,0.0,0.0,0.0,0.0,0.47531052221883774,0.11907894736842095,0.8328905801263642,0.0,0.826357047773998,0.6390425476916712,0.3449655358832274,0.0,0.45395808448257136,0.578383641674781,0.06628355851903844,0.7941377025248985,0.6290200815340481,0.0,0.8807795065220808,0.33333333333333337,0.7580699801577699,0.051604861327516294,0.4177846888221891,0.0,0.0,0.0,0.3845943107620656,0.5808548980033158,0.89591957421644,0.23019221753398944,0.7405941455352094,0.0,0.1518324607329843,0.3876166770379589,0.0,0.0,0.7922256621947024,0.0,0.0,0.492360097323601,0.0,0.0,0.0,0.15555555555555567,0.0,0.7399916306318873,0.0,0.4,1.0,0.0,0.0,0.0,0.15023041474654386,0.33333333333333337,0.9192342992002097,0.2655955817748211,0.0,0.9491525423728814,0.6666666666666667,0.3835269271383316,0.5,0.20775142550202452,0.6000000000000001,0.08960270498732015,0.0625,0.060439560439560336,0.0,0.28621908127208484,0.34702702702702726,0.4652777777777777,0.5714285714285714,0.0,0.7664578983994432,0.6428571428571428,1.0,0.7861271676300579,0.0,0.8233950773915251,1.0,0.6805400502372314,0.6514423076923076,1.0,0.0,0.44896681277395123,0.0,0.1995496763298622,0.5110115714818961,0.5486725663716814,0.45833333333333337,0.0,0.9129438717067583,0.8725162931171515,0.055068836045056524,0.43298585256887556,0.75,0.0,0.9015544041450777,0.0,0.9695323571091167,0.4444444444444444,0.0,0.5320855614973262,0.0,0.0,0.0,0.6666666666666667,0.31627561312241215,0.01171848540269571,0.5,0.0,0.0,0.8214285714285715,0.7012987012987013,0.6911665542818611,0.0,0.33333333333333337,0.8571428571428572,1.0,1.0,1.0,0.5,0.8571428571428571,0.0,0.6317010453351222,0.25,0.0,0.0,0.0,0.9118435421423607,0.9166666666666666,0.0,0.0,0.0,0.5095018885741265,0.7153886912421468,0.0,0.0,0.5741652983032293,0.0,0.0,0.19552058111380144,0.15384615384615385,0.07790055248618777,0.6666666666666667,0.10635511441963041,0.3076923076923077,0.12942989214175638,0.75,0.0,0.0,0.0,0.0,0.0,0.0,0.0,0.8339973237637613,0.9825385011736417,0.12914438502673786,0.5712041649836183,0.9767193139932393,0.0,0.6317556487958589,0.48843464228079625,0.16000000000000003,0.0,0.0,0.0,0.0,0.0,0.5608130944908503,0.4489741775733994,0.9378444689400135,0.0,0.0,0.0,0.0,0.49280509007509354,0.7376572352641118,0.9473684210526315,0.0,0.0,0.0,0.0,0.0,0.0,0.0,0.0,0.0,0.0,0.09822944103014308,0.0,0.9375,1.0,0.9130434782608696,0.0,0.5,0.0,0.0,0.0,0.0,1.0,0.782336578581363,0.0,0.0,0.0,0.0,0.0,0.0,0.0,0.0,0.0,0.0,0.0,0.0,0.0,0.0,0.4736842105263158,0.5,0.0,0.8632889895273139,0.0,0.0,0.0,0.047272727272727244,0.9360986547085202,0.0,0.5189873417721519,0.4787304817438266,0.0,0.0,0.17588440458395616,0.0,0.25,0.0,0.0,0.6843365466697204,0.7034063495126893,0.819830136463403,0.0,0.7551020408163266,0.8456419262408725,0.5412026726057906,0.0,0.6481869943062633,0.0,0.352763312615488,0.9463907153893141,0.8286384976525822,0.0,0.9427239427239427,1.0,0.9563061667183143,0.8771894904458599,0.23717155041959015,0.0,0.0,0.0,0.5688249839728913,0.8380556912554958,1.0,0.5714285714285714,0.9266505406943654,0.0,0.07251264755480591,0.0,0.0,0.0,1.0,0.0,0.0,0.6262188515709644,0.0,0.0,0.5,0.2500000000000001,1.0,0.857379767827529,1.0,0.5,1.0,0.5,0.0,0.05942237468186329,0.2609308885754583,0.2500000000000001,0.9122270281675282,0.0,0.0,1.0,0.0,0.0,1.0,0.2543892416884571,1.0,0.5748031496062993,0.12494402149574546,0.36363636363636365,0.0,0.8571428571428572,0.36363636363636365,0.5263157894736842,0.8571428571428571,0.0,0.8141157160443168,0.75,0.0,0.6666666666666666,0.0,0.8803418803418803,1.0,0.7836215423445547,0.2904494382022471,0.8125,0.0,0.7583732057416268,0.0,1.0,0.6363636363636365,0.9166666666666666,0.5416666666666667,0.0,1.0,0.8928571428571428,0.6061914385449201,0.6282219309742245,1.0,0.0,0.8140756302521008,0.6666666666666667,0.9698094113678529,0.6666666666666667,0.6666666666666667,0.3066747757336171,1.0,0.0,0.013945233265720058,1.0,0.7370413511939429,1.0,1.0,0.484375,0.0,0.9,0.3529411764705882,0.9019908116385911,0.2941176470588235,0.8,1.0,0.6774193548387096,0.5,0.0,0.75,1.0,1.0,0.529806884970613,1.0,0.0,0.0,0.1504664970313826,0.8054267161410018,0.9785598705501618,0.3568818514007308,0.0,0.7023346303501945,0.8537001706998695,0.25271149674620386,0.875,0.7786103542234333,0.8216080402010051,0.0,0.0,0.5043914680050189,0.0,0.4908129473346865,1.0,0.4020455295282086,0.65,1.0,0.6666666666666666,1.0,1.0,0.0,0.0,0.0,0.0,0.30843251456064813,0.9829339143064634,0.9979187543359285,0.6461949265687583,0.690542490019123,0.9775208734746307,0.5,0.8479183673469388,0.6443298969072164,0.13636363636363646,0.0,0.0,0.0,0.0,0.033772856788370054,0.8272801420141054,0.6695979899497488,0.8178125735813515,0.0,0.0,0.0,0.0,0.6179407322256827,0.8674197560108966,1.0,0.0,0.0,0.0,0.0,0.0,0.0,0.0,0.0,0.0,0.0,0.3476394849785408,0.0,1.0,0.75,1.0,0.0,1.0,0.0,0.0,0.0,0.0,0.0,0.7548228211793679,0.0,0.0,0.0,0.0,0.0,0.0,0.0,0.0,0.0,0.0,0.0,0.0,0.0,0.0,0.6322778345250255,0.6666666666666667,0.0,0.6164948453608248,0.0,0.0,0.0,0.7764705882352941,0.2410714285714286,0.0,0.7637956748695004,0.8955223880597015,0.0,0.0,0.0,0.0,0.0,0.0,0.0,0.0,0.0,0.9409048938134811,0.0,0.9586776859504132,0.8636363636363636,0.37496169169475935,0.0,0.30025964391691384,0.5911404335532517,0.0,0.6127418902496028,0.0,0.0,0.7253246753246754,0.33333333333333337,0.7948717948717949,0.0,0.0,0.0,0.0,0.0,0.7407407407407407,0.0,0.6015104398045313,0.05714285714285716,0.477957906712173,0.0,0.0,0.7701149425287357,0.0,0.2857142857142857,0.0,0.5,0.0,0.6057339449541284,0.23076923076923073,0.0,0.0,0.0,0.0,0.07033426183844005,0.0,0.6,0.0,0.0,0.33333333333333326,0.09862570735650766,0.0,0.5714285714285714,0.8239095315024232,0.3084013297068601,0.0,0.21052631578947367,0.5714285714285714,0.6956521739130435,0.0,0.0,0.0,0.41176470588235303,0.0,0.0,0.0,0.0,0.5,0.0,0.0,1.0,0.2857142857142857,0.0,0.0,0.4827859749325718,0.10909090909090913,0.9831351949129112,0.16666666666666663,1.0,0.0,0.0,0.5911228689006467,0.48951048951048937,0.625,0.0,0.7142857142857142,0.25,0.0,0.31707317073170727,0.7123689727463313,0.0,0.6304347826086957,0.0,0.0,0.0,0.7870967741935484,0.0,1.0,0.4285714285714285,1.0,0.6976177077471394,0.0,0.0,0.0,0.0,0.13554852320675115,0.3549175320708613,0.0,0.0,0.0,0.0,0.0,0.41666666666666663,0.6851851851851851,0.0,0.0,0.6370967741935484,0.0,0.0,0.5,0.0,0.0,0.9623918277051207,0.25,0.20739456961294045,0.0,0.0,0.25773195876288646,0.7777777777777778,0.40790513833992104,0.0,0.0,0.05192307692307674,0.9467756403867238,0.0,0.05820328975115985,0.24194476409666288,0.812874921658161,0.0,0.92,0.375,0.5751022793687901,0.0,0.11636513157894712,0.29268292682926833,0.3191489361702129,0.8,0.0,0.0,0.0,0.0,0.0,0.0,0.0,0.8026570567986231,0.9181286549707602,0.2068965517241379,0.2976088702365225,0.0,0.0,0.48737345331833526,0.0,1.0,0.0,0.0,0.0,0.0,0.0,0.7949021347926835,0.196078431372549,0.6336997227761296,0.0,0.0,0.0,0.0,0.9329288843950118,0.4572584643434038,0.6666666666666667,0.0,0.0,0.0,0.0,0.0,0.0,0.0,0.0,0.15294815987336774,0.0,0.04378378378378367,0.0,0.9,1.0,0.0,0.0,0.0,0.0,0.0,0.0,m2
0.0,0.0,0.0,0.8801711840228246,0.0,0.0,0.0,0.7806584362139918,0.0,0.0,0.0,0.0,0.0,0.0,0.0,0.0,0.878290054760643,0.0,0.0,0.0,0.6677204840292161,0.0,0.0,0.7305127692205108,0.0,0.0,0.5903334194882398,0.0,0.0,0.0,0.0,0.0,0.0,0.0,0.7988879464706437,0.0,0.0,0.0,0.8900519140674461,0.0,0.0,0.0,0.0,0.8582273389975366,0.0,0.039880358923230386,0.07415466295313111,0.0,0.0,0.0,0.0,0.33333333333333337,0.033427230046948475,0.0,0.45340046784960353,0.0,0.730946091380491,0.0,0.7916503842646867,0.4994811633470728,0.0,0.22310051911278894,0.0,0.6557529532136545,0.5017543859649123,0.739237470016412,0.0,0.0,0.8001300390117034,0.7224719101123596,0.4541120381406437,0.7397714706966458,0.2857142857142857,0.0,1.0,0.021739130434782483,0.0,0.8841443935683101,0.0,0.4,0.0,0.6666666666666667,1.0,0.6553426096088213,0.0,0.0,0.4389501711677444,0.2727272727272728,0.1428571428571428,0.44067796610169496,0.6666666666666667,0.26176602420439277,0.5,0.204192401272693,0.6000000000000001,0.0,0.0,1.0,0.7718816712412321,1.0,0.0,0.39560439560439553,0.5714285714285714,0.0,0.8009893017370298,0.0,1.0,0.0,1.0,0.5498588899341486,0.5,0.0,0.0,1.0,0.0,0.0,0.0,0.0,0.4494556765163298,0.9402985074626866,0.5,0.23491500619160188,0.3516140538612451,0.7964384402824685,0.05634414831981449,0.9400921658986175,0.75,0.0,0.7476851851851851,1.0,0.906194879469774,0.0,0.0,0.0,0.0,0.0,0.8322797579018157,0.6666666666666667,0.0,0.48582317073170733,0.0,0.0,0.0,0.40801886792452824,0.0,0.0,0.1976962228770427,0.6666666666666667,0.8571428571428572,0.534906270200388,0.0,0.0,0.5,0.9285714285714286,0.5,0.6310563829492193,0.7,0.6717167418503702,0.7193758127438232,0.5697297297297297,0.5027344138411057,0.0,0.6641007482218185,0.8333333333333334,0.0,0.5614706452237939,0.0,0.18483829650976635,0.4243309510146591,0.6197003506534906,0.7954627949183303,0.0,0.19552058111380144,0.0,0.8791436464088398,1.0,0.3468168237186854,1.0,0.6115107913669066,0.0,0.0,0.0,0.0,0.0,0.0,0.9093298291721419,0.6754139062672846,0.6593028667965315,0.0,0.07947355099974684,0.7941714068463304,0.7158669167114737,1.0,0.721158412740115,0.0,0.0,0.0,0.0,0.25,0.9383378264454387,0.28607962618002725,0.4239451842486285,0.9704277415947896,0.6291528748314331,0.0,0.0,0.0,0.0,0.0,0.8644071986551962,0.9473684210526315,0.0,0.0,0.0,0.0,0.0,0.0,0.0,0.0,0.8363481769226921,0.8369565217391304,0.033583880937378074,0.0,0.0,0.0,0.0,0.7962862808725437,0.5,0.0,0.6995569915065263,0.0,0.0,1.0,0.0,0.9325544344131704,0.0,0.0,0.0,0.8476890756302521,0.0,0.0,0.0,0.8,0.0,0.0,0.0,0.0,1.0,0.0,0.0,0.0,0.8688466150306251,0.0,0.0,0.875192820081335,0.18588724471077422,0.0,1.0,0.0,0.0,0.0,0.0,0.0,0.0,0.25,0.8644304682040531,0.0,0.0,0.0,0.8609183333760148,0.0,0.12944162436548223,0.0,0.0,0.9110835401157982,0.2582952513411484,0.033249686323713945,0.6794368284549832,0.0,0.0,0.0,0.3170603674540683,1.0,0.5979966611018364,0.21463414634146338,0.26827430293896004,0.0,1.0,0.0,0.9140271493212669,0.3377094542659491,0.0,0.0,0.0,0.2746578574799432,1.0,0.91817957268124,0.0368421052631579,0.2571428571428571,1.0,0.8125,0.9318681318681319,1.0,1.0,0.0,0.75,0.0,1.0,0.8673300165837479,0.0,0.5,0.0,1.0,1.0,0.8196982883666957,0.0,0.5,1.0,0.4931129476584022,0.0,0.2857142857142856,1.0,0.8516645596291614,1.0,0.048352976730129726,1.0,0.0,0.0,0.8636363636363636,0.6264185201997277,1.0,0.0,0.49739583333333337,0.8571428571428571,0.0,0.8043172219615204,0.0,0.0,0.1428571428571428,0.5,1.0,1.0,0.0,0.0,0.6875,0.0,0.4604700854700854,0.0,0.0,1.0,0.9166666666666666,0.5833333333333333,0.6308300395256916,0.1931540342298288,0.8571428571428572,0.6021060549078601,0.8550968828980623,1.0,0.0,0.8045347928068803,1.0,0.9474048442906574,0.33333333333333337,0.6666666666666667,0.0,1.0,0.0,0.7413358538122243,1.0,0.0,1.0,0.0,0.4285714285714285,0.0,0.44999999999999996,0.3529411764705882,0.0,0.7960954446854663,0.8,1.0,0.16129032258064502,0.5,0.0,0.75,1.0,1.0,0.48381444249746375,1.0,0.9064490630957363,1.0,0.8213199785369343,0.43333333333333335,0.0,0.38847305389221554,0.8823529411764706,0.0,0.8817564424597637,0.3709327548806941,0.7627118644067796,0.7465387465387465,0.9312390158172232,0.9493016468626225,0.0,0.90473061760841,0.0,0.8748668229277647,1.0,0.41663883986070693,0.44999999999999996,0.0,0.0,1.0,1.0,0.0,0.0,0.0,0.952695652173913,0.5379211854528143,0.0,0.0,0.3476272155517439,0.6817767307546168,0.36711478800413655,1.0,0.9929724640011024,0.0,0.0,0.0,0.0,0.2592592592592593,1.0,0.0,0.8510141446490526,0.984845031905196,0.13519480519480542,0.0,0.0,0.0,0.0,0.0,0.913066455278108,1.0,0.0,0.0,0.0,0.0,0.0,0.0,0.5,0.0,0.969537127903173,0.7661022866119742,0.6454707201980351,0.0,0.0,0.0,0.6666666666666667,0.7777777777777778,1.0,0.0,0.7588315560721687,0.0,0.0,0.0,0.0,0.9411764705882353,0.0,0.0,0.0,0.7142857142857143,0.0,0.0,0.0,0.6074766355140186,0.0,0.0,0.0,0.0,0.9265793966989186,0.0,0.0,0.0,0.6112967695432803,0.0,0.0,0.709828674481515,0.0,0.0,0.47783621337340343,0.0,0.0,0.0,0.0,0.0,0.0,0.0,0.7121212121212122,0.0,0.0,0.4516599781101788,0.8480734677580355,0.0,0.6531339031339032,0.0,0.0,0.8836515993876399,0.0,0.3886024423337855,0.0,0.5856919318088231,0.15384615384615385,0.0,0.39634146341463417,0.33333333333333337,0.7857142857142857,0.0,0.03128103277060568,0.0,1.0,0.0,0.7060518731988472,0.7946676318011823,0.0,0.2857142857142857,0.29899691358024694,0.8134803921568627,0.5081967213114753,0.854679802955665,0.0,0.0,0.0,0.2500000000000001,0.8571428571428572,0.8157894736842105,0.0,0.0,1.0,0.5609756097560975,0.0,0.04038997214484685,0.6666666666666666,0.6,0.0,0.5,0.0,0.7797089733225546,0.17924528301886788,0.0,0.5464930924548352,0.35690235690235694,0.19999999999999996,0.8202247191011236,0.0,0.13043478260869568,0.0,0.0,0.0,0.0,0.0,0.75,0.5,0.6666666666666667,0.0,0.0,0.0,0.0,0.2857142857142857,0.0,0.0,0.12978524743230613,0.5142857142857142,0.5668202764976957,0.33333333333333326,0.0,0.5784444444444444,1.0,0.7289156626506024,0.0,0.625,0.2873900293255133,0.7142857142857142,0.25,0.19999999999999996,0.04878048780487809,0.0,0.4444444444444444,0.0,0.7357723577235773,0.0,0.0,0.14379084967320266,0.5714285714285714,0.52,0.0,1.0,0.0,0.0,0.0,0.5523425240977359,0.0,0.294234592445328,0.07147220525351261,0.0,0.035472972972972916,0.0,1.0,0.0,0.0,0.1187214611872146,0.6666666666666667,0.0,0.0,0.0,0.0,0.5,0.5,0.5,0.9623918277051207,0.25,0.0,0.26923076923076916,0.39194456474664363,0.0,0.0,0.0,0.0,0.580209388720027,0.2566171723692705,0.0,0.0,0.05820328975115985,0.4092325961110287,0.6666666666666667,0.0,0.0,0.11111111111111116,0.0,0.5,0.0,1.0,0.792003402807316,0.0,0.0,0.0,0.0,0.0,0.0,0.8709677419354839,0.44272445820433437,0.7955020920502092,0.0,0.7707006369426752,0.0,0.035381750465549255,0.33333333333333337,0.9530100466735226,0.2571819425444597,0.0,0.0,0.0,0.5,0.9333772182451521,0.6784305725554196,0.44033004628697925,0.8907103825136612,0.11320859474765399,0.0,0.0,0.0,0.0,0.0,0.5268037081821846,0.6666666666666667,0.0,0.0,0.0,0.0,0.0,0.0,0.0,0.0,0.7445587653343886,0.9112903225806451,0.21444984533804679,0.0,0.0,0.0,0.3571428571428572,0.769385295299317,0.0,0.0,0.7079743759664237,0.0,m2
0.0,0.0,0.7512074968006496,0.0,0.0,0.670676186041699,1.0,0.0,0.7422760709649503,0.0,0.0,0.0,0.0,0.0,0.0,0.0,0.832811164910282,0.0,1.0,0.0,0.0,0.0,0.0,0.0,0.3704175349232076,0.6759259259259258,0.0,0.0,0.0,0.0,1.0,0.0,0.8986522911051213,0.0,0.0,0.0,0.0,0.0,0.0,0.0,0.014689356236955997,0.0,0.0,0.5743684668989546,0.0,0.0,0.13062188401994246,0.5908796895213454,0.5315315315315314,0.7469152360515021,0.0,0.0,0.2079078546193679,0.5361861335204021,0.0,0.23749650740430273,0.0,0.0,0.7551020408163265,0.0,0.0,0.2125098436269547,0.0,0.0,0.17543859649122806,0.28792064289301855,0.11418803418803403,0.14624808575803983,0.7685088633993744,0.0,0.8966455122393473,0.13324732768153325,0.0,0.6101249178172254,0.8571428571428572,0.19148936170212771,0.0,0.18021582733812957,0.0,0.0,1.0,0.6666666666666667,1.0,0.0,0.33438908515044463,0.44444444444444453,0.6785850133130468,0.5009772397705065,0.1428571428571428,0.0,1.0,0.4362354029367558,0.5,0.5487149822328734,0.6000000000000001,0.0,0.0625,0.0851648351648352,0.0,0.0,1.0,0.03585657370517925,0.8571428571428572,1.0,0.3192182410423453,0.6428571428571428,0.0,0.7193130630630631,0.0,0.0,0.75,0.6810518982932776,0.6565420560747663,0.9512195121951219,0.42647058823529405,0.519435736677116,0.9166666666666666,0.2599716879007412,0.5110115714818961,0.6194029850746269,0.0,0.5796900592163285,0.30509262847841223,0.0,0.5220992066951442,0.6483433734939759,0.75,0.0,0.6007575757575757,0.6923076923076923,0.5043307730021246,0.11111111111111105,0.0,0.0,0.0,0.0,0.30353430353430366,0.6666666666666667,0.38770234765658107,0.0,0.0,0.0,0.6666666666666667,0.8228882833787465,1.0,0.0,0.7332738626226583,0.0,0.8571428571428572,0.4,0.0,0.0,0.5,0.0,0.0,0.07700778730433422,0.7,0.9159635879218473,0.451657458563536,0.4994819050543039,0.0,0.7222222222222222,0.0,0.0,0.0,0.0,0.41291348118991744,0.18483829650976635,0.4140604258482451,0.5598729684289183,1.0,0.75,0.0,0.0714285714285714,0.06605744125326363,0.16666666666666674,0.10614639470632381,0.0,0.0,0.0,0.6000000000000001,0.0,0.0,0.0,0.0,0.0,0.8003419702748915,0.017691230749649955,0.0,0.025026923257011724,0.9386214442013129,0.967456694868318,0.0,0.3129590001155238,0.3915159944367178,0.84,0.0,0.0,0.25,0.0,0.0,0.37759616886158986,0.0,0.5383724182014302,0.0,0.0,0.0,0.0,0.0,0.0,0.0,0.0,0.0,0.0,0.9087551596784705,0.0,0.0,0.0,0.0,0.0,0.0,0.6471566345194546,0.0,0.0,0.273972602739726,0.6818181818181819,0.33527696793002915,0.5,0.0,0.9914442516065481,0.0,0.0,1.0,0.758255376384712,0.0,0.0,0.6714285714285715,1.0,0.0,0.7731609073563706,0.0,0.0,0.0,0.0,0.0,0.0,0.0,1.0,0.0,1.0,0.0,0.0,0.0,0.0,0.0,0.2120636017974422,0.9444822116474054,0.0,0.0,0.0,0.0,0.6666666666666667,0.0,0.45679012345679015,0.25,0.0,0.0,0.0,0.0,0.0,0.0,0.18212121212121235,0.0,0.0,0.6560415122312824,0.41698987796802567,0.07794981313400962,0.3085650723025587,0.9088723909207084,0.7370145063172672,0.878248974008208,0.3170603674540683,1.0,0.0,0.6571884520528073,0.0,0.23777116120799657,0.0,0.0,0.6182220256523662,0.0,0.0,0.0,0.0,0.0,0.0,0.6603053435114504,0.0,0.7496839443742098,1.0,0.0,0.9615384615384616,0.008288357748650776,0.0,0.605724838411819,0.75,0.2500000000000001,1.0,0.0472681067344346,1.0,1.0,0.0,1.0,1.0,0.04931960544315639,0.5066469719350074,0.75,0.9154929577464789,1.0,0.0,0.0,0.0,0.0,1.0,0.7715834301200155,1.0,0.5740432612312812,0.0,0.36363636363636365,0.0,1.0,1.0,0.5555555555555556,1.0,1.0,0.32513749595600117,0.75,0.0,0.6666666666666666,0.0,0.0,1.0,0.7838058887677208,0.17717717717717718,0.6875,0.0,0.14473684210526327,0.4947478991596639,0.0,0.6363636363636365,1.0,0.5416666666666667,0.7505112474437627,0.21393643031784837,0.0,0.9803942925607232,0.7106149957877,1.0,0.0,0.837199124726477,0.6666666666666667,0.8938512928368181,0.0,0.6666666666666667,0.0,1.0,0.0,0.8014766201804757,1.0,0.0,0.0,0.0,0.0,1.0,0.9,0.8823529411764706,0.0,0.9303112313937754,0.0,1.0,0.8,0.0,0.0,0.75,0.0,0.5,0.776254807218223,1.0,1.0,0.6937431394072449,0.8213199785369343,0.14065449968533672,0.9583333333333334,0.0,0.0,0.7888725128960943,0.0,0.0,0.8338220918866079,0.745992745992746,0.9319630010277492,1.0,0.0,0.24084621643612703,0.0,0.4849037307127929,1.0,0.41663883986070693,0.44999999999999996,0.6511627906976745,0.0,1.0,1.0,0.0,0.0,0.0,0.0,0.854220600769482,0.8871829105473965,0.0,0.803030303030303,0.9696096569712778,0.9597711216208326,0.0,0.33920123430398463,0.0,0.9545454545454546,0.0,0.0,0.2592592592592593,0.0,0.6287135817825192,0.5531315974665729,0.0,0.7220301214077147,0.0,0.0,0.0,0.0,0.0,0.0,0.0,0.0,0.0,0.0,0.9360560305621248,0.0,0.0,0.0,0.0,0.0,0.0,0.9872802879407345,0.0,0.0,1.0,1.0,0.48043818466353694,1.0,0.0,0.9915301459935362,0.0,1.0,0.0,0.7453006170182235,0.0,0.0,0.5556794425087107,0.0,0.0,0.6960576515472657,0.0,0.0,0.0,0.0,0.0,0.0,0.0,0.916351606805293,0.0,0.6666666666666667,0.0,0.0,0.0,0.0,0.0,0.6720302375809935,0.5357142857142858,0.0,0.0,0.0,0.0,0.7777777777777778,0.0,0.5467608951707892,0.0,0.0,0.0,0.2843137254901962,0.0,0.0,0.0,0.0,0.0,0.0,0.5070686989176054,0.7017543859649122,0.26299760713508824,0.161167374496352,0.0,0.0,0.0,0.45584415584415583,0.0,0.0,0.45977011494252884,0.23679353080777,0.5,0.25,0.0,0.5011337868480725,0.024623359792645405,0.0,0.25482625482625487,0.31783276450511944,0.0,0.4918032786885246,0.0,0.7254901960784315,0.0,0.0,0.5,1.0,0.0,0.23076923076923073,0.4461732548359967,0.7142857142857143,0.6785714285714285,0.0,0.4220055710306406,0.0,0.0,0.0,0.5,0.0,0.08591331269349867,0.2515723270440251,0.4285714285714285,0.790871121718377,0.3998137513580632,0.19999999999999996,0.0,1.0,0.6956521739130435,0.0,0.38888888888888884,0.0,0.0,1.0,0.0,0.0,0.33333333333333337,0.75,0.0,0.5,1.0,0.0,0.0,0.0,0.4184224273028033,0.4,0.0,0.33333333333333326,1.0,0.8896595208070618,0.0,0.5221625251846878,0.8939068100358423,0.0,0.03620873269435576,0.12337662337662325,0.0,0.0,1.0,0.8775681341719077,0.2222222222222221,0.8333333333333334,0.0,0.0,0.0,0.12962962962962987,0.5714285714285714,0.4318181818181819,0.2857142857142857,0.0,0.2320390170699681,0.0,0.0,0.8202196816857208,0.0,0.8181344450234497,0.3928571428571429,0.0,0.7692307692307693,0.0,0.0,0.18181818181818177,0.0,0.5641025641025641,0.6666666666666667,0.0,0.9473684210526316,0.6666666666666666,0.0,0.5,0.0,0.5,0.0,0.25,0.8378378378378378,0.3846153846153846,0.28750747160789014,0.0,0.5555555555555556,0.3544228480761603,0.0,0.0,0.0,0.7312278440219142,0.0,0.0,0.0,1.0,1.0,0.0,0.0,0.5496994914470643,0.0,0.12866958151155516,0.0,0.0,0.0,0.6000000000000001,0.0,0.0,0.0,0.0,0.0,0.6530612244897959,0.0,0.0,0.0,0.11957179878417978,0.8213627992633518,0.0,0.11577380504894086,0.0,1.0,0.0,0.0,0.5,0.0,0.4115409836065572,0.2150843282167899,0.0,0.613299347260734,0.0,0.0,0.0,0.0,0.0,0.0,0.0,0.0,0.0,0.0,0.9198283261802576,0.0,0.0,0.0,0.0,0.18648434403487912,0.0,0.5049644216448783,0.0,0.0,1.0,0.7857142857142857,0.5647693817468106,0.0,0.0,1.0,0.0,m2
0.5714285714285714,0.0,0.0,0.0,0.0,0.668568385820782,0.0,0.7898686679174484,0.3842251840063656,0.740834326579261,0.0,0.0,0.0,0.6527687998276234,0.0,0.0,0.0,0.0,0.0,0.6213139102325346,0.0,0.0,0.0,0.0,0.0,0.0,0.0,0.0,0.3082823507601039,0.0,0.0,0.0,0.0,0.0,0.7988879464706437,0.0,0.0,0.0,0.0,0.0,0.1557557273565503,0.5096677675219465,0.6057846945592201,0.5671958247254539,0.5037451150673035,0.26416733010060056,0.4163868368032235,0.10494600719904024,0.38557312252964426,0.48545396419437337,0.06159298008774894,0.6666666666666667,0.0,0.14788113240724465,0.3894401133947555,0.0,0.0,0.046526939536925216,0.0,0.0,0.0,0.5698481817111922,0.6118001622812101,0.4678042001235331,0.1578947368421052,0.44600703164239075,0.0,0.0,0.0,0.0,0.43312883435582805,0.0,0.0,0.0,1.0,1.0,0.0,0.0,0.6666666666666667,0.4,0.5,0.6666666666666667,1.0,0.16698526931294277,0.24458273141460174,0.0,0.4735807001442244,0.23220353028921858,0.1428571428571428,0.0,0.25,0.0,0.5,0.0,0.6000000000000001,0.0,1.0,0.0,0.735166872682324,0.3066132264529058,0.0,0.027131782945736482,0.2857142857142857,0.5,0.3273248668578451,0.6428571428571428,1.0,0.4001953760989905,0.66,0.0,0.11111111111111116,0.45848136537791717,0.967948717948718,1.0,0.0,0.6465863453815262,0.0,0.8597199784598815,0.21313923105636423,0.09734513274336287,0.7142857142857142,0.3049136119908439,0.12147239263803677,0.0,0.38969855505729945,0.0,0.75,0.0,0.6130690161527166,1.0,0.9065431058691379,0.11111111111111105,0.25,0.11495063469675593,0.0,0.0,0.5786199095022624,0.6666666666666667,0.11736914086783523,0.0,0.5,0.5396565821749796,0.6666666666666667,0.43728813559322033,1.0,0.6059479553903346,0.10999451854558728,0.33333333333333337,0.8571428571428572,0.8,0.0,1.0,0.5,0.0,0.0,0.0,1.0,0.40884741662346635,0.0,0.49850034607398297,0.5466723368062938,0.0,0.6168569007625978,0.0,0.7915704387990762,0.0,0.532938022906344,0.7769465809714466,0.3756613756613757,0.0,0.0,0.0,0.0,0.0,0.8642635391514315,0.6666666666666667,0.8491821771009588,0.0,0.11288805268109103,0.0,0.0,0.0,0.9381822997654978,0.0,0.0,0.0,0.7787054768288013,0.6515616851132874,0.7915131428168468,0.045652479280797964,0.870536844770828,0.7692880178615729,0.9624726362973002,0.2148695134007773,0.0,0.0,0.0,0.0,0.5,0.6341794522139534,0.5366785691912548,0.20165234904846063,0.0,0.48600592690154754,0.0,0.0,0.0,0.0,0.0,0.8516332833891374,0.9473684210526315,0.0,0.0,0.0,0.0,0.8602818329511804,0.19999999999999996,0.0,0.0,0.36185422451953475,0.0,0.13939420418798276,0.0,0.0,1.0,1.0,0.0,0.5,0.0,0.0,0.0,0.0,1.0,0.0,0.0,0.0,0.6000000000000001,0.0,0.625,0.4839962392184115,0.5454545454545454,0.0,0.0,0.0,0.6427577570613608,0.0,0.0,0.0,0.0,0.0,0.8825893801565475,0.0,0.0,0.0,0.0,0.3669601677148847,0.0,0.0,0.0,0.512122132107386,0.0,0.0,0.0,0.0,0.25,0.8841698841698842,0.0,0.0,0.0,0.0,0.0,0.12613458528951482,0.725119212428857,0.690585533869116,0.20388751033912333,0.9221481347990629,0.6563192904656319,0.884456985967053,0.7195672298079148,0.24144276775855722,0.7121920798253819,0.0,1.0,0.6946399566865187,0.0,0.46926360725720384,0.0,0.0,0.17948717948717952,0.0,0.0,0.0,0.6857142857142857,0.1691026512576479,0.41917525773195874,0.22764227642276436,0.0,0.0368421052631579,0.0,0.6000000000000001,0.0,0.9333333333333333,0.0,0.0,0.18467220683287167,0.0,0.2500000000000001,1.0,0.0,1.0,0.5,1.0,1.0,1.0,0.0,0.2609308885754583,0.5,1.0,0.5165745856353592,0.0,0.0,0.6000000000000001,0.15625,1.0,0.0,1.0,0.5449999999999999,1.0,0.0,0.75273390036452,1.0,0.0,0.0,0.5714285714285714,0.0,0.10470409711684381,0.75,0.0,0.5238095238095237,0.5,0.0,0.0,0.482313249727372,0.9752286585365854,0.9375,0.0,0.7704081632653061,0.0,1.0,0.2727272727272728,0.75,0.5833333333333333,0.5330857064245426,0.31577008106116444,0.0,0.0,0.06908171861836565,1.0,0.0,0.8467917939764296,0.6666666666666667,0.9386861313868613,0.0,0.33333333333333337,0.6214845550945136,1.0,0.0,0.7413358538122243,1.0,0.16644159351789323,0.0,1.0,0.7994791666666666,1.0,0.44999999999999996,0.8823529411764706,1.0,0.23951285520974308,0.8,1.0,1.0,0.5,0.8571428571428572,1.0,0.0,1.0,0.0,1.0,0.6885745200977839,0.0,1.0,0.8916456677650707,0.0,0.8163912756113682,0.0,1.0,0.0,0.0,1.0,0.51559767586168,0.17095408661673717,0.4406546644844518,0.0,0.0,0.0,0.9046245157035694,1.0,0.7162762397322787,0.44999999999999996,0.5348837209302325,0.0,1.0,1.0,0.9927103650727979,0.0,0.0,0.0,0.854220600769482,1.0,0.8812047954027544,0.3476272155517439,0.9478214727905194,0.8885154462242563,0.9850746268656716,0.33920123430398463,0.0,0.9545454545454546,0.0,0.0,0.5,1.0,0.30451831702405785,0.5368838663140179,0.0,0.0,0.0,0.0,0.0,0.0,0.0,0.9071872040408292,1.0,0.0,0.0,0.0,0.0,0.9346022449975597,0.5,0.0,0.0,0.7885628868745329,0.0,0.627906976744186,0.0,0.0,0.0,0.6666666666666667,0.0,1.0,0.0,0.0,0.0,1.0,0.0,0.0,0.0,0.0,0.5545276142416595,0.0,0.7142857142857143,0.23096393165998752,0.6557566422795533,0.0,0.0,0.0,0.681386579437554,0.0,0.0,0.0,0.0,0.0,0.9687094982410664,0.0,0.0,0.0,0.0,0.0,0.0,0.0,0.0,0.9090909090909091,0.0,0.0,0.0,0.0,0.0,1.0,0.0,0.0,0.4516599781101788,0.0,0.0,0.593698175787728,0.2898953215124974,0.45562454346238135,0.5070686989176054,0.0,0.0,0.4500668747213554,0.0,0.3076923076923076,0.625,0.18360433604336024,0.6666666666666667,0.3076923076923077,0.8545454545454545,0.0,0.0,0.25,0.05882352941176461,0.0,0.0,0.0,0.7142857142857143,0.7377701934015928,0.6241262683201805,0.09836065573770503,0.7692793931731985,0.2932692307692307,0.2857142857142857,0.8078078078078078,0.5,1.0,0.06578947368421051,0.23076923076923073,0.3902439024390244,0.8571428571428572,0.5272727272727272,0.0,0.0,0.6666666666666666,0.6,0.0,0.5,0.0,0.1187010078387456,0.6198347107438016,0.0,0.5218774860779634,0.3934524703408919,0.19999999999999996,0.0,0.5714285714285714,0.0,0.0,0.17647058823529416,0.0,0.0,0.8333333333333334,0.5,0.5,0.0,0.0,0.0,0.0,0.0,0.0,0.0,0.0,0.5188172043010753,0.0,0.0,0.25,0.03798925556408295,0.658890290037831,0.8070175438596491,0.45496246872393664,0.5691756272401434,0.0,0.32339955849889623,0.5714285714285714,0.25,0.19999999999999996,0.04878048780487809,0.0,0.2222222222222221,0.5026178010471205,0.44594594594594594,0.0,0.0,0.14545454545454573,0.5714285714285714,0.52,0.2857142857142857,1.0,0.0,0.0,0.0,0.5523425240977359,0.0,0.41920668058455124,0.3928571428571429,0.0,0.5093304061470909,0.0,0.0,0.18181818181818177,0.08333333333333326,0.3447488584474886,0.0,0.0,0.605263157894737,0.0,0.5,0.0,0.0,0.0,0.6742791892663431,0.25,0.6640000000000001,0.0,0.20577249575551781,0.25773195876288646,0.0,0.0,0.0,0.77341900574907,0.0,0.7302730595570845,0.49095966620305986,0.9869109947643979,0.7585978835978836,0.0,0.0,0.025604096655464925,0.11111111111111116,0.0,0.0,0.5735775016350556,0.0,0.2807316035729476,0.0,0.0,0.0,0.930376944140692,0.0,0.0,0.0,0.7083333333333334,0.7002468855529385,0.5132275132275133,0.4469827586206896,0.12350510452114705,0.46612466124661245,0.6666666666666667,0.1285186280307511,0.0,1.0,0.0,0.0,0.0,0.656423950928102,0.0997069401891566,0.6628433030206096,0.4444444444444444,0.0,0.0,0.0,0.0,0.0,0.0,0.5188336781295133,0.6666666666666667,0.0,0.0,0.0,0.0,0.8813559322033898,0.5555555555555556,0.0,0.0,0.0,0.0,0.0,0.0,0.0,0.0,0.3571428571428572,0.0,0.0,0.0,0.0,0.0,m2
0.0,0.0,0.659912564151302,0.0,0.0,0.0,1.0,0.0,0.0,0.0,0.0,0.0,0.0,0.0,0.0,0.0,0.0,0.0,0.0,0.5171351968357623,0.453265840770836,0.0,0.5824636812630448,0.0,0.10638994190961892,0.0,0.0,0.0,0.2675975849131611,0.0,0.0,0.0,0.0,0.33333333333333326,0.0,0.0,0.47390642948061223,0.0,0.0,0.0,0.9093091671457072,0.0,0.5935000506226586,0.22678598361067803,0.4541359096830221,0.0,0.06549240094878295,0.3453933907558412,0.6284161256228296,0.6946601941747573,0.0,0.0,0.41563365903456306,0.0,0.0,0.2385065477848981,0.0,0.047020739602765205,0.7131332505923502,0.0,0.39065154688055637,0.0,0.2515332086468618,0.0,0.4649122807017544,0.36003287394107986,0.0,0.9187919463087248,0.7218465539661898,0.5666666666666667,0.46953405017921146,0.13324732768153325,0.0,0.0,0.0,0.0,0.0,0.9166232955136879,0.6666666666666667,0.4,0.5,0.0,0.25,0.5531149301825993,0.6312583749543184,0.5555555555555556,0.4389501711677444,0.23233491384295124,0.5714285714285714,0.0,0.0,0.44897040621132,0.5,0.5487149822328734,0.6000000000000001,0.0,0.78125,1.0,0.0,0.09540636042402828,0.7142857142857142,0.36785714285714277,0.2857142857142857,0.0,0.0,0.0,0.0,0.801225153144143,0.8,0.5501762632197414,0.0,0.6805400502372314,0.6506024096385542,0.0,0.19879280934260601,0.0,0.9166666666666666,0.21056667243810145,0.15832037325038884,0.6194029850746269,0.45833333333333337,0.0,0.716789344549597,0.0,0.026016513475619396,0.6545048399106477,0.75,0.0,0.7918307086614174,0.35766423357664245,0.0,0.7777777777777778,0.0,0.07539118065433859,0.0,0.0,0.23565816007231766,0.6666666666666667,0.2374857694828716,0.0,0.5,0.0,0.6666666666666667,0.2997275204359672,0.42105263157894735,0.6904937361827561,0.7158779462817468,0.6666666666666667,0.8571428571428572,1.0,1.0,0.0,0.5,0.8571428571428571,0.5,0.29536478902515084,0.0,0.0,0.0,0.48113797415589843,0.517241379310345,0.9166666666666666,0.6783193779904306,0.8333333333333334,0.1156744536548604,0.7076706733183782,0.5155173718870638,0.0,0.2819093739190591,0.0,0.0,0.0,0.0,0.0,0.8854193548387097,0.0,0.10727097130242857,0.1923076923076923,0.029268292682926855,0.0,0.6000000000000001,0.0,0.0,0.0,0.0,0.0,0.0,0.5892053403077672,0.0,0.14419159994381237,0.5662945101407149,0.9706102177110205,0.0,0.730150422952653,0.0,0.84,0.0,0.9872073863547539,0.07692307692307698,0.0,0.9126523139087064,0.0,0.574712643678161,0.0,0.0,0.0,0.0,0.0,0.0,0.0,0.0,0.0,0.0,0.0,0.9826200304149467,0.0,0.0,0.7485581450094162,0.0,0.16045450971141006,0.0,0.0,0.0,0.0,0.7123287671232876,0.9130434782608696,0.5358519994800917,0.5,0.0,0.0,0.0,0.0,1.0,0.7633447685719374,0.0,0.0,0.0,1.0,0.0,0.0,0.0,0.0,0.0,0.0,0.0,0.0,0.0,0.0,0.0,0.0,0.7992865475325026,0.734395097223273,0.0,0.7618740660435407,0.0,0.047272727272727244,0.0,0.0,0.0,0.5599067146049947,0.0,0.0,0.0,0.0,0.0,0.0,0.0,0.6843135213906526,0.0,0.0,0.0,0.8298450665941832,0.0,0.7009948157489141,0.4162673228856365,0.9097580152004892,0.6256218905472637,0.648129958443521,0.7212838596648847,0.8286384976525822,0.8937947494033414,0.2787212787212786,1.0,0.9771458942333244,0.6373809523809524,0.0,0.2346850733390854,0.0,0.14491614255765184,0.6899720335597284,0.0,0.2801449025357944,0.19999999999999996,0.6377347751849745,0.0,0.9955555555555555,0.584732824427481,0.0368421052631579,1.0,0.8666666666666667,0.25,0.8916083916083916,0.0,0.0,0.0,0.5,0.0,1.0,1.0,1.0,0.5,1.0,0.5,1.0,0.8193707767201918,0.9166666666666666,0.75,0.5391918978795232,0.47018030513176157,1.0,0.0,0.0,0.0,1.0,0.7747478520732163,1.0,0.0,0.8852823477100934,0.8636363636363636,0.0,0.0,0.8636363636363636,0.0,0.5714285714285714,0.0,0.0,0.0,0.0,0.6666666666666666,0.0,0.7107438016528925,1.0,0.7836215423445547,0.9879203395364022,0.0625,0.7263999999999999,0.4438202247191011,0.3653846153846154,0.34615384615384615,0.2727272727272728,0.9166666666666666,0.5416666666666667,0.0,0.793644996347699,0.0,0.12092363783674287,0.7541567695961996,1.0,0.0,0.7600950118764845,0.6666666666666667,0.0,1.0,0.6666666666666667,0.6461320191158901,1.0,0.0,0.6950867052023122,1.0,0.8408227848101266,0.0,1.0,0.0,1.0,0.44999999999999996,0.8823529411764706,0.9019908116385911,1.0,0.8,1.0,0.6774193548387096,1.0,0.0,1.0,1.0,1.0,0.4940458902120244,0.0,0.0,0.029088913282107498,0.830735343951203,0.08140074211502779,0.9559748427672956,0.789282250242483,0.8823529411764706,0.5570817383472191,0.8473275208491281,0.9370932754880694,0.0,0.5676065676065676,0.11798017932987237,0.4406546644844518,0.0,0.0,0.0,0.8790297820079829,0.0,0.4452636784606394,0.0,1.0,0.0,1.0,1.0,0.0,0.0,0.0,0.0,0.37038689172289085,0.9038117165515477,0.0,0.7100127667335401,0.6911528312759698,0.8841698841698842,0.5,0.8479183673469388,0.0871794871794872,0.9545454545454546,0.0,0.988842754158494,0.10526315789473684,0.0,0.9398376329958915,0.0,0.7635856079404466,0.0,0.0,0.0,0.0,0.0,0.0,0.0,0.0,0.0,0.0,0.0,0.9794849410737669,0.0,0.0,0.7258335080729713,0.0,0.5769146488440889,0.0,0.7617377729105017,0.0,0.0,1.0,1.0,0.48043818466353694,1.0,0.0,0.0,0.0,1.0,0.0,0.698893499308437,0.0,0.0,0.0,0.0,0.0,0.0,0.0,0.0,0.0,0.0,0.0,0.0,0.0,0.0,0.0,0.0,0.12951511298618734,0.5071592597595569,0.0,0.7220209281428447,0.0,0.6720302375809935,0.0,0.0,0.0,0.0,0.0,0.0,0.0,0.0,0.5454545454545454,0.0,0.0,0.0,0.0,0.0,0.0,0.3421052631578947,0.0,0.47285342584562007,0.2418016275884295,0.3027505999630793,0.0,0.0,0.0,0.0,0.7641759406465289,0.7096491228070176,0.0,0.46153846153846156,0.0,0.06606519208381834,0.4042553191489361,0.0,0.25356633380884475,0.8789625360230547,0.015080226806611252,0.8025911286780852,0.0,0.0,0.0,0.7142857142857142,0.26368363437328957,0.2932692307692307,0.923469387755102,0.22222222222222232,0.0,0.8571428571428572,0.0,0.5,0.0,0.0,0.0,0.0,0.5201949860724234,0.6666666666666666,0.6,0.0,0.0,0.0,0.7832140015910899,0.4764150943396226,0.5714285714285714,0.5285902503293807,0.3239649440918707,0.3999999999999999,0.0,0.0,0.6956521739130435,0.0,1.0,0.0,0.0,0.0,0.75,0.0,0.6666666666666667,0.75,0.0,0.0,0.0,0.0,0.0,0.0,0.6143790849673203,0.8,0.8174178762414056,0.0,1.0,0.0,0.0,0.0,0.0,0.0,0.0,0.045112781954887105,0.25,0.0,0.31707317073170727,0.30009407337723426,0.2222222222222221,0.1374095989480606,0.0,0.0,0.0,0.0,0.7142857142857143,0.17391304347826086,0.7142857142857142,1.0,0.0,0.0,0.0,0.8202196816857207,0.0,0.0,0.25778863775198524,0.0,0.7692307692307692,0.0,1.0,0.18181818181818177,0.41666666666666663,0.5641025641025641,0.6666666666666667,0.0,0.6843434343434343,0.6666666666666666,0.0,0.0,0.0,0.5,0.21758802237578145,0.0,0.20739456961294045,0.0,0.4568440409148373,0.0,0.7777777777777778,0.0,0.0,0.3971631205673758,0.2566171723692705,0.36442798518666786,0.5924812030075188,0.0,0.0,0.0,0.0,0.00630455868089197,0.375,0.0,0.5,0.3684931506849315,0.41463414634146345,0.0,0.0,0.6000000000000001,0.0,0.0,0.0,0.0,0.0,0.0,0.527769742551345,0.0,0.2068965517241379,0.2827595099935526,0.7758241758241758,0.0,0.4876112040251289,0.6883116883116883,1.0,0.0,0.9834539232255288,0.0,0.0,0.8661714311998344,0.0,0.010928961748634003,0.0,0.0,0.0,0.0,0.0,0.0,0.0,0.0,0.0,0.0,0.0,0.9673496960144111,0.0,0.0,0.7272727272727273,0.0,0.0,0.0,0.0,0.0,0.0,1.0,0.0,0.5613437195715678,0.0,0.0,0.0,0.0,m2
0.0,0.0,0.0,0.0,0.0,0.0,0.0,0.0,0.0,0.0,0.0,0.5366795366795367,0.0,0.6527687998276234,0.4,0.0,0.0,0.0,0.0,0.0,0.0,0.5,0.7001684944869786,0.7395259607648987,0.10638994190961892,0.0,0.0,0.7603911980440098,0.0,0.0,0.0,0.0,0.8931419457735248,0.0,0.0,0.0,0.0,0.0,0.0,0.0,0.0,0.5433645067913605,0.25794324520979883,0.0,0.8940170940170941,0.9427491223332434,0.0,0.0,0.9607295432139337,1.0,0.2100354221350117,0.0,0.41511051829268286,0.0,0.0,0.0,0.0,0.0,0.4818749635164321,0.794949546864025,0.9009189269304876,0.6558906487307442,0.5682714721176261,0.0,0.631578947368421,0.0,0.45299145299145305,0.0,0.7869731800766283,0.0,0.0,0.8630653266331658,0.0,0.6139389193422083,0.6666666666666667,0.0,0.0,0.7067184783720217,0.0,0.0,1.0,0.0,0.0,0.25655574298420514,0.0,0.22222222222222232,0.0,0.2599856982327101,0.5714285714285714,0.0,0.0,0.8683482005536758,0.5,0.15422047538835848,0.6000000000000001,0.1766072811773819,0.0,0.09670329670329691,0.6884753901560624,0.10821643286573146,0.25,0.34898843930635837,0.5714285714285714,0.0,0.8095572733661279,0.6428571428571428,1.0,0.0,0.0,0.5711395819285232,0.11111111111111116,0.9267676767676768,0.9078292746792354,0.020242914979757054,0.0,0.0,0.0,0.5581089634354156,0.8841405508072174,0.4626865671641792,0.7142857142857142,0.0,0.0,0.6037851037851039,0.546473886102095,0.0,0.75,0.0,0.8844621513944223,0.35766423357664245,0.6909783022459078,0.33333333333333326,0.25,0.5283018867924527,1.0,0.0,0.0,0.6666666666666667,0.0,0.0,0.5,0.6054412913303828,0.6666666666666667,0.35164835164835184,0.0,0.8467685892981237,0.10378220354467393,0.33333333333333337,0.8571428571428572,1.0,0.0,1.0,0.5,0.8571428571428571,0.0,0.29369894425070475,0.0,0.38742946825604396,0.6042558180432616,0.21223886115733015,0.5753156120128597,0.7222222222222222,0.669881710646042,0.8333333333333334,0.7777565450028664,0.7049255893586197,0.6480948543801082,0.3528837257119358,0.4318298836371125,0.0,0.7126436781609196,0.0,0.889795918367347,0.15384615384615385,0.8791436464088398,0.6666666666666667,0.08557666930588559,1.0,0.6087570621468926,0.875,0.0,0.0,0.0,0.0,0.0,0.0,0.0,0.8474355103097231,0.0,0.023832935337360195,0.0,0.0,0.0,0.22159915534029395,0.7708237459733088,0.0,0.0,0.0,0.0,0.6325373983701914,0.9126385249265936,0.0,0.0,0.2200322522845367,0.0,0.0,0.0,0.0,0.0,0.8682030486079744,0.0,0.0,0.9969868290258449,0.0,0.0,0.0,0.8,0.0,0.0,0.8604618142448929,0.0,0.0602912133070006,0.0,0.0,0.0,0.0,0.0,0.5,0.0,0.6998779324422744,0.8125,0.0,0.0,0.0,0.0,0.0,0.0,0.0,0.0,0.0,0.0,0.0,0.8,0.0,0.6427577570613608,0.5,0.0,0.0,0.0,0.0,0.0,0.0,0.0,0.8112664802237315,0.9775561097256857,0.047272727272727244,0.0,0.0,0.5189873417721519,0.0,0.0,0.0,0.0,0.35035460992907796,0.0,0.0,0.0,0.0,0.0,0.0,0.0,0.0,0.7762636512998936,0.4983811285846439,0.0,0.6794551014734502,0.891653290529695,0.30325288562434416,0.0,0.9829366861248316,1.0,0.4363636363636364,1.0,0.7054182009468701,0.0,0.0,0.0,0.4,0.0,0.593228607669041,0.7938334846323434,1.0,0.6857142857142857,0.7801431127012523,0.0,0.8870151770657673,0.0,0.5838150289017342,0.4772036474164133,0.8148148148148149,0.0,0.09090909090909072,0.7556282470656148,0.0,0.605724838411819,0.75,0.2500000000000001,1.0,0.857379767827529,1.0,1.0,0.0,0.5,0.0,0.4510644481581051,0.0,0.0,0.0,0.43982808022922637,1.0,0.33333333333333326,0.0,1.0,1.0,0.43257377661561447,1.0,0.0,0.0,0.36363636363636365,0.5959510754955715,0.0,0.0,0.5263157894736842,0.8571428571428571,0.0,0.8336831059811123,0.75,0.0,0.1428571428571428,0.0,0.9058823529411765,0.0,0.7844677137870855,0.9798607189911538,0.0625,0.0,0.41627358490566035,0.0,0.0,0.8181818181818182,0.08333333333333337,0.5833333333333333,0.0,0.29492119089317004,0.5,0.9844364351245085,0.0,1.0,0.0,0.8070044709388972,0.6666666666666667,0.4774011299435029,0.33333333333333337,0.33333333333333337,0.2879764462481099,1.0,0.0,0.508613617719442,1.0,0.0,0.0,1.0,0.557988011467292,1.0,0.44999999999999996,0.3529411764705882,0.8888888888888888,0.2325581395348837,0.6000000000000001,1.0,1.0,0.5,0.8571428571428572,1.0,1.0,0.5,0.4121113594797803,0.0,0.6663996796155387,1.0,0.0,0.3144411300228108,0.9583333333333334,0.789282250242483,0.8823529411764706,1.0,0.8537001706998695,0.3709327548806941,0.8088694565896315,0.7085801320020308,0.13301262778111855,0.8156347717323327,0.0,0.7513043478260869,0.0,0.8854680350082189,1.0,0.5688469729236386,0.44999999999999996,0.0,1.0,1.0,1.0,0.0,0.0,0.0,0.0,0.0,1.0,0.0,1.0,0.0,0.0,0.0,0.318433572392246,0.8429752066115702,0.0,0.0,0.0,0.0,1.0,0.9421041861552854,0.0,0.0,0.38132718733692805,0.0,0.0,0.0,0.0,0.0,0.9450265222918768,0.0,0.0,0.99877228135605,0.0,0.0,0.0,1.0,0.5,0.0,0.9859245404220749,0.0,0.44730567477348593,0.0,0.0,0.75,0.6666666666666667,0.0,1.0,0.0,0.7435287289611143,0.8159509202453988,0.0,0.0,0.0,0.0,0.0,0.0,0.0,0.0,0.0,0.0,0.0,0.6074766355140186,0.0,0.7519056522364447,0.33333333333333326,0.0,0.0,0.0,0.0,0.0,0.0,0.6000000000000001,0.7927819358112393,0.7027386839102321,0.0,0.0,0.0,0.18590704647676148,0.0,0.0,0.0,0.0,0.8318042813455657,0.0,0.0,0.0,0.28042328042328046,0.4516599781101788,0.0,0.0,0.6897426603841972,0.3837271750805584,0.42540568836154236,0.5340423817581177,0.46545454545454545,0.94446348988687,0.21217674608022818,0.6719303463753616,0.7692307692307692,0.7893379191745485,0.6798245614035088,0.0,0.46153846153846156,0.4873338870431895,0.0,0.0,0.25,0.0,0.446969696969697,0.4409828167656977,0.5497872340425531,1.0,0.3407671721677076,0.0,0.49240121580547114,0.8052287581699346,1.0,0.0,0.0,0.5,0.0,0.6469298245614035,0.5,0.5193953223046206,0.7142857142857143,0.0,0.0,0.7362637362637363,0.0,0.0,0.0,0.0,0.33333333333333326,0.6497991967871486,0.17924528301886788,0.5714285714285714,0.0,0.3708352350524874,0.3999999999999999,0.0,1.0,1.0,0.0,0.33333333333333337,0.0,0.41176470588235303,0.0,0.0,0.36,0.6000000000000001,0.0,0.0,0.0,0.0,0.2857142857142857,0.0,0.0,0.0,0.2785714285714287,0.19209039548022588,0.25,1.0,0.0,0.33333333333333337,0.12874251497005995,0.0,0.0,0.0,1.0,0.75,0.19999999999999996,0.31707317073170727,0.7546709991876523,0.8888888888888888,0.6291913214990139,0.3584905660377359,0.0,0.0,0.3892215568862276,0.7142857142857143,0.8522727272727273,0.4285714285714285,0.0,0.6976177077471394,0.0,0.0,0.0,0.0,0.3509597523219814,0.25778863775198524,0.0,0.818880351262349,0.0,1.0,0.0,0.6666666666666666,0.27350427350427353,0.33333333333333337,0.0,0.0,0.0,0.5,0.0,0.0,0.5,0.1806288478452066,0.0,0.07162687395891187,0.26923076923076916,0.619476051865573,0.0,0.5555555555555556,0.0,0.0,0.7491510074711343,0.2566171723692705,0.0,0.0,0.05820328975115985,0.0,0.9362073596561913,0.0,0.002400384061449823,0.375,0.0,0.0,0.0,1.0,0.7703910614525139,0.8,0.0,0.0,0.0,0.0,0.0,0.0,0.045038705137227186,0.8394561758750361,0.0,0.0,0.8310333955812093,0.4688768606224628,0.0,0.15055268344234674,0.3071253071253073,0.0,0.0,0.0,0.0,0.656423950928102,0.8221792703551583,0.0,0.0,0.06401667154642376,0.0,0.0,0.0,0.0,0.0,0.5433006837922749,0.0,0.0,1.0,0.0,0.0,0.0,0.888888888888889,0.0,0.0,0.7445587653343886,0.0,0.06475308752301134,0.0,0.0,0.0,0.3571428571428572,0.0,0.0,0.0,0.71043312448924,0.75,m2
0.0,0.0,0.0,0.0,0.0,0.0,0.0,0.745273631840796,0.0,0.0,0.0,0.0,0.0,0.0,0.0,0.0,0.0,0.0,1.0,0.6881348261444228,0.0,0.0,0.0,0.0,0.22377840024898854,0.7212893553223388,0.0,0.0,0.04526819857374165,0.0,0.0,0.7115858509420416,0.8904971680302076,0.0,0.0,0.0,0.0,0.0,0.0,0.0,0.8353733857383492,0.0,0.34441035284802324,0.2274850570093928,0.0,0.3641088572872303,0.5123456790123457,0.606311116829645,0.0,0.0,0.5221305957590037,0.33333333333333337,0.420109317401805,0.5682245185533114,0.6085792334947122,0.0,0.0,0.14364026376420114,0.4991169792279875,0.7925269071955595,0.9100026392187912,0.2573170731707318,0.0,0.0,0.3950617283950617,0.32046436285097213,0.8608470181503889,0.8420221169036335,0.0990056818181817,0.19138755980861244,0.4285714285714286,0.0,0.0,0.6139389193422083,0.6666666666666667,1.0,0.0,0.24581159022246624,0.0,0.4,0.0,0.6666666666666667,1.0,0.0770805985823052,0.8596280087527353,0.22222222222222232,0.3288702928870295,0.0,0.0,0.9491525423728814,0.6666666666666667,0.7593482348025904,0.5,0.0,0.6000000000000001,0.0,1.0,0.1043689320388349,0.7536864279265724,0.9172413793103449,0.7731958762886598,0.42105263157894735,0.2857142857142857,0.4943934760448522,0.31534939279315155,0.0,1.0,0.3455577901336804,0.0,0.0,0.75,0.5941756366043126,0.6506024096385542,1.0,0.8147897796403947,1.0,0.9166666666666666,0.8433632095603927,0.09061488673139151,0.23880597014925375,0.0,0.0,0.9106479727169382,0.9706959706959707,0.9162964204878866,0.7881257275902213,0.75,0.0,0.624380574826561,0.35766423357664245,0.5163888667357843,0.4444444444444444,0.0,0.6017069701280229,0.875,0.0,0.30384426923248253,0.6666666666666667,0.0,0.3171583173328678,0.0,0.0,0.0,0.7464788732394366,0.5,0.6059479553903346,0.0,0.33333333333333337,0.8571428571428572,0.4826368452030606,0.25,0.0,0.5,0.8571428571428571,0.0,0.5389809699201964,0.0,0.6610962282604074,0.06980519480519487,0.6797805276675228,0.6634569850039462,0.4722222222222222,0.5920305082107555,0.0,0.36070451029394257,0.5597260634795206,0.4862318251969783,0.0,0.33495994173343036,0.5814615627965833,1.0,0.0,0.0,0.0,0.8791436464088398,0.0,0.3286760947350488,0.3076923076923077,0.0,0.0,0.0,0.0,0.0,0.0,0.0,0.6149536810488838,0.9870675321156286,0.0037931315768005014,0.0,0.2222222222222222,0.999151426481346,0.9840137437215585,0.33333333333333326,0.5662646253797335,0.5601286173633441,1.0,0.0,0.9382204855259214,0.0,0.5699797160243407,0.0,0.5457878322758514,0.30434782608695654,0.0,0.0,0.0,0.0,0.0,0.0,0.0,0.9473684210526315,0.0,0.0,0.0,0.0,0.8594505292785902,0.4666666666666667,0.0,0.0,0.0,0.8369565217391304,0.12139170040485836,0.0,0.0,0.5,0.13636363636363635,0.0,0.5,0.0,0.6959982127398141,0.0,0.0,0.0,0.0,0.0,0.0,0.0,0.0,0.8318452380952381,0.0,0.0,0.0,0.0,0.0,0.0,0.0,0.0,0.0,0.0,1.0,0.8426488032935594,0.0,0.0,0.0,0.0,0.3289448937370698,0.9444822116474054,0.0,0.0,0.658734555263855,0.0,0.0,0.6444444444444444,0.3742857142857142,0.0,0.0,0.0,0.0,0.0,0.0,0.0,0.9575757575757575,0.0,0.5617206109009388,0.4162673228856365,0.4340235128969995,0.0,0.8949301983835416,0.7786105403190364,0.0,0.0,0.2943722943722943,0.0,0.9725415070242657,0.9416799651820688,0.3490998188984765,0.0,0.0,0.14491614255765184,0.6261934938741023,0.7998155265180631,0.9978059483178937,0.5714285714285714,0.40553191489361706,0.0,0.0,0.8484026522001206,0.6947368421052631,0.9202127659574468,0.6296296296296297,1.0,0.9318681318681319,0.022101517138040983,0.0,0.605724838411819,0.75,1.0,1.0,0.9098360655737705,1.0,1.0,0.0,1.0,0.0,0.0,0.9930555555555556,0.0,0.39630996309963107,0.33149171270718236,0.0,1.0,1.0,0.76,1.0,0.0,1.0,0.0,0.0,0.36363636363636365,0.755834829443447,0.0,0.8636363636363636,0.5625,0.5714285714285714,0.0,0.341540404040404,0.0,1.0,0.5238095238095237,0.0,0.0,1.0,0.6370994433579058,0.6651301518438179,0.8125,0.944,1.0,0.37099125364431496,1.0,0.0,0.75,0.5416666666666667,0.0,1.0,0.8928571428571428,0.5314542921444647,0.7320977253580454,1.0,0.0,0.8465266558966074,0.0,0.6267281105990784,0.6666666666666667,0.0,0.2879764462481099,1.0,0.0,0.6921965317919077,1.0,0.040506329113924044,0.31464174454828653,0.0,0.0,0.0,0.9,0.8823529411764706,1.0,0.0,0.8,1.0,0.0,0.0,0.0,1.0,1.0,0.5,0.6794201755250961,0.0,0.9063680640903091,0.3429833169774289,1.0,0.8428967154728927,0.37264150943396224,0.8163912756113682,0.0,0.5040530582166545,0.6314731020613373,0.8973727422003284,0.0,0.7466167466167466,0.9439725579875857,1.0,0.0,0.0,0.0,0.9044670134588391,0.0,0.480719794344473,0.65,1.0,0.0,1.0,1.0,0.0,0.0,0.0,0.6063394683026586,0.9689991880244009,0.0,0.0,0.7704302627779382,0.9943079971068273,0.9775208734746307,0.5,0.39717907989175205,0.8611532625189682,0.9545454545454546,0.0,0.9630232221428764,0.0,1.0,0.7866942508710801,0.0,0.35103636497750246,0.0,0.0,0.0,0.0,0.0,0.0,0.0,1.0,0.0,0.0,0.0,0.0,0.9105034182722188,0.5,0.0,0.0,0.0,0.7809405940594059,0.7205926923724533,0.0,0.0,0.0,1.0,0.0,1.0,0.0,0.7651677746950741,0.0,1.0,0.0,0.0,0.0,0.0,0.0,0.0,0.7142857142857143,0.0,0.0,0.0,0.0,0.0,0.0,0.0,0.0,0.0,0.0,0.6666666666666667,0.9687094982410664,0.0,0.0,0.0,0.0,0.6720302375809935,1.0,0.0,0.0,0.8955223880597015,0.0,0.0,0.8237704918032787,0.5340240169531433,1.0,0.0,0.0,0.08994708994708978,0.0,0.0,0.0,0.33684593023255816,0.0,0.3564519933946684,0.12216694306246545,0.0,0.6081845885938182,0.4152117198474816,0.48954859456884237,0.15384615384615385,0.75,0.6025641025641025,0.6666666666666667,1.0,0.4651162790697675,0.11830985915492953,0.0,0.0,0.05882352941176461,0.46733668341708545,0.4260558536249829,0.6058981233243967,0.09523809523809523,0.29899691358024694,0.0,0.5409836065573772,0.36347642505277966,0.75,1.0,0.5363247863247862,0.0,0.8571428571428572,0.14724770642201834,0.5,0.46752917300862507,0.7142857142857143,0.8095238095238095,0.0,0.07033426183844005,0.0,0.4,0.0,0.5,0.33333333333333326,0.3900928792569659,0.6729559748427674,0.5714285714285714,0.45027431421446396,0.0,0.0,1.0,0.8571428571428572,0.5652173913043479,0.0,0.5,0.0,0.0,0.0,0.0,0.5,0.33333333333333337,0.75,0.0,0.0,0.25,0.0,0.0,0.5,0.48011363636363624,0.2785714285714287,0.0,0.33333333333333326,0.8245614035087719,0.30409356725146186,0.4999999999999999,0.6893244370308591,0.8279569892473119,0.0,0.37682077264091196,0.16541353383458646,0.25,0.0,0.31707317073170727,0.7457496136012365,0.0,0.7831245880026367,0.2642276422764227,0.0,0.0,0.0,0.7142857142857143,0.4318181818181819,0.4285714285714285,1.0,0.5639821554355482,0.0,0.0,0.85,0.0,0.4843914944955513,0.11494252873563238,0.0,0.035472972972972916,0.0,1.0,0.18181818181818177,0.08333333333333326,0.27350427350427353,0.0,0.0,0.0,0.6666666666666666,0.0,0.0,0.0,0.5,0.19673339064226947,0.0,0.0,0.0,0.40113185235239457,0.5551401869158878,0.7777777777777778,0.0,0.0,0.38958403787622586,0.15500406834825053,0.3852926463231615,0.33208114199849725,0.0,0.0,1.0,0.0,0.025604096655464925,0.375,0.0,0.5,0.6146195922426653,0.29268292682926833,0.0,0.0,0.0,0.0,0.0,0.0,0.0,0.5967741935483871,0.8541666666666667,0.8781302170283807,0.0,1.0,0.9740317728896409,0.2957110609480814,0.0,0.7247820672478207,0.9647058823529412,1.0,0.0,0.907672104225661,0.5,0.18905472636815923,0.4411691409448538,0.7984418195526515,0.0,0.0,0.0,0.0,0.0,0.0,0.0,0.0,0.6666666666666667,0.0,0.0,0.0,0.0,0.9138904573687182,0.5555555555555556,0.0,0.0,0.15294815987336774,0.9008620689655172,0.5923449388978557,0.0,0.0,0.0,0.0,0.0,0.0,0.0,0.6759807756789985,0.0,m2
0.0,0.0,0.0,0.0,0.0,0.0,0.0,0.0,0.0,0.7527443342776204,0.0,0.0,0.0,0.0,0.4,0.6333978546656989,0.0,0.0,0.0,0.6187899769510603,0.0,0.0,0.0,0.0,0.0,0.7155149934810952,0.0,0.0,0.0,0.0,0.0,0.7209244727168445,0.8919772583701832,0.8714859437751004,0.0,0.0,0.0,0.7673119713171241,0.0,0.0,0.5417771883289124,0.0,0.34441035284802324,0.0,0.0,0.2591496426766766,0.0,0.11595824502744623,0.0,0.0,0.37485984801295613,0.0,0.0,0.0,0.2886402123666987,0.0,0.0,0.0,0.773667625702151,0.5267553762851569,0.0,0.21781946072684655,0.3448726693951796,0.0,0.631578947368421,0.0,0.434961106309421,0.12013422818791941,0.06377551020408168,0.0,0.4375,0.0,0.8378378378378378,0.9243763284483724,0.6666666666666667,1.0,0.0,0.24771151178918172,0.0,0.0,1.0,0.6666666666666667,1.0,0.5531149301825993,0.8502862711657936,0.0,0.0,0.550721168232689,0.5714285714285714,0.45197740112994356,0.6666666666666667,0.3014394580863675,0.5,0.17676225105363186,0.5,0.17590971006032308,0.0625,0.0,0.0,0.3066132264529058,1.0,0.39560439560439553,0.5714285714285714,0.0,0.973918197984588,0.6428571428571428,0.0,0.3082851637764934,0.5714285714285714,0.0,0.75,0.0,0.9583333333333334,0.0,0.15579662789177884,0.27651356993736953,0.0,0.4306125064069708,0.0,0.6194029850746269,0.0,0.08133039945836162,0.3912004778021102,0.8262826282628263,0.5482437756727303,0.433407738095238,0.75,0.0,0.5303030303030303,0.6923076923076923,0.5042497548218373,0.0,0.0,0.5471698113207546,0.875,0.0,0.4570024570024571,0.6666666666666667,0.4092528199474176,0.0,0.0,0.14852902889872444,0.0,0.43728813559322033,0.47543713572023305,0.5324324324324323,0.4192685102586976,0.33333333333333337,0.8571428571428572,0.8,0.0,0.0,0.5,0.0,0.5,0.08641204697070193,0.0,0.0,0.3934801762114538,0.0,0.0,0.7222222222222222,0.836405529953917,0.8333333333333334,0.0,0.0,0.0,0.04027439699048463,0.0,0.5712426154000201,0.0,0.0,0.05054479418886204,1.0,0.7898487745524074,1.0,0.0,0.3076923076923077,0.0,0.0,0.0,0.0,0.0,0.0,0.0,0.0,0.0,0.04752097306390035,0.0,0.14419159994381248,0.9034815353108278,0.9612315259059238,1.0,0.3129590001155238,0.0,0.16000000000000003,0.0,0.0,0.0,0.0,0.0,0.5235542137317164,0.6636263261485287,0.23609391021799642,0.0,0.0,0.0,0.0,0.0,0.0,0.0,0.0,0.0,0.0,0.0,0.8594505292785902,0.19999999999999996,0.0,0.0,0.0,0.0,0.6072523581897673,0.7853150750967898,0.0,0.0,0.6818181818181819,0.0,0.5,0.0,0.6751766062761304,0.8125,0.0,0.0,0.0,0.0,0.0,0.0,0.0,0.0,0.0,0.5452830188679245,0.0,0.0,0.0,0.0,0.5,0.6398475256960044,0.0,0.0,0.0,0.8923640462102,0.0,0.0,0.0,0.0,0.15052660374777727,0.9444822116474054,0.0,0.0,0.0,0.0,0.0,0.6107893692978976,0.35035460992907796,0.0,0.0,0.0,0.0,0.7958686511379564,0.0,0.0,0.7906354515050167,0.0,0.5617206109009388,0.0,0.41698987796802567,0.591236494597839,0.379032258064516,0.7208580299181485,0.0023474178403757318,0.0,0.34593175853018376,1.0,0.9020501138952164,0.6149150743099788,0.23003019489431786,0.0,0.0,0.0,0.9426366990942637,0.8189359783588819,0.0,0.0,0.7275274994745323,0.0,0.8870151770657673,0.138482677397193,0.7514450867052023,0.0,0.0,0.0,0.3724559023066486,0.0,0.682608695652174,0.8500461680517082,0.75,1.0,1.0,0.03960905349794219,0.0,1.0,1.0,1.0,1.0,0.8193707767201918,0.9630723781388478,0.5,0.0,1.0,0.5,0.2647058823529411,1.0,0.84375,1.0,0.4325737766156146,0.7,0.5748031496062993,0.13568670711527853,0.0,0.0,0.8571428571428572,1.0,0.5263157894736842,0.8571428571428571,0.0,1.0,0.75,0.0,0.5238095238095237,0.5,0.0,1.0,0.0,0.6604344239758042,0.0625,0.7385589094449854,0.0,0.0,0.42307692307692313,0.0,0.9166666666666666,0.5416666666666667,0.26655134455103,0.41383928571428563,0.8571428571428572,0.9770963226873648,0.5588972431077694,1.0,0.0,0.5785557986870897,0.6666666666666667,0.7458823529411764,0.33333333333333337,0.0,0.8396730587865451,1.0,0.0,0.0,1.0,0.9731397459165154,0.0,0.0,0.2213855421686748,0.0,0.44999999999999996,0.8235294117647058,0.7549770290964778,0.2325581395348837,0.8,1.0,1.0,0.5,0.0,0.75,0.0,1.0,0.712253606990449,0.0,0.0,0.6937431394072449,0.15147407658420875,0.14378050389130714,0.9583333333333334,0.7103293413173652,0.8823529411764706,0.6989247311827957,0.0,0.2775041050903121,0.7935126582278481,0.0,0.8785560602438441,0.4406546644844518,0.0,0.0,0.0,0.6543758573388203,0.0,0.0,0.65,0.4,0.0,1.0,1.0,0.0,0.0,0.0,0.0,0.0,0.9782709200184928,0.0,0.6073104470239565,0.9112218973203585,0.9048603929679421,1.0,0.31034693877551,0.2786624203821656,0.13636363636363646,0.0,0.0,0.0,0.0,0.7962003454231433,0.8229827408172297,0.7290337283500457,0.33936529890886724,0.0,0.0,0.0,0.0,0.0,0.0,0.0,0.0,0.0,0.0,0.0,0.8852459016393442,0.5,0.0,0.0,0.0,0.0,0.9857681258730201,0.4962824816610717,0.0,0.75,1.0,0.0,1.0,0.0,0.7331875341716785,0.8159509202453988,1.0,0.0,0.0,0.0,0.0,0.0,0.0,0.0,0.0,0.6756861981701383,0.0,0.0,0.0,0.0,0.33333333333333326,0.9119897959183674,0.0,0.0,0.0,0.9695167286245353,0.0,0.0,0.0,0.0,0.0,0.5357142857142858,0.0,0.0,0.0,0.0,0.0,0.8237704918032787,0.5759603469640645,0.8181818181818181,0.0,0.0,0.0,0.5308689024390245,0.0,0.0,0.32396449704142005,0.0,0.42540568836154236,0.0,0.0,0.0,0.0,0.0,0.15384615384615385,0.0,0.0,0.0,0.3076923076923077,0.0,0.06060993542612381,1.0,0.0,0.0,0.5396825396825398,0.0,0.0,0.25482625482625487,0.3087315130830488,0.0,0.6557377049180327,0.1791187739463601,0.25,0.2857142857142857,0.6546546546546548,0.5,0.8571428571428572,0.14724770642201834,0.5,0.8738435660218671,0.7142857142857143,0.8095238095238095,0.0,0.4220055710306406,0.6666666666666666,0.0,0.0,0.5,0.0,0.2648376259798433,0.6729559748427674,0.0,0.0,0.4585977636748263,0.6,0.21052631578947367,1.0,0.13043478260869568,0.0,0.33333333333333337,0.5,1.0,0.0,0.5,0.0,0.0,0.75,0.0,0.0,0.0,0.7142857142857142,0.0,0.0,0.3643322475570032,0.0,0.0,0.33333333333333326,0.0,0.0,0.33333333333333337,0.0,0.4785223367697595,0.0,0.0,0.16541353383458646,0.25,0.0,0.0,0.0,0.4444444444444444,0.6282722513089005,0.0,0.0,0.0,0.0,0.5714285714285714,0.52,0.0,1.0,0.2776214593884825,0.0,0.0,0.22797579018157388,0.0,0.3957894736842106,0.3928571428571429,0.0,0.24478594950603716,0.0,0.0,0.36363636363636365,0.08333333333333326,0.3447488584474886,0.0,0.0,0.605263157894737,0.0,0.0,0.5,0.0,0.5,0.0,0.0,0.22972972972972971,0.3846153846153846,0.0,0.0,0.5555555555555556,0.3666373239436618,0.0,0.0,0.0,0.0,0.10504083356800897,0.05820328975115985,0.13296971976678573,0.0,0.0,0.025924147863658265,1.0,0.3353789207091369,0.5,0.6925301204819277,0.29268292682926833,0.0,0.0,0.0,0.0,0.0,0.0,0.0,0.0,0.0,0.008543773319634518,0.0,0.206896551724138,0.0,0.6451327433628318,0.33333333333333337,0.12884015781774105,0.7272727272727273,0.5,0.0,0.0,0.0,0.0,0.0,0.5331900366670881,0.010928961748634003,0.06401667154642376,0.0,0.0,0.0,0.0,0.0,0.0,0.0,0.0,0.0,0.0,0.0,0.9138904573687182,0.5555555555555556,0.0,0.0,0.15294815987336774,0.0,0.5049644216448783,0.45497822343765826,0.0,1.0,0.7857142857142857,0.0,0.0,0.0,0.693792216146671,0.75,m2
0.5714285714285714,0.0,0.0,0.0,0.8557098765432098,0.0,0.0,0.0,0.0,0.0,0.0,0.32978723404255317,0.0,0.692570991808318,0.0,0.0,0.0,0.0,0.0,0.0,0.6510542343234671,0.0,0.0,0.0,0.22377840024898854,0.0,0.0,0.7422883610919484,0.4050905383206511,0.0,0.0,0.0,0.0,0.0,0.0,0.0,0.45324147677088844,0.0,0.0,0.0,0.0,0.0,0.341120785663663,0.0,0.0,0.0,0.5312516399895041,0.0,0.38557312252964426,0.6397038661913901,0.06933014777453317,0.33333333333333337,0.15438596491228052,0.3780188557406692,0.0,0.23749650740430273,0.0,0.0,0.0,0.0,0.739564961787184,0.21793071161048672,0.10395584176632933,0.5178925502785383,0.9382716049382716,0.0,0.27838908450704225,0.14624808575803983,0.6984375,0.3004587155963303,0.0,0.49493180980464424,0.8571428571428572,0.45032728477918627,0.33333333333333337,0.5851063829787233,0.0,0.1725417439703154,0.0,0.4,0.0,0.0,1.0,0.4370984569765526,0.6458424507658642,0.0,0.4389501711677444,0.0,0.1428571428571428,0.0,0.25,0.6422602882807604,0.5,0.6406513194834362,0.6000000000000001,0.0,0.0,0.08558558558558549,0.0,0.9862068965517241,0.4285714285714285,0.0,0.5714285714285714,0.9367991845056065,0.0,0.6428571428571428,0.18181818181818188,0.03565578934106106,0.0,0.4937847130388786,1.0,0.0,0.6506024096385542,0.09481216457960617,0.0,0.0,0.0,0.0,0.8333333333333333,0.33333333333333337,0.0,0.06643502019482073,0.0,0.9710761378136963,0.0,0.7948717948717949,0.75,0.0,0.624380574826561,0.0,0.8543063108637916,0.11111111111111105,0.0,0.25,0.875,0.0,0.5225408293821028,0.6666666666666667,0.5148766487007581,0.3153526970954357,0.0,0.39287689414887716,0.6666666666666667,0.8466981132075472,0.16625310173697294,0.4525631216526397,0.1017881705639615,0.33333333333333337,0.8571428571428572,0.534906270200388,0.25,0.0,0.5,0.0,0.5,0.3783570300157977,0.0,0.41576167965589206,0.8515418502202643,0.4985109199205824,0.0,0.0,0.8833006645312426,0.8333333333333334,0.3588858469229853,0.0,0.5155173718870638,0.5588552915766739,0.4243309510146591,0.0,0.0,1.0,0.0,0.0,0.8651312147049053,1.0,0.3370420103587187,0.3076923076923077,0.0,0.75,0.8,0.0,0.0,0.0,0.0,0.0,0.7093180416497172,0.5662607525185606,0.9982375749030666,0.0,0.6787951167728237,0.0,0.33333333333333337,0.8583090203627395,1.0,0.0,0.0,0.0,0.0,0.8979919431716843,0.001585081585081527,0.4350709027125844,0.44913830348999084,0.5309403908259895,0.0,0.0,0.0,0.0,0.0,0.0,0.0,0.0,0.0,0.0,0.0,0.0,0.7483870967741936,0.0,0.0,0.0,0.0,0.1351940421926282,0.0,0.0,0.5,0.9130434782608696,0.0,0.5,0.0,0.0,0.0,0.0,0.0,0.0,0.0,0.8888888888888888,0.0,0.0,0.0,0.0,0.0,0.0,0.0,0.0,0.8003170106569539,0.0,0.0,0.0,0.0,0.0,0.0,0.8815840061514801,0.0,0.0,0.0,0.06527596697088212,0.0,0.0,0.5189873417721519,0.6771240940487937,0.0,0.0,0.0,0.0,0.25,0.0,0.0,0.7080818542194922,0.0,0.0,0.0,0.2560882800608828,0.0,0.5405173890697276,0.0,0.4133568970328342,0.7107023411371237,0.892376006623015,0.0,0.17904191616766463,0.2854694996572995,0.0,1.0,0.0,0.7356849876948319,0.0,0.2346850733390854,0.0,0.0,0.0,0.0,0.696515004840271,0.0,0.5959933222036728,0.7909738717339667,0.18887015177065758,0.27675396055609436,0.0,0.4772036474164133,0.8666666666666667,0.36413043478260865,0.6545454545454545,0.7926563257392147,0.8,0.7743589743589743,1.0,0.2500000000000001,1.0,0.9102238046795524,0.0,0.5,0.0,0.5,1.0,0.4720593117184906,0.8581979320531757,0.5,0.5655452436194895,0.4475138121546962,0.0,0.0,0.6000000000000001,0.9617834394904459,1.0,0.8797216699801192,1.0,0.0,1.0,0.0,0.0,0.0,0.36363636363636365,0.0,0.8571428571428571,1.0,0.0,0.75,0.0,0.0,0.0,1.0,1.0,0.0,0.6879737241030824,0.0625,0.017268445839874524,0.4274376417233562,0.0,0.0,0.6363636363636365,0.0,0.5416666666666667,0.2689561100858542,0.0,0.8928571428571428,0.593872870249017,0.7320977253580454,1.0,0.0,0.8045347928068803,0.25,0.586405529953917,0.0,0.6666666666666667,0.6321317736930054,1.0,0.0,0.0,1.0,0.9411392405063291,1.0,0.0,0.9307692307692308,1.0,0.9,0.5882352941176471,0.7549770290964778,0.29216467463479423,0.8,1.0,0.0,0.0,0.0,1.0,0.0,1.0,0.0,0.0,0.6580704707095933,1.0,0.8064746914684314,0.32078472958642634,0.0,0.7103293413173652,0.8823529411764706,0.5671609245529874,0.0,0.8973727422003284,1.0,0.7466167466167466,0.07895910780669146,0.0,0.8,0.590621403912543,0.0,0.8857218848353207,1.0,0.41663883986070693,0.65,1.0,0.6666666666666666,1.0,1.0,0.0,0.0,0.0,0.0,0.49670698784812584,0.0,0.9957983193277311,0.6279327544799558,0.9943075117370892,0.0,0.5,0.8258938896341181,1.0,0.0,0.0,0.0,0.0,0.0,0.6373495083172502,0.8557466500897914,0.6668582595700655,0.6709779706275034,0.0,0.0,0.0,0.0,0.0,0.0,0.0,0.0,0.0,0.0,0.0,0.0,0.5,0.0,0.0,0.0,0.0,0.7185691859161247,0.0,0.0,0.0,1.0,0.0,1.0,0.0,0.0,0.0,0.0,0.0,0.0,0.0,0.650632911392405,0.0,0.0,0.0,0.0,0.0,0.0,0.0,0.0,0.6887154326494203,0.0,0.0,0.0,0.0,0.0,0.0,0.8726957096800859,0.0,0.0,0.0,0.6720302375809935,0.0,0.0,0.7637956748695004,0.6241134751773051,0.0,0.0,0.0,0.0,0.0,0.0,0.0,0.2846153846153847,0.0,0.0,0.0,0.0,0.0,0.28608786610878667,0.0,0.0,0.0,0.42862426035502943,0.4762769153730596,0.3076923076923076,1.0,0.0,0.33333333333333337,0.0,0.0,0.1646803900325028,0.19012345679012344,0.0,0.0,0.0,0.10601265822784822,0.87146529562982,0.2857142857142857,0.7044753086419753,0.20318169132012276,0.0,0.0,0.4374999999999999,0.0,0.2222222222222222,0.0,0.0,0.6057339449541284,0.25,0.2375946173254837,0.2857142857142858,0.5952380952380952,0.0,0.07033426183844005,0.6666666666666666,0.6,0.0,0.0,0.0,0.07502799552071682,0.4764150943396226,0.0,0.5285785536159602,0.20886699507389173,0.19999999999999996,0.0,0.5714285714285714,0.4347826086956522,0.0,0.7777777777777778,0.0,0.0,0.8333333333333334,0.5,0.0,0.6666666666666667,0.5,0.0,0.0,1.0,0.0,0.0,0.5,0.35511363636363613,0.10909090909090913,0.7979319258940112,0.16666666666666663,0.0,0.30409356725146186,0.0,0.5663716814159292,0.0,0.625,0.27929069031032305,0.18796992481203012,0.25,0.0,0.0,0.553314121037464,0.0,0.0,0.1410256410256412,0.0,0.0,0.08000000000000007,0.0,1.0,0.2857142857142857,0.0,0.03686311340690296,0.0,0.0,0.85,0.0,0.32365835222978057,0.6793924466338259,0.0,0.2297297297297296,0.0,0.0,0.18181818181818177,0.08333333333333326,0.0,0.0,0.0,0.0,0.6666666666666666,0.0,0.0,0.0,0.5,0.6266732162593639,0.0,0.03986135181975736,0.26923076923076916,0.8275006644812616,0.0,0.0,0.5150000000000001,0.0,0.38958403787622586,0.0,0.3852926463231615,0.7887130075705437,0.0,0.06794055201698523,0.46873065015479887,0.8,0.1847826086956521,0.0,0.0,0.0,0.6169792694965449,0.29268292682926833,0.0,0.8,0.8,0.0,0.0,0.0,0.0,0.0,0.0,0.861321036676487,0.0,1.0,0.9625843325575228,0.0,0.0,0.9377124684724202,1.0,0.0,0.0,0.0,0.5,0.9053164160809524,0.4411691409448538,0.1568858948538091,0.4444444444444444,0.5770631952202845,0.0,0.0,0.0,0.0,0.0,0.0,0.0,0.0,0.0,0.0,0.0,0.0,0.5555555555555556,0.0,0.0,0.18717790146361568,0.0,0.5923449388978557,0.0,0.0,0.25,0.0,0.0,0.0,0.0,0.0,0.0,m2
0.0,0.33333333333333326,0.6605170128148476,0.0,0.0,0.0,0.0,0.0,0.7422760709649503,0.0,0.0,0.0,0.0,0.0,0.0,0.0,0.0,0.0,1.0,0.7482700711315098,0.0,0.5,0.0,0.0,0.260325581395349,0.6839378238341969,0.5989556135770234,0.0,0.0,0.0,0.0,0.7203892312682452,0.0,0.0,0.0,0.0,0.4855494839101395,0.0,0.0,0.0,0.24322483998365785,0.6559444393676322,0.6057554312861879,0.2577794669580503,0.0,0.2591496426766766,0.0,0.4422766634594034,0.6164650799843933,0.7567358514889777,0.37485984801295613,0.0,0.23299860175416298,0.0,0.0,0.0,0.0,0.7309859154929577,0.0,0.9676088720584257,0.2641093011035207,0.21781946072684644,0.0,0.4395566629435519,0.3950617283950617,0.0,0.15233362143474505,0.0,0.0,0.7131782945736433,0.5992721391023049,0.0,0.8,0.6216554250234511,0.0,1.0,0.0,0.3300571837026446,0.0,0.4,0.0,0.0,1.0,0.0,0.33438908515044463,0.44444444444444453,0.7106332765176346,0.0,0.1428571428571428,0.0,0.6666666666666667,0.3014394580863675,0.5,0.2498472816127062,0.6000000000000001,0.7465902352243527,0.0,0.1043689320388349,0.0,0.8030018761726079,0.0,0.0,0.5714285714285714,0.0,0.0,0.0,0.18181818181818188,0.0,0.0,0.0,0.75,0.0,0.9584816132858838,1.0,0.0,0.2809822361546499,0.9166666666666666,0.21511799212492966,0.009763424708974844,0.0,0.7142857142857142,0.08296020951254535,0.0,0.874313408723748,0.0,0.4407106991116262,0.75,0.0,0.15460852329038643,0.35766423357664245,0.8130070368876339,0.4444444444444444,0.0,0.0,0.0,0.0,0.646647098667871,0.6666666666666667,0.4292468209977177,0.0,0.5,0.8156904080710736,0.6666666666666667,0.7464788732394366,0.0,0.0,0.7158779462817467,0.33333333333333337,0.8571428571428572,1.0,0.0,0.0,0.5,0.9285714285714286,0.0,0.0,0.0,0.7585032469006857,0.7510906446921959,0.6797943204394064,0.0,0.0,0.5611559139784947,0.0,0.3986650485436891,0.5095018885741266,0.0,0.5497395187298437,0.9181138211382114,0.3199095352739477,0.663963546493667,0.5,0.0,0.15384615384615385,0.7845303867403315,0.0,0.5132723370608834,0.3076923076923077,0.2826388888888891,0.0,0.6000000000000001,0.0,0.0,0.0,0.0,0.0,0.960046104910838,0.5018391283225762,0.0,0.2222222222222221,0.9739884814463804,0.0,0.0,0.5705168147803099,0.9775516901870692,1.0,0.9822641720103877,0.0,0.07692307692307698,0.0,0.4727369143427538,0.7830790009952134,0.7266137144046338,0.8605128205128205,0.0,0.0,0.0,0.0,0.0,0.0,0.0,0.0,0.0,0.0,0.0,0.941003572131747,0.0,0.0,0.9938243936451019,0.0,0.0,0.0,0.0,0.0,0.695187165775401,0.9130434782608696,0.9333114168975719,0.5,0.0,0.0,0.96875,0.0,0.0,0.7803216744972282,0.0,0.0,0.0,0.0,0.0,0.7682410423452768,0.0,0.0,0.0,0.0,0.0,0.0,0.0,0.0,0.0,1.0,0.9008662996628686,0.0,0.0,0.0,0.0,0.0,0.9444822116474054,0.6000000000000001,0.0,0.0,0.0,0.0,0.6437462235649547,0.0,0.25,0.0,0.0,0.7080818542194922,0.0,0.0,0.0,0.0,0.9033564814814815,0.7009948157489141,0.3595022959561548,0.4188521891802919,0.591236494597839,0.5832078942967052,0.7826819357222017,0.6821974965229485,0.892706449668475,0.34593175853018376,1.0,0.0,0.6184591112279779,0.14694800301431787,0.0,0.0,0.23627346794190573,0.0,1.0,0.22063285652362385,0.0,0.0,0.975103734439834,0.0,0.19846856860565631,0.0,0.0,0.6000000000000001,0.7880434782608695,0.7601809954751131,0.01859979101358422,0.9375,0.719982471516214,0.5,0.2500000000000001,1.0,0.910292249047014,1.0,1.0,0.0,0.5,1.0,0.045702245150039955,0.5066469719350074,0.75,0.8759420289855072,0.5123966942148761,0.0,0.0,1.0,0.84375,1.0,0.5122975404919016,1.0,0.8726708074534162,0.0,0.36363636363636365,0.0,0.0,0.0,0.0,0.8571428571428571,0.0,0.0,0.0,0.09999999999999998,0.1428571428571428,0.0,0.0,1.0,0.5214643997133739,0.7718631178707225,0.8125,0.0,0.0,0.45833333333333337,0.34615384615384615,0.0,0.08333333333333337,0.5833333333333333,0.3046078564632322,0.0,0.8928571428571428,0.11630312147423838,0.0,1.0,0.0,0.5892036753445635,0.0,0.7156209362808843,0.6666666666666667,0.6666666666666667,0.0,1.0,0.0,0.7413358538122243,1.0,0.9922349763673194,0.0,1.0,0.4790343074968233,1.0,0.9,0.3529411764705882,0.0,0.944372574385511,0.8,1.0,1.0,0.5,0.0,0.75,1.0,1.0,0.6794201755250961,0.0,0.9143868683617637,0.6937431394072449,0.830735343951203,0.3144411300228108,0.0,0.38847305389221554,0.0,0.0,0.7750481695568401,0.2775041050903121,0.0,0.4838751966439434,0.8785560602438441,0.7105073649754501,0.0,0.590621403912543,0.0,0.6394224341548196,0.0,0.5872728140056289,0.65,0.5555555555555556,0.0,1.0,1.0,0.0,0.0,0.0,0.0,0.9697985050866473,0.0,0.0,0.6101985780828635,0.97123719464145,0.0,0.0,0.8149559567689136,1.0,0.9545454545454546,0.9973911339802222,0.0,0.10526315789473684,0.0,0.0,0.9908686040178142,0.7298075815186083,0.35204759794923746,0.0,0.0,0.0,0.0,0.0,0.0,0.0,0.0,0.0,0.0,0.0,1.0,0.0,0.0,0.9883551673944687,0.0,0.0,0.0,0.0,0.0,0.032258064516129115,1.0,0.97339593114241,1.0,0.0,0.0,1.0,1.0,0.8607655502392344,0.7731729879740981,0.0,0.0,0.0,0.0,0.0,0.7058580858085809,0.0,0.0,0.0,0.0,0.0,0.0,0.0,0.0,0.0,0.6666666666666667,0.9695167286245353,0.0,0.6000000000000001,0.0,0.0,0.7464932126696833,0.2410714285714286,0.47640791476407907,0.0,0.0,0.0,0.0,0.8237704918032787,0.0,0.0,0.0,0.0,0.2846153846153847,0.0,0.0,0.0,0.6911070780399274,0.5430519014589812,0.19538670284938953,0.1094543848022973,0.0,0.0,0.0,0.0,0.0,0.0,0.6077235772357723,0.0,0.0,0.0,0.08875048657065021,0.0,0.25,0.0685563612392881,0.0,0.8788899582932307,0.6540905480540111,0.2857142857142857,0.29899691358024694,0.1694166860330003,0.4918032786885246,0.0,0.4374999999999999,0.2857142857142857,0.8078078078078078,0.2500000000000001,0.0,0.14724770642201834,0.8478260869565217,0.46752917300862507,1.0,1.0,0.0,0.07033426183844005,0.0,0.4,0.0,0.0,0.0,0.039473684210526105,0.2515723270440251,0.4285714285714285,0.8054862842892768,0.0,0.19999999999999996,0.0,1.0,0.13043478260869568,0.0,0.17647058823529416,0.0,0.41176470588235303,0.0,0.0,0.0,0.33333333333333337,0.0,0.0,0.0,0.0,0.0,0.0,0.5,0.0,0.10909090909090913,0.0,0.33333333333333326,0.0,0.0,0.6140350877192982,0.5221625251846878,0.8533916849015317,1.0,0.0,0.1986062717770034,0.75,0.19999999999999996,0.0,0.5262798634812287,0.0,0.15551181102362233,0.8821138211382114,0.0,0.0,0.0,0.7142857142857143,0.0,0.4285714285714285,0.6666666666666667,0.0,0.0,0.0,0.5523425240977359,0.0,0.3355601948503826,0.3928571428571429,0.0,0.0,0.0,0.0,0.0,0.0,0.5833333333333334,0.0,0.0,1.0,0.0,0.0,0.5,0.5,0.0,0.22942286420717017,0.0,0.0,0.3846153846153846,0.3999154691462383,0.0,0.0,0.0,0.0,0.3936422049374365,0.05192307692307674,0.0,0.6539153915391539,0.9679068108879115,0.0,0.8997724089635855,0.8,0.0,0.0,0.3353789207091369,0.5,0.2461650840029217,0.29268292682926833,0.3979274611398964,0.0,0.6000000000000001,0.0,0.0,0.0,0.0,0.0,0.8111455108359134,0.8885524252419834,0.0,1.0,0.8697486827994592,0.0,0.0,0.7232340425531916,0.8783783783783784,1.0,0.9666928938568509,0.0,0.0,0.0,0.6298688524590164,0.8125056720210546,0.0,0.2575370606851368,0.0,0.0,0.0,0.0,0.0,0.0,0.0,0.0,0.0,0.0,0.0,0.9138904573687182,0.0,0.0,1.0,0.0,0.0,0.7226654369379756,0.0,0.0,1.0,0.0,0.8889970788704966,0.0,0.0,0.0,0.9375,m2
0.0,0.0,0.0,0.8958810068649885,0.0,0.6574766880125827,0.0,0.0,0.0,0.0,0.651779593988927,0.0,0.0,0.0,0.0,0.6337311785997821,0.0,0.0,0.0,0.0,0.6675061973227565,0.5,0.0,0.0,0.0,0.7129179765647327,0.0,0.0,0.0,0.0,1.0,0.0,0.0,0.8328173374613003,0.0,0.0,0.0,0.7673119713171241,0.0,0.0,0.0,0.0,0.34441035284802324,0.8464721254355401,0.4541359096830221,0.3641088572872303,0.0,0.340471322500807,0.9646898166211471,0.0,0.05477566749243057,0.0,0.47268762910259354,0.16547661549446657,0.4446373671886201,0.0,0.0,0.15666692673792615,0.36435132376778523,0.717218875502008,0.0,0.22502896871378897,0.16669160556636242,0.45679121657517274,0.3950617283950617,0.2840550435551068,0.0,0.08094435075885331,0.08576642335766438,0.2535991140642303,0.0,0.0,0.0,0.9243763284483724,1.0,0.5851063829787233,0.0,0.0,0.0,0.8,0.0,0.6666666666666667,1.0,0.0770805985823052,0.33438908515044463,0.22222222222222232,0.9750027774691701,0.2677366405252597,0.1428571428571428,0.8587570621468926,0.25,0.6422602882807604,0.5,0.15422047538835848,0.6000000000000001,0.7465902352243526,0.78125,0.2142857142857143,0.6884753901560624,0.7695390781563126,0.48305084745762705,0.0,0.5714285714285714,0.515897435897436,0.0,0.0,0.18181818181818188,0.09183484539900022,0.0,0.8746530989824237,0.0,0.549203621703787,0.9584816132858838,0.20128824476650564,0.1981957721825771,1.0,0.0,0.48238723783302306,0.864696734059098,0.6194029850746269,0.875,0.30665290419442626,0.2209163685913813,0.8772749234981478,0.05653727307840861,0.9401381427475057,0.75,0.0,0.6385793871866294,0.44976076555023936,0.7760208610741234,0.4444444444444444,0.25,0.25,0.0,0.0,0.30384426923248253,0.6666666666666667,0.17692658458732324,0.10049129075480112,0.0,0.3723915328028822,0.0,1.0,0.47543713572023305,0.7068273092369477,0.10999451854558728,0.33333333333333337,0.8571428571428572,1.0,0.0,1.0,0.5,0.0,0.5,0.0,1.0,0.0,0.0,0.0,0.0,0.4722222222222222,0.5787646346386758,0.0,0.38248069498069504,0.5630610120983479,0.0,0.0,0.7773421547006453,0.5768080585504052,1.0,0.0,0.8883495145631068,0.0,0.7796129032258065,1.0,0.8468729427254773,0.1923076923076923,0.5333333333333332,0.0,0.0,0.0,0.0,0.0,0.0,0.6232964772435075,0.6906246709333208,0.17133456383917822,0.0,0.2222222222222221,0.9735147683637266,0.983555258782094,1.0,0.0,0.751230718739744,0.15999999999999992,0.0,0.0,0.0,0.0,0.5366785691912548,0.13220297333824804,0.9074327405380757,0.18013995334888377,0.0,0.0,0.0,0.0,0.0,0.0,0.0,0.0,0.0,0.0,0.0,0.6457000670355516,0.0,0.0,0.0,0.2536250647332987,0.8369565217391304,0.14278047644790992,0.0,0.0,0.7336683417085427,0.9130434782608696,0.5567868212117353,0.5,0.0,0.0,0.8125,0.0,1.0,0.0,0.9212050984936269,0.0,0.6000000000000001,0.0,0.0,0.0,0.0,0.9027777777777778,0.8,0.0,0.0,0.0,0.6087819778541428,0.0,0.0,0.0,0.0,0.889615642406453,0.0,0.0,0.0,0.0,0.9444822116474054,0.0,0.0,0.0,0.0,0.6666666666666667,0.0,0.0,0.0,0.0,0.0,0.0,0.7944354782120553,0.0,0.0,0.0,0.0,0.5617206109009388,0.9184581171237954,0.9083163220023076,0.026362038664323184,0.0,0.0,0.9910213243546577,0.0,0.3170603674540683,1.0,0.9758426966292135,0.6373809523809524,0.5373134328358209,0.0,0.0,0.15859609609609604,0.8201774871555347,0.7944358077471175,0.0,0.0,0.6377347751849745,0.41009910335063704,0.013605442176870763,0.7841227322537441,0.0368421052631579,0.31218274111675126,0.0,0.4568965517241379,0.0,0.1885714285714285,0.0,0.8500461680517082,0.5,0.2500000000000001,1.0,0.9265642562757587,1.0,1.0,0.0,1.0,1.0,0.0,0.5066469719350074,0.0,0.9122825513969426,0.5053763440860214,0.0,1.0,0.6000000000000001,0.9554140127388535,1.0,0.5069056714663532,1.0,0.6850393700787402,0.9024390243902439,0.36363636363636365,0.6825273010920437,0.0,0.36363636363636365,0.0,0.8571428571428571,0.0,0.0,0.0,0.0,0.0,0.0,0.9096045197740112,1.0,0.5978541029790805,0.648876404494382,0.0625,0.7263999999999999,0.9635036496350365,0.0,0.42307692307692313,0.8181818181818182,1.0,0.9583333333333334,0.5330857064245426,0.21393643031784837,0.8928571428571428,0.6061914385449201,0.8622577927548442,1.0,0.0,0.8073254483021748,0.0,0.712495575221239,0.6666666666666667,0.33333333333333337,0.0,1.0,0.0,0.1915563957151859,1.0,0.6785955435516543,1.0,0.0,0.19155590304925707,0.0,0.9,0.8235294117647058,0.8757396449704142,0.23951285520974308,0.6000000000000001,1.0,0.5454545454545454,0.5,0.8571428571428572,1.0,0.0,1.0,0.0,1.0,0.0,0.3429833169774289,0.8412371134020619,0.0,0.39522653721682854,0.8163912756113682,0.0,0.5671609245529874,0.669664268585132,0.2775041050903121,0.0,0.7466167466167466,0.9439725579875857,1.0,0.0,0.918429003021148,0.0,0.6355760368663594,1.0,0.818121824061242,0.0,1.0,0.0,0.0,1.0,0.0,0.0,0.0,0.6531032523789235,0.5379211854528143,0.0,0.0,0.6101985780828635,0.9702042879657439,0.8841698841698842,1.0,0.0,0.08907672301690495,0.13636363636363646,0.0,0.0,0.0,0.0,0.28862626043586714,0.0,0.9318433281699491,0.46277282926497576,0.0,0.0,0.0,0.0,0.0,0.0,0.0,0.0,0.0,0.0,0.0,0.6530014641288433,0.0,0.0,0.0,0.7830925649682029,0.7749343082371758,0.9351756314207528,0.0,0.0,1.0,1.0,0.48043818466353694,1.0,0.0,0.0,0.7384615384615385,1.0,0.0,0.0,0.9411764705882353,0.0,0.5679884275017019,0.0,0.0,0.0,0.0,0.7245346432264737,0.0,0.0,0.0,0.0,0.9119897959183674,0.0,0.0,0.0,0.0,0.8921876753844427,0.6000000000000001,0.0,0.0,0.0,1.0,0.0,0.0,0.0,0.0,0.7777777777777778,0.0,0.0,0.8181818181818181,0.0,0.0,0.08994708994708978,0.5759430427179615,0.0,0.0,0.0,0.0,0.30059999999999987,0.8279213607245417,0.32179415596501015,0.5905229375117991,0.7521865889212828,0.6115219929933826,0.7692307692307692,0.75,0.3091216216216216,0.0,1.0,0.0,0.08308902395423667,0.0,0.25,0.05882352941176461,0.7606837606837606,0.390920757138274,0.0,0.2857142857142857,0.0,0.4696920583468396,0.4918032786885246,0.18508092892329342,0.2932692307692307,0.0,0.7052154195011338,0.0,0.0,0.14724770642201834,0.23076923076923073,0.8741755454084221,0.0,0.5952380952380952,0.0,0.04038997214484685,0.0,0.8,0.0,0.5,0.0,0.12765957446808518,0.4745417515274949,0.5714285714285714,0.9295760598503741,0.771551724137931,0.19999999999999996,1.0,1.0,0.4347826086956522,0.0,0.33333333333333337,0.0,0.4259818731117825,0.6666666666666667,0.0,0.5,0.33333333333333337,0.5,0.0,0.0,0.25,0.0,0.0,0.5,0.45430107526881724,0.0,0.4741498479402819,0.0,0.6617312072892939,0.0,0.33333333333333337,0.0,0.34838709677419366,0.0,0.0,0.0,0.0,0.8,0.04878048780487809,0.8703471350899206,0.0,0.0,0.7375886524822696,0.0,0.0,0.7898089171974523,0.5714285714285714,0.0,0.4285714285714285,1.0,0.0,0.0,0.0,0.8206680116565792,0.0,0.18026740433379418,0.11494252873563238,0.0,0.3317865429234338,0.0,1.0,0.36363636363636365,0.41666666666666663,0.3447488584474886,0.33333333333333337,0.0,0.0,0.0,0.5,0.0,0.0,0.5,0.6362157589953803,0.25,0.24042198778456414,0.0,0.0,0.2373831775700933,0.7777777777777778,0.0,0.0,0.38958403787622586,0.15500406834825053,0.0,0.6244784422809457,0.0,0.0,1.0,0.0,0.002400384061449823,0.0,0.3312095667516173,0.0,0.5349500713266762,0.41463414634146345,0.9,0.0,0.4,0.0,0.0,0.0,0.0,0.5967741935483871,0.0,0.8506418066929246,0.0,1.0,0.8715146851353084,0.827027027027027,0.33333333333333337,0.0,0.6517857142857142,0.5,0.0,0.0,0.0,0.0,0.0,0.6549611339734797,0.0,0.5935539392593414,0.0,0.0,0.0,0.0,0.0,0.0,0.0,0.0,0.0,0.0,0.0,0.6115589353612167,0.0,0.0,0.0,0.0,0.8184357541899442,0.0,0.0,0.0,1.0,0.0,0.5613437195715678,0.0,0.0,0.0,0.75,m2
0.0,0.0,0.0,0.0,0.8562376237623762,0.8698610850384831,0.0,0.0,0.6831448232223365,0.7534821428571429,0.0,0.5392265193370165,0.8385093167701864,0.7104016289663635,0.4,0.5441173749745601,0.0,0.0,0.0,0.0,0.0,0.0,0.0,0.0,0.28578416616496083,0.6237756010685663,0.0,0.557112397197685,0.0,0.0,0.0,0.0,0.0,0.0,0.0,0.858970043756311,0.47390642948061223,0.0,0.8378152384774902,0.0,0.2289260969976905,0.0,0.34441035284802324,0.4854959529435423,0.45575933075933084,0.2591496426766766,0.07148780168463331,0.48889241196171307,0.37726053474084964,0.0,0.5038480664945892,0.0,0.018050082623617625,0.024789164324048096,0.511575221238938,0.0,0.0,0.1493276716206653,0.0,0.5788715590991096,0.0,0.587364376130199,0.0,0.48746135348677433,0.6512280701754386,0.36319688598694133,0.0,0.0,0.7218465539661898,0.295906432748538,0.48026315789473684,0.9248986361960929,0.8571428571428572,0.9296020011613884,0.33333333333333337,0.0,0.0,0.05525866969869231,0.0,0.0,0.5,0.6666666666666667,0.0,0.6553426096088213,0.6312583749543184,0.44444444444444453,0.0,0.28442991418062935,0.5714285714285714,0.9491525423728814,1.0,0.7816261879619852,0.5,0.15422047538835848,0.6000000000000001,0.0,0.0,0.0851648351648352,0.36155747836835606,1.0,0.25,0.39560439560439553,0.2857142857142857,0.9364102564102564,0.0,0.0,0.0,0.7987969924812031,1.0,0.5088803088803089,0.75,0.5955963938973647,0.9082138200782268,1.0,0.4885496183206106,0.0,0.0,0.21056667243810145,0.4494556765163298,0.0,0.7142857142857142,0.07517000028451959,0.23322383857343976,0.8462482109997955,0.0,0.9401151631477928,0.75,0.0,0.7476851851851851,0.0,0.8542878826207942,0.0,0.0,0.07539118065433859,0.0,0.0,0.0,0.6666666666666667,0.5962459101084898,0.9404408208388033,0.5,0.0,0.6666666666666667,1.0,0.4736842105263158,0.490092879256966,0.18892746208660693,0.6666666666666667,0.8571428571428572,1.0,1.0,0.7777777777777778,0.5,0.8571428571428571,0.0,0.6318800120425869,0.25,0.0,0.8627901631808779,0.0,0.5149525156597292,0.41666666666666663,0.6664055700609226,0.8333333333333334,0.40290846877673225,0.503579676674365,0.0,0.1564270152505447,0.46380487804878046,0.5741801014514589,0.41740996168582367,0.0,0.19642857142857162,0.15384615384615385,0.9931245225362872,1.0,0.3403118991668448,0.8269230769230769,0.0,0.75,0.0,0.0,0.943839319024524,0.0,0.0,0.9813912778750286,0.0,0.5925789889730835,0.0,0.2984198645598195,0.7960142939754749,0.9840137437215585,0.0,0.5673682686041177,0.0,1.0,0.0,0.0,0.0,0.9394535814891811,0.6775851393188854,0.5878381440029,0.0,0.0,0.0,0.0,0.0,0.0,0.9620589609609717,0.0,0.0,0.0,0.0,0.0,0.0,0.6649190205397073,0.23214285714285698,0.0,0.9457450173995571,0.0,0.0,0.0,0.0,0.0,0.0,1.0,0.8002045512656609,0.0,0.0,0.0,0.0,0.0,1.0,0.0,0.0,0.8888888888888888,0.6000000000000001,0.0,0.0,0.7682410423452768,0.5945945945945946,0.0,0.8,0.82699513672965,0.8003170106569539,0.5,0.6209117221418234,0.0,0.0,0.0,0.0,0.0,0.0,0.0,0.0,0.047272727272727244,0.9512195121951219,0.0,0.5189873417721519,0.0,0.0,0.0,0.17588440458395616,0.0,0.0,0.0,1.0,0.7080818542194922,0.0,0.8827533773904906,0.0,0.0,0.0,0.5617206109009388,0.3834995466908432,0.9021486373360618,0.6535836177474402,0.5475678002582867,0.5007745672526436,0.3137254901960783,0.0,0.8221590909090909,1.0,0.6533882783882783,0.7376847290640394,0.24654752233956123,0.0,0.17500000000000004,0.14491614255765184,0.0,0.8131582369002731,0.0,0.6857142857142857,0.0,0.9109947643979057,0.924119241192412,0.7051994565888601,0.0368421052631579,0.0,1.0,0.36413043478260865,0.9594882729211087,1.0,0.682608695652174,0.8500461680517082,1.0,0.0,1.0,0.041000515729757714,1.0,1.0,1.0,1.0,0.0,0.8193707767201918,0.8581979320531757,0.75,0.0,0.5179063360881542,0.5,1.0,0.8333333333333334,1.0,1.0,0.478454172366621,1.0,0.5236270753512133,0.0,0.36363636363636365,0.5509391007398975,1.0,0.0,0.5625,0.5714285714285714,1.0,0.0,0.0,0.0,0.6666666666666666,0.5,0.9391634980988594,1.0,0.6370994433579058,0.7720600932481436,0.8125,0.45781466113416325,0.48364008179959106,0.0,0.0,0.6363636363636365,0.0,0.5833333333333333,0.2689561100858542,0.46269335759781616,0.8928571428571428,0.6061914385449201,0.8550968828980623,1.0,0.0,0.8374417055296469,0.6666666666666667,0.9566008000969815,0.33333333333333337,0.6666666666666667,0.6492146596858639,1.0,0.0,0.32321547698465636,1.0,0.9411392405063291,0.9375,1.0,0.0,1.0,0.9,0.8235294117647058,0.7549770290964778,0.6666666666666667,0.8,1.0,1.0,0.5,0.8571428571428572,1.0,1.0,0.5,0.9392234621414738,1.0,0.0,1.0,0.1504664970313826,0.14378050389130714,0.5202265372168284,0.38847305389221554,0.8823529411764706,0.5537634408602151,0.8817564424597637,0.3709327548806941,0.8846153846153846,0.5878342947037232,0.8216080402010051,0.5076923076923077,0.0,0.905638665132336,0.0,1.0,1.0,0.3899525445917199,0.8,0.6511627906976745,0.6666666666666666,1.0,1.0,0.9435682128152617,0.0,0.0,0.9898497766950873,0.0,0.0,0.0,1.0,0.7637066174678874,0.8810754912099276,0.5,0.4078247125186699,0.1681818181818182,0.9545454545454546,0.0,0.0,0.0,0.9436619718309859,0.7431060606060607,0.9921046308056709,0.0,0.0,0.0,0.0,0.0,0.0,0.952047892598705,0.0,0.0,0.0,0.0,0.0,0.0,0.6530014641288433,0.5,0.0,0.9479782270606532,0.0,0.0,0.834858167956049,0.0,0.0,0.0,0.6666666666666667,0.7871674491392802,0.5,0.0,0.0,0.0,1.0,0.0,0.0,0.0,0.6000000000000001,0.5829815303430079,0.0,0.0,0.7005225342913128,0.6578385305425032,0.0,0.6074766355140186,0.9471057884231537,0.6107992726697762,0.33333333333333326,0.9119897959183674,0.0,0.0,0.0,0.0,0.0,0.0,0.0,0.0,0.7464932126696833,0.2410714285714286,0.0,0.7637956748695004,0.0,0.0,0.0,0.0,0.0,0.0,0.0,0.8667415730337079,0.2846153846153847,0.0,0.7496371552975327,0.0,0.0,0.0,0.17559523809523814,0.5340423817581177,0.0,0.0,0.0,0.8624227683189354,0.3076923076923076,0.0,0.6077235772357723,0.0,0.7857142857142857,0.0,0.0,0.0,0.0,0.0685563612392881,0.0,0.0,0.0,0.7034749034749035,0.29899691358024694,0.5737745098039214,0.6557377049180327,0.36347642505277966,0.2932692307692307,0.2857142857142857,0.2222222222222222,0.0,0.8571428571428572,0.9798165137614678,0.5384615384615385,0.881061038220194,0.2857142857142858,0.0,0.0,0.44537230340988165,0.0,0.0,0.0,0.5,0.33333333333333326,0.7811244979919679,0.28099173553719003,0.4285714285714285,0.0,0.2130090829182537,0.6,1.0,1.0,0.5652173913043479,0.0,0.0,0.0,0.0,0.0,0.0,0.75,0.6666666666666667,0.0,0.0,0.0,1.0,0.0,0.0,0.0,0.49096594857539966,1.0,0.4437742352434296,0.33333333333333326,0.8245614035087719,0.0,0.4999999999999999,0.7289156626506024,0.0,0.625,0.0,0.12337662337662325,0.25,0.19999999999999996,0.0,0.0,0.0,0.0,0.7375886524822696,0.0,0.0,0.14193548387096777,0.0,1.0,0.0,1.0,0.03686311340690296,0.0,0.0,0.0,0.0,0.39578947368421047,0.8546120952962737,0.0,0.035472972972972916,0.0,0.0,0.36363636363636365,0.08333333333333326,0.07692307692307698,0.6666666666666667,0.0,0.6843434343434343,0.0,0.5,0.0,0.0,0.5,0.14841564187650458,0.25,0.20739456961294045,0.26923076923076916,0.0,0.0,0.0,0.0,0.0,0.38662486938349017,0.0,0.0,0.14892487390496423,0.0,0.40874722016308374,0.0,0.0,0.0,0.0,0.8730641050774358,0.0,0.0,0.8780487804878049,0.0,0.8,0.0,0.0,0.9249562932257249,0.0,0.0,1.0,0.04166666666666674,0.792222461273666,0.0,1.0,0.0,0.815748031496063,0.0,0.7503040834057342,0.48571428571428565,1.0,0.0,0.0,0.0,0.9307966148108545,0.6534747722018224,0.5335733687069674,0.0,0.0,0.0,0.0,0.0,0.0,0.9878665318503539,0.0,0.0,0.0,0.0,0.0,0.0,0.8642010163749294,0.5555555555555556,0.0,0.7333333333333334,0.26564976228209203,0.0,0.0,0.0,0.0,0.0,0.3571428571428572,0.8313047711781889,0.0,0.0,0.0,0.0,m2
0.5714285714285714,0.0,0.7144264208759941,0.0,0.8299826689774698,0.0,0.0,0.8245923314235346,0.0,0.7531028368794326,0.0,0.8537095088819227,0.0,0.0,0.4,0.593064746844397,0.0,0.0,0.0,0.0,0.0,0.0,0.0,0.0,0.657909390027841,0.6759259259259258,0.0,0.0,0.0,0.9035691347830076,0.0,0.0,0.0,0.0,0.7925983790645446,0.0,0.0,0.0,0.0,0.0,0.24037430950614236,0.6279063545150502,0.34441035284802324,0.2577794669580503,0.4531037113739168,0.2591496426766766,0.06800070058674135,0.34316337774216155,0.6373569646390778,0.0,0.0,0.0,0.2586450112470928,0.0,0.4557003349798444,0.0,0.0,0.0,0.36891630834423883,0.5788446980725558,0.0,0.0,0.5580009568961768,0.0,0.1578947368421052,0.0,0.0,0.5652642934196332,0.9631989596879064,0.3355704697986577,0.5871045254305166,0.49493180980464424,1.0,0.007466892082276577,0.0,1.0,0.0,0.0,0.6666666666666667,0.0,0.5,0.6666666666666667,1.0,0.0,0.0,0.0,0.0,0.2814613155352592,0.1428571428571428,0.0,0.6666666666666667,0.3587953313880785,0.5,0.545815516188149,0.5,0.9759036144578314,0.78125,0.0,0.0,0.007504690431519689,0.0,0.3664965986394557,0.2857142857142857,0.7741626794258374,0.8009893017370298,0.0,1.0,0.93024128016002,0.30000000000000004,0.0,0.11111111111111116,0.5864424410540915,0.9583333333333334,1.0,0.15579662789177884,0.0,0.9166666666666666,0.22588304463841546,0.2084115659031167,0.4,0.7142857142857142,0.06447351037125093,0.0,0.5690262025811498,0.0,0.9401151631477928,0.75,0.0,0.7476851851851851,1.0,0.5454217952566797,0.7777777777777778,0.0,0.5471698113207548,0.0,0.0,0.9626541134274826,0.6666666666666667,0.6071796919186878,0.010249882762778828,0.5,0.9794410822356711,0.6666666666666667,0.2997275204359672,0.0,0.490092879256966,0.10378220354467393,0.33333333333333337,0.8571428571428572,0.5326404676843131,0.75,1.0,0.5,0.0,0.0,0.6338583726446523,0.7,0.0,0.713806264806528,0.9262783095960776,0.9152186366240214,0.0,0.0,0.8333333333333334,0.4862209441648694,0.5627718704688254,0.0,0.13923171860536887,0.0,0.6365443743209191,0.0,1.0,0.05054479418886204,0.0714285714285714,0.8854193548387097,0.0,0.860548418972332,0.0,0.12942989214175638,0.0,0.0,0.0,0.9475265907231418,0.0,0.0,0.0,0.0,0.0,0.8142240027028984,0.0,0.0,0.33632286995515703,1.0,0.3142449011107802,1.0,0.84,0.0,0.0,0.07692307692307698,0.897986296483092,0.9765768040911673,0.508839754024236,0.9288236892148872,0.5291717778727276,0.0,0.0,0.0,0.0,0.734303358897933,0.0,0.0,0.0,0.0,0.0,0.9009079831767619,0.0,0.0,0.0,0.0,0.5901914723290331,0.0,0.34725432325215666,0.0,0.0,0.0,0.6818181818181819,0.0,0.5,0.0,0.7008637455668688,0.8125,0.0,1.0,0.7236606287408276,0.0,0.8888888888888888,0.0,0.0,0.8767123287671232,0.0,0.5480225988700564,0.0,0.8,0.0,0.0,0.5,0.6977258695204775,0.0,0.0,0.0,0.0,0.0,0.0,0.0,0.0,0.2260600285850406,0.9360986547085202,0.0,0.0,0.0,0.8142610695802185,0.0,0.0,0.0,0.25,0.8841698841698842,0.0,0.0,0.0,0.0,0.0,0.0,0.8518330970224832,0.5405173890697276,0.3595022959561548,0.9059585207944695,0.591236494597839,0.6489952302760185,0.7209716307262444,0.72705078125,0.0,0.3170603674540683,1.0,0.0,0.26980728051391867,0.22148209825145704,0.0,0.6307692307692307,0.0,0.5737243575501741,0.8281934578246628,0.0,0.19999999999999996,0.3076923076923078,0.0,0.07251264755480591,0.18963130741160195,0.16473988439306364,0.7376644736842106,1.0,0.4374999999999999,0.7741935483870968,0.7427512535426204,1.0,0.0,0.5,1.0,1.0,0.0,1.0,1.0,1.0,1.0,1.0,0.045702245150039955,0.18316100443131456,0.5,0.0,0.5179063360881542,0.0,0.0,0.0,0.0,1.0,0.8795399515738499,0.7,0.8188976377952756,0.8880429914912673,0.36363636363636365,0.0,0.0,0.0,0.5625,0.5714285714285714,0.4285714285714286,0.8131395824805567,0.0,1.0,0.8095238095238095,0.5,0.0,0.0,0.5966601474349331,0.2733026467203683,0.8125,0.2954545454545454,0.45346320346320346,0.45833333333333337,0.34615384615384615,0.2727272727272728,0.08333333333333337,0.5833333333333333,0.3004897959183672,0.0,0.5,0.6061914385449201,0.862257792754844,1.0,0.0,0.8374417055296469,1.0,0.6806930693069307,1.0,0.0,0.8585989199056819,1.0,0.0,0.925645872715816,1.0,0.9570474069360484,0.0,1.0,0.8055555555555556,1.0,0.44999999999999996,0.3529411764705882,0.7549770290964778,0.23951285520974308,0.6000000000000001,1.0,0.0,1.0,0.8571428571428572,1.0,0.0,0.5,0.9374803644360666,1.0,0.0,0.7072018890200709,0.9811704834605598,0.8916456677650707,0.0,0.0,0.8823529411764706,0.7945922372437855,0.8122319597240351,0.3709327548806941,0.7239307681304534,0.0,0.9312390158172232,0.4406546644844518,0.6,0.0,0.0,0.8953214774281806,0.0,0.7912491890722988,0.44999999999999996,0.5555555555555556,0.0,0.0,1.0,0.9527598310348777,0.0,0.0,0.0,0.37038689172289085,0.14821492967904804,0.6385390428211587,0.803030303030303,0.5054412514878424,0.31853281853281856,1.0,0.34648120854826825,1.0,0.9545454545454546,0.0,0.0,0.10526315789473684,0.0,0.9852873928862557,0.5407686736757986,0.9394700776610324,0.7277784855820273,0.0,0.0,0.0,0.0,0.7353332808068075,0.0,0.0,0.0,0.0,0.0,0.9100771456123433,0.0,0.0,0.0,0.0,0.8749962492873646,0.0,0.0,0.0,0.0,0.75,1.0,0.0,1.0,0.0,0.7583767119826148,0.8446601941747572,0.0,0.0,0.7314244810307802,0.0,0.6294117647058823,0.0,0.0,0.7142857142857143,0.0,0.6779725609756098,0.0,0.07042253521126773,0.0,0.0,0.33333333333333326,0.48583106267029974,0.0,0.0,0.0,0.0,0.0,0.0,0.0,0.0,0.0,0.5357142857142858,0.0,0.0,0.0,0.9586092715231788,0.0,0.0,0.0,0.0,1.0,0.0,0.2843137254901962,0.0,0.0,0.0,0.0,0.5997438360550753,0.38083723741876974,0.2480422681385036,0.3218627267626707,0.0,0.0,0.0,0.0,0.0,0.39634146341463417,0.0,0.0,0.0,0.03128103277060568,0.0,0.0,0.0,0.7948717948717948,0.0,0.0,0.0,0.7377701934015928,0.0,0.09836065573770503,0.0,0.0,0.0,0.5555555555555556,0.0,0.0,0.6057339449541284,1.0,0.0,0.0,0.8095238095238095,0.0,0.0,0.6666666666666666,0.0,0.0,0.5,0.0,0.08910103420843296,0.0,0.0,0.0,0.2023845457289466,0.19999999999999996,0.0,1.0,0.6956521739130435,0.0,0.33333333333333337,0.5,0.9411764705882353,0.6666666666666667,0.0,0.0,0.33333333333333337,0.0,0.0,0.0,0.5,0.2857142857142857,0.0,0.5,0.681104236078058,0.0,0.0,0.25,0.658096699923254,0.0,0.4999999999999999,0.0,0.0,1.0,0.0,0.5714285714285714,0.75,0.19999999999999996,0.0,0.557163531114327,0.8888888888888888,0.0,0.29487179487179505,0.0,0.0,0.04854368932038833,0.5714285714285714,0.0,0.7142857142857142,0.0,0.3341159896689365,0.0,0.0,0.6487334678323247,0.0,0.3957894736842106,0.25778863775198524,0.0,0.4285714285714285,0.0,1.0,0.0,0.08333333333333326,0.3447488584474886,0.33333333333333337,0.0,0.0,0.6666666666666666,0.5,0.0,0.0,0.5,0.14841564187650458,0.25,0.2060185185185185,0.8666666666666667,0.8730263157894738,0.5551401869158878,0.0,0.29807306302689696,0.0,0.0,0.2566171723692705,0.0,0.0,0.6163011387600168,0.40856550088915233,0.0,0.75,0.003718073068218586,1.0,0.0,0.5,0.30138504155124657,0.0,0.3191489361702129,0.0,0.4,0.0,0.9323273411671202,0.0,0.0,0.0,0.0,0.0,0.4285714285714286,0.0,0.0,0.06929133858267733,0.6666666666666667,0.15014289797084868,1.0,1.0,0.0,0.0,0.0,0.9130691037684365,0.9577037976315846,0.2198798949080445,1.0,0.6299938912645082,0.0,0.0,0.0,0.0,0.616028547062256,0.0,0.0,0.0,0.0,0.0,0.9157368218545594,0.0,0.0,0.0,0.0,0.7771993753253514,0.0,0.6522096681922196,0.0,0.0,0.0,0.7857142857142857,0.0,0.0,0.0,0.7026905829596413,0.75,m2
0.0,0.0,0.0,0.8569024985278034,0.0,0.0,0.0,0.0,0.0,0.7526757046022119,0.0,0.0,0.0,0.0,0.4,0.0,0.0,0.0,0.0,0.5743853904617392,0.4590177145452681,0.0,0.0,0.0,0.0,0.0,0.0,0.7602256699576869,0.3507769058878555,0.9314299366861785,0.0,0.0,0.0,0.0,0.9518348623853211,0.0,0.0,0.0,0.0,0.0,0.0,0.6279063545150502,0.348381309200285,0.2163215091244618,0.4849806465681731,0.0,0.06721325850578763,0.5851834252043335,0.0,0.8489668743850443,0.8933409967977666,0.0,0.0,0.0,0.0,0.2385065477848981,0.0,0.046526939536925216,0.7622136973936591,0.5047841340717331,0.0,0.21781946072684644,0.2365414407436095,0.470029933562094,0.0,0.28792064289301855,0.39152981849611057,0.558175294720656,0.8001300390117034,0.0,0.6242152466367713,0.2699756690997567,1.0,0.6205392102024835,0.0,0.15555555555555567,0.0,0.8809116199443612,0.0,0.4,0.0,0.6666666666666667,1.0,0.25515574650913,0.24458273141460174,0.5555555555555556,0.7106332765176346,0.0,0.8571428571428571,0.44067796610169496,1.0,0.6146056036907843,0.5,0.2498472816127062,0.5,0.1766072811773819,0.78125,0.2222222222222222,0.7965026307644691,0.0,1.0,0.0,0.2857142857142857,0.5366666666666666,0.7661380077907624,0.6428571428571428,1.0,0.33352726063829785,1.0,0.0,0.11111111111111116,0.6819348127600554,0.8226415094339623,0.3750000000000001,0.0,0.0,0.0,0.48611522292616494,0.2084115659031167,0.6194029850746269,0.0,0.08292120939642578,0.7458772104112854,0.8521791524402491,0.020005774862846826,0.0,0.75,0.0,0.0,1.0,0.4509251503845274,0.4444444444444444,0.0,0.25,0.0,0.0,0.6360475627564148,0.6666666666666667,0.0,0.019669230245695113,0.5,0.14799790630724952,0.0,1.0,0.631578947368421,0.7793821356615178,0.10378220354467393,0.33333333333333337,0.8571428571428572,0.0,0.75,0.0,0.5,0.9285714285714286,0.5,0.6512216357403275,0.0,0.0,0.9029999396390415,0.08221103173673727,0.44921971761208823,0.41666666666666663,0.8905619302462697,0.0,0.11295806573479394,0.0,0.0,0.1096502108657903,0.0,0.6100973628215874,0.23065338276181646,0.0,0.19642857142857162,0.0,0.0,0.0,0.3400817726193617,1.0,0.6121883656509696,0.875,0.0,0.0,0.0,0.0,0.0,0.0,0.0,0.5819672785633869,0.0,0.14419159994381237,0.0,0.7486786469344608,1.0,0.2148695134007773,1.0,0.76,0.0,0.0,0.0,0.6345125927565707,0.6775851393188854,0.9533494443942542,0.6636263261485287,0.22036649790887086,0.0,0.0,0.0,0.0,0.0,0.6751326266622374,0.0,0.0,0.0,0.0,0.0,0.739374840303211,0.0,0.0,0.0,0.7248909487459105,0.0,0.3357306544359703,0.0,0.0,0.0,0.0,0.8012797469264505,0.5,0.0,0.6848129689468206,0.0,0.0,1.0,0.0,0.9189189189189189,0.0,0.0,0.0,1.0,0.0,0.5480225988700564,0.0,0.0,0.0,0.0,0.5,0.0,0.0,0.0,0.0,0.8120452518424635,0.8478489744055182,0.0,0.0,0.0,0.0,0.0,0.0,0.5189873417721519,0.4813729675191122,0.8479257115291847,0.0,0.0,0.0,0.0,0.8699007717750826,0.0,0.0,0.0,0.0,0.0,0.0,0.8439856711915535,0.5617206109009388,0.3589325426241661,0.0,0.01866345574954842,0.379032258064516,0.7673483255433834,0.0023474178403757318,0.7872643187477766,1.0,1.0,0.5447954427757637,0.6149150743099788,0.07853403141361248,0.29879644165358443,0.6307692307692307,0.15859609609609604,0.8793225123500353,0.3017408123791101,0.0,0.0,0.5685856432125088,0.4193548387096775,0.18887015177065758,0.6506035921091373,0.6626506024096386,0.7459874389392882,0.8148148148148149,0.0,0.7150537634408602,0.005926209137832261,0.8826086956521739,0.7892738490745135,0.5,0.2500000000000001,1.0,0.7893719806763285,1.0,1.0,0.0,1.0,1.0,0.4510644481581051,0.2609308885754583,0.75,1.0,0.33149171270718236,1.0,0.2647058823529411,0.0,0.9690181124880839,1.0,0.5759209344115004,0.7,0.0,0.8880429914912673,0.0,0.5959510754955715,0.0,1.0,1.0,0.5714285714285714,0.0,0.8020515058926233,0.75,0.0,0.5238095238095237,0.5,0.0,0.0,0.3571428571428571,0.9823321554770318,0.0,0.0,0.3765743073047859,0.6296296296296295,0.42307692307692313,0.2727272727272728,0.9166666666666666,0.5416666666666667,0.28759595959595974,0.6625916870415648,0.8928571428571428,0.13099393716700336,0.0,1.0,0.0,0.6020255063765942,1.0,0.664418923190391,0.6666666666666667,0.6666666666666667,0.6418964610414006,1.0,0.0,0.0,1.0,0.040506329113924044,0.0,1.0,0.19444444444444442,0.0,0.9,0.0,0.8686493184634448,0.23951285520974308,0.6000000000000001,1.0,1.0,1.0,0.0,0.75,1.0,1.0,0.9471270821635785,0.0,0.0,1.0,0.15147407658420875,0.2469819908964972,0.5202265372168284,1.0,0.0,0.5544747081712063,0.8122319597240351,0.3709327548806941,0.8948428686543111,0.7462069503490776,0.5278969957081545,0.0,0.0,0.6486486486486487,0.0,0.0,0.0,0.43194894357685043,0.44999999999999996,0.0,1.0,0.0,1.0,0.0,0.0,0.0,0.0,0.0,0.9781984893960882,0.0,1.0,0.6881359096424904,0.9286452947259566,1.0,0.2808508971245005,0.9874476987447699,0.8181818181818182,0.0,0.0,0.0,0.46478873239436613,0.6743472040062001,0.9640071985602879,0.9293831168831169,0.38883934259141284,0.0,0.0,0.0,0.0,0.0,0.782447242097636,0.0,0.0,0.0,0.0,0.0,0.6854674796747968,0.0,0.0,0.0,0.9611921671173447,0.0,0.0,0.0,0.0,0.0,0.6666666666666667,0.7784114052953157,1.0,0.0,0.7563707927536962,0.0,0.0,0.0,0.0,0.7777777777777778,0.0,0.0,0.0,0.0,0.0,0.6578385305425032,0.0,0.0,0.0,0.0,0.33333333333333326,0.0,0.0,0.0,0.0,0.12797636289902092,0.1294775924279662,0.0,0.0,0.0,0.7464932126696833,0.0,0.0,0.691456145330684,0.6292134831460674,0.9496951219512195,0.0,0.0,0.0,0.0,1.0,0.0,0.0,0.4516599781101788,0.0,0.0,0.6531339031339032,0.5997438360550753,0.40931239848402823,0.3409169251982076,0.6749123130884254,0.26404005224205496,0.0,0.0,0.15384615384615385,0.8229994700582937,0.7110655737704918,0.0,0.3076923076923077,0.0,0.06606519208381834,0.19012345679012344,0.0,0.05882352941176461,0.639269406392694,0.7946676318011823,0.0,0.2857142857142857,0.0,0.5737745098039214,0.4461538461538461,0.0,0.0,0.0,0.0,0.5,0.0,0.0,1.0,0.32943525385054195,0.0,0.0,0.0,0.04038997214484685,0.0,0.4,0.0,0.5,0.0,0.6995305164319249,0.0,0.5714285714285714,0.7468885889938521,0.0,0.8,0.21052631578947367,0.0,0.4347826086956522,0.0,0.5,0.5,0.41176470588235303,0.0,0.5,0.36,0.6666666666666667,0.75,0.0,0.0,1.0,0.2857142857142857,0.0,0.0,0.3854571984435795,0.5142857142857142,0.0,0.25,1.0,0.0,0.33333333333333337,0.0,0.0,0.0,0.24445851804939833,0.0,0.25,0.0,0.0,0.4791808873720137,0.0,0.1374095989480606,0.37142857142857155,0.0,0.0,0.0,0.5714285714285714,0.0,0.4285714285714285,1.0,0.0,0.0,0.0,0.22797579018157388,0.0,0.36185758513931887,0.25778863775198524,0.0,0.0,0.0,0.0,0.9090909090909091,0.6666666666666666,0.5308641975308642,0.33333333333333337,0.0,0.5833333333333333,0.6666666666666666,0.0,0.5,0.5,0.5,0.14841564187650458,0.0,0.2060185185185185,0.7692307692307693,0.0,0.0,0.0,0.529728609902631,0.0,0.3971631205673758,0.0,0.0,0.16365873666940112,0.05820328975115985,0.2416666666666667,0.8509803921568627,0.0,0.92,0.0,0.21800116890707188,0.5,0.7750154099034312,1.0,0.7652849740932642,0.8,0.4,0.0,0.0,0.0,0.0,0.0,0.04166666666666674,0.4582602414611495,0.0,0.206896551724138,0.03813815996704695,0.8,0.6666666666666667,0.16171900268594164,1.0,0.41666666666666663,0.0,0.0,0.0,0.656423950928102,0.6628747754801272,0.8903794557301649,0.010928961748634003,0.06401667154642376,0.0,0.0,0.0,0.0,0.0,0.4572584643434038,0.0,0.0,0.0,0.0,0.0,0.5767016593294954,0.0,0.0,0.0,0.8699186991869918,0.0,0.6707290883710944,0.0,0.0,0.0,0.3571428571428572,0.8313047711781889,0.0,0.0,0.702896601201686,0.0,m2
0.0,0.0,0.0,0.0,0.0,0.0,0.7912966252220248,0.0,0.0,0.0,0.6865350610963026,0.0,0.0,0.0,0.4,0.5437867198758453,0.9875846501128668,0.0,0.0,0.0,0.0,0.5,0.0,0.0,0.657909390027841,0.0,0.0,0.0,0.0,0.0,0.0,0.0,0.8909682668836453,0.8328173374613003,0.0,0.0,0.48794424626767074,0.7673119713171241,0.0,0.0,0.22911157373544144,0.4371348808354443,0.0,0.2584136326956852,0.4531037113739168,0.0,0.5312516399895041,0.5886728296674104,0.37726053474084975,0.0,0.1464958224217483,0.33333333333333337,0.08882258434702761,0.0,0.4490526445719928,0.0,0.7631406761177754,0.0,0.0,0.7907471129767417,0.0,0.23223915592028133,0.3431093820140655,0.9157631359466222,0.0,0.0,0.38888888888888895,0.9866595517609391,0.6981534090909091,0.0,0.5992721391023049,0.49493180980464424,1.0,0.0,0.0,0.0,0.0,0.185672514619883,0.0,0.4,0.5,0.0,1.0,0.0770805985823052,0.31006240249609995,0.0,0.0,0.26503838945650227,0.8571428571428571,0.0,0.6666666666666667,0.7868619076672767,0.5,0.0,0.6000000000000001,0.0,0.0625,0.09670329670329691,0.0,0.0,0.0,0.3807574206755373,0.5714285714285714,0.5196172248803828,0.3273248668578451,0.0,0.0,0.7908715152581127,0.5714285714285714,0.8230884557721139,0.11111111111111116,0.0,0.8754448398576512,0.0,0.8098828598357345,0.0,0.5,0.22219553206822007,0.21313923105636423,0.5,0.5,0.8157037545002571,0.3953750370589978,0.0,0.5805664791677039,0.479023646071701,0.75,0.0,0.8543111992071357,0.44976076555023936,0.0,0.33333333333333326,0.0,0.11495063469675593,0.875,0.0,0.584034923604615,0.6666666666666667,0.13735834310277462,0.514858171994597,0.0,0.36110865137695924,0.0,0.40801886792452824,1.0,0.0,0.7158779462817467,0.33333333333333337,0.8571428571428572,0.8327137546468402,0.0,0.0,0.5,0.9285714285714286,0.0,0.2974527526705012,0.0,0.0,0.7161810613943809,0.25042890564075915,0.0,0.7222222222222222,0.6254568186189651,0.0,0.9363767074047448,0.0,0.41291348118991744,0.7769465809714466,0.7329565117083863,0.0,1.0,0.0,0.0,0.0,0.86707410236822,0.8793103448275862,0.8592819465713799,0.3076923076923077,0.0,0.0,0.0,0.0,0.0,0.0,0.0,0.0,0.9877389446150613,0.3396534921494314,1.0,0.6547826086956523,0.983134447096261,0.9439612197889091,0.0,0.0,0.0,0.0,0.0,0.0,0.0,0.0,0.3442735042735041,0.0,0.7266137144046338,0.0,0.0,0.0,0.0,0.0,0.7544746632570611,0.0,0.0,0.0,0.0,0.0,0.96579476861167,0.0,0.0,0.8950943396226415,0.9919712818929247,0.7940445294358696,0.9347826086956522,0.1542238483732571,0.975686802904409,0.9375,0.0,0.13636363636363635,0.8323549488054607,0.5,0.0,0.7037140352275444,0.875,0.0,0.0,0.0,0.0,0.0,0.0,0.7122877122877123,0.0,0.0,0.0,0.8917910447761194,0.0,0.0,0.0,0.5,0.6801008968609866,1.0,0.0,0.0,0.0,0.0,0.0,0.0,0.0,0.3853532404704312,0.25,0.0,0.0,0.0,0.0,0.0,0.21212121212121204,0.7608247422680412,0.5,0.0,0.0,0.7005188572834847,0.8117247238742566,0.0,0.0,0.22991556091676724,0.23884906411788143,0.0,0.3595022959561548,0.9150015214524799,0.0,0.892376006623015,0.9100824931255729,0.21668295861844244,0.0,0.0,0.0,0.6454177507950274,0.8351177730192719,0.34715080281246724,0.0,0.7760284408329101,0.0,0.0,0.8080195648851073,0.0,0.5714285714285714,0.735394616218018,0.89806512505899,0.12850812407680945,0.20382320711067814,0.6157894736842104,1.0,1.0,0.0,0.7741935483870968,0.7946298984034833,0.9452380952380952,0.0,0.75,0.0,1.0,0.9099794238683128,0.0,1.0,1.0,0.5,1.0,0.0,0.18316100443131456,0.5,0.0,0.0,1.0,0.0,0.0,0.6101190476190477,1.0,0.0,1.0,0.0,0.13008748573602136,0.36363636363636365,0.0,0.0,0.0,0.49739583333333337,0.8571428571428571,0.0,0.40441801189464743,0.0,0.0,0.6666666666666666,0.5,0.7854889589905363,0.0,0.0,0.6493987049028678,0.0,0.9453125,0.45346320346320346,0.3798387096774194,0.34615384615384615,0.2727272727272728,0.9166666666666666,0.5833333333333333,0.6245936731943234,0.1931540342298288,0.0,0.9825463898585339,0.827807486631016,1.0,0.0,0.9164441053033193,1.0,0.0,0.33333333333333337,0.6666666666666667,0.6016873449131513,1.0,0.0,0.6546943919344675,1.0,0.6785955435516543,0.7560975609756098,0.0,0.23250345781466109,0.0,0.44999999999999996,0.5882352941176471,0.0,0.9303112313937754,0.6000000000000001,1.0,0.0,0.0,0.0,0.75,1.0,1.0,0.759937286728765,0.0,0.0,0.6964504283965728,0.1504664970313826,0.0,0.9583333333333334,0.789282250242483,0.0,1.0,0.0,0.0,1.0,0.7202513134376862,0.17232930414897085,1.0,0.0,0.0,0.0,0.8957209048787136,1.0,0.7803353864137033,0.65,1.0,0.0,1.0,1.0,0.0,0.0,0.0,0.0,0.9690004788374659,0.0,1.0,0.34536529021079987,0.9195538576384314,0.9716821393121972,0.0,0.0,0.0,0.0,0.0,0.0,0.0,0.0,0.29268995837762857,0.2462640736949846,0.7696369245372567,0.08025824419267058,0.0,0.0,0.0,0.0,0.7351174063216557,0.0,0.0,0.0,0.0,0.0,0.9200130947184635,0.0,0.0,0.8309859154929577,0.9937404367784115,0.9613033727628513,0.9513309722380898,0.0,0.8668866886688669,1.0,0.0,0.5,1.0,1.0,0.0,0.7436173071754905,0.912621359223301,1.0,0.0,0.0,0.0,0.0,0.0,0.9333333333333333,0.0,0.0,0.0,0.526849702230746,0.0,0.0,0.0,0.33333333333333326,0.48583106267029974,0.8840148698884758,0.0,0.0,0.0,0.0,0.6000000000000001,0.0,0.0,0.0,0.0,0.0,0.0,0.0,0.0,0.0,0.0,0.5728693898134141,0.8181818181818181,0.0,0.0,0.2846153846153847,0.5308689024390245,0.0,0.0,0.5922330097087378,0.5654520917678814,0.0,0.2480422681385036,0.32179415596501015,0.2532088681446908,0.43112272677774144,0.43226936551187234,0.3076923076923076,0.0,0.0,0.6666666666666667,0.7857142857142857,0.0,0.06060993542612381,1.0,0.6923076923076923,0.0,0.0,0.4707166242269917,0.0,0.09523809523809523,0.2202932098765431,0.8559866034049679,0.09836065573770503,0.0,0.0,0.923469387755102,0.17257683215130037,0.5,1.0,0.6057339449541284,1.0,0.0,0.7142857142857143,0.0,0.0,0.07033426183844005,0.6666666666666666,0.4,0.0,0.0,0.0,0.134344528710726,0.3930753564154785,0.0,0.0,0.3087745839636914,0.8,0.0,0.0,0.5652173913043479,0.0,0.0,0.0,0.0,0.0,0.0,0.0,0.5,0.0,0.0,0.0,0.25,0.0,0.0,0.0,0.49096594857539966,0.0,0.4741498479402819,0.25,0.0,0.2564102564102564,0.38888888888888884,0.7245762711864407,0.0,1.0,0.0,0.5714285714285714,0.25,0.19999999999999996,1.0,0.0,0.2222222222222221,0.6272965879265093,0.0,0.0,0.0,0.45270270270270285,0.5714285714285714,0.4900000000000001,0.4285714285714285,0.0,0.03686311340690296,0.0,0.0,0.2284241201524322,0.0,0.0,0.0,0.0,0.3317865429234338,0.0,1.0,0.18181818181818177,0.0,0.5730593607305936,0.33333333333333337,0.0,0.0,0.6666666666666666,0.0,0.5,0.5,0.0,0.0,0.0,0.22972972972972971,0.26923076923076916,0.0,0.19999999999999996,0.5555555555555556,0.0,0.0,0.77341900574907,0.0,0.6936110834246985,0.8080155138978669,0.05820328975115985,0.0,1.0,0.0,0.025604096655464925,0.0,0.0,0.0,0.5666218034993269,0.29268292682926833,0.0,0.0,0.0,0.0,0.0,0.0,0.0,0.0,0.8476425052779732,0.8506418066929246,1.0,0.7707006369426752,0.7329648381253193,0.3896656534954409,0.0,0.0,0.0,0.0,0.0,0.0,0.0,0.0,0.0,0.0,0.7254901960784315,0.0,0.0,0.0,0.0,0.0,0.6160543973429681,0.0,0.0,0.0,0.0,0.0,0.8916595012897679,0.0,0.0,0.8571428571428572,1.0,0.8865107018417123,0.9495798319327731,0.6876310610704263,0.9388568148823391,0.9,0.0,0.0,0.8313047711781889,0.0,0.0,0.6821755752723075,0.8125,m2
0.5714285714285714,0.6928571428571428,0.0,0.8958810068649885,0.0,0.0,0.0,0.0,0.3842251840063656,0.8453531598513011,0.0,0.0,0.0,0.0,0.4,0.0,0.0,0.6977484092021538,0.0,0.0,0.0,0.0,0.7373658766654876,0.0,0.06845417017354005,0.0,0.0,0.0,0.0,0.0,0.0,0.0,0.0,0.33333333333333326,0.0,0.0,0.4855494839101395,0.14360658534504822,0.0,0.0,0.8367205542725173,0.0,0.0,0.5743684668989546,0.0,0.8826247022305638,0.0,0.0,0.6296239914751103,0.5542023554603854,0.17728514459760747,0.6666666666666667,0.41563365903456306,0.0,0.8538350996946291,0.0,0.0,0.046526939536925216,0.7622136973936591,0.0,0.7171537578249435,0.24580565251660857,0.2365414407436095,0.0,0.1578947368421052,0.2829687697559742,0.49572649572649563,0.5652642934196332,0.7218465539661898,0.3355704697986577,0.0,0.2699756690997567,0.0,0.6469379550632063,0.6666666666666667,0.15555555555555567,0.0,0.8809116199443612,0.0,0.0,0.5,0.0,1.0,0.0,0.16761217122227956,0.5555555555555556,0.4389501711677444,0.0,0.0,0.9491525423728814,0.41666666666666663,0.0,0.5,0.5248744865358284,0.6000000000000001,0.0,0.0625,0.09670329670329691,0.0,1.0,0.0,0.0,0.5714285714285714,0.0,0.7661380077907624,0.0,0.0,0.36047926612374814,0.10000000000000009,0.0,0.0,0.4604715672676837,0.0,1.0,0.24702503077554383,0.0,0.0,0.22869018147130304,0.864696734059098,0.0,0.0,0.08307329003963937,0.9176766673289621,0.9446267432321575,0.6074631975350908,0.6547619047619047,0.75,0.0,0.0,0.0,0.3926099348534202,0.0,0.25,0.11024182076813649,0.0,0.0,0.9603061224489796,0.6666666666666667,0.23641295018367825,0.6451396797749045,0.0,0.14852902889872444,0.6666666666666667,0.8228882833787465,0.0,0.7061919504643963,0.7158779462817468,0.33333333333333337,0.8571428571428572,0.534906270200388,0.75,0.6666666666666667,0.5,0.8571428571428571,0.0,0.3205199422286412,0.25,0.7478306225994594,0.0,0.08285344928898797,0.45033440673767644,0.7222222222222222,0.652687536916716,0.8333333333333334,0.07101837672281763,0.5005823669418139,0.9159288441231419,0.0,0.0,0.6069868995633187,0.7954627949183303,0.0,0.05054479418886204,0.0,0.0,0.7916666666666666,0.0,0.8269230769230769,0.0,0.0,0.0,0.0,0.0,0.0,0.0,0.0,0.06954793840039741,0.5819672785633869,0.7921430875658626,0.14419159994381237,0.03395519979342887,0.0,1.0,0.2148695134007773,0.7751300111908367,0.0,0.0,0.0,0.0,0.6328958212884258,0.9763551193397279,0.7824942972649457,0.949690365320916,0.0,0.0,0.0,0.0,0.0,0.0,0.6751326266622374,0.0,0.0,0.0,0.0,0.0,0.0,0.0,0.0,0.8719353060099246,0.5901914723290331,0.8369565217391304,0.3417552086698853,0.0,0.9375,0.0,0.6818181818181819,0.0,0.5,0.0,0.7038084731219296,0.875,0.0,0.0,0.0,0.9308919078558772,0.0,0.0,0.0,1.0,0.44626059420694797,0.5480225988700564,0.0,0.8,0.0,0.0,0.5,0.0,0.0,0.8938244853737811,0.0,0.0,0.0,0.0,0.8097141952339482,0.0,0.7321504462388441,0.0,0.0,0.0,0.0,0.0,0.0,0.0,0.0,0.0,0.0,0.0,0.6797433547204399,0.7418070115907345,0.0,0.0,0.801500223914017,0.0,0.0,0.6560415122312824,0.2883519937143981,1.0,0.06766537619929325,0.0,0.8083989501312335,0.7415972864631514,0.0,1.0,0.7827092001849283,0.21463414634146338,0.8096031085206772,0.0,0.0,0.15859609609609604,0.9033132785357173,0.0,0.8664826634466103,0.5714285714285714,0.6449940446997828,0.0,0.22764227642276436,0.6603053435114504,0.725,0.745724907063197,0.8666666666666667,0.36413043478260865,0.0,0.02522483000658038,0.0,0.7892738490745135,0.75,0.2500000000000001,1.0,0.8678777869529315,1.0,1.0,1.0,0.5,1.0,0.047432550043515986,0.2609308885754583,0.75,0.5657971014492754,0.0,0.0,1.0,1.0,0.10830172777075431,1.0,0.5078442765833817,1.0,0.0,0.12494402149574546,0.36363636363636365,0.0,1.0,0.0,0.0,0.8571428571428571,0.0,0.8131395824805567,0.0,1.0,0.5238095238095237,0.0,0.0,1.0,0.5117281208351843,0.0,0.9375,0.4565587734241908,0.4438202247191011,0.0,0.34615384615384615,0.8181818181818182,0.0,0.5416666666666667,0.2689561100858542,1.0,1.0,0.9844364351245085,0.7320977253580454,1.0,0.0,0.593271028037383,0.25,0.9296953465015065,0.33333333333333337,0.33333333333333337,0.6439933343432813,1.0,0.0,0.925645872715816,1.0,0.8670060451797645,0.8,0.0,0.19155590304925707,1.0,0.9,0.3529411764705882,0.9019908116385911,0.9303112313937754,0.8,1.0,0.0,1.0,0.8571428571428572,1.0,1.0,1.0,0.7724125023395096,1.0,0.8528364585805839,0.22458791208791207,0.15147407658420875,0.2612909478581119,0.9583333333333334,0.0,0.8823529411764706,0.5544747081712063,0.668842253238277,1.0,0.33939873417721533,0.8060836501901141,0.856978527607362,0.9493016468626225,0.0,0.0,0.0,0.0,1.0,0.0,0.8,0.6511627906976745,0.0,1.0,1.0,0.0,0.0,0.0,0.0,0.30843251456064813,0.8923253150057273,0.5734265734265735,0.7727272727272727,0.5040920716112534,0.0,1.0,0.31034693877551,0.6610169491525424,0.0,0.0,0.0,0.0,0.46478873239436613,0.9873362482779865,0.8201932922108733,0.9396080218778486,0.0,0.0,0.0,0.0,0.0,0.0,0.746558373560136,0.0,0.0,0.0,0.0,0.0,0.0,0.0,0.0,0.9311291328758577,0.8749962492873646,0.7741194486983155,0.0,0.0,1.0,0.75,1.0,0.0,1.0,0.0,0.749008213667095,1.0,1.0,0.8889256198347107,0.0,0.9411764705882353,0.0,0.0,0.0,0.0,0.2679949213790408,0.6779725609756098,0.0,0.6074766355140186,0.0,0.0,0.33333333333333326,0.0,0.0,0.6177221062398515,0.0,0.0,0.0,0.0,0.8050628829409868,0.0,0.0,0.0,0.0,0.0,0.0,0.0,0.0,0.0,0.0,0.8181818181818181,0.0,0.0,0.36009875382083234,0.0,0.0,0.0,0.350071225071225,0.0,0.0,0.5340423817581177,0.7017543859649122,0.6589029168480627,0.21217674608022818,0.6133032694475762,0.0,0.2925278219395867,0.09285714285714286,0.6666666666666667,0.46153846153846156,0.0,0.5097497089639114,1.0,0.0,0.0685563612392881,0.6405529953917051,0.015080226806611252,0.4064860062194582,0.09523809523809523,0.0,0.0,0.2184466019417476,0.0,1.0,0.0,0.2222222222222222,0.0,0.0,0.0,0.0,0.32943525385054195,0.7142857142857143,0.0,0.0,0.04038997214484685,0.0,0.0,0.0,0.0,0.0,0.10441767068273089,0.0,0.5714285714285714,0.4867296446243814,0.0,0.0,0.25531914893617036,0.0,0.0,0.0,0.5,0.0,0.0,1.0,0.0,0.0,0.6666666666666667,0.0,0.0,0.0,1.0,0.2857142857142857,0.0,0.5,0.3854571984435795,0.2785714285714287,0.0,0.0,0.07017543859649122,0.5784444444444444,0.8070175438596491,0.0,0.0,0.0,0.0,0.0,0.25,0.0,0.0,0.7619392185238785,0.6666666666666667,0.6291913214990139,0.0,0.0,0.0,0.06486486486486498,0.0,0.52,0.0,0.0,0.0,0.0,0.0,0.6487334678323247,0.0,0.0,0.0,0.0,0.0,0.0,0.0,0.0,0.41666666666666663,0.5239043824701193,0.0,0.0,0.0,0.6666666666666666,0.5,0.0,0.0,0.0,0.0,0.25,0.0,0.0,0.0,0.0,0.5555555555555556,0.0,0.0,0.39311043566362713,0.12948717948717947,0.8754480286738351,0.0,0.05820328975115985,0.2416666666666667,0.7831050228310502,0.0,0.00630455868089197,0.0,0.21152715153891388,0.0,0.6925301204819277,0.8780487804878049,0.0,0.0,0.0,0.0,0.0,0.0,0.0,0.0,0.0,0.42535721902324586,0.4441087613293052,0.2068965517241379,0.03191180736872645,0.2639405204460967,0.33333333333333337,0.15055268344234674,0.3071253071253073,0.0,0.0,0.0,0.0,0.656423950928102,0.9556447068899456,0.5331900366670881,0.8907103825136612,0.0,0.0,0.0,0.0,0.0,0.0,0.40723701672122437,0.0,0.0,0.0,0.0,0.0,0.0,0.0,0.0,0.8864915572232646,0.7771993753253514,0.8011204481792717,0.6484423870887026,0.0,0.9,1.0,0.7857142857142857,0.0,0.0,0.0,0.71043312448924,0.8125,m2
0.0,0.0,0.0,0.0,0.0,0.670676186041699,0.7723553477498539,0.0,0.0,0.0,0.6514026272266641,0.0,0.0,0.0,0.0,0.0,0.0,0.8738277919863597,0.0,0.7024388164065831,0.0,0.0,0.7001684944869786,0.0,0.10638994190961892,0.728845633955123,0.5970724191063175,0.0,0.6147558274443625,0.9049575458778417,0.0,0.0,0.0,0.33333333333333326,0.0,0.0,0.0,0.0,0.0,0.0,0.24965786901270792,0.3076773943388911,0.3147680962546089,0.8858701962150237,1.0,0.3834903544190219,0.3576231225986728,0.0,0.6732887845403648,1.0,0.49908991627229693,0.6666666666666667,0.41511051829268286,0.7000599280862965,0.45343644327764077,0.0,0.0,0.0,0.40732525735085034,0.5976472656421676,0.0,0.6312928385724415,0.5700859649904235,0.5160538843310039,0.1578947368421052,0.6049935055563574,0.0,0.055445544554455606,0.7218465539661898,0.35558112773302664,0.0,0.6706030150753768,0.2857142857142857,0.0,0.0,0.5272727272727272,0.0,0.7081600831600832,0.0,0.0,0.5,0.0,1.0,0.0,0.0,0.44444444444444453,0.3288702928870295,0.25192850423330215,0.5714285714285714,0.8813559322033898,0.0,0.0,0.5,0.204192401272693,0.6000000000000001,0.0,0.0,0.6666666666666666,0.0,1.0,0.4285714285714285,0.0,0.2857142857142857,0.0,0.0,0.6428571428571428,0.0,0.0,1.0,0.5495750708215298,0.0,0.5964669685760707,0.6514423076923076,1.0,0.8128854481039234,0.4482758620689655,0.0,0.4997820660141856,0.3000949667616334,0.6194029850746269,1.0,0.0,0.3769123783031987,0.967079479542248,0.058628997968536156,0.4723831595210506,0.75,0.0,0.7476851851851851,0.0,0.0,0.7777777777777778,0.0,0.0,1.0,0.0,0.0,0.6666666666666667,0.0,0.0,0.0,0.29930317442760745,0.6666666666666667,0.8228882833787465,1.0,0.5324324324324323,0.0,0.6666666666666667,0.8571428571428572,1.0,0.0,0.0,0.5,0.9285714285714286,0.0,0.3289975522286105,0.7,0.6689786933588071,0.0,0.8052952644487767,0.4885405298144657,0.4722222222222222,0.6687919361204724,0.0,0.4979169146530176,0.5095018885741265,0.6121567417463746,0.0,0.0,0.0,0.616717080056463,1.0,0.0,0.15384615384615385,0.7845303867403315,0.5,0.4405041657765434,0.1923076923076923,0.0,0.0,0.0,0.0,0.9489689373613708,0.0,0.0,0.0,0.7781787469287469,0.0,0.0,0.0,0.0,0.6966689949179894,0.33333333333333326,0.31763656353413305,0.8713264495631454,0.16000000000000003,0.0,0.0,0.0,0.9383343987696526,0.0,0.44068808282043503,0.45000880126738263,0.6061359278460337,0.0,0.0,0.0,0.0,0.0,0.0,0.9473684210526315,0.0,0.0,0.0,0.0,0.0,0.0,0.0,0.8671266594036235,0.4725943755198838,0.8369565217391304,0.020791308629425354,0.0,0.0,1.0,0.0,0.0,0.5,0.0,0.6954897607181315,0.875,0.0,0.0,0.0,0.0,0.0,0.6714285714285715,0.6841750841750842,0.0,0.0,0.0,0.875,0.0,0.0,0.0,0.0,0.0,0.0,0.6452223273415327,0.0,0.9910055289542604,0.0,0.0,0.8837052889024763,0.0,0.047272727272727244,0.9444822116474054,0.6000000000000001,0.0,0.5695948272563799,0.8355365011313565,0.0,0.0,0.0,0.0,0.0,0.0,0.0,0.0,0.0,0.0,0.5382700684505289,0.2598832831325302,0.394356005788712,0.5657926978681695,0.9536814507319205,0.6535836177474402,0.0,0.0,0.828395061728395,0.955336617405583,0.34593175853018376,1.0,0.9585443037974684,0.7407578558225508,0.2280918970972624,0.0,0.0,0.0,0.6095396561286746,0.8106601544872987,0.0,0.6857142857142857,0.7455944905813248,0.7294845360824742,0.22764227642276436,0.2999095636445851,0.0368421052631579,0.0,0.8666666666666667,0.36413043478260865,0.0,0.019898629622676967,0.9452380952380952,0.18467220683287167,0.5,0.2500000000000001,1.0,0.9098944267124969,1.0,1.0,1.0,0.5,1.0,0.0,0.0,0.75,0.0,0.49934469200524245,1.0,0.8609625668449198,0.0,0.10830172777075431,1.0,0.060828680575962246,1.0,0.42391304347826086,0.0,0.8636363636363636,0.0,1.0,0.36363636363636365,0.0,0.5714285714285714,0.0,0.0,0.75,0.0,0.1428571428571428,0.5,0.9391634980988594,1.0,0.5502695101945161,0.7624681470695304,0.8125,0.9518561484918794,0.767094017094017,0.0,1.0,0.2727272727272728,0.9166666666666666,0.9583333333333334,0.0,0.3071585098612125,1.0,0.593872870249017,0.6415332771693345,1.0,0.0,0.8374417055296469,0.25,0.0,1.0,0.6666666666666667,0.0,1.0,0.0,0.0,1.0,0.0,0.0,0.0,0.0,1.0,0.9,0.8823529411764706,0.6716232961586122,0.2962529274004685,0.8,1.0,1.0,0.5,0.0,1.0,1.0,0.5,0.7609173735469683,1.0,0.9140023935715507,0.3505102040816328,0.830735343951203,0.3144411300228108,0.39522653721682854,0.38847305389221554,0.0,0.7888725128960943,0.8537001706998695,0.3709327548806941,0.0,0.0,0.10434973637961331,0.6864707108609548,1.0,0.590621403912543,0.0,0.6405437824870053,1.0,0.5463917525773196,0.0,0.5555555555555556,0.0,0.0,1.0,0.9490520556779147,0.0,0.0,0.0,0.854220600769482,0.18660436137071668,0.0,0.677914600991524,0.0,0.8031178840427395,0.5,0.3019138213560616,0.8648449039881831,0.13636363636363646,0.0,0.0,0.0,0.9436619718309859,0.005440653664093409,0.5570208157863072,0.6238049713193117,0.17327342114982147,0.0,0.0,0.0,0.0,0.0,0.0,1.0,0.0,0.0,0.0,0.0,0.0,0.0,0.0,0.973851030110935,0.9296484323008766,0.7820041553460124,0.6344294529671346,0.0,0.0,0.25,0.6666666666666667,0.0,1.0,0.0,0.7583767119826148,1.0,1.0,0.0,0.0,0.0,0.0,0.5556794425087107,0.9333333333333333,0.0,0.0,0.0,0.33710580607132334,0.0,0.0,0.0,0.0,0.0,0.0,0.6163426488456865,0.0,0.9687094982410664,0.0,0.0,0.7044650324905102,0.0,0.0,0.5357142857142858,0.47783621337340343,0.0,0.8955223880597015,0.671461897356143,0.0,0.0,0.0,0.8181818181818181,0.0,0.0,0.2843137254901962,0.0,0.0,0.0,0.62400906002265,0.4861351264809479,0.39956172388604805,0.2418016275884295,0.7912848326164204,0.0,0.7668269230769231,0.6724301214925454,0.0,0.7893379191745485,0.6077235772357723,0.6666666666666667,0.46153846153846156,0.0,0.03128103277060568,0.0,0.25,0.0,0.446969696969697,0.0,0.0,1.0,0.3407671721677076,0.20737887695114543,0.20668693009118533,0.0,0.2932692307692307,0.2857142857142857,0.2222222222222222,0.0,0.0,0.14724770642201834,0.07692307692307698,0.25185396463205934,0.0,0.6785714285714285,0.0,0.7586206896551724,0.0,0.0,0.0,0.0,0.0,0.0,0.6198347107438016,0.4285714285714285,0.4565591180337817,0.3593675131768087,0.3999999999999999,0.21052631578947367,0.0,0.6666666666666667,0.0,0.0,0.0,0.0,0.0,0.75,0.0,0.8,0.5,0.0,0.0,0.0,0.0,0.0,0.0,0.0,0.5142857142857142,0.4437742352434296,0.0,0.8113207547169812,0.0,0.4999999999999999,0.6902654867256637,0.48951048951048937,0.625,0.29050632911392416,0.5950920245398772,0.25,0.8,0.31707317073170727,0.13464991023339323,0.6666666666666667,0.0,0.0,0.0,0.0,0.3674698795180724,0.0,0.17391304347826086,0.7142857142857142,1.0,0.0,0.0,0.0,0.0,0.0,0.2973302822273073,0.25778863775198524,0.0,0.9365079365079365,0.0,0.0,0.18181818181818177,0.08333333333333326,0.0,0.6666666666666667,0.0,0.6843434343434343,0.0,0.0,0.0,0.5,0.5,0.0,0.25,0.0,0.0,0.4437516942260775,0.0,0.7777777777777778,0.0,0.0,0.0,0.2566171723692705,0.0,0.615937687237867,0.6163011387600168,0.0,0.0,1.0,0.0,0.375,0.3312095667516173,0.0,0.7913669064748201,0.41463414634146345,0.2927669345579794,0.0,0.4,0.0,0.9267634167425105,0.0,0.0,0.0,0.6530612244897959,0.0,0.0,0.22413793103448276,0.6450243562978426,0.07883302296710115,0.0,0.16211544137281642,0.7373461012311902,0.5,0.0,0.0,0.0,0.933486622377775,0.0,0.488933228156466,0.4336283185840708,0.11343530384456357,0.0,0.0,0.0,0.0,0.0,0.0,0.6666666666666667,0.0,0.0,0.0,0.0,0.0,0.0,0.0,0.7184668989547037,0.24495449149188764,0.7412587412587412,0.299744419223964,0.0,0.0,1.0,0.3571428571428572,0.0,0.0,0.0,0.7079743759664237,0.8125,m2
0.0,0.0,0.0,0.0,0.0,0.6920677545961578,0.0,0.23529411764705888,0.3842251840063656,0.7094116075007795,0.4676012593601089,0.5366795366795367,0.0,0.0,0.0,0.0,0.0,0.0,0.0,0.0,0.6721683576131727,0.0,0.0,0.0,0.0,0.0,0.0,0.0,0.0,0.0,0.0,0.0,0.0,0.0,0.0,0.0,0.0,0.0,0.0,0.0,0.0,0.6390425476916712,0.0,0.4159582095667316,0.0,0.039880358923230386,0.43363946470742587,0.5901671505924821,0.6332015810276679,0.6331742551270476,0.06255193426276395,0.0,0.2889201877934272,0.5682245185533115,0.0,0.0,0.0,0.14435528720108037,0.5743801652892563,0.5800140934867957,0.8561973525872443,0.24807068560563694,0.09845422116527947,0.4416446829800782,0.0,0.29796979450359007,0.35387323943661975,0.0,0.78125,0.8908045977011494,0.43803680981595094,0.0,0.8571428571428572,0.8904631701052282,0.0,0.021739130434782483,0.0,0.17643951399894364,0.0,0.4,0.0,0.6666666666666667,0.0,0.0770805985823052,0.0,0.22222222222222232,0.4735807001442244,0.22561622832881234,0.0,0.0,0.25,0.6806799210805888,0.5,0.0,0.5,0.33585705632949703,1.0,0.11133200795228615,0.0,0.9,0.0,0.0,0.2857142857142857,0.5,0.31534939279315155,0.0,0.0,0.3214219588965005,0.0,0.0,0.11111111111111116,0.4563106796116505,0.9584816132858838,0.0,0.0,0.44839114082741327,0.0,0.4013394013394014,0.0,0.23880597014925375,0.45833333333333337,0.07517000028451959,0.6311254711900917,0.8464756327128216,0.7021276595744681,0.9394409937888198,0.75,0.0,0.15460852329038643,1.0,0.9699072724091677,0.0,0.0,0.11495063469675593,0.875,0.0,0.0,0.6666666666666667,0.0,0.3568156214795343,0.0,0.7912068351726593,0.0,0.8466981132075472,1.0,0.4525631216526397,0.02941176470588247,0.33333333333333337,0.8571428571428572,0.43641975308641967,0.0,0.7777777777777778,0.5,0.9285714285714286,0.0,0.28550565899963454,0.25,0.45605261972338607,0.5921346836774957,0.5277246653919695,0.5296032553407934,0.0,0.5245764484417486,0.8333333333333334,0.0,0.4322474032105761,0.4862318251969783,0.1096502108657903,0.0,0.0,1.0,0.0,0.19552058111380144,0.15384615384615385,0.7849258364953432,1.0,0.3339712918660287,0.0,0.46464646464646453,0.0,0.0,0.0,0.0,0.0,0.0,0.0,0.9556836761036055,0.4526468546911476,0.0,0.6547826086956523,0.9991381872213967,0.9675816033467536,1.0,0.7202775181829264,0.5601286173633441,0.0,0.0,0.9392737772525036,0.0,0.9898580121703854,0.567687777986594,0.5762206485277674,0.0,0.0,0.0,0.0,0.0,0.0,0.5287992922017225,0.8362148493037693,0.0,0.0,0.0,0.0,0.0,0.0,0.0,0.7160413369332466,0.0,0.132932145917949,0.8369565217391304,0.0,0.0,0.0,0.5,0.13494318181818177,0.0,0.5,0.0,0.6966327472683556,0.8125,0.0,0.0,0.0,0.0,0.0,0.6714285714285715,0.0,0.0,0.4839962392184115,0.5454545454545454,0.8434268833087148,0.8,0.0,0.0,0.0,0.0,0.0,0.0,0.0,0.0,0.8688466150306251,0.0,0.0,0.0,0.15052660374777727,0.0,0.0,0.0,0.0,0.0,0.0,0.17588440458395616,0.0,0.25,0.0,0.0,0.0,0.0,0.0,0.0,0.2126768697660988,0.8513212660923435,0.0,0.6453367875647668,0.1513335331135751,0.033570045190445486,0.0,0.7663961395042773,0.7382716049382716,0.0,0.0,1.0,0.0,0.9889400921658986,0.0,0.0,0.0,0.14491614255765184,0.6419462008359232,0.8250106337728627,0.9739884393063584,0.5714285714285714,0.0,0.975103734439834,0.12850812407680945,0.9141055949566588,0.6157894736842104,0.0,1.0,1.0,0.947075208913649,0.23452157598499046,0.7452380952380953,0.8500461680517082,0.5,0.0,1.0,0.8533151680290645,1.0,0.5,0.0,1.0,1.0,0.0,0.0,0.0,0.704225352112676,0.4931129476584022,0.0,0.0,1.0,1.0,1.0,0.0,0.7,0.0,0.14750000000000008,0.36363636363636365,0.0,0.0,0.0,0.0,0.5714285714285714,0.0,0.3228758169934641,0.0,0.09999999999999998,0.5238095238095237,0.0,0.0,0.0,0.5103583258054802,0.6495793901156677,0.0,0.0,0.767094017094017,0.0,0.0,0.2727272727272728,0.75,0.5416666666666667,0.3269461077844311,0.7232796486090776,0.8928571428571428,0.5314542921444647,0.8622577927548442,1.0,0.0,0.6276881720430108,0.6666666666666667,0.9641762903605939,0.33333333333333337,0.6666666666666667,0.643407893732346,1.0,0.0,0.0,1.0,0.8701223063482819,0.3125,0.0,0.5,0.0,0.9,0.8235294117647058,0.7549770290964778,0.33333333333333337,0.6000000000000001,1.0,0.16129032258064502,0.5,0.8571428571428572,1.0,1.0,1.0,0.776254807218223,1.0,0.6820262885836657,0.6513075965130761,0.8305343511450382,0.8054267161410018,0.0,0.38847305389221554,0.8823529411764706,0.36496350364963503,0.6314731020613373,0.8973727422003284,0.8846153846153846,0.8058468799160986,0.05880946688979194,1.0,0.0,0.90473061760841,0.0,0.6532745992994375,1.0,0.41663883986070693,0.0,0.0,0.0,1.0,1.0,0.0,0.0,0.0,0.0,0.956880316903695,0.0,0.0,0.03616636528028927,0.9945394756689897,0.9727545766590389,1.0,0.9053701912744466,1.0,0.0,0.0,0.9630464371988081,0.0,0.8732394366197183,0.19958338757974226,0.9921189692982456,0.0,0.08349008826508453,0.0,0.0,0.0,0.0,0.6793336682125626,0.9457486440585109,0.0,0.0,0.0,0.0,0.0,0.0,0.0,0.5583554376657824,0.0,0.6629989877206109,0.7809405940594059,0.8199789858738373,0.0,0.0,0.0,1.0,0.0,1.0,0.0,0.7652723131083039,1.0,0.0,0.0,0.0,0.0,0.0,0.5051277026585669,0.0,0.0,0.23096393165998752,0.6686246708527446,0.526849702230746,0.07042253521126773,0.0,0.0,0.0,0.0,0.0,0.0,0.0,0.0,0.6164948453608248,0.0,0.0,0.0,0.0,0.0,0.2455357142857143,0.0,0.0,0.0,0.0,0.0,0.0,1.0,0.0,0.0,0.08994708994708978,0.4516599781101788,0.0,0.0,0.578688524590164,0.5224032586558045,0.0,0.10742430526752389,0.0,0.3872017353579176,0.804513009440479,0.6044680851063831,0.0,1.0,0.0,0.0,0.0,0.4568965517241379,0.1646803900325028,0.0,0.0,0.0685563612392881,0.446969696969697,0.002201128078139991,0.6555269922879177,0.05714285714285716,0.7044753086419753,0.26770708283313327,0.08743169398907114,0.18508092892329342,0.0,0.2857142857142857,0.0,0.75,0.8571428571428572,0.06578947368421051,0.5384615384615385,0.8741755454084221,0.0,0.5609756097560975,0.0,0.07033426183844005,0.0,0.6,0.0,0.5,0.0,0.134344528710726,0.17924528301886788,0.5714285714285714,0.5350763655190266,0.38523698523698535,0.0,0.0,1.0,0.5652173913043479,0.0,0.5,0.5,0.16666666666666663,0.0,0.0,0.0,0.6666666666666667,0.0,0.0,0.0,0.0,0.0,0.0,0.5,0.5188172043010753,0.2785714285714287,0.0,0.25,0.06249999999999989,0.30409356725146186,0.75,0.5221625251846878,0.34838709677419366,0.625,0.32184750733137846,0.5714285714285714,0.25,0.0,0.0,0.3836477987421383,0.0,0.7831245880026367,0.7375886524822696,0.0,0.0,0.0,0.5714285714285714,1.0,0.0,0.6666666666666667,0.03686311340690296,0.0,0.0,1.0,0.0,0.0,0.12585812356979387,0.0,0.07192575406032486,0.0,0.0,0.36363636363636365,0.08333333333333326,0.3447488584474886,0.33333333333333337,0.0,0.0,0.0,0.5,0.0,0.5,0.0,0.0,0.25,0.03986135181975736,0.3846153846153846,0.4062922868741542,0.5551401869158878,0.0,0.0,0.0,0.6080486980047344,0.12948717948717947,0.3670886075949368,0.14892487390496423,0.0,0.10307017543859653,1.0,0.0,0.002400384061449823,0.0,0.3312095667516173,0.0,0.0,0.0,0.6764705882352942,0.0,0.0,0.0,0.0,0.0,0.0,0.0,0.7048022598870056,0.8629356855356685,0.4375,0.7707006369426752,0.9566612066612067,0.8054711246200609,0.6666666666666667,0.9394769613947697,1.0,0.0,0.0,0.907672104225661,0.0,0.9268705427293605,0.0,0.7965869639626424,0.0,0.0,0.0,0.0,0.0,0.0,0.9329288843950118,0.5731591898542494,0.0,0.0,0.0,0.0,0.0,0.0,0.0,0.7272727272727273,0.0,0.0,0.8184357541899442,0.041174124301979975,0.0,0.0,1.0,0.0,0.0,0.0,0.0,0.6589271417133706,0.75,m2
0.0,0.0,0.0,0.0,0.0,0.0,1.0,0.7806584362139918,0.0,0.0,0.0,0.0,0.0,0.0,0.4,0.0,0.980309423347398,0.0,0.0,0.0,0.0,0.0,0.0,0.7010292435876491,0.22377840024898854,0.624331550802139,0.5989556135770234,0.7602256699576869,0.0,0.0,0.0,0.0,0.0,0.0,0.0,0.8184374372363928,0.476566454094544,0.0,0.8927248300289052,0.0,0.0,0.0,0.3449655358832274,0.5773841961852861,0.5097061347061347,0.0,0.4255575964313829,0.5994812145041503,0.31911196911196904,0.7469152360515021,0.47300469483568075,0.0,0.2889201877934272,0.5358419787820174,0.0,0.0,0.0,0.0,0.0,0.5544554455445544,0.251092993028477,0.0,0.06084788029925192,0.0,0.5017543859649123,0.28792064289301855,0.8284296348812478,0.8686802363755746,0.9958289885297185,0.029166666666666896,0.06625766871165617,0.0,0.8378378378378378,0.08233629987623037,0.0,1.0,0.0,0.6045400238948626,0.0,0.0,0.5,0.0,0.0,0.12289275712481473,0.3294810534503836,0.0,0.632701206787043,0.269253039953677,0.5714285714285714,0.45197740112994356,0.25,0.3531439314810946,0.5,0.5487149822328734,0.5,0.0,0.0,0.0851648351648352,0.6552631578947369,0.28621908127208484,0.0,0.4717987804878051,0.2857142857142857,0.5320754716981132,0.3273248668578451,0.0,0.0,0.17925311203319494,0.6734693877551021,0.0,0.11111111111111116,1.0,0.0,0.0,0.0,0.0,0.0,0.9370472145890583,0.0,0.0,0.5,0.0,0.9326393141457441,0.9530258146424038,0.0,0.47217928902627515,0.75,0.0,0.33728981206726005,0.0,0.813023797786044,0.4444444444444444,0.0,0.11024182076813649,0.0,0.0,0.646647098667871,0.6666666666666667,0.19350018677624203,0.31066666666666665,0.5,0.9781270608925039,0.0,1.0,1.0,0.0,0.18856203179243558,0.33333333333333337,0.8571428571428572,0.098901098901099,0.0,0.7894736842105263,0.5,0.0,0.0,0.07894412236338977,0.0,0.6649237472766885,0.9349154746423928,0.0,0.0,0.0,0.8332490731378497,0.0,0.3840772014475271,0.5556612749762131,0.41291348118991744,0.18483829650976635,0.0,0.0,1.0,1.0,0.19552058111380144,0.15384615384615385,0.8791436464088398,0.0,0.1465101914762198,1.0,0.6163113994439295,0.875,0.0,0.0,0.0,0.0,0.0,0.7850239957925186,0.0,0.5036620500538027,0.0,0.07947355099974684,0.9748151167530426,0.0,0.0,0.7206030868416489,0.0,1.0,0.0,0.9382204855259214,0.2049488972565896,0.0,0.4090132090132089,0.36918446889338397,0.36786791994727885,0.6273367322165574,0.0,0.0,0.0,0.0,0.0,0.6647928408978543,0.0,0.0,0.0,0.0,0.0,0.7204023944130362,0.0,0.0,0.9087355694936824,0.5031760057351495,0.0,0.1324602221555088,0.9260741018842246,0.0,0.23115577889447236,0.9130434782608696,0.7976677895827935,0.0,0.0,0.0,0.8125,0.0,1.0,0.0,0.0,0.0,0.0,1.0,0.984375,0.0,0.0,0.0,0.0,0.0,0.0,0.5,0.0,1.0,0.0,0.0,0.0,0.0,0.0,0.0,0.9775561097256857,0.2120636017974422,0.9444822116474054,1.0,0.5189873417721519,0.0,0.0,0.0,0.0,0.0,0.0,0.0,0.7073170731707317,0.7005188572834847,0.0,0.8735721501282151,0.0,0.1399999999999999,0.5833039802747446,0.5427669345579795,0.6560415122312824,0.9109828971770039,0.6998264893001735,0.0,0.7699371968607045,0.2551483420593368,0.8961190545666764,0.8221590909090909,1.0,0.0,0.6433141919606234,0.0,0.0,0.0,0.0,0.0,0.35161240068546495,0.21955440190352593,0.19999999999999996,0.09270941467699434,0.0,1.0,0.7810300111152279,1.0,0.9202127659574468,1.0,1.0,0.5820895522388061,0.47121535181236673,0.9375,0.14663827198052937,0.5,1.0,1.0,0.9564625850340136,0.0,1.0,1.0,0.5,1.0,0.0,0.509090909090909,0.5,0.8758700696055685,0.4931129476584022,1.0,0.2857142857142856,0.6000000000000001,0.0,1.0,0.7982216142270862,0.7,0.6071586389748123,0.0,0.36363636363636365,0.5959510754955715,1.0,0.0,0.49739583333333337,0.5714285714285714,0.0,0.7170418006430868,0.0,1.0,0.0,1.0,0.0,0.0,0.8353777893775284,0.0,0.0,0.0,0.42743764172335597,0.0,1.0,0.5,0.08333333333333337,0.5833333333333333,0.0,1.0,1.0,0.11341667740688244,0.6381634372367313,1.0,0.0,0.7598870056497176,0.6666666666666667,0.7137577002053388,0.6666666666666667,0.6666666666666667,0.5958538794404749,1.0,0.0,0.7986385942694316,1.0,0.6785955435516543,0.31464174454828653,1.0,0.7994791666666666,0.0,0.9,0.5882352941176471,0.0,0.777490297542044,0.8,1.0,0.0,0.5,0.8571428571428572,0.75,0.0,1.0,0.789863782051282,0.0,0.9064490630957363,1.0,0.12645322840279005,0.43333333333333335,0.0,0.5286236297198539,0.0,0.5674499564838991,0.8665158371040724,0.0,0.8338220918866079,0.0,0.07895910780669146,1.0,1.0,0.90473061760841,0.0,0.875,0.0,0.5872728140056289,0.65,0.0,1.0,1.0,1.0,0.0,0.0,0.0,0.6715587044534412,0.0,0.0,0.0,0.9015461573442474,0.9729213125199108,0.0,0.0,0.9471949965370328,0.0,0.9545454545454546,0.0,0.9630464371988081,0.21219091431857395,0.0,0.0,0.855819283025045,0.6668582595700655,0.0,0.0,0.0,0.0,0.0,0.0,0.7880806158636796,0.0,0.0,0.0,0.0,0.0,0.7175572519083969,0.0,0.0,0.9267058662655545,0.8754016108445931,0.0,0.8266812040029594,0.8912294326069019,0.0,0.5416666666666667,0.5,1.0,0.5,0.0,0.0,0.8087431693989071,0.0,0.0,0.0,0.0,0.0,0.0,0.0,0.7142857142857143,0.0,0.0,0.0,0.0,0.0,0.0,0.33333333333333326,0.0,0.9265793966989186,0.0,0.0,0.0,0.0,0.0,0.0,0.5038461538461539,0.6720302375809935,0.2410714285714286,0.47783621337340343,0.691456145330684,0.0,0.0,0.0,0.0,0.0,1.0,0.0,0.775734203500445,0.2846153846153847,0.4516599781101788,0.96398891966759,0.0,0.0,0.0,0.30220492866407267,0.5070686989176054,0.875,0.0,0.804513009440479,0.4384079178417496,0.3076923076923076,0.0,0.6077235772357723,0.0,0.0,0.45977011494252884,0.16374687164819457,0.0,0.25,0.0,0.0,0.7971812732868946,0.6403081914030819,0.0,0.7044753086419753,0.0,0.28358208955223874,0.18508092892329342,1.0,1.0,0.5555555555555556,0.0,1.0,0.14724770642201834,0.5,0.3467782851344495,0.0,1.0,0.0,0.5201949860724234,0.6666666666666666,0.0,0.0,0.0,0.0,0.40866873065015485,0.2515723270440251,0.0,0.2813990461049284,0.771551724137931,0.3999999999999999,0.8202247191011236,1.0,0.6956521739130435,0.0,0.38888888888888884,0.5,0.0,0.0,0.0,0.5,0.0,0.0,0.0,0.0,1.0,0.0,0.0,0.5,0.45430107526881724,0.6000000000000001,0.0,0.25,1.0,0.6969314838167298,1.0,0.5221625251846878,0.0,0.0,0.764988009592326,0.5714285714285714,0.75,0.19999999999999996,0.31707317073170727,0.7123689727463313,0.6666666666666667,0.15551181102362233,0.0,0.0,0.0,0.14545454545454573,0.0,0.0,0.4285714285714285,0.6666666666666667,0.03686311340690296,0.0,0.0,0.5523425240977359,0.0,0.27772353187334353,0.11494252873563238,0.0,0.7494199535962877,0.0,0.0,0.18181818181818177,0.0,0.0,0.0,0.0,0.6296296296296295,0.0,0.5,0.5,0.0,0.0,0.0,0.0,0.0,0.7692307692307693,0.0,0.0,0.0,0.506398537477148,0.0,0.38958403787622586,0.2566171723692705,0.7281135728113572,0.0,0.6883394746226078,0.7062572421784472,1.0,1.0,0.34782608695652173,0.375,0.0,0.5,0.0,1.0,0.7868325973504616,0.8,0.0,0.0,0.0,0.0,0.0,0.9583333333333334,0.0,0.8874854937521929,0.0,0.5677966101694916,0.8620496792235566,0.0,0.0,0.9467572304995617,0.0,1.0,0.0,0.907672104225661,0.5,0.0,0.6468242766407905,0.46677270242059754,0.4444444444444444,0.11320859474765399,0.0,0.0,0.0,0.0,0.0,0.4004168763027385,0.0,0.0,0.0,0.0,0.0,0.5767016593294954,0.0,0.0,0.7936132465996452,0.245253164556962,0.0,0.0,0.9470188769557544,0.0,1.0,0.0,0.8313047711781889,0.0,0.0,0.0,0.75,m2
0.0,0.0,0.7499120845114009,0.0,0.0,0.0,0.0,0.0,0.0,0.0,0.0,0.0,0.0,0.0,0.0,0.0,0.0,0.0,1.0,0.0,0.9269694953910481,0.5,0.0,0.7210367807253621,0.0,0.728845633955123,0.0,0.0,0.8125721481792423,0.0,0.0,0.7006835305387982,0.0,0.0,0.0,0.8084444444444445,0.0,0.765895560931851,0.8328905801263642,0.0,0.254511249328112,0.5662750375239377,0.0,0.8840488874960828,1.0,0.9079407806191118,0.0,0.0,0.37560887605989535,1.0,0.8989200339764591,0.33333333333333337,0.2991615853658537,0.0,0.47235740450026165,0.2385065477848981,0.7316025766152645,0.06641967353951883,0.36688898585052665,0.0,0.0,0.276294020326164,0.7343548171573651,0.0,0.2049364248317127,0.6030456852791879,0.38888888888888895,0.01577669902912604,0.12119635890767233,0.0,0.0,0.6706030150753768,0.8571428571428572,0.6205392102024835,1.0,0.0,0.0,0.8809674027339642,0.0,0.4,0.5,0.6666666666666667,1.0,0.17583141257820223,0.0,0.22222222222222232,0.7106332765176346,0.43096844792996536,0.1428571428571428,0.0,1.0,0.8313931656027037,0.5,0.15422047538835848,0.6000000000000001,0.0,0.0625,0.09670329670329691,0.0,0.007504690431519689,0.34702702702702726,0.39206762028608577,0.5714285714285714,0.4943934760448522,0.31534939279315155,0.6428571428571428,0.0,0.0,0.625,0.0,0.5,0.0,0.0,1.0,0.0,0.0,0.0,0.0,0.3000949667616334,0.5,0.0,0.3438736344847948,0.9176766673289621,0.7769372316499693,0.0,0.4723831595210506,0.75,0.0,0.0,0.0,0.5212469963323638,0.11111111111111105,0.0,0.07539118065433859,1.0,0.0,0.8358597896208726,0.6666666666666667,0.4504454148471616,0.08614115633024655,0.5,0.3922475498293141,0.6666666666666667,0.8228882833787465,0.16625310173697294,0.8634674922600619,0.1976962228770427,0.33333333333333337,0.8571428571428572,0.32851550737729596,0.0,1.0,0.5,0.8571428571428571,0.0,0.42339581403083637,0.0,0.6594671964793095,0.7207607994842038,0.8052952644487767,0.9437380801017164,0.0,0.6732512758931252,0.8333333333333334,0.0,0.0,0.6480948543801082,0.0,0.2923877389435583,0.2619792725055883,1.0,0.0,0.0,0.0,0.8791436464088398,0.5,0.34116641743217246,0.3076923076923077,0.0,0.75,0.8,0.0,0.0,0.0,0.0,0.0,0.25859950859950853,0.0,1.0,0.14419159994381237,0.0,0.9612707435150172,1.0,0.31763656353413305,0.0,0.0,0.0,0.0,0.0,0.0,0.6784980212903028,0.0,0.3761701310546781,0.0,0.0,0.0,0.0,0.0,0.0,0.0,0.9473684210526315,0.0,0.0,0.0,0.0,0.0,0.4666666666666667,0.0,0.0,0.5356729080240685,0.9782608695652174,0.10286143839981698,0.9771539785912119,0.0,0.7990867579908676,0.13636363636363635,0.7978983819929548,0.0,1.0,0.6240129921039369,0.0,0.0,0.0,0.7997950488107437,0.0,0.0,0.0,0.0,0.0,0.0,0.0,0.0,0.0,0.0,0.0,0.0,0.0,0.0,0.0,1.0,0.0,0.893762998732997,0.0,0.0,0.9795918367346939,0.371274387712744,0.9384328358208955,0.0,0.0,0.5570786162281567,0.0,0.0,0.6107893692978976,0.0,0.0,0.0,0.7073170731707317,0.0,0.7748182105595953,0.8841747225205872,0.0,0.6048632218844985,0.7442097461552715,0.0,0.5657926978681695,0.9629597274395038,1.0,0.3166047087980174,0.0,0.28236824983734543,0.9185980780101752,1.0,0.0,0.0,0.0,0.35600248807795987,0.23546881629189642,0.0,0.15859609609609604,0.5713967806542541,0.0,0.0,0.5714285714285714,0.9151162790697674,0.0,0.0,0.2999095636445851,0.6157894736842104,0.4772036474164133,0.6296296296296297,0.0,0.5820895522388061,0.018209123333958743,0.8,0.7750692520775623,0.5,0.0,1.0,0.9387274155538099,1.0,1.0,1.0,1.0,1.0,0.06201721474288224,0.18316100443131456,0.0,1.0,0.5359116022099447,0.0,0.0,0.0,0.9620733249051833,1.0,0.47845417236662113,1.0,0.5917735515258734,0.11641321447299424,0.36363636363636365,0.0,0.0,0.36363636363636365,0.49739583333333337,0.8571428571428571,0.0,0.39807944129201234,0.75,0.0,0.21739130434782605,0.5,0.0,1.0,0.0,0.0,0.8125,0.4565587734241908,0.4604700854700854,0.0,0.0,0.2727272727272728,0.9166666666666666,0.5416666666666667,0.6195555555555556,1.0,0.8571428571428572,0.593872870249017,0.7509353287012293,1.0,0.0,0.5154433742942544,0.25,0.646335912608102,0.0,0.6666666666666667,0.6415743789284645,1.0,0.0,0.29591836734693866,1.0,0.7123417721518988,0.5121951219512195,1.0,0.8948717948717949,1.0,0.9,0.5882352941176471,0.8686493184634448,0.7400468384074941,0.8,1.0,0.8,0.5,0.8571428571428572,0.75,1.0,1.0,0.7609173735469683,0.0,0.9068092239387486,1.0,0.830735343951203,0.8307517407986358,0.0,0.789282250242483,0.8823529411764706,0.0,0.0,0.3709327548806941,0.0,0.5676065676065676,0.0,1.0,0.0,0.0,0.0,0.8953214774281806,1.0,0.4452636784606394,0.65,1.0,0.6666666666666666,1.0,1.0,0.0,0.0,0.0,0.0,0.0,0.7918881201935924,1.0,1.0,0.0,0.9048603929679421,1.0,0.2808508971245005,0.19054652880354517,0.0,0.0,0.0,0.0,0.0,0.7391838166510758,0.0,0.6414850595371826,0.0,0.0,0.0,0.0,0.0,0.0,0.0,1.0,0.0,0.0,0.0,0.0,0.0,0.5,0.0,0.0,0.9302272856090235,0.9961642959884929,0.6275371113385442,0.9410274873985052,0.0,0.7708333333333334,0.5,0.7871674491392802,0.5,1.0,0.736444298389747,0.0,1.0,0.0,0.7314244810307802,0.0,0.0,0.0,0.0,0.0,0.0,0.0,0.0,0.0,0.0,0.0,0.0,0.0,0.0,0.0,0.6666666666666667,0.0,0.8732261890156627,0.6000000000000001,0.0,0.709828674481515,0.4084507042253521,0.8888888888888888,0.0,0.0,0.8955223880597015,0.0,0.0,0.8237704918032787,0.0,0.0,0.0,0.8883483337387497,0.2843137254901962,0.5308689024390245,0.7819644369178662,0.0,0.0,0.4093499839897534,0.0,0.2418016275884295,0.7912848326164205,0.6643140714600793,0.08838757396449692,0.7254901960784312,0.3076923076923076,0.7893379191745485,0.9239864864864865,0.6666666666666667,0.0,0.4873338870431895,0.03128103277060568,0.19012345679012344,0.0,0.25356633380884475,0.3743589743589745,0.0,0.0,0.9010989010989011,0.5263157894736843,0.0,0.4918032786885246,0.0,0.0,0.0,0.5185185185185185,0.5,0.0,0.14724770642201834,0.3076923076923077,0.36972193614830084,0.0,0.0,0.0,1.0,0.0,0.4,0.0,0.5,0.0,0.011150234741783782,0.17924528301886788,0.5714285714285714,0.8111212768120362,0.2848586487781505,0.19999999999999996,0.0,0.0,1.0,0.0,0.0,0.0,0.0,0.0,0.0,0.0,0.6000000000000001,0.5,0.0,0.0,0.25,0.0,0.0,0.0,0.0,0.0,0.0,0.33333333333333326,0.0,0.5658548707753479,0.6140350877192982,0.0,0.07712532865907107,0.625,0.2811906269791006,0.0,0.25,0.0,0.04878048780487809,1.0,0.4444444444444444,0.0,0.0,0.0,0.0,0.0,0.0,0.0,0.2857142857142857,1.0,0.03686311340690296,0.0,0.0,0.5511904761904762,0.0,0.17396870554765298,0.3549175320708613,0.0,0.0,0.0,0.0,0.18181818181818177,0.6666666666666666,0.1187214611872146,0.0,0.0,0.11868686868686873,0.0,0.5,0.5,0.0,0.0,0.0,0.0,0.0,0.8666666666666667,0.4437516942260775,0.5329457364341086,0.0,0.0,0.0,0.580209388720027,0.0,0.0,0.4279250161603103,0.0,0.6656413411258075,1.0,0.0,0.023363738198111772,0.11111111111111116,0.0,0.0,0.0,0.29268292682926833,0.0,0.8,0.8,0.0,0.0,0.0,0.0,0.0,0.045038705137227186,0.0,1.0,0.2068965517241379,0.6413190714185624,0.931496062992126,0.33333333333333337,0.16211544137281642,0.6785714285714286,0.0,0.0,0.0,0.0,0.0,0.6587704974586601,0.0,0.4336283185840708,0.0,0.0,0.0,0.0,0.0,0.0,0.0,0.6666666666666667,0.0,0.0,0.0,0.0,0.0,0.5555555555555556,0.0,0.0,0.24534284581847,0.9372822299651568,0.299744419223964,1.0,0.0,0.5,0.0,0.8266809536565765,0.0,1.0,0.7271456039153994,0.0,m2
0.5714285714285714,0.5555555555555556,0.0,0.9711934156378601,0.0,0.6212052900510971,0.0,0.0,0.0,0.0,0.0,0.32978723404255317,0.0,0.680462088165019,0.0,0.0,0.0,0.0,0.0,0.0,0.6675061973227565,0.0,0.0,0.0,0.10638994190961892,0.7414459161147903,0.0,0.0,0.0,0.0,1.0,0.7209244727168445,0.6513523195414652,0.0,0.0,0.7484493753821961,0.0,0.7673119713171241,0.0,0.0,0.0,0.5296053511705686,0.0,0.0,0.45575933075933084,0.05355404089581306,0.0,0.0,0.0,0.0,0.3641633389153678,0.33333333333333337,0.028892222813725166,0.0,0.3740081114441899,0.0,0.0,0.0,0.7212177831510689,0.0,0.8723819301848049,0.22010582010582003,0.39448988809153407,0.0,0.4649122807017544,0.7405724953329185,0.4212389380530972,0.9156829679595279,0.7685088633993744,0.7141242937853107,0.43803680981595094,0.49493180980464424,0.8648648648648649,0.08351976137211015,0.0,1.0,0.0,0.0,0.0,0.0,0.0,0.0,1.0,0.0,0.0,0.0,0.0,0.5205795614822413,0.1428571428571428,0.0,0.6666666666666667,0.24771491380307764,0.5,0.20775142550202452,0.5,0.7521899941600155,0.0,0.0851648351648352,0.39619883040935666,0.0,0.7142857142857142,0.40389610389610386,0.2857142857142857,0.0,0.9032450726657376,0.6428571428571428,0.18181818181818188,0.34213330176393975,0.0,0.0,0.0,0.6796116504854369,0.8754448398576512,1.0,0.29152915291529147,0.0,0.0,0.361084485827742,1.0,0.0,0.5,0.50779947606573,0.6201052016364699,0.8795256916996047,0.05818414322250631,0.42091254752851714,0.75,0.0,0.6035242290748899,0.0,0.7817793033594058,0.7777777777777778,0.0,0.5508021390374331,0.875,0.0,0.14313854235062373,0.6666666666666667,0.17692658458732324,0.32209543568464727,0.0,0.0,0.6666666666666667,0.35164835164835184,1.0,0.6911665542818611,0.2095588235294117,0.0,0.8571428571428572,0.4397705544933078,0.75,0.0,0.5,0.8571428571428571,0.0,0.0,0.0,0.4011803656254498,0.8565729827742521,0.0,0.0,0.41666666666666663,0.0,0.8333333333333334,0.7783495330665142,0.0,0.0,0.18483829650976635,0.4318298836371125,0.21167373177435134,0.0,0.0,0.0,1.0,0.07790055248618777,0.6666666666666667,0.0,0.0,0.12259083728278031,0.0,0.0,0.0,0.0,0.0,0.0,0.0,0.08567828643427122,0.5073295896691694,0.9965818977303801,0.0,0.9614158163265306,0.7692880178615729,1.0,0.7302497325082453,0.0,1.0,0.0,0.0,0.0,0.8979919431716843,0.3442735042735041,0.42346435766642376,0.6879510649533533,0.9228001644736842,0.0,0.0,0.0,0.0,0.0,0.0,0.0,0.0,0.0,0.0,0.0,0.0,0.0,0.0,0.0,0.0,0.0,0.25481258541975627,0.9117430381611905,0.0,0.7487437185929648,0.0,0.7589310062721571,0.0,0.0,0.8472912683237731,0.0,0.0,0.5741935483870968,0.0,0.9226519337016574,0.0,0.6714285714285715,0.0,0.845108695652174,0.0,0.0,0.0,0.0,0.0,0.7360807317558162,0.0,0.0,0.0,0.0,0.0,0.0,0.889615642406453,0.0,0.0,0.0,0.047272727272727244,0.94,0.0,0.0,0.0,0.0,0.6666666666666667,0.6107893692978976,0.8,0.25,0.0,0.7073170731707317,0.0,0.7691608927203748,0.0,0.0,0.10307414104882451,0.7744216587534094,0.0,0.0,0.900482451991297,0.0,0.610089652028567,0.21902874132804762,0.1338028169014085,0.0,0.34593175853018376,1.0,0.6805282382691767,0.6373809523809524,0.25588458618071364,0.0,0.0,0.0,0.9645025688930406,0.0,0.9965648854961832,0.0,0.7236280921239693,0.0,1.0,0.6355748373101953,0.7514450867052023,1.0,1.0,0.8125,0.8916083916083917,0.7024886877828054,0.8,0.18467220683287167,0.5,0.75,1.0,0.0,1.0,1.0,0.0,0.5,1.0,0.04931960544315639,0.0,0.5,0.1428571428571429,1.0,0.0,0.0,1.0,0.8202054794520548,1.0,0.15573227302849557,0.7,0.6850393700787402,0.9475,0.36363636363636365,0.5170814002530577,1.0,0.8636363636363636,0.4375,0.5714285714285714,0.0,0.9421965317919075,0.75,0.0,0.0,0.0,0.0,0.0,0.7987991994663108,0.4252163164400494,0.6875,0.8410672853828306,0.375,0.0,0.42307692307692313,0.4545454545454546,0.75,0.5833333333333333,0.3775494071146246,0.6625916870415648,0.8928571428571428,0.593872870249017,0.6415332771693345,1.0,0.0,0.8166491043203372,0.6666666666666667,0.7074117845686307,1.0,0.0,0.8647256599184492,1.0,0.0,0.6451918522027476,1.0,0.7370413511939429,1.0,0.0,0.0,1.0,0.44999999999999996,0.5882352941176471,0.9019908116385911,0.7442489851150202,0.0,1.0,0.16129032258064502,1.0,0.0,0.75,1.0,1.0,0.6794201755250961,0.0,0.6927212252475248,1.0,0.15147407658420875,0.6142208774583964,0.5202265372168284,0.0,0.8823529411764706,1.0,0.0,0.2775041050903121,0.7648921914971373,0.7085801320020308,0.0,0.0,0.0,0.21580928481806771,0.0,0.48758789686767534,1.0,0.0,0.44999999999999996,0.20000000000000007,0.0,1.0,1.0,0.0,0.0,0.0,0.0,0.2829484113103736,1.0,0.9981110955645726,0.5025932328970116,0.9917264707226768,0.8031178840427395,1.0,0.8479183673469388,0.0,0.8181818181818182,0.0,0.0,0.0,0.8732394366197183,0.2412040463853934,0.5538118787641384,0.7438261791202968,0.8979464841319229,0.0,0.0,0.0,0.0,0.0,0.0,0.0,0.0,0.0,0.0,0.0,0.0,0.0,0.0,0.0,0.0,0.0,0.9118784802641304,0.7659407686843202,0.0,0.7708333333333334,0.25,0.7871674491392802,0.5,0.0,0.884020618556701,0.0,0.0,0.8522536687631027,0.0,0.9411764705882353,0.0,0.48913409136782604,0.0,0.7142857142857143,0.0,0.0,0.0,0.0,0.0,0.6887154326494203,0.0,0.0,0.0,0.0,0.0,0.0,0.9000347554088105,0.0,0.0,0.0,0.7754524886877828,0.5357142857142858,0.0,0.0,0.0,0.0,0.7777777777777778,0.8237704918032787,0.5058275058275058,0.0,0.0,0.865752777121248,0.0,0.5759430427179615,0.0,0.0,0.0,0.3353264769193972,0.0,0.0,0.2987327618337683,0.30311027332705,0.0,0.4476119955572011,0.15384615384615385,0.75,0.0,0.33333333333333337,0.20512820512820518,0.0,0.11830985915492953,0.0,0.0,0.0,0.7857142857142857,0.03657362848893175,0.39982876712328774,0.2857142857142857,0.3087315130830488,0.0,0.5081967213114753,0.7825537294563844,1.0,0.923469387755102,0.0,0.2500000000000001,1.0,0.6057339449541284,0.3076923076923077,0.3902439024390244,0.0,1.0,0.0,0.0,0.0,0.0,0.0,0.0,0.0,0.0,0.0,0.0,0.0,0.3647694849076436,0.19999999999999996,0.08510638297872364,0.0,0.13043478260869568,0.0,0.0,0.5,0.23529411764705876,1.0,0.0,0.6,0.0,0.75,0.0,0.0,0.0,0.8571428571428571,0.0,0.5,0.418206312548114,0.2785714285714287,0.0,0.25,1.0,0.5555555555555556,0.0,0.0,0.0,0.0,0.0,0.1986062717770034,0.25,0.19999999999999996,0.7560975609756098,0.3836477987421383,0.0,0.6304347826086957,0.0,0.0,0.0,0.7898089171974523,0.0,0.0,0.7142857142857142,1.0,0.2776214593884825,0.0,0.0,0.8676470588235294,0.0,0.27228344260008375,0.11494252873563238,0.0,0.20279720279720292,0.0,1.0,0.18181818181818177,0.41666666666666663,0.07692307692307698,0.6666666666666667,0.0,0.052631578947368474,0.6666666666666666,0.0,0.5,0.0,0.0,0.19673339064226947,0.0,0.6623376623376623,0.7692307692307693,0.0,0.0,0.0,0.3773067331670823,0.0,0.7795062563408861,0.0,0.0,0.0,0.004349627174813464,0.9787798408488063,0.44482891195693963,0.0,0.0,0.11111111111111116,0.5730566919929867,0.0,0.4987730061349691,0.0,0.3191489361702129,0.0,0.0,0.0,0.0,0.0,0.0,0.0,0.0,0.5982238162332949,0.20000000000000007,0.22413793103448276,0.3372969612186213,0.44955752212389377,0.6666666666666667,0.46259609698403303,0.0,1.0,0.0,0.0,0.0,0.9090423043507319,0.0997069401891566,0.47015363538506694,0.0,0.5633967560823456,0.0,0.0,0.0,0.0,0.0,0.0,0.0,0.0,0.0,0.0,0.0,0.0,0.0,0.0,0.0,0.15294815987336774,0.0,0.0,0.7153753178010254,0.0,0.5,0.3571428571428572,0.8935230618253189,0.0,0.0,0.8717749052587862,0.0,m2
0.0,0.0,0.0,0.0,0.0,0.0,0.0,0.0,0.7200225182961155,0.0,0.5021487275967917,0.0,0.9764705882352941,0.0,0.4,0.0,0.0,0.0,0.33333333333333326,0.0,0.0,0.5,0.0,0.0,0.3704175349232076,0.6911137440758293,0.6764032073310424,0.0,0.19858017817371942,0.0,0.0,0.0,0.0,0.0,0.0,0.0,0.47390642948061223,0.0,0.0,0.0,0.9093091671457072,0.6275014064132444,0.0,0.4023354060853468,0.48420538428137216,0.0,0.06978269424161598,0.8253002238957867,0.0,0.6331223356155535,0.21108271087177677,0.0,0.0,0.5722930698485418,0.901399399320629,0.0,0.0,0.15666692673792615,0.773667625702151,0.0,0.9104430546066117,0.2473636975544088,0.936184565569347,0.0,0.3950617283950617,0.0,0.15233362143474505,0.1489795918367347,0.717119928666964,0.9180509413067552,0.6418181818181817,0.0,0.8648648648648649,0.9296020011613884,0.33333333333333337,0.0,0.0,0.08227712137486587,0.0,0.4,0.0,0.0,1.0,0.0,0.5990716864363074,0.5555555555555556,0.9392439243924392,0.24854428440085807,0.1428571428571428,0.0,0.6666666666666667,0.36669384427231966,0.5,0.5487149822328734,0.5,0.08656588705077006,0.0625,0.0,0.0,0.3066132264529058,0.3846153846153847,0.4375,0.5714285714285714,0.5320754716981132,0.3104796963073738,0.6428571428571428,1.0,0.0,0.0,0.0,0.7777777777777778,0.4630165833113977,0.4979919678714859,1.0,0.8128854481039234,0.8622129436325678,0.9166666666666666,0.25697055137844604,0.8711978971085242,0.6194029850746269,0.45833333333333337,0.0,0.3953750370589978,1.0,0.5280628529339553,0.0,0.75,0.0,0.701634159198735,0.0,0.0,0.7777777777777778,0.0,1.0,0.0,0.0,0.0,0.6666666666666667,0.18314275880530817,0.2690479424147765,0.0,0.9774130402047885,0.6666666666666667,1.0,0.478908188585608,0.490092879256966,0.10526315789473684,0.0,0.8571428571428572,0.9627527492018446,0.0,0.7380952380952381,0.5,0.8571428571428571,0.0,0.43459697851177626,0.0,0.0,0.718125610152945,0.0,0.9822942456298297,0.0,0.6732760453041022,0.0,0.40327752048450305,0.5620474159309592,0.4862318251969783,0.7054590315616326,0.0,0.6541523341523341,0.5476785416815402,0.0,0.7378640776699029,0.0,0.852177554438861,0.875,0.34088480444539426,0.0,0.0,0.875,0.8,0.0,0.0,0.0,0.0,0.0,0.7093247588424436,0.4346097636698193,0.0,0.1165949548637476,0.7974620697711774,0.0,0.9859154929577465,0.0,0.75,0.0,0.0,0.0,0.2049488972565896,0.0,0.9126523139087064,0.0,0.9516105803850031,0.6558713854475421,0.0,0.0,0.0,0.0,0.0,0.6390529005599956,0.0,0.0,0.0,0.0,0.0,0.6436822547518134,0.0,0.7485581450094162,0.9175908221797323,0.28281038431320105,0.9782608695652174,0.6205649821998243,0.0,0.0,1.0,1.0,0.0,0.5,0.0,0.0,0.0,0.0,1.0,0.0,0.0,0.0,0.0,0.0,1.0,0.7682410423452768,0.0,0.7904191616766467,0.0,0.9385206532180596,0.0,0.5,0.0,0.0,0.0,0.5,0.0,0.0,0.0,0.0,0.0,0.06527596697088212,0.9444822116474054,0.6000000000000001,0.0,0.593947908304344,0.0,0.0,0.0,0.0,0.25,0.0,0.0,0.7005188572834847,0.0,0.0,0.0,0.8189561255818559,0.8418915260355564,0.0,0.6559028292104874,0.0,0.008151008151008221,0.6928955133540138,0.9485422936974979,0.0,0.7341885441527447,0.0,1.0,0.0,0.7247386759581882,0.8995390739576786,0.0,0.0,0.17948717948717952,0.9037374504344892,0.0,1.0,0.5714285714285714,0.9273739081431389,0.0,0.013605442176870763,0.19566160520607379,0.29999999999999993,0.0,0.8666666666666667,1.0,0.7741935483870968,0.1862900280043832,0.8826086956521739,0.8500461680517082,1.0,0.0,1.0,0.26195814648729454,1.0,0.5,0.0,0.5,1.0,0.04931960544315639,0.8222849083215797,0.75,0.875725900116144,0.0,0.0,0.0,1.0,0.0,1.0,0.8025182239893969,0.7,0.4545454545454546,0.09316770186335399,0.0,0.0,0.8571428571428572,0.36363636363636365,0.0,0.8571428571428571,0.0,0.3462555066079296,0.75,0.0,0.1428571428571428,0.0,0.0,1.0,0.5126476053467601,0.8430905377808032,0.8125,0.944985394352483,0.9285714285714286,0.0,0.34615384615384615,0.8181818181818182,1.0,0.5416666666666667,0.0,0.3071585098612125,1.0,0.9770963226873648,0.0,1.0,0.0,0.8439056791763534,0.6666666666666667,0.0,1.0,0.6666666666666667,0.0,1.0,0.0,0.32321547698465636,1.0,0.8408227848101266,0.0,0.0,0.797402230693209,1.0,0.9,0.8235294117647058,0.7549770290964778,0.75,0.0,1.0,1.0,0.5,0.8571428571428572,1.0,1.0,1.0,0.7724125023395096,0.0,0.0,0.6818473380372033,0.12645322840279005,0.9775399192840849,0.0,0.7658602150537634,0.0,0.7975735789710178,0.6724346450832636,0.9370932754880694,1.0,0.0,0.9403487672880337,0.6194331983805668,0.0,0.6321752265861027,0.0,0.885110744685592,1.0,0.4452636784606394,0.44999999999999996,0.6511627906976745,1.0,1.0,1.0,0.0,0.0,0.0,0.0,0.5379211854528143,0.0,0.0,0.6933689363595906,0.8885661080074487,0.0,1.0,0.0,0.994413407821229,0.0,0.0,0.0,0.21219091431857395,0.0,0.9398376329958915,0.2576641822528477,0.9628571428571429,0.5192937988900056,0.0,0.0,0.0,0.0,0.0,0.755433340569747,0.0,0.0,0.0,0.0,0.0,0.5983606557377048,0.0,0.7258335080729713,0.940045719035744,0.7808147632311977,1.0,0.9527732652587607,0.0,0.0,0.75,1.0,0.0,1.0,0.0,0.0,0.0,0.0,0.0,0.0,0.0,0.0,0.0,0.0,0.0,0.20026926960619307,0.0,0.4366578793204453,0.8333333333333334,0.8296398891966759,0.0,0.33333333333333326,0.0,0.0,0.0,0.6666666666666667,0.0,0.0,0.6000000000000001,0.0,0.0,0.6720302375809935,0.09166666666666667,0.6077795786061588,0.0,0.9090909090909091,0.0,0.0,0.0,0.0,0.0,0.0,0.0,0.3638068448195031,0.39429012345679004,0.0,0.0,0.3416305916305916,0.5997438360550753,0.0,0.5301620130989314,0.7272727272727273,0.30243534075892,0.0,0.6270318663794309,0.15384615384615385,0.8229994700582937,0.0,0.0,0.0,0.4651162790697675,0.496648460774578,0.0,0.0,0.25356633380884475,0.6405529953917051,0.0,0.7680776014109347,0.05714285714285716,0.3946759259259258,0.0,0.6307692307692307,0.0,0.4374999999999999,0.2857142857142857,0.2222222222222222,0.75,0.0,0.14724770642201834,0.0,0.881061038220194,0.2857142857142858,0.4626865671641791,0.0,0.4220055710306406,0.0,0.6,0.0,0.0,0.0,0.03273809523809512,0.6838085539714867,0.5714285714285714,0.7687556492919554,0.33020683020683017,0.19999999999999996,0.0,0.5714285714285714,0.6956521739130435,0.0,0.38888888888888884,0.5,0.4259818731117825,0.0,0.5,0.0,0.0,0.5,0.0,0.0,1.0,0.0,0.0,0.0,0.0,0.0,0.0,0.8333333333333333,0.07017543859649122,0.2806666666666666,0.6140350877192982,0.7245762711864407,1.0,0.0,0.02056277056277056,0.0,0.0,0.0,0.31707317073170727,0.0,0.6666666666666667,0.6282135794330916,0.2682926829268293,0.0,0.0,0.0,0.7142857142857143,0.17391304347826086,0.7142857142857142,1.0,0.0,0.0,0.0,0.0,0.0,0.15545179895633077,0.25778863775198524,0.0,0.7494199535962878,0.0,0.0,0.36363636363636365,0.08333333333333326,0.0,0.6666666666666667,0.0,0.3395061728395061,0.0,0.5,0.0,0.0,0.0,0.0,0.0,0.2060185185185185,0.26923076923076916,0.0,1.0,0.0,0.0,0.0,0.0,0.1468689477081988,0.3653287959163247,0.46015037593984975,0.6163011387600168,0.3541189931350114,0.0,0.0,0.0,0.0,0.0,0.0,0.5593561368209254,0.0,0.0,0.8,0.8,0.0,0.0,0.0,0.0,0.0,0.0,0.6447303663080926,0.0,1.0,0.0,0.0,0.6666666666666667,0.0,0.8783783783783784,0.0,0.0,0.0,0.5,0.0,0.8570840574407756,0.0,0.8907103825136612,0.6531042241996523,0.0,0.0,0.0,0.0,0.0,0.8015542154045412,0.0,0.0,0.0,0.0,0.0,0.5767016593294954,0.0,0.7272727272727273,0.7936132465996452,0.0,0.9019607843137255,0.5112154309186243,0.0,0.0,0.5,0.7857142857142857,0.0,0.0,0.0,0.0,0.0,m2
0.0,0.0,0.7512074968006496,0.0,0.0,0.0,0.0,0.0,0.0,0.0,0.0,0.5366795366795367,0.0,0.0,0.0,0.6261283393932587,0.0,0.9534391534391534,0.0,0.0,0.0,0.0,0.0,0.0,0.0,0.0,0.0,0.5673486200741453,0.39019621699290985,0.0,0.0,0.0,0.0,0.0,0.0,0.0,0.0,0.0,0.8378152384774902,0.0,0.0,0.0,0.0,0.4854959529435423,0.5097061347061347,0.578383641674781,0.1293623720808188,0.0,0.6167294649585532,0.7566103443828196,0.3640232108317215,0.0,0.2991833163190899,0.4053002674446876,0.0,0.0,0.0,0.06741720120434613,0.0,0.7908262498199107,0.39098650385604117,0.0,0.6146923031967739,0.9397165779410662,0.1518324607329843,0.7406454043194375,0.35387323943661975,0.0,0.09872159090909094,0.6384704519119351,0.43312883435582805,0.0,0.2857142857142857,0.08233629987623037,0.0,0.0,0.0,0.178486997635934,0.0,0.0,1.0,0.6666666666666667,0.0,0.8607948442534908,0.0,0.44444444444444453,0.0,0.2605674580196873,0.0,0.7796610169491526,0.0,0.7637214745465184,0.5,0.15422047538835848,0.6000000000000001,0.19680747518006614,0.0625,0.08252427184466027,0.0,0.44767441860465107,0.25,0.0,0.5714285714285714,0.7533129459734964,0.3192182410423453,0.0,0.18181818181818188,0.0,0.6734693877551021,0.7831288343558283,0.5,0.9243243243243243,0.0,0.20640000000000003,0.0,0.0,0.0,0.8513815789473684,0.864696734059098,0.0,0.45833333333333337,0.07514762661821484,0.9173354735152488,0.0,0.7577118897873615,0.6545048399106477,0.75,0.0,0.5364102564102564,1.0,0.7876323119777159,0.4444444444444444,0.0,0.6813655761024182,0.875,0.0,0.0,0.6666666666666667,0.5198213046495489,0.30878336710421983,0.0,0.03591851322373096,0.6666666666666667,0.8228882833787465,0.0,0.69548584544759,0.0,0.33333333333333337,0.8571428571428572,0.0,0.75,1.0,0.5,0.9285714285714286,0.0,0.0,0.0,0.46404430683354414,0.0,0.0,0.0,0.7222222222222222,0.0,0.0,0.07388316151202745,0.5614706452237939,0.4862318251969783,0.1096502108657903,0.0,0.0,0.616717080056463,0.0,0.19552058111380144,0.15384615384615385,0.11245256985167285,1.0,0.3100595632031766,0.0,0.13112706837339982,0.0,0.0,0.0,0.0,0.0,0.0,0.0,0.0,0.0,1.0,0.11951871657754032,0.744734448254146,0.0,0.33333333333333326,0.7303761119148866,0.5601286173633441,0.16000000000000003,0.0,0.0,0.16666666666666663,0.6342546166075578,0.8135375555973188,0.749771586371149,0.0,0.6061359278460337,0.0,0.0,0.0,0.9966643729371013,0.7513147509043823,0.0,0.0,0.0,0.0,0.0,0.0,0.0,0.4666666666666667,0.0,0.8985221073202507,0.22262049649055526,0.0,0.09818505386423249,0.809158757199643,0.0,1.0,1.0,0.0,0.5,0.0,0.0,0.0,0.0,0.0,0.7632195318680296,0.0,0.0,0.0,0.0,0.0,0.0,0.0,0.0,0.8,0.0,0.0,0.0,0.6281223687903452,0.0,0.9576379974326059,0.0,0.0,0.0,0.0,0.0,0.0,0.0,0.0,0.0,0.5189873417721519,0.5142553836821353,0.0,0.0,0.17588440458395616,0.0,0.0,0.0,0.0,0.0,0.0,0.8813954330841776,0.0,0.1405725788414226,0.020503542891602722,0.0,0.3834995466908432,0.960561808203888,0.0,0.04026250443419688,0.0,0.8286384976525822,0.8986043862147536,0.41002865329512894,1.0,0.0,0.8731105807478122,0.0,0.0,0.0,0.3210652304009576,0.0,0.7957840973033805,0.2791939373062349,0.19999999999999996,0.09270941467699434,0.9069439548819175,0.22764227642276436,0.8511139464127981,0.6157894736842104,0.0,0.6296296296296297,0.8189655172413793,0.9424242424242424,0.2904109589041095,1.0,0.14663827198052937,0.5,0.0,1.0,0.9097472924187726,1.0,1.0,0.0,1.0,0.0,0.9411807368726429,0.18316100443131456,0.75,0.0,0.5165745856353592,0.0,0.8571428571428571,1.0,0.9957537154989384,1.0,0.4169570267131242,1.0,0.0,0.13008989952406147,0.36363636363636365,0.0,0.8571428571428572,0.0,0.0,0.8571428571428571,0.4285714285714286,0.3401273885350319,0.0,0.09999999999999998,0.1428571428571428,0.0,0.8441558441558441,1.0,0.6761696545693048,0.0,0.0625,0.0,0.41627358490566035,0.0,1.0,1.0,0.08333333333333337,0.5416666666666667,0.3269461077844311,1.0,0.0,0.43606619029710414,0.6887608069164266,1.0,0.0,0.6850533807829182,1.0,0.7064184146437269,0.6666666666666667,0.6666666666666667,0.8558818063556959,1.0,0.0,0.0,1.0,0.9922349763673194,0.5,0.0,0.22432500630835228,1.0,0.9,0.3529411764705882,0.9019908116385911,0.3850325379609544,0.6000000000000001,1.0,0.0,1.0,0.8571428571428572,1.0,1.0,0.5,0.5894125242091672,0.0,0.7095082805805999,0.3429833169774289,0.12535816618911177,0.32078472958642634,0.9583333333333334,0.0,0.0,0.5537634408602151,0.8537001706998695,0.8973727422003284,0.8846153846153846,0.79796979450359,0.0,0.6864707108609548,0.0,0.5043914680050189,0.0,0.4851532567049809,1.0,0.6426116838487972,0.44999999999999996,0.4,0.0,0.0,1.0,0.0,0.0,0.0,0.0,0.5046153846153847,0.9817067075405684,1.0,1.0,0.9222344851006028,0.0,0.5,0.8522711092125872,0.8874388254486134,0.13636363636363646,0.0,0.0,0.1724137931034483,0.46478873239436613,0.3528017842207972,0.824625502374863,0.0,0.0,0.0,0.0,0.0,0.9960012644223171,0.7363214885804965,0.0,0.0,0.0,0.0,0.0,0.0,0.0,0.5,0.0,0.9427964054498019,0.6998715403480089,0.0,0.5873492923291981,0.5410075135529276,0.0,0.25,0.6666666666666667,0.0,1.0,0.0,0.0,0.0,1.0,0.0,0.7453006170182235,0.0,0.0,0.0,0.0,0.0,0.0,0.0,0.0,0.96,0.0,0.0,0.0,0.48583106267029974,0.0,0.6707142857142858,0.0,0.0,0.0,0.0,0.0,0.0,0.0,0.0,0.0,0.7891472868217054,0.0,0.0,0.0,0.0,0.0,0.0,0.0,0.0,0.0,0.0,0.8308639161157967,0.0,0.0,0.0,0.0,0.5491084064534391,0.0,0.590909090909091,0.08838757396449692,0.6617984560817859,0.0,0.7641759406465289,0.0,0.0,0.0,0.0,0.14701143251745563,0.0,0.0,0.0685563612392881,0.0,0.4707166242269917,0.7853191489361703,0.0,0.7377701934015928,0.8589093857693088,0.09836065573770503,0.7973453749315819,0.0,0.2857142857142857,0.5185185185185185,0.2500000000000001,0.8571428571428572,0.14724770642201834,0.0,0.3467782851344495,0.0,0.0,0.0,0.07033426183844005,0.0,0.0,0.0,0.5,0.33333333333333326,0.8096304591265397,0.17924528301886788,0.4285714285714285,0.0,0.35813730196831495,0.0,0.21052631578947367,0.0,0.5652173913043479,0.0,0.33333333333333337,0.0,0.16666666666666652,1.0,0.0,0.0,0.0,0.0,0.0,0.0,0.5,0.0,0.0,0.5,0.033333333333333326,0.8,0.9766997708174179,0.33333333333333326,0.8245614035087719,0.6969314838167298,1.0,0.7289156626506024,0.0,0.625,0.41788856304985333,0.0,0.75,0.0,0.0,0.7881519639407598,0.2222222222222221,0.375,0.0,0.0,0.0,0.0,0.5714285714285714,0.0,0.4285714285714285,0.33333333333333337,0.2776214593884825,0.0,0.0,0.0,0.0,0.35662945404496094,0.6793924466338259,0.0,0.0,0.0,0.0,0.0,0.41666666666666663,0.0,0.33333333333333337,0.0,0.6085858585858586,0.6666666666666666,0.5,0.0,0.5,0.5,0.22942286420717017,0.0,0.0567734682405846,0.0,0.0,0.0,0.5555555555555556,0.3438759065269943,0.0,0.38958403787622586,0.05192307692307674,0.3670886075949368,0.09495949594959485,0.05820328975115985,0.0,0.0,0.0,0.002400384061449823,0.0,0.5661634973534602,0.5,0.3069381598793365,0.0,0.3191489361702129,0.0,0.4,0.0,0.0,0.0,0.0,0.0,0.0,0.0,1.0,0.22413793103448276,0.0,0.15829694323144095,0.0,0.45372847224309454,0.8047337278106509,1.0,0.0,0.0,0.5,0.656423950928102,0.6616469080422942,0.7965869639626424,0.0,0.0,0.0,0.0,0.0,1.0,0.9329288843950118,0.0,0.0,0.0,0.0,0.0,0.0,0.0,0.5555555555555556,0.0,0.8787446504992867,0.0,0.0,0.3284700657495272,0.522810901367158,0.0,1.0,0.3571428571428572,0.0,0.0,0.0,0.0,0.0,m2
0.5714285714285714,0.0,0.0,0.8569024985278034,0.0,0.670676186041699,0.0,0.0,0.3842251840063656,0.0,0.6514026272266641,0.0,0.0,0.623668063063846,0.0,0.0,0.9827373612823674,0.0,0.0,0.529601988618382,0.0,0.5,0.0,0.0,0.0,0.0,0.4424184261036468,0.0,0.0,0.0,0.0,0.0,0.8782178217821782,0.33333333333333326,0.0,0.0,0.0,0.7673119713171241,0.0,0.0,0.5726780508121616,0.0,0.5935000506226586,0.4261726408928661,0.45395808448257136,0.05355404089581306,0.12950432730133754,0.5964742556164679,0.43303763672379625,0.8518518518518519,0.9719204176661493,0.33333333333333337,0.2991833163190899,0.0,0.0,0.2385065477848981,0.0,0.0,0.5127202613678966,0.5241495170096597,0.8959646910466583,0.213602071838757,0.0,0.47627983786218286,0.631578947368421,0.0,0.4244984160506864,0.055445544554455606,0.7692909280500522,0.9231638418079097,0.0,0.0,0.0,0.08534640600082688,0.7777777777777778,0.0,0.0,0.38834951456310696,0.0,0.0,0.5,0.0,0.0,0.25515574650913,0.0,0.44444444444444453,0.3288702928870295,0.3234828496042217,0.1428571428571428,0.45197740112994356,1.0,0.2615696430582142,0.5,0.17676225105363186,0.5,0.19228504122497048,0.0625,0.0,0.0,0.28621908127208484,1.0,0.0,0.5714285714285714,0.7345132743362832,0.3273248668578451,0.6428571428571428,0.18181818181818188,0.0,1.0,0.48090960134755767,0.7777777777777778,0.9837837837837837,0.6565420560747663,1.0,0.0,0.0,0.0,0.4766136879662667,0.5080736012016522,0.23880597014925375,0.45833333333333337,0.0,0.9180078683834049,0.8444632290786137,0.6224644390202845,0.0,0.75,0.0,0.5962121212121212,0.0,0.8115799803729147,0.0,0.25,0.0,0.875,0.0,0.0,0.6666666666666667,0.40897533689295695,0.35429390032421026,0.0,0.46113582831719435,0.6666666666666667,0.8214285714285715,0.42105263157894735,0.5058953574060427,0.10347903657448698,0.0,0.8571428571428572,0.8,0.0,1.0,0.5,0.0,0.0,0.10364202271716727,0.0,0.38591916558018247,0.0,0.8115657698056802,0.0,0.41666666666666663,0.5266410048622366,0.0,0.0,0.0,0.0,0.0,0.0,0.5715935334872979,1.0,1.0,0.0,0.0,0.0,0.0,0.5481668773704174,0.1923076923076923,0.029268292682926855,0.875,0.8,0.0,0.0,0.0,0.0,0.0,0.8001579778830964,0.6755405669175215,0.0,0.46354825115887066,0.3033296820878921,0.0,1.0,0.7303761119148866,1.0,0.0,0.9622869275146311,0.0,0.0,0.6335209245234952,0.008702975856260453,0.9047941283639582,0.0,0.0,0.0,0.0,0.0,0.0,0.0,0.0,0.0,0.0,0.0,0.0,0.9956550076037367,0.0,0.0,0.0,0.9100863068401391,0.4160884393743385,0.0,0.6445561160934685,0.0,0.0,0.7123287671232876,0.9130434782608696,0.5364511095700416,0.5,0.0,0.0,0.875,0.0,0.0,0.0,0.9192079207920792,0.0,0.6714285714285715,0.0,0.0,0.4213154871897318,0.0,0.8660235798499465,0.0,0.0,0.8003170106569539,0.0,0.0,1.0,0.0,0.0,0.8825893801565475,0.0,0.0,0.0,0.0,0.20705158542356827,0.0,1.0,0.0,0.0,0.0,0.0,0.0,0.43324250681198895,0.0,0.0,0.0,0.0,0.7926962029492297,0.0,0.0,0.8017222097964661,0.0,0.7009948157489141,0.7176714560805807,0.9042869473482306,0.00807955251709136,0.04015799868334402,0.9089573740854778,0.3766963032288253,0.7572331227136682,1.0,0.0,0.0,0.7423473088640651,0.0,0.23935264054514482,0.0,0.0,0.6142971459055749,0.7842647821576764,1.0,0.0,0.0,0.4193548387096775,0.924119241192412,0.138482677397193,0.8473684210526315,0.0,1.0,1.0,0.0,0.11651583710407243,0.0,0.18467220683287167,0.75,0.0,1.0,0.0,1.0,1.0,1.0,0.5,0.0,0.45604435164518686,0.0,0.75,0.39624432957062994,0.0,0.0,0.2857142857142856,0.0,0.84375,1.0,0.478454172366621,0.7,0.0,0.13568670711527853,0.36363636363636365,0.0,0.8571428571428572,0.8636363636363636,1.0,0.8571428571428571,0.4285714285714286,0.42525399129172703,0.75,0.09999999999999998,0.1428571428571428,0.5,0.9130434782608696,1.0,0.629995627459554,0.0684369602763385,0.9375,0.30456226880394577,0.375,0.0,0.0,0.6363636363636365,0.75,0.5416666666666667,0.0,1.0,0.8928571428571428,0.0,0.0,1.0,0.0,0.7181818181818181,0.6666666666666667,0.9481464634978394,0.33333333333333337,0.33333333333333337,0.0,1.0,0.0,0.508613617719442,1.0,0.9731397459165154,0.3125,0.0,0.5,1.0,0.9,0.8823529411764706,0.6716232961586122,0.7442489851150202,0.0,1.0,0.0,0.5,0.8571428571428572,1.0,0.0,1.0,0.759937286728765,0.0,0.7258002313922098,0.0,0.7656726533378515,0.08140074211502779,0.5202265372168284,1.0,0.0,0.0985401459854015,0.8432607865597557,0.2775041050903121,0.875,0.635036496350365,0.8216080402010051,1.0,1.0,0.21292775665399244,0.0,0.0,1.0,0.5527296082209379,0.0,0.6511627906976745,1.0,1.0,1.0,0.0,0.0,0.0,0.0,0.8269697972302311,1.0,0.0,0.0,0.9420124711170196,0.8810754912099276,1.0,0.8528072687768505,1.0,0.9545454545454546,0.9667962506573724,0.0,0.0,0.46478873239436613,0.43812855268911244,0.9640071985602879,0.3453566423249982,0.0,0.0,0.0,0.0,0.0,0.0,0.0,0.0,0.0,0.0,0.0,1.0,0.0,0.0,0.0,0.9592833876221498,0.83632613443339,0.0,0.9866913123844732,0.0,0.0,1.0,1.0,0.48043818466353694,1.0,1.0,0.0,1.0,0.0,0.0,0.0,0.7777777777777778,0.0,0.5681756938830504,0.0,0.0,0.7005225342913128,0.0,0.2322241516872391,0.0,0.0,0.6865572019757042,0.0,0.0,0.925065731814198,0.0,0.0,0.9687094982410664,0.0,0.6000000000000001,0.0,0.0,0.0,0.0,0.47783621337340343,0.0,0.0,0.0,0.0,0.0,0.5625464453802329,0.8181818181818181,0.0,0.0,0.28042328042328046,0.5308689024390245,0.0,0.0,0.32396449704142005,0.0,0.4652914798206277,0.39142695995487864,0.2987327618337683,0.3040362127499059,0.161167374496352,0.0,0.7692307692307692,0.8229994700582937,0.907103825136612,0.6666666666666667,0.0,0.0,0.09666901093280489,0.5,0.0,0.0,0.3846153846153847,0.0,0.5519781144781144,0.25482625482625487,0.31783276450511944,0.6483848477806182,0.6557377049180327,0.1428571428571429,1.0,0.2857142857142856,0.0,0.75,0.0,0.14724770642201834,0.23076923076923073,0.3467782851344495,0.0,0.0,0.0,0.4220055710306406,0.0,0.0,0.0,0.0,0.33333333333333326,0.0,0.0,0.4285714285714285,0.551617873651772,0.3434504792332267,0.19999999999999996,0.21052631578947367,1.0,0.13043478260869568,0.0,0.33333333333333337,0.5,0.16666666666666652,0.0,0.0,0.0,0.0,0.75,0.0,0.0,0.5,0.0,0.0,0.5,0.0,1.0,0.4683439314348907,0.8333333333333333,1.0,0.8896595208070618,0.875,0.0,0.0,0.0,0.0,0.12337662337662325,0.25,0.0,0.34883720930232565,0.7013495864170658,0.0,0.5026178010471205,0.44594594594594594,0.0,0.0,0.6818181818181819,0.0,1.0,0.0,1.0,0.2320390170699681,0.0,0.0,0.0,0.0,0.39500679767643065,0.11494252873563238,0.0,0.0,0.0,0.0,0.18181818181818177,0.08333333333333326,0.16666666666666685,0.6666666666666667,0.0,0.605263157894737,0.0,0.5,0.0,0.0,0.0,0.0,0.0,0.5800000000000001,0.0,0.8264371714431067,0.0,0.0,0.0,0.0,0.0,0.0,0.0,0.0,0.05820328975115985,0.13317008852891332,1.0,1.0,0.0,0.0,0.2142717114291316,0.0,0.45560407569141215,0.41463414634146345,0.0,0.8,0.8,0.0,0.0,0.0,0.0,0.0,0.7083333333333334,0.6888293554148401,0.0,0.6681896551724138,0.0,0.0,0.6666666666666667,0.427406095864424,0.9196428571428571,1.0,0.9686893739572514,0.0,0.0,0.656423950928102,0.19007546917785345,0.876537880423052,0.0,0.0,0.0,0.0,0.0,0.0,0.0,0.0,0.0,0.0,0.0,0.0,0.9839449541284404,0.0,0.0,0.0,0.9611829944547134,0.24534284581847,0.0,0.5080066558122058,0.0,0.0,0.5,1.0,0.5613437195715678,0.0,0.0,0.0,0.8125,m2
0.0,0.5555555555555556,0.0,0.0,0.0,0.0,0.0,0.0,0.0,0.0,0.5021487275967917,0.7857142857142857,0.0,0.8262411347517731,0.4,0.0,0.0,0.0,0.0,0.0,0.0,0.0,0.0,0.7410928961748633,0.22377840024898854,0.0,0.7187039764359351,0.0,0.0,0.0,0.0,0.0,0.8919772583701832,0.0,0.0,0.0,0.0,0.11907894736842095,0.0,0.0,0.0,0.3521555367709215,0.24966249662496642,0.4778375608506278,0.5618233618233619,0.22718707940780614,0.0,0.6457356770833332,0.0,0.9412795793163892,0.0,0.33333333333333337,0.24353615110698246,0.013794000910924642,0.0,0.0,0.0,0.0,0.0,0.0,0.26478916748185144,0.32076663858466703,0.0,0.0,0.0,0.9906167896909797,0.0,0.055445544554455606,0.12119635890767233,0.0,0.0,0.0,0.2857142857142857,0.6139389193422083,0.0,0.0,0.0,0.9207236218980868,0.0,0.0,0.0,0.6666666666666667,1.0,0.7976035425892158,0.8060370239358566,0.0,0.7634707254749472,0.0,0.5714285714285714,0.9491525423728814,0.25,0.9263987983477281,0.5,0.0,0.6000000000000001,0.7517428350116189,1.0,0.1428571428571428,0.36555823051459513,0.007504690431519689,0.25,0.41002570694087404,0.2857142857142857,0.8731343283582089,0.31534939279315155,0.0,0.0,0.7952769000498918,1.0,0.8913827655310621,0.5,0.593917123265199,1.0,0.0,0.0,0.0,0.0,0.8699726591908705,0.4123861566484518,0.01492537313432818,0.0,0.342787011297096,0.0,0.7884279128914322,0.05234265902633972,0.47582501918649267,0.75,0.0,0.9464697738809413,0.043062200956938024,0.7813687166217035,0.11111111111111105,0.25,0.11024182076813649,1.0,0.0,0.0,0.6666666666666667,0.916795466254508,0.6170773283743995,0.5,0.8156904080710736,0.6666666666666667,0.7464788732394366,0.478908188585608,0.5215427380125086,0.03857487275649607,0.0,0.8571428571428572,0.3395862068965516,1.0,0.0,0.5,0.9285714285714286,0.5,0.3015243119587292,1.0,0.6712130253175348,0.0,0.38237945020279407,0.5868728900054958,0.0,0.0,0.0,0.941435543387692,0.5586433187129608,0.6121567417463746,0.38820988304709725,0.0,0.0,0.0,1.0,0.7378640776699029,0.15384615384615385,0.0,1.0,0.861188288095747,0.3076923076923077,0.7494432071269488,0.0,0.6000000000000001,0.0,0.0,0.0,0.0,0.6149536810488838,0.6750871402002685,0.3230909865270549,0.0,0.0,0.4668312436388835,0.8926564782559838,0.33333333333333337,0.0,1.0,0.0,0.0,0.0,0.16666666666666663,0.0,0.28616074247111567,0.0,0.0,0.0,0.0,0.0,0.0,0.0,0.0,0.6462934996360319,0.0,0.0,0.0,0.0,0.0,0.878836381097195,0.7483870967741936,0.0,0.0,0.21331836749714783,0.8369565217391304,0.03468637454981993,0.0,0.9375,0.5,0.13636363636363635,0.0,0.5,0.0,0.6957208664864658,0.8125,0.0,0.0,0.0,0.0,0.0,0.0,0.0,0.0,0.0,0.0,0.7904191616766467,0.0,0.0,0.9408349696917955,0.5,0.0,0.0,0.0,0.0,0.0,0.0,0.0,0.0,0.875192820081335,0.22960777507809782,0.0,1.0,0.0,0.0,0.0,0.0,0.0,0.7608247422680412,0.25,0.0,0.0,0.0,0.7344433710291527,0.0,0.0,0.0,0.0,0.4983811285846439,0.0,0.30930354337580723,0.0,0.4413741034352585,0.7027083991990726,0.0,0.861271676300578,0.3170603674540683,0.0,0.6798884412767277,0.7376847290640394,0.0,0.0,0.0,0.0,0.0,0.0,0.22063285652362385,0.5714285714285714,0.0,0.0,0.12850812407680945,0.816949341664807,0.0,0.0,0.0,0.0,0.0,0.0,1.0,0.6550045634317005,0.75,0.0,1.0,0.9641255605381166,0.0,1.0,0.0,1.0,1.0,0.4510644481581051,0.8885754583921015,0.5,0.5394833948339484,0.6370967741935484,1.0,1.0,0.6000000000000001,1.0,1.0,0.0,1.0,0.6850393700787402,1.0,0.36363636363636365,0.5674080798910577,0.0,0.0,0.5625,0.5714285714285714,1.0,0.3538461538461539,0.0,1.0,0.6666666666666666,0.5,0.8702702702702703,1.0,0.6385242462386861,1.0,0.0,0.0,0.4274376417233561,0.6296296296296295,1.0,0.7142857142857143,0.0,0.0,0.6308300395256916,0.0,0.8571428571428572,0.6021060549078601,0.7509353287012293,1.0,0.0,0.9272666888077051,0.25,0.727899991882458,0.0,0.33333333333333337,0.6387422538443883,1.0,0.0,0.0,1.0,0.9606872451951077,0.8695652173913043,1.0,0.5185465556396669,1.0,0.9,0.8235294117647058,0.7549770290964778,0.09110629067245113,0.0,1.0,0.6363636363636365,0.5,0.0,0.75,1.0,1.0,0.631106120157215,1.0,0.9193684126157176,0.3429833169774289,0.12645322840279005,0.14378050389130714,0.0,0.0,0.0,1.0,0.6484641638225257,0.3709327548806941,0.8338220918866079,0.0,0.17232930414897085,0.0,1.0,0.6321752265861027,0.0,0.0,1.0,0.9355973481260993,0.65,1.0,0.0,1.0,1.0,0.0,0.0,0.0,0.6470458065943794,0.5379211854528143,0.0,0.0,0.606640625,0.0,0.8841698841698842,0.5,0.0,0.9958275382475661,0.0,0.0,0.0,0.1724137931034483,0.0,0.0,0.25841814195490687,0.0,0.0,0.0,0.0,0.0,0.0,0.0,0.7164589648590995,0.0,0.0,0.0,0.0,0.0,0.9293893129770993,0.5,0.0,0.0,0.7808147632311977,0.7749343082371758,0.6454707201980351,0.0,1.0,0.0,1.0,0.0,1.0,0.0,0.7619409026512852,0.8159509202453988,0.0,0.8669623059866962,0.0,0.0,0.0,0.0,0.0,0.0,0.0,0.0,0.7245346432264737,0.0,0.0,0.6470334101382489,0.33333333333333326,0.0,0.0,0.0,0.0,0.0,0.0,0.0,0.0,0.9063545150501672,0.0,0.0,0.8194444444444444,0.0,0.0,0.0,0.0,0.0,0.6340533672172808,0.0,0.0,0.0,0.0,0.0,0.0,0.0,0.6531339031339032,0.0,0.3041999999999999,0.0,0.0,0.5863247863247865,0.2353212065392587,0.0,0.15384615384615385,0.36801375752364573,0.3091216216216216,0.6666666666666667,0.7857142857142857,0.0,0.01638530287984097,0.0,0.25,0.0,0.0,0.010064265793621852,0.6403081914030819,0.9010989010989011,0.5798319327731092,0.0,0.0,0.6923076923076923,0.0,0.2857142857142857,0.3911111111111111,0.5,0.0,0.0,0.0,0.5193953223046206,0.7142857142857143,0.4626865671641791,0.0,1.0,0.6666666666666666,0.0,0.0,0.5,0.0,0.6475343573160874,0.7780040733197556,0.0,0.49765115926655545,0.0,0.3999999999999999,1.0,1.0,1.0,0.0,0.5,0.0,0.3203883495145631,0.8333333333333334,0.0,1.0,0.6000000000000001,0.0,0.0,0.0,0.0,0.0,0.0,0.5,0.5600858369098713,0.20000000000000007,0.4741498479402819,0.33333333333333326,0.27820414428242524,0.6906063618290258,0.33333333333333326,0.4509966777408638,0.0,0.625,0.38062064597846745,0.5950920245398772,0.25,0.7,0.04878048780487809,0.012152777777777679,0.4444444444444444,0.0,0.0,0.0,0.0,0.7951807228915663,0.0,0.0,0.2857142857142857,0.0,0.03686311340690296,0.0,0.0,0.0,0.0,0.6347673397717296,0.7532894736842106,0.0,0.0,0.0,0.0,0.36363636363636365,0.08333333333333326,0.5308641975308642,0.6666666666666667,0.0,0.08333333333333337,0.0,0.0,0.5,0.5,0.5,0.1806288478452066,0.25,0.0,0.0,0.0,0.0,0.0,0.3303737352880446,0.0,0.7798041202296522,0.1468689477081988,0.0,0.0,0.6163011387600168,0.0,0.0,1.0,0.0,0.0,0.2142717114291316,0.5,0.5737704918032787,0.29268292682926833,0.7202072538860104,0.0,0.6000000000000001,0.0,0.0,0.0,0.0,0.5967741935483871,0.44272445820433437,0.6435023828152785,0.0,1.0,0.6496316110563611,0.8597144630664184,0.0,0.0,0.9196428571428571,0.0,0.0,0.0,0.5,0.0,0.6921662108855062,0.0,0.0,0.0,0.0,0.0,0.0,0.0,0.0,0.7467049060288016,0.0,0.0,0.0,0.0,0.0,0.880968506603454,0.5555555555555556,0.0,0.0,0.0,0.8184357541899442,0.26603388292240215,0.0,0.9,1.0,0.0,0.0,0.0,0.0,0.7079743759664237,0.75,m2
0.0,0.0,0.0,0.0,0.8374164810690423,0.6717303278054316,0.0,0.0,0.0,0.5606099767381751,0.0,0.0,0.0,0.0,0.4,0.0,0.0,0.0,0.0,0.0,0.0,0.0,0.0,0.0,0.0,0.0,0.0,0.7424600827912478,0.0,0.0,0.0,0.0,0.0,0.33333333333333326,0.0,0.0,0.4750626915575369,0.0,0.8286148373230564,0.0,0.0,0.6390425476916712,0.8535992710337147,0.21704394141145145,0.5097061347061347,0.0,0.12824547600314695,0.0,0.6458423466297483,0.0,0.23555437571896287,0.33333333333333337,0.41563365903456306,0.5714510958112158,0.8159987241120048,0.2385065477848981,0.0,0.046526939536925216,0.0,0.0,0.7194695424074613,0.2251137822383007,0.6141285262788247,0.9299485367539749,0.0,0.28792064289301855,0.0,0.0,0.6981534090909091,0.0,0.06625766871165617,0.7397714706966458,0.2857142857142857,0.5406929895245769,0.8571428571428572,0.6274509803921569,0.0,0.17996289424860834,0.0,0.8,0.0,0.0,1.0,0.8607948442534908,0.33129102844638947,0.44444444444444453,0.4735807001442244,0.2677366405252597,0.5714285714285714,0.45197740112994356,0.0,0.0,0.5,0.15422047538835848,0.6000000000000001,0.7381479840496235,0.9375,0.2142857142857143,0.7718816712412321,0.37335834896810494,0.8461538461538461,0.0,0.2857142857142857,0.0,0.8512904547316673,0.6428571428571428,0.0,0.009347042328748723,0.66,0.49257688229056196,0.0,0.4355863662622762,1.0,0.0,0.502624142107388,0.5157620041753653,0.0,0.2178266660089776,0.051010886469673555,0.0,1.0,0.5866108786610879,0.6988646443143516,0.0,0.07284645923737387,0.4065656565656566,0.75,0.0,0.7297435897435898,0.0,0.9329403095062638,0.33333333333333326,0.0,0.2860962566844919,0.875,0.0,0.14313854235062373,0.6666666666666667,0.1575294934073561,0.31521451854462146,0.0,0.13953488372093037,0.6666666666666667,0.8214285714285715,0.0,0.0,0.19716046075542482,0.33333333333333337,0.8571428571428572,1.0,0.0,0.0,0.5,0.9285714285714286,0.0,0.06238338606311378,0.0,0.0,0.0,0.05010696067138365,0.0,0.0,0.5376322213181448,0.8333333333333334,0.07388316151202745,0.47137395104027,0.4862318251969783,0.1096502108657903,0.7290969899665553,0.5749685534591196,0.0,0.0,0.0535714285714286,1.0,0.7816801976703142,0.0,0.5022026431718061,0.3076923076923077,0.0,0.0,0.6000000000000001,0.0,0.0,0.0,0.0,0.0,0.04936159010135588,0.6695309307385604,0.0,0.46354825115887066,0.9032599819012515,0.9809556033545206,1.0,0.6444897981637245,0.0,1.0,0.0,0.0,0.0,0.898581386816681,0.567687777986594,0.7516949069395523,0.9702865228157057,0.8337785083213478,0.0,0.0,0.0,0.9999416848415578,0.0,0.0,0.0,0.0,0.0,0.0,0.994016454749439,0.0,0.0,0.0,0.0,0.09008779493611352,0.0,0.021028928179955053,0.0,0.0,0.5,0.13636363636363635,0.0,0.5,0.0,0.9958394379954169,0.0,0.0,0.0,0.0,0.0,0.801731078904992,0.6714285714285715,0.0,0.0,0.0,0.5452830188679245,0.0,0.0,0.0,0.0,0.5,0.0,0.0,0.0,0.0,0.0,0.0,0.0,0.0,0.0,0.3669601677148847,0.0,0.0,0.5189873417721519,0.0,0.0,0.0,0.0,0.0,1.0,0.0,0.0,0.6253476360746921,0.0,0.8888029431185738,0.0,0.18184578020643594,0.8530815109343935,0.8874856486796785,0.3589325426241661,0.9531750414135837,0.6152705707931801,0.10341880341880316,0.0,0.7199745141764893,0.0,0.41002865329512894,1.0,0.972550271305458,0.7269585253456221,0.8158142032487582,0.2422571064913025,0.0,0.14491614255765184,0.0,0.0,0.8656562177058216,0.0,0.09270941467699434,0.9069439548819175,0.18887015177065758,0.6450648055832502,0.16473988439306364,0.2571428571428571,1.0,0.0,0.406060606060606,0.8682944876063633,0.9452380952380952,0.7743589743589743,0.75,0.2500000000000001,1.0,0.9099794238683128,0.0,1.0,0.0,0.5,1.0,0.94107389377316,0.5066469719350074,0.75,0.5394833948339484,0.4931129476584022,1.0,0.3392857142857143,0.0,0.11677282377919329,1.0,0.4903909874088799,1.0,0.9818020417221482,0.9566367001586462,0.36363636363636365,0.6236949614162506,0.8571428571428572,0.8636363636363636,0.0,0.5714285714285714,0.0,0.7918994413407822,0.75,0.0,0.0,0.5,1.0,1.0,0.4585454231731516,0.9761555392516508,0.0,0.1953124999999999,0.10923423423423406,0.0,0.34615384615384615,0.4545454545454546,0.0,0.9583333333333334,0.37023080546396614,0.8987873134328358,0.0,0.6061914385449201,0.583771600300526,1.0,0.0,0.7656529516994633,0.25,0.9645439701422907,0.33333333333333337,0.6666666666666667,0.6214845550945136,1.0,0.0,0.6546943919344675,1.0,0.8706954760297096,0.3125,0.0,1.0,1.0,0.9,0.3529411764705882,0.0,0.7400468384074941,0.8,1.0,1.0,0.5,0.0,0.75,1.0,1.0,0.759937286728765,0.0,0.0,0.3305084745762712,0.0,0.04923874311629395,0.0,0.38847305389221554,0.8823529411764706,0.5537634408602151,0.6664632906243644,0.8973727422003284,0.82,0.7692307692307692,0.8216080402010051,0.0,0.0,0.0,0.0,0.6543758573388203,0.0,0.545628505443748,0.65,1.0,0.0,1.0,1.0,0.0,0.0,0.0,0.0,0.5046153846153847,1.0,0.0,0.0,0.9404699898893961,0.8841698841698842,1.0,0.7415168158904522,0.1681818181818182,0.13636363636363646,0.0,0.0,0.0,0.8732394366197183,0.24581475561537824,0.824625502374863,0.9848104157149383,0.37040636578995323,0.0,0.0,0.0,1.0,0.0,0.0,0.0,0.0,0.0,0.0,0.8716814159292036,0.0,0.0,0.0,0.0,0.6998715403480089,0.0,0.6043992606284658,0.0,0.0,0.0,1.0,0.0,1.0,0.0,1.0,0.0,1.0,0.0,0.0,0.0,1.0,0.5545276142416595,0.0,0.0,0.0,0.6557566422795533,0.0,0.0,0.0,0.0,0.33333333333333326,0.0,0.0,0.0,0.0,0.0,0.0,0.0,0.0,0.0,0.0,0.0,0.0,0.7637956748695004,0.0,0.0,0.0,0.0,0.0,0.8181818181818181,0.0,0.0,0.1696428571428572,0.0,0.8308639161157967,0.0,0.6075949367088608,0.5430519014589812,0.7969157500850437,0.2418016275884295,0.23247706422018344,0.0,0.08838757396449692,0.5176217631111527,0.0,0.0,0.0,0.33333333333333337,0.46153846153846156,0.4568965517241379,0.4811073460776165,0.4042553191489361,0.0,0.0685563612392881,0.0,0.024541284403669872,0.3331914893617022,0.2857142857142857,0.7377701934015928,0.8559866034049679,0.0,0.0,0.2932692307692307,0.0,0.2222222222222222,0.5,0.0,0.7458715596330274,0.07692307692307698,0.25418569254185686,0.7142857142857143,0.7095435684647303,0.0,0.07033426183844005,0.6666666666666666,0.8,0.0,0.0,0.0,0.8158179848320694,0.2515723270440251,0.4285714285714285,0.5218774860779634,0.051948051948052076,0.3999999999999999,0.21052631578947367,1.0,0.0,0.0,0.33333333333333337,0.0,0.0,1.0,0.0,0.36,0.0,0.75,0.0,0.0,0.0,0.2857142857142857,0.0,0.0,0.0,0.0,0.7858681602757431,0.0,0.0,0.658890290037831,0.33333333333333326,0.9977409638554217,0.8939068100358423,0.625,0.0,0.1986062717770034,0.25,0.8,1.0,0.5105837075048107,0.2222222222222221,0.0,0.0,0.0,0.0,0.25899280575539585,0.0,0.6990346394094265,0.4285714285714285,0.0,0.0,0.0,0.0,0.2284241201524322,0.0,0.0,0.11494252873563238,0.0,0.0,0.0,0.0,0.0,0.0,0.1187214611872146,0.0,0.0,1.0,0.0,0.0,0.5,0.5,0.0,0.0,0.0,0.7475728155339805,0.0,0.6356603258396287,0.0,0.0,0.0,0.0,0.38958403787622586,0.12948717948717947,0.8064889918887601,0.16365873666940112,0.7757275411218895,0.24739509997183895,0.6543110394842868,0.0,0.0,0.11111111111111116,0.3318208719668573,0.5,0.27382388419782866,0.29268292682926833,0.0,0.0,0.6000000000000001,0.0,0.0,0.0,0.0,0.0,0.04166666666666674,0.6770519982810486,0.0,0.6681896551724138,0.0,0.0,0.33333333333333337,0.35315413828262376,0.6517857142857142,0.0,0.0,0.0,0.0,0.9130691037684365,0.21783224170716253,0.7963380005874865,0.8907103825136612,0.08659598268566693,0.0,0.0,0.0,0.9965156794425087,0.0,0.0,0.0,0.0,0.0,0.0,0.9197247706422018,0.0,0.0,0.0,0.0,0.0,0.0,0.3313300068548838,0.0,0.0,0.5,0.0,0.0,0.0,0.0,0.9950077313894411,0.0,m2
0.0,0.0,0.6679009238954596,0.0,0.0,0.0,0.0,0.0,0.0,0.0,0.0,0.0,0.0,0.0,0.0,0.0,0.0,0.0,0.0,0.0,0.0,0.5,0.0,0.7305127692205108,0.0,0.0,0.0,0.0,0.07566641431246768,0.0,1.0,0.0,0.0,0.0,0.9518348623853211,0.0,0.0,0.11907894736842095,0.0,0.0,0.8854149480283782,0.4371348808354443,0.0,0.0,0.0,0.0,0.07415466295313111,0.6363454551514951,0.0,0.0,0.48599678907265353,0.33333333333333337,0.4188732394366197,0.5791098878968919,0.5117134970627788,0.0,0.8181094844048377,0.1493276716206653,0.4123821308187908,0.5788715590991096,0.9107711263990143,0.0,0.8023475445223961,0.4508039816232772,0.3950617283950617,0.0,0.0,0.0,0.8001300390117034,0.7224719101123596,0.05921052631578949,0.13324732768153325,0.0,0.5593799728885485,0.0,0.0,0.0,0.9328380991146841,0.0,0.0,0.5,0.0,0.0,0.0770805985823052,0.3107787519339864,0.33333333333333337,0.0,0.0,0.0,0.9491525423728814,0.0,0.5874794561482146,0.5,0.17676225105363186,0.6000000000000001,0.7606874514206754,0.0625,0.08252427184466027,0.7536864279265724,1.0,1.0,0.0,0.2857142857142857,0.0,0.9746922811457495,0.6428571428571428,1.0,0.31217436609934013,0.66,0.8434547908232118,0.5,0.6915964727559885,0.6075471698113208,1.0,0.0,0.4488517745302715,0.0,0.22623641518349336,0.051010886469673555,0.6106194690265487,0.0,0.5291671616965665,0.0,0.9445243476474214,0.0,0.0,0.75,0.0,0.0,0.0,0.0,0.11111111111111105,0.0,0.6813655761024182,0.0,0.0,0.6381080475229769,0.6666666666666667,0.0,0.0,0.0,0.8156904080710736,0.0,0.8466981132075472,0.0,0.0,0.03857487275649607,0.33333333333333337,0.8571428571428572,0.4826368452030606,0.0,0.0,0.5,0.8571428571428571,0.0,0.35194050033806645,0.0,0.6606633456805893,0.0,0.0859585958595861,0.9103392568659128,0.41666666666666663,0.6700431496159378,0.8333333333333334,0.35864778002618725,0.5095018885741265,0.0,0.6619436439321166,0.7381517927836218,0.0,0.0,1.0,0.0535714285714286,0.0,0.8611013060360042,1.0,0.17246541709084373,0.0,0.253956292388847,0.0,0.0,0.0,0.0,0.0,0.0,0.0,0.0,0.7056768784930656,0.8015386830025112,0.0,0.7610940987180153,0.9897386711513447,1.0,0.6328829966755253,0.5965572888649813,0.15999999999999992,0.0,0.0,0.0,0.0,0.6733379632552559,0.441584931440004,0.574712643678161,0.25433821027560377,0.0,0.0,0.0,0.0,0.0,0.8644071986551962,0.0,0.0,0.0,0.0,0.0,0.0,0.0,0.0,0.895659760087241,0.09008779493611352,0.0,0.10325733431396589,0.0,0.0,0.7123287671232876,0.0,0.48885283336337937,0.5,1.0,0.6943051286199644,0.875,0.0,1.0,0.7480575878336545,0.0,0.0,0.0,0.0,0.0,0.0,0.0,0.0,0.0,0.0,0.0,0.0,0.0,0.0,0.0,0.0,0.0,0.0,0.0,0.0,0.8917471772785474,0.0,0.0,0.0,0.0,0.6226683464054944,0.0,0.6666666666666667,0.0,0.0,0.0,0.8699007717750826,0.0,0.0,0.770814967645128,0.0,0.0,0.7918882978723405,0.26201448321263987,0.0,0.0,0.16938300349243296,0.5943719972546327,0.6578927856454364,0.7194438618044527,0.0,0.0,0.8221590909090909,1.0,0.7913892587660897,0.9042857142857142,0.24654752233956123,0.0,0.764279743661187,0.14491614255765184,0.3002175489485135,0.7663148506020514,1.0,0.19999999999999996,0.7523015873015872,0.4104513064133015,0.0,0.1850863821138211,0.0368421052631579,0.31218274111675126,0.8148148148148149,0.8125,0.0,0.0,0.0,0.5669515669515669,0.5,0.2500000000000001,1.0,0.9603633360858794,0.0,1.0,1.0,0.5,0.0,0.0,0.43582510578279265,0.2500000000000001,0.0,0.4475138121546962,0.0,1.0,1.0,0.9778761061946902,1.0,0.478454172366621,1.0,0.9818020417221482,0.10522832561217732,0.36363636363636365,0.6264185201997277,1.0,1.0,0.0,0.5714285714285714,0.0,1.0,0.75,0.0,0.5238095238095237,0.5,0.848375451263538,1.0,0.8082778876700834,0.5796491228070177,0.8125,0.0,0.7770961145194275,0.0,0.34615384615384615,0.4545454545454546,0.08333333333333337,0.5416666666666667,0.36557575757575755,0.0,1.0,0.593872870249017,0.045071609098567667,1.0,0.0,0.6778733385457387,0.25,0.0,0.0,0.6666666666666667,0.855092112608661,1.0,0.0,0.0,1.0,0.040506329113924044,0.0,0.0,0.5,0.0,0.9,0.3529411764705882,0.0,0.03864168618266994,0.6000000000000001,1.0,0.0,0.5,0.0,0.75,1.0,0.5,0.759937286728765,0.0,0.8910833421582124,0.3429833169774289,0.15147407658420875,0.7562522014793942,0.5202265372168284,0.38847305389221554,0.8823529411764706,0.5671609245529874,0.8665691532585731,0.3709327548806941,1.0,0.745992745992746,0.10591350397175647,0.0,1.0,0.0,0.0,0.8957209048787136,1.0,0.41663883986070693,0.44999999999999996,1.0,0.0,1.0,1.0,0.0,0.0,0.0,0.0,0.0,0.0,0.8720140142265633,1.0,0.41316174539451456,1.0,1.0,0.7872420643552153,0.7991071428571428,0.13636363636363646,0.0,0.0,0.0,0.0,0.6720425308219518,0.8455353067172302,0.742430613961312,0.1498055324913692,0.0,0.0,0.0,0.0,0.0,0.9071872040408292,0.0,0.0,0.0,0.0,0.0,0.0,0.0,0.0,0.9479782270606532,0.6998715403480089,0.0,0.6454707201980351,0.0,0.0,1.0,0.6666666666666667,0.4722222222222222,1.0,1.0,0.7588315560721687,1.0,0.0,0.0,0.7836379460400349,0.0,0.0,0.0,0.0,0.0,0.0,0.0,0.0,0.0,0.0,0.0,0.0,0.0,0.0,0.0,0.0,0.0,0.0,0.6000000000000001,0.0,0.709828674481515,0.0,0.0,0.36363636363636365,0.0,0.8955223880597015,0.0,0.7777777777777778,0.0,0.0,0.0,0.7121212121212122,0.0,0.08994708994708978,0.0,0.0,0.0,0.350071225071225,0.5038690679997262,0.0,0.0,0.0,0.0,0.0,0.0,0.15384615384615385,0.0,0.6077235772357723,0.33333333333333337,1.0,0.5783132530120483,0.0,0.0,1.0,0.1438356164383563,0.446969696969697,0.0,0.7680776014109347,0.0,0.2202932098765431,0.37435897435897436,0.4918032786885246,0.0,0.2932692307692307,0.0,0.0,0.2500000000000001,0.0,0.0,0.23076923076923073,0.5193953223046206,0.0,0.0,0.0,0.5201949860724234,0.6666666666666666,0.0,0.0,0.0,0.33333333333333326,0.0,0.2515723270440251,0.5714285714285714,0.0,0.0,0.0,1.0,0.5714285714285714,0.4347826086956522,0.0,0.33333333333333337,0.0,0.3203883495145631,0.0,0.0,0.8,0.6666666666666667,0.75,0.0,0.0,0.0,0.7142857142857142,0.0,0.0,0.39784117193523527,0.0,0.9290465631929047,0.33333333333333326,1.0,0.2806666666666666,0.4999999999999999,0.0,0.48951048951048937,0.625,0.0,0.5064935064935064,0.75,0.0,0.7560975609756098,0.5471456061577934,0.6666666666666667,0.0,0.2978723404255321,0.0,0.0,0.0,0.0,0.4900000000000001,0.2857142857142857,1.0,0.3341159896689365,0.0,0.0,0.2284241201524322,0.0,0.11674283340257596,0.0,0.0,0.0,0.0,0.0,0.0,0.0,0.3447488584474886,0.33333333333333337,0.0,0.0,0.0,0.0,0.5,0.0,0.5,0.0,0.0,0.0,0.0,0.0,0.5551401869158878,0.0,0.0,0.0,0.39311043566362713,0.2435897435897436,0.0,0.799281006590773,0.05820328975115985,0.0,0.0,1.0,0.005981247979308102,0.0,0.0,0.5,0.11634575993445273,0.0,0.353631284916201,0.0,0.0,0.0,0.0,0.0,0.0,0.0,0.045038705137227186,0.7955020920502093,0.4619883040935673,1.0,0.0,0.815748031496063,0.33333333333333337,0.9411438968436041,0.9732142857142857,0.5,0.0,0.0,0.0,0.0,0.6534747722018224,0.15299596830251638,0.010928961748634003,0.09769868057686415,0.0,0.0,0.0,0.0,0.0,0.6023637788475379,0.0,0.0,0.0,0.0,0.0,0.0,0.0,0.0,0.8787446504992867,0.0,0.0,0.26622811991985174,0.0,0.0,1.0,0.3571428571428572,0.5954198473282444,0.0,1.0,0.7079743759664237,0.8125,m2
0.0,0.0,0.0,0.0,0.0,0.0,0.0,0.0,0.0,0.0,0.0,0.5366795366795367,0.0,0.681011160885423,0.0,0.0,0.0,0.0,0.0,0.0,0.0,0.0,0.0,0.0,0.657909390027841,0.0,0.0,0.0,0.0,0.0,0.8333333333333334,0.7006835305387982,0.8986522911051213,0.0,0.0,0.0,0.0,0.0,0.0,0.0,0.9094652984066973,0.0,0.0,0.8983178508661813,0.899540757749713,0.5338541666666667,0.0,0.6425156956662788,0.0,0.2405468916898098,0.2284713585949596,0.33333333333333337,0.41501361338000775,0.1250417473782648,0.4617183612539393,0.0,0.0,0.06641967353951883,0.384847101780009,0.5976472656421676,0.3954505038529934,0.2747928994082839,0.0,0.0,0.1578947368421052,0.0,0.0,0.5684430512016719,0.12521499828001392,0.675,0.8520016174686615,0.9726130653266332,0.0,0.5593799728885485,0.5,0.0,0.0,0.0594730005566898,0.0,0.4,0.0,0.6666666666666667,1.0,0.25655574298420514,0.3511897022493825,0.0,0.6329676307915495,0.24609595484477886,0.5714285714285714,0.44067796610169496,0.25,0.055227987421383795,0.5,0.2498472816127062,0.6000000000000001,0.7487665285178606,0.78125,0.0,0.7536864279265724,0.0,0.0,0.0,0.2857142857142857,1.0,0.8095572733661279,0.6428571428571428,1.0,0.0,1.0,0.5711395819285232,1.0,0.5525115653400701,1.0,0.18542336548767424,0.24743677375256323,0.9801871216290589,0.0,0.0,0.0,0.46902654867256655,0.0,0.31901955867602816,0.0,0.8748208313425705,0.0,0.8880597014925373,0.75,0.0,0.795275590551181,0.3065693430656935,0.0,0.33333333333333326,0.0,1.0,1.0,0.0,0.0,0.6666666666666667,0.2605507631055075,0.009187847897525248,0.0,0.463941681853684,0.0,0.8214285714285715,0.42298084929225643,0.0,0.18892746208660693,0.33333333333333337,0.8571428571428572,0.5773793103448275,0.0,0.6666666666666667,0.5,0.9285714285714286,0.5,0.707953216374269,1.0,0.7595736555219943,0.4528735632183907,0.19030428055698834,0.947667972503511,0.0,0.6777012316960425,0.0,0.07388316151202745,0.6918116376724655,0.974150311153662,0.38820988304709725,0.3469927769434312,0.9603542041525989,1.0,1.0,0.8888888888888888,0.15384615384615385,0.0,0.0,0.27871975614402744,0.0,0.28682170542635654,0.0,0.0,0.0,0.0,0.0,0.0,0.0,0.8178436431271374,0.8381168148139586,0.9848755027398508,0.04111064288055433,0.0,0.9691060844320794,1.0,0.6488702658793218,0.751230718739744,0.16000000000000003,0.0,0.0,0.0,0.0,0.0,0.41507053561188223,0.8981331022279998,0.8560152108780825,0.0,0.0,0.0,0.0,0.0,0.0,0.0,0.0,0.0,0.0,0.0,0.0,0.6911764705882353,0.7495271548230209,0.8728076585793627,0.0,0.9347826086956522,0.0,0.809158757199643,0.9375,0.0,0.0,0.8073886203761306,0.0,0.0,0.0,0.0,0.0,0.0,0.0,0.0,0.0,0.0,0.0,0.0,0.0,0.0,0.0,0.8,0.0,0.8003170106569539,0.0,0.0,0.0,0.0,0.0,0.0,0.0,0.0,0.0,0.0,0.7146867871556414,0.0,0.0,0.0,0.0,0.0,0.6666666666666667,0.6107893692978976,0.7608247422680412,0.25,0.0,0.0,0.0,0.0,0.0,0.0,0.9610215053763441,0.0,0.0,0.6748170326014638,0.9087353324641461,0.6160714285714284,0.29606346355336033,0.7763689368128974,0.0,0.0,0.0,0.0,0.9733828536056949,0.0,0.46926360725720384,0.0,0.0,0.14491614255765184,0.8413307741522713,0.8161490999949008,0.314151190164792,0.5714285714285714,0.04063419728472406,0.0,0.07251264755480591,0.0,0.16473988439306364,0.7459874389392882,0.0,0.8189655172413793,0.9615384615384616,0.86874769571095,0.0,0.556084885231702,1.0,0.0,1.0,0.0,1.0,0.5,0.0,1.0,1.0,0.4502791968634906,0.5066469719350074,0.5,1.0,0.0,0.5,0.3392857142857143,0.6000000000000001,0.0,1.0,0.4666292765002804,1.0,0.9633333333333334,0.8982149639194835,0.0,0.6825273010920437,0.0,0.0,0.0,0.5714285714285714,1.0,0.8042584434654919,0.75,1.0,0.0,0.5,0.8238341968911918,1.0,0.6080067854113655,0.975517890772128,0.0625,0.7576443941109853,1.0,0.0,0.0,0.4545454545454546,1.0,0.5416666666666667,0.6308300395256916,0.0,0.8928571428571428,0.1298545923062765,0.0,1.0,0.0,0.8012486992715921,1.0,0.0,0.33333333333333337,0.6666666666666667,0.9664096495915718,1.0,0.0,0.0,1.0,0.8701223063482819,0.0,0.0,0.5027365129007036,0.0,0.9,0.8823529411764706,0.46153846153846145,0.7442489851150202,0.6000000000000001,1.0,0.0,0.5,0.8571428571428572,1.0,1.0,1.0,0.9156675472464946,1.0,0.7088621687820085,1.0,0.8412371134020619,0.8054267161410018,0.0,0.8163912756113682,0.0,0.5040530582166545,0.8122319597240351,0.9370932754880694,0.7648921914971373,0.7085801320020308,1.0,1.0,1.0,0.7513043478260869,0.0,0.0,0.0,0.4591760299625468,0.44999999999999996,0.13333333333333341,0.0,0.0,1.0,0.0,0.0,0.0,0.0,0.854220600769482,0.9894453177633057,1.0,0.15546875000000004,0.0,0.9048603929679421,1.0,0.7727690977869897,0.2983988355167394,0.13636363636363646,0.0,0.0,0.0,0.0,0.09745415334165453,0.5283626631297222,0.9288090014860944,0.4605626445787627,0.0,0.0,0.0,0.0,0.0,0.0,0.0,0.0,0.0,0.0,0.0,0.0,0.5,0.7258335080729713,0.9413450515857853,0.0,0.9190915542938254,0.0,0.4567262253026688,1.0,0.0,0.0,0.7871674491392802,0.5,0.0,0.0,0.0,1.0,0.0,0.0,0.0,0.0,0.0,0.0,0.0,0.0,0.0,0.0,0.96,0.0,0.7522026431718063,0.0,0.0,0.0,0.0,0.0,0.0,0.0,0.0,0.0,0.0,0.46820809248554907,0.0,0.0,0.0,0.0,0.0,0.7777777777777778,0.8237704918032787,0.6340533672172808,0.0,0.0,0.0,0.28042328042328046,0.0,0.0,0.0,0.9640287769784173,0.0,0.0,0.2418016275884295,0.3058234421364987,0.0,0.1681717840658239,0.5570308990166226,0.15384615384615385,0.0,0.18360433604336024,0.6666666666666667,0.46153846153846156,0.8545454545454545,0.0,0.0,0.25,0.05882352941176461,0.446969696969697,0.0,0.7853191489361703,0.9010989010989011,0.31311329170383595,0.0,0.09836065573770503,0.8052287581699346,0.0,0.0,0.6546546546546548,0.2500000000000001,0.8571428571428572,0.7458715596330274,0.0,0.5193953223046206,0.2857142857142858,0.0,0.0,0.0,0.0,0.6,0.0,0.5,0.0,0.6995305164319249,0.2515723270440251,0.0,0.8026109148017275,0.27281947261663286,0.6,0.21052631578947367,1.0,0.0,0.0,0.5,0.0,0.41176470588235303,0.6666666666666667,0.5,0.36,0.6000000000000001,0.0,0.0,0.0,1.0,0.2857142857142857,0.0,0.5,0.2135179153094463,1.0,0.43472641102972853,0.0,1.0,0.6906063618290258,0.33333333333333337,0.0,0.07933740191804695,0.0,0.2811906269791006,0.0,0.0,0.0,0.04878048780487809,0.012152777777777679,0.0,0.1374095989480606,0.8911290322580645,0.0,0.0,0.39072847682119205,0.5714285714285714,0.4900000000000001,0.4285714285714285,1.0,0.7715250422059652,0.0,0.0,0.0,0.0,0.0,0.25778863775198524,0.0,0.0,0.0,1.0,0.18181818181818177,0.0,0.1187214611872146,0.33333333333333337,0.0,0.0,0.0,0.5,0.0,0.5,0.5,0.12633032740271344,0.25,0.918918918918919,0.26923076923076916,0.0,0.23809523809523803,0.0,0.0,0.0,0.39311043566362713,0.20667209113100082,0.38786489987047934,0.0,0.3083475298126065,0.8802508751458576,1.0,1.0,0.33333333333333326,0.0,0.2509370684553166,0.5,0.0,0.0,0.3979274611398964,0.0,0.4,0.0,0.0,0.0,0.0,0.0,0.7083333333333334,0.838805322533989,0.9095477386934674,0.4482758620689655,0.8303918790096101,0.6244665718349929,0.33333333333333337,0.382316978904614,0.7272727272727273,1.0,0.0,0.0,0.0,0.0,0.0,0.6622343006891196,0.004424778761061843,0.08659598268566693,0.0,0.0,0.0,0.0,0.0,0.0,0.0,0.0,0.0,0.0,0.0,0.0,0.5555555555555556,0.7272727272727273,0.8864915572232646,0.0,0.948051948051948,0.5139242459307258,0.8202080237741456,0.9,0.0,0.3571428571428572,0.8266809536565765,0.0,0.0,0.0,0.0,m2
0.5714285714285714,0.0,0.0,0.0,0.0,0.0,0.0,0.10526315789473684,0.3874400166910076,0.0,0.6514026272266641,0.5687393040501997,0.0,0.680462088165019,0.4,0.0,0.0,0.0,0.0,0.0,0.0,0.0,0.0,0.0,0.0,0.649746192893401,0.0,0.0,0.0,0.0,0.8333333333333334,0.0,0.0,0.33333333333333326,0.0,0.0,0.4750626915575369,0.0,0.8378152384774902,0.0,0.22641084791537724,0.0,0.341120785663663,0.48279672509920135,0.45395808448257136,0.7984420642648491,0.0,0.585822133181197,0.9669534610872116,0.9569823020281617,0.8179364657994868,0.6666666666666667,0.031136065334694374,0.0,0.0,0.0,0.0,0.041832449160035146,0.3306511283758786,0.5280573345532174,0.49960564367715354,0.9031422855125338,0.5907060771817132,0.0,0.0,0.7406454043194375,0.4244984160506864,0.14682822523164663,0.0862877997914493,0.3287671232876712,0.0662576687116565,0.0,0.0,0.0,0.0,0.0,0.0,0.0,0.0,0.4,0.5,0.0,1.0,0.0,0.0,0.0,0.39015323238734256,0.24609595484477886,0.0,0.0,0.0,0.6509376273950265,0.5,0.6494504586397818,0.6000000000000001,0.0,1.0,0.21999999999999997,0.6552631578947369,0.0,0.0,0.0,0.5714285714285714,0.515897435897436,0.8329683456101931,0.6428571428571428,0.18181818181818188,0.03745829542007861,0.5714285714285714,0.0,0.0,0.875,0.9079016221873365,0.20128824476650564,0.15579662789177884,0.4482758620689655,0.9166666666666666,0.5712440461774441,0.09061488673139151,0.4626865671641792,1.0,0.0,0.7622304050499736,0.9641357027463651,0.052150045745654294,0.47106227106227105,0.75,0.0,0.7952646239554317,0.3065693430656935,0.0,0.33333333333333326,0.0,0.6840620592383639,0.875,0.0,0.7274266114303533,0.6666666666666667,0.42594204700907856,0.4539279649655912,0.0,0.0,0.0,0.697986577181208,1.0,0.69548584544759,0.0,0.33333333333333337,0.8571428571428572,1.0,0.25,0.0,0.5,0.9285714285714286,0.0,0.9335057657075115,1.0,0.41135043772211155,0.0,0.4336031308369652,0.15549029205416875,0.0,0.6329756658363672,0.0,0.49642601858470337,0.0,0.5155173718870638,0.38820988304709725,0.9971722655808166,0.0,1.0,0.0,0.5777777777777778,0.0,0.7745124231899546,0.5,0.0501135503406509,1.0,0.6200312989045385,0.0,0.0,0.0,0.0,0.0,0.0,0.0,0.0,0.28748768059720264,0.0,0.04588659455916089,0.9872542522641926,0.0,0.0,0.6445475804405616,0.9507712504102396,0.16000000000000003,0.0,0.0,0.07692307692307698,0.0,0.5128782195548887,0.0,0.7266137144046338,0.5308692958909766,0.0,0.0,0.0,0.0,0.0,0.0,0.0,0.0,0.0,0.0,0.0,0.8685433033199035,0.7,0.0,0.0,0.23937312532169042,0.0,0.13948990452588628,0.7890276011004941,0.0,1.0,0.13636363636363635,0.0,0.5,1.0,0.8851230302365545,0.0,0.0,0.0,0.0,0.0,0.0,0.0,0.0,0.845108695652174,0.4213154871897318,0.0,0.8660235798499465,0.8,0.0,0.8003170106569539,0.5,0.0,0.0,0.0,0.0,0.0,0.0,0.0,0.0,0.0,0.0,0.9444822116474054,0.0,0.0,0.0,0.0,0.6666666666666667,0.0,0.0,1.0,0.0,0.0,0.6843135213906526,0.0,0.8870385303088735,0.0,0.2698550365506134,0.0,0.5405173890697276,0.3834995466908432,0.9083163220023076,1.0,0.6462336078072585,0.7782522884268553,1.0,0.9805216242984484,0.9553008595988539,1.0,0.63818359375,0.6373809523809524,0.0,0.0,0.0,0.14491614255765184,0.8513263417643431,0.7926014784074699,0.2900552486187845,0.9428571428571428,0.0,0.0,0.2100271002710028,0.976721629485936,0.8473684210526315,0.31218274111675126,0.6296296296296297,0.4568965517241379,0.5820895522388061,0.1862900280043832,0.0,0.0,0.5,0.0,1.0,0.0,1.0,0.5,1.0,0.5,1.0,0.045702245150039955,0.18316100443131456,0.5,0.5655452436194895,0.0,0.0,0.0,0.0,0.9777397260273972,1.0,0.8797216699801192,1.0,0.5236270753512133,0.11519607843137258,0.36363636363636365,0.5959510754955715,1.0,0.0,0.0,0.8571428571428571,0.0,0.8053822152886115,0.75,0.33333333333333326,0.0,0.5,0.0,1.0,0.8370365585841623,0.976632452500546,0.0625,0.7576443941109853,0.7770961145194275,0.3653846153846154,0.5192307692307692,0.0,0.08333333333333337,0.9583333333333334,0.0,0.20603576751117725,1.0,0.593872870249017,0.7475192943770672,1.0,0.0,1.0,0.0,0.0,0.33333333333333337,0.6666666666666667,0.8649813272048261,1.0,0.0,0.7397757776725091,1.0,0.9606872451951077,0.7560975609756098,0.0,0.0,0.0,0.9,0.8823529411764706,0.9019908116385911,0.3667117726657646,0.6000000000000001,1.0,0.5454545454545454,0.0,0.0,1.0,1.0,1.0,0.9440488301119023,1.0,0.7028130334743561,0.2559153175591531,0.830735343951203,0.43333333333333335,0.0,0.789282250242483,0.0,0.7962170682278766,0.0,0.8973727422003284,0.7239307681304534,0.9818649818649818,0.13301262778111855,1.0,0.0,0.2784491440080564,0.0,0.6405437824870053,1.0,0.6020320999865127,0.44999999999999996,0.0,0.0,1.0,1.0,0.0,0.0,0.0,0.0,0.0,0.8061828206796147,0.0,0.9041943616777447,0.9922240838596039,0.0,0.0,0.7534438684939289,0.8603053435114504,0.13636363636363646,0.0,0.0,0.10526315789473684,0.0,0.3059868655500686,0.0,0.7645078850589042,0.6163036714374611,0.0,0.0,0.0,0.0,0.0,0.0,0.0,0.0,0.0,0.0,0.0,0.9346022449975597,0.5,0.0,0.0,0.7013256484149857,0.0,0.9320338199711824,0.5040050951669404,0.0,0.25,1.0,0.0,1.0,1.0,0.9460665362035225,0.0,0.0,0.0,0.0,0.0,0.0,0.0,0.9333333333333333,0.7142857142857143,0.2338726623240175,0.0,0.4366578793204453,0.96,0.0,0.6905202630853451,0.33333333333333326,0.0,0.0,0.0,0.0,0.0,0.0,0.0,0.0,0.0,0.0,0.09166666666666667,0.0,0.0,0.0,0.0,0.7777777777777778,0.0,0.0,0.8181818181818181,0.0,0.0,0.0,0.0,0.9692603266090298,0.0,0.6271186440677966,0.0,0.40986547085201785,0.5185185185185184,0.0,0.6689214580984593,0.0,0.6341374166127172,0.7692307692307692,0.75,0.9239864864864865,0.6666666666666667,0.20512820512820518,0.0,0.1646803900325028,0.0,0.0,0.25356633380884475,0.3846153846153847,0.0,0.78125,0.8095238095238095,0.7377701934015928,0.0,0.0,0.854679802955665,1.0,0.0,0.6546546546546548,0.0,0.0,0.14724770642201834,0.23076923076923073,0.0,0.0,0.0,0.0,0.0,0.0,0.6,0.0,0.0,0.0,0.0,0.17924528301886788,0.0,0.5380281690140845,0.5162561576354681,0.0,0.0,1.0,0.4347826086956522,0.0,0.7777777777777778,0.0,0.0,0.0,0.0,0.5,0.33333333333333337,0.0,0.0,0.0,0.25,0.2857142857142857,0.0,0.5,0.290143369175627,0.0,0.0,0.0,1.0,0.30409356725146186,0.33333333333333337,0.0,0.29639175257731953,0.0,0.8571428571428571,0.5714285714285714,0.75,0.8,0.31707317073170727,0.8703471350899206,0.6666666666666667,0.0,0.0,0.0,0.0,0.7834394904458599,0.5714285714285714,0.15388983532084044,0.4285714285714285,0.33333333333333337,0.3341159896689365,0.0,0.0,0.0,0.0,0.336309108662296,0.0,0.0,0.5396825396825395,0.0,0.0,0.18181818181818177,0.41666666666666663,0.0,0.33333333333333337,0.0,0.0,0.6666666666666666,0.0,0.0,0.5,0.0,0.0,0.25,0.05533371363377082,0.0,0.3111841520831482,0.0,0.0,0.0,0.0,0.0,0.0,0.38786489987047934,0.0,0.7021276595744681,0.6341463414634145,0.0,0.0,0.6893903024483918,0.0,0.32688108000794114,0.0,0.0,1.0,0.7868325973504616,0.0,0.0,0.0,0.0,0.0,0.0,0.0,0.045038705137227186,0.5557410498979781,0.0,0.4469827586206896,0.9580816582499918,0.0,0.0,0.35315413828262376,0.8506787330316742,0.0,0.0,0.0,0.0,0.0,0.0,0.0,0.0,0.5364626990779549,0.0,0.0,0.0,0.0,0.0,0.0,0.0,0.0,0.0,0.0,0.0,0.8935361216730038,0.5555555555555556,0.0,0.0,0.0,0.0,0.0,0.5055224440461801,0.0,1.0,0.0,0.0,0.0,1.0,0.8675887209177656,0.0,m2
0.0,0.0,0.0,0.9720223820943246,0.0,0.7070504855262553,0.0,0.0,0.3842251840063656,0.0,0.0,0.0,0.0,0.0,0.4,0.6333978546656989,0.0,0.0,0.33333333333333326,0.0,0.0,0.0,0.0,0.0,0.06845417017354005,0.0,0.47829398324447836,0.0,0.0,0.0,0.0,0.0,0.0,0.0,0.0,0.0,0.4855494839101395,0.0,0.0,0.0,0.08686868686868687,0.46314381270903016,0.0,0.0,0.4531037113739168,0.05355404089581306,0.12824547600314695,0.6021134389150075,0.315717952589461,0.0,0.1395634288747346,0.0,0.26154972097703766,0.5627954845141993,0.0,0.0,0.0,0.047020739602765205,0.7885755727144746,0.554092276649792,0.5603407477520114,0.24736369755440868,0.0,0.0,0.1578947368421052,0.38592473384501136,0.4244984160506864,0.5547329455314649,0.948295894655306,0.9313725490196079,0.8503841488071169,0.7303163017031631,0.8,0.0,0.8571428571428572,0.5666666666666667,0.0,0.1305446378439079,0.6666666666666667,0.4,1.0,0.0,1.0,0.25515574650913,0.8202166064981949,0.44444444444444453,0.0,0.1975468805283641,0.5714285714285714,0.0,0.25,0.7561388653683319,0.5,0.545815516188149,0.6000000000000001,0.7381479840496235,0.9375,0.1043689320388349,0.7536864279265724,0.747093023255814,0.2941176470588235,0.3807574206755373,0.5714285714285714,0.8866666666666667,0.973918197984588,0.6428571428571428,1.0,0.2700067704807041,0.66,0.4832308552263834,0.75,0.0,0.6063401939910102,1.0,0.19862737182075096,0.4488517745302715,0.0,0.0,0.009763424708974844,0.0,0.5,0.6514612954186414,0.3668633762517882,0.7915039825081993,0.7659748639668706,0.43298585256887556,0.75,0.0,0.0,0.0,0.8939729057229748,0.0,0.0,0.6050775740479548,0.875,0.0,0.0,0.6666666666666667,0.7425044091710759,0.0,0.5,0.14799790630724952,0.0,0.8214285714285715,0.4736842105263158,0.6323641928079572,0.0,0.33333333333333337,0.8571428571428572,1.0,0.25,0.0,0.5,0.9285714285714286,0.5,0.09122934888241008,0.0,0.679975922953451,0.0,0.1304842224959728,0.5356497288612172,0.7222222222222222,0.5383994348572005,0.8333333333333334,0.0,0.4322474032105761,0.4862318251969783,0.0,0.0,0.0,1.0,0.0,0.0,0.15384615384615385,0.7845303867403315,0.8333333333333334,0.30883322346736974,0.0,0.0,0.0,0.0,0.0,0.0,0.0,0.0,0.0,0.09651474530831106,0.04244290702465903,0.0,0.0,0.90346027620537,0.6963618390915447,0.0,0.6317393247470848,0.9977876106194691,0.76,0.0,0.0,0.0,0.6329161413327593,0.3974670908977478,0.7809308250494756,0.9556416123921845,0.0,0.0,0.0,0.0,0.0,0.0,0.6751326266622374,0.0,0.0,0.0,0.0,0.0,0.0,0.0,0.0,0.0,0.0,0.0,0.0,0.0,0.0,1.0,1.0,0.0,0.5,0.0,0.0,0.8125,0.0,0.0,0.0,0.9308919078558772,0.0,0.6714285714285715,0.0,0.0,0.4215754792332269,0.0,0.0,0.0,0.0,0.0,0.5,0.7028421209265413,0.0,0.0,0.5,0.0,0.0,0.0,0.0,0.0,0.3853532404704312,0.0,0.6000000000000001,0.0,0.48170066967762015,0.0,0.0,0.0,0.0,0.0,0.0,0.0,0.6101694915254237,0.0,0.0,0.0,0.0,0.2626122373414793,0.0,0.0,0.659129937034917,0.01098146877144801,0.05772632255989696,0.7707336419992585,0.34037558685446023,0.0,0.08653295128939842,1.0,0.0,0.7247386759581882,0.03141361256544495,0.0,0.0,0.15859609609609604,0.9079916356032367,0.8428580999598017,0.713472976467546,0.5714285714285714,0.0,0.0,0.12850812407680945,0.0,0.725,0.745724907063197,1.0,1.0,0.9643817204301075,0.8210862619808307,0.39047619047619064,0.0,0.75,0.2500000000000001,1.0,0.8624813153961136,1.0,0.5,0.0,0.5,1.0,0.45604435164518686,0.8885754583921015,0.75,0.0,0.5552486187845305,1.0,0.0,0.6000000000000001,0.9965753424657534,1.0,0.8299559471365638,1.0,0.9818020417221482,0.953310371220819,0.36363636363636365,0.5959510754955715,1.0,0.36363636363636365,0.4375,0.8571428571428571,1.0,1.0,0.75,0.0,0.5238095238095237,0.5,0.8636363636363636,1.0,0.45115872321818973,0.5485875706214689,0.9375,0.73,0.7455919395465995,0.14540059347181,0.0,0.4545454545454546,0.0,0.5833333333333333,0.9392369288742346,0.41383928571428563,0.8571428571428572,0.5018020969855832,0.5371762740183793,1.0,0.0,0.0,0.25,0.9379519477490086,0.33333333333333337,0.6666666666666667,0.30548902195608796,1.0,0.0,0.0,1.0,0.0,0.0,1.0,0.2165748976422418,0.0,0.9,0.8235294117647058,0.6875957120980092,0.3667117726657646,0.8,1.0,0.6774193548387096,0.0,0.0,1.0,1.0,1.0,0.7386649874055415,0.0,0.9168853893263342,0.22458791208791207,0.15147407658420875,0.950207468879668,0.9583333333333334,0.0,0.8823529411764706,0.7023346303501945,0.6382621666977438,0.8973727422003284,0.6635777598710717,0.0,0.09452736318407962,1.0,0.0,0.21580928481806771,0.0,0.6523520647083865,1.0,0.545628505443748,0.44999999999999996,1.0,0.0,0.0,1.0,0.0,0.0,0.0,0.0,0.5046153846153847,1.0,0.0,1.0,0.9505781799899446,0.36711478800413655,0.0,0.832386586225809,0.9662921348314607,0.8181818181818182,0.0,0.0,0.0,0.46478873239436613,0.2837584699706298,0.8272801420141054,0.9442809083263246,0.02089534106784907,0.0,0.0,0.0,0.0,0.0,0.746558373560136,0.0,0.0,0.0,0.0,0.0,0.0,0.0,0.0,0.0,0.0,0.0,0.0,0.0,0.0,0.75,0.6666666666666667,0.0,1.0,0.0,0.0,0.8087431693989071,0.0,0.0,0.0,0.9411764705882353,0.0,0.593969592436438,0.0,0.0,0.703658832081415,0.0,0.0,0.0,0.0,0.0,0.33333333333333326,0.48583106267029974,0.0,0.0,0.6666666666666667,0.0,0.0,0.0,0.0,0.0,0.0,0.0,0.0,0.0,0.6292134831460674,0.0,0.0,0.0,0.0,0.0,0.0,0.0,0.36111111111111116,0.4516599781101788,0.0,0.0,0.0,0.543889021765128,0.0,0.0,0.2909057706355004,0.24931399451195602,0.2353212065392587,0.5066841170421614,0.3076923076923076,0.0,0.09285714285714286,0.0,0.0,0.4568965517241379,0.09666901093280489,0.0,0.0,0.0685563612392881,0.5984848484848485,0.017078604009759135,0.18765957446808512,0.09523809523809523,0.31783276450511944,0.0,0.0,0.7701149425287357,1.0,0.0,0.5555555555555556,0.75,0.10000000000000009,0.7458715596330274,0.8064516129032259,0.0,0.7142857142857143,0.4925373134328359,0.0,0.04038997214484685,0.6666666666666666,0.6,0.0,0.0,0.0,0.07502799552071682,0.6729559748427674,0.4285714285714285,0.09009009009009028,0.20142036869144775,0.3999999999999999,0.0,0.5714285714285714,0.5652173913043479,0.0,0.33333333333333337,0.0,0.13541666666666652,1.0,0.0,0.8,1.0,0.5,0.0,0.0,0.0,0.7142857142857142,0.0,0.0,0.3643322475570032,0.0,0.5297937356760887,0.33333333333333326,0.0,0.2564102564102564,0.875,0.0,0.34838709677419366,0.0,0.2917888563049855,0.1986062717770034,0.25,0.19999999999999996,0.46341463414634154,0.0,0.4444444444444444,0.7846858638743456,0.0,0.0,0.0,1.0,0.0,0.52,0.0,0.6666666666666667,0.6976177077471394,0.0,0.0,0.0,0.0,0.6314955640050697,0.3501144164759725,0.0,0.2727272727272727,0.0,0.0,0.36363636363636365,0.5,0.08565737051792799,0.0,0.0,0.6370967741935484,0.6666666666666666,0.0,0.0,0.5,0.5,0.0,0.0,0.0,0.0,0.0,0.25773195876288646,0.5555555555555556,0.0,0.0,0.0,0.12948717948717947,0.3670886075949368,0.0,0.05820328975115985,0.0,1.0,0.0,0.16666666666666652,0.375,0.38104176442984505,0.0,0.32392638036809807,0.0,0.0,0.0,0.4,0.0,0.0,0.0,0.0,0.0,0.04166666666666674,0.008543773319634518,0.0,0.22413793103448276,0.0,0.44955752212389377,0.0,0.45338345864661644,0.7872968980797637,0.41666666666666663,0.0,0.0,0.0,0.6562186727260576,0.22019664072101608,0.7981170532854508,0.8907103825136612,0.08610962501823838,0.0,0.0,0.0,0.0,0.0,0.41454475645299227,0.0,0.0,0.0,0.0,0.0,0.0,0.0,0.0,0.0,0.0,0.0,0.6840890734971732,0.0,0.0,1.0,0.3571428571428572,0.0,0.0,0.0,0.0,0.75,m2
0.0,0.0,0.0,0.0,0.0,0.0,0.0,0.7596191987306624,0.3842251840063656,0.0,0.6514026272266641,0.783677482792527,0.0,0.7099438737689292,0.4,0.0,0.0,0.0,0.0,0.0,0.0,0.0,0.0,0.0,0.0,0.0,0.0,0.0,0.0,0.0,0.0,0.0,0.0,0.0,0.0,0.0,0.4750626915575369,0.0,0.0,0.0,0.0,0.4371348808354443,0.44537250384024585,0.4159582095667316,0.4541359096830221,0.0,0.6192990878540565,0.34207992296581624,0.37726053474084975,0.6940661478599222,0.0,0.33333333333333337,0.4188732394366197,0.0,0.5084155873794718,0.0,0.0,0.1493276716206653,0.5104707835681002,0.792616226071103,0.0,0.2103432802333406,0.9254477301124531,0.48173306407196625,0.9382716049382716,0.29421281891723705,0.49572649572649563,0.9201320132013201,0.8027195720017833,0.2535991140642303,0.0,0.49493180980464424,0.8648648648648649,0.6205392102024835,0.0,0.4545454545454545,0.0,0.06762787504291112,0.0,0.0,0.5,0.6666666666666667,1.0,0.0770805985823052,0.33438908515044463,0.44444444444444453,0.0,0.43160865475070564,0.1428571428571428,0.0,0.0,0.0,0.5,0.0,0.6000000000000001,0.0,0.78125,0.0851648351648352,0.735166872682324,0.3066132264529058,0.0,0.027131782945736482,0.5714285714285714,0.9364102564102564,0.0,0.6428571428571428,1.0,0.0,0.0,0.5708502024291497,0.33333333333333337,0.4604715672676837,0.8754448398576512,1.0,0.8115865001328727,0.0,0.0,0.5363270984696242,0.864696734059098,0.0,0.0,0.055416963649323026,0.23322383857343976,0.7893020221787345,0.0,0.0,0.75,0.0,0.9310938845822567,0.3065693430656935,0.0,0.11111111111111105,0.0,0.75,0.0,0.0,0.6381080475229769,0.6666666666666667,0.19980297004414926,0.9048800661703887,0.0,0.8162438072361506,0.6666666666666667,0.8466981132075472,0.0,0.8634674922600619,0.18892746208660693,0.0,0.8571428571428572,1.0,0.0,0.0,0.5,0.9285714285714286,0.5,0.17298698522141165,0.0,0.6672436174816097,0.0,0.6188560288688871,0.4882358780899432,0.4722222222222222,0.6739347385611032,0.8333333333333334,0.372226885717712,0.4751017244720016,0.0,0.18483829650976635,0.2726262212601651,0.6100070193910678,0.0,1.0,0.05054479418886204,0.0,1.0,0.0,0.4406109805597095,0.0,0.0,0.75,0.0,0.0,0.0,0.0,0.0,0.0,0.6906246709333208,0.7056768784930656,1.0,0.0,0.7558940500636844,0.9840137437215585,0.9624726362973002,0.5705168147803099,0.7708237459733088,0.76,0.0,0.0,0.0,0.9394535814891811,0.0,0.43222592764574264,0.0,0.23362436866215108,0.0,0.0,0.0,0.0,0.0,0.0,0.0,0.0,0.0,0.0,0.0,0.0,0.19999999999999996,0.0,0.0,0.14728653726195284,0.0,0.14278047644790992,0.0,0.0,0.23115577889447236,0.9130434782608696,0.8018486177961408,0.5,0.0,0.0,0.8125,0.0,1.0,0.0,0.0,0.0,0.0,0.0,0.845108695652174,0.36274509803921573,0.0,0.875,0.8,0.0,0.7360807317558162,0.5,0.0,0.0,0.0,0.0,0.0,0.0,0.0,0.0,0.0,0.0,0.0,0.0,0.0,0.0,0.0,0.0,0.0,0.0,0.25,0.0,0.0,0.7080818542194922,0.0,0.0,0.0,0.0,0.13827379194961098,0.46630642085187524,0.7174203113417346,0.906396255850234,0.09009483667017892,0.9060366648768888,0.7215739179314222,0.3635346756152127,0.8909313725490196,0.3170603674540683,1.0,0.9732587064676617,0.0,0.0,0.0,0.0,0.14491614255765184,0.6632879621585095,0.7944358077471175,0.0,0.0,0.9266505406943654,0.7961302501179802,0.21088435374149672,0.7810300111152279,0.8473684210526315,1.0,1.0,0.4374999999999999,0.0,0.7577534039334342,0.8,0.7750692520775623,0.5,0.2500000000000001,1.0,0.03960905349794219,1.0,1.0,1.0,1.0,1.0,0.0,0.5066469719350074,0.75,0.0,0.5179063360881542,0.0,0.0,0.0,0.14632983794089605,1.0,0.0,1.0,0.0,0.8880429914912673,0.36363636363636365,0.5959510754955715,0.8571428571428572,0.36363636363636365,0.0,0.8571428571428571,1.0,0.0,0.75,1.0,0.1428571428571428,0.0,0.9352226720647774,1.0,0.6212795875322241,0.4319148936170213,0.6875,0.9511477339611536,0.4604700854700855,0.0,0.0,0.8181818181818182,0.75,0.5416666666666667,0.2956508086041767,0.3071585098612125,0.8571428571428572,0.11557994757536039,0.06908171861836565,1.0,0.0,0.9270486342438374,0.0,0.0,0.0,0.6666666666666667,0.643407893732346,1.0,0.0,0.6546943919344675,1.0,0.8701223063482819,0.75,0.0,0.5027365129007036,1.0,0.9,0.3529411764705882,0.9019908116385911,0.7442489851150202,0.0,1.0,1.0,0.5,0.0,1.0,1.0,1.0,0.5894125242091672,0.0,0.922184405940594,0.029088913282107498,0.8064746914684314,0.09123205911610055,0.39522653721682854,0.38847305389221554,0.8823529411764706,0.5671609245529874,0.6484641638225257,0.3709327548806941,0.8084866691701089,0.5676065676065676,0.9309355692850838,0.4406546644844518,1.0,0.0,0.0,1.0,0.0,0.43786671754996886,0.44999999999999996,0.6511627906976745,0.6666666666666666,0.0,1.0,0.0,0.0,0.0,0.0,0.5379211854528143,0.0,0.9979354641382474,0.632682837862484,0.34295944578500814,0.8841698841698842,0.9850746268656716,0.46042832693464086,0.2786624203821656,0.8181818181818182,0.0,0.0,0.0,0.9436619718309859,0.033772856788370054,0.8489633065066158,0.0,0.2603896103896104,0.0,0.0,0.0,0.0,0.0,0.0,0.0,0.0,0.0,0.0,0.0,0.0,0.5,0.0,0.0,0.780607476635514,0.0,0.9344703166670402,0.0,0.0,0.5416666666666667,1.0,0.7871674491392802,1.0,0.0,0.0,0.7741935483870968,1.0,0.0,0.0,0.0,0.0,0.0,0.0,0.7142857142857143,0.2338726623240175,0.0,0.526849702230746,0.0,0.0,0.7531287175826791,0.33333333333333326,0.0,0.0,0.0,0.0,0.0,0.0,0.0,0.0,0.0,0.0,0.0,0.0,0.0,0.0,0.0,0.0,0.0,0.0,0.0,0.0,0.0,0.0,0.0,0.0,0.0,0.0,0.4861351264809479,0.30059999999999987,0.39142695995487864,0.32737762888516664,0.1190082644628101,0.43112272677774144,0.0,0.3076923076923076,0.7641759406465289,0.39634146341463417,0.33333333333333337,1.0,0.8493975903614458,0.0,0.0,0.0,0.1438356164383563,0.5734870317002883,0.4411434077404851,0.0,0.2857142857142857,0.3946759259259258,0.26437744276940256,0.0,0.18508092892329342,1.0,0.923469387755102,0.0,0.0,0.0,0.6057339449541284,0.3076923076923077,0.32943525385054195,0.0,0.5952380952380952,0.0,0.4220055710306406,0.0,0.0,0.0,0.5,0.0,0.0,0.2515723270440251,0.4285714285714285,0.0,0.2976680384087791,0.19999999999999996,0.0,1.0,0.0,0.0,1.0,0.0,0.0,0.6666666666666667,0.0,0.5,0.0,0.5,0.0,0.0,1.0,0.0,0.0,0.5,0.0,0.10909090909090913,0.4437742352434296,0.16666666666666663,0.0,0.2806666666666666,0.0,0.728101116990006,0.0,0.0,0.0,0.0,0.25,0.0,0.0,0.0,0.4444444444444444,0.12590639419907723,0.2978723404255321,0.0,0.0,0.6693548387096774,0.5714285714285714,0.26923076923076916,0.2857142857142857,1.0,0.5443181818181819,0.0,0.0,0.2284241201524322,0.0,0.19123630672926428,0.0,0.0,0.07192575406032486,0.0,0.0,0.0,0.6666666666666666,0.1187214611872146,0.6666666666666667,0.0,0.0,0.0,0.0,0.0,0.5,0.5,0.22942286420717017,0.0,0.0,0.0,0.8182622687047466,0.0,0.7777777777777778,0.0,0.0,0.3971631205673758,0.1468689477081988,0.0,0.0,0.0,0.3405031688112157,0.0,1.0,0.005981247979308102,0.0,0.8730641050774358,0.5,0.8074834037417018,0.0,0.0,0.8,0.4,0.0,0.0,0.0,0.0,0.0,0.0,0.7955020920502093,1.0,1.0,0.0,0.8162631905648665,0.6666666666666667,0.7503040834057342,0.6883116883116883,0.6666666666666666,0.0,0.0,0.5,0.9333772182451521,0.0,0.4941278618105379,0.0,0.5935539392593414,0.0,0.0,0.0,0.0,0.0,0.0,0.0,0.0,0.0,0.0,0.0,0.0,0.5555555555555556,0.0,0.0,0.0,0.0,0.05786170655173706,0.0,0.0,0.5,0.0,0.8313047711781889,0.0,0.0,0.0,0.75,m2
0.0,0.0,0.0,0.0,0.0,0.0,0.0,0.0,0.0,0.0,0.651779593988927,0.8537095088819227,0.0,0.0,0.0,0.5989026232236985,0.0,0.0,0.0,0.0,0.0,0.0,0.7001684944869786,0.0,0.0,0.7264339152119701,0.0,0.0,0.0,0.0,0.0,0.0,0.0,0.33333333333333326,0.7988879464706437,0.8644825793031722,0.0,0.765895560931851,0.8378152384774902,0.0,0.0,0.9679729100966757,0.0,0.0,0.5097061347061347,0.2591496426766766,0.0,0.9264439850109834,0.0,0.47912621359223295,0.5038451527412979,0.0,0.0547882557395043,0.0,0.461923700103108,0.0,0.0,0.0,0.7131332505923502,0.0,0.39046020218240207,0.21269136379572284,0.5716113790727434,0.5278992219340497,0.2049364248317127,0.2931571731272591,0.8837606837606837,0.7841127482383088,0.12119635890767233,0.624113475177305,0.028673835125447966,0.0,0.8571428571428572,0.9296020011613884,0.0,0.0,0.0,0.05798749289368976,0.0,0.0,0.0,0.0,1.0,0.0,0.0415397734194175,0.22222222222222232,0.0,0.2553151458137347,0.1428571428571428,0.0,0.25,0.7431079104309666,0.5,0.5487149822328734,0.5,0.2495438352593622,0.0,0.0851648351648352,0.36155747836835606,0.7695390781563126,0.4285714285714285,0.3120481927710842,0.2857142857142857,0.9364102564102564,0.3031441291040624,0.0,0.18181818181818188,0.0,0.0,0.0,0.11111111111111116,0.6915964727559885,1.0,0.5,0.0,0.5438413361169102,0.5,0.4806907300660549,0.5110115714818961,0.0,0.5,0.1473575435488631,0.0,0.8262826282628263,0.02049318296583058,0.0,0.75,0.0,0.9345472440944882,1.0,0.0,0.11111111111111105,0.0,1.0,0.0,0.0,0.23565816007231766,0.6666666666666667,0.3260974433188616,0.0,0.0,0.15430575399402535,0.0,0.2997275204359672,1.0,0.7061919504643963,0.18892746208660693,0.33333333333333337,0.8571428571428572,1.0,0.0,0.0,0.5,0.9285714285714286,0.0,0.7012245841035121,0.0,0.0,0.6320395967887971,0.5844047502208263,0.517241379310345,0.9166666666666666,0.9114808153477219,0.8333333333333334,0.1156744536548604,0.0,0.0,0.3528837257119358,0.0,0.6680959154643366,1.0,1.0,0.7378640776699029,0.0,0.0,0.5,0.0,0.3076923076923077,0.0,0.0,0.6000000000000001,0.0,0.9380651941587284,0.0,0.0,0.0,0.0,0.5868237763572177,0.8015386830025112,0.025026923257011724,0.06245278267438936,0.9760693531485186,0.0,0.0,0.48843464228079625,0.84,0.9954406613400963,0.0,0.07692307692307698,0.6345125927565707,0.9144399791391846,0.0,0.574712643678161,0.6319630325063588,0.0,0.0,0.0,0.0,0.0,0.0,0.0,0.0,0.0,0.0,0.0,0.0,0.0,0.0,0.9065630692167578,0.5147047259573798,0.0,0.0,0.0,0.0,0.17808219178082185,0.9130434782608696,0.55339638122382,0.5,0.0,0.0,0.8125,0.0,1.0,0.0,0.0,0.0,0.0,0.0,0.0,0.0,0.0,0.9027777777777778,0.8,0.0,0.0,0.0,0.6209117221418234,0.0,0.0,0.0,0.0,0.0,0.0,0.8894993203443589,0.0,0.19609967497291436,0.9444822116474054,0.0,0.0,0.0,0.0,0.0,0.0,0.0,0.0,0.8644304682040531,0.7391304347826086,0.0,0.8008989209643571,0.8762636473918318,0.0,0.0,0.9893733240639587,0.0,0.0,0.9565172802789458,0.6687170474516695,0.31251445755262564,0.9142503097893433,0.0,0.747984472977008,0.34593175853018376,1.0,0.8726350425006855,0.6373809523809524,0.7844929245283019,0.0,0.0,0.0,0.6739579034255055,0.0,0.2801449025357944,0.0,0.36412459720730395,0.7270471464019851,0.013605442176870763,0.6583821130409748,0.6947368421052631,0.8527918781725888,0.0,0.8189655172413793,0.0,0.17449747194475285,0.682608695652174,0.8500461680517082,0.5,0.0,1.0,0.04418155480444219,1.0,1.0,0.0,0.5,1.0,0.045702245150039955,0.0,0.0,0.0,0.4039634146341464,0.0,0.0,0.6000000000000001,1.0,1.0,0.7747478520732163,0.7,0.5748031496062993,0.0,0.36363636363636365,0.5338645418326693,1.0,0.36363636363636365,0.0,0.5714285714285714,1.0,0.3907162619120812,0.0,0.33333333333333326,0.1428571428571428,0.0,0.0,0.0,0.8001855041738439,1.0,0.6875,0.0,0.17002518891687646,0.5,0.42307692307692313,0.6363636363636365,0.0,0.5833333333333333,0.28759595959595974,0.0,0.8571428571428572,0.13099393716700336,0.0,1.0,0.0,0.9184053651266766,0.6666666666666667,0.0,0.0,0.6666666666666667,0.856250464787685,1.0,0.0,0.8014766201804757,1.0,0.7123417721518988,1.0,0.0,0.2165748976422418,0.0,0.44999999999999996,0.8235294117647058,0.8686493184634448,1.0,0.6000000000000001,1.0,0.5454545454545454,0.5,0.0,1.0,1.0,0.5,0.9392234621414738,0.0,0.0,0.7277716794731064,0.830735343951203,0.091748331202954,0.9785598705501618,1.0,0.8823529411764706,0.5570817383472191,0.0,0.3709327548806941,0.7648921914971373,0.0,0.950920245398773,1.0,0.8,0.4371014492753623,0.0,0.0,1.0,0.0,0.65,1.0,0.0,1.0,1.0,0.9460358119939474,0.0,0.0,0.0,0.37038689172289085,0.8917050691244239,0.8830407114927548,0.6933689363595906,0.4175505191470358,0.9775208734746307,0.5,0.0,0.0,0.9545454545454546,0.9954319065345392,0.0,0.10526315789473684,0.46478873239436613,0.9398376329958915,0.0,0.7632919254658386,0.4851148766297192,0.0,0.0,0.0,0.0,0.0,0.0,0.0,0.0,0.0,0.0,0.0,0.0,0.0,0.0,0.9499525616698292,0.9285631383472609,0.0,0.7742468879909639,0.0,0.0,0.0,1.0,0.48043818466353694,1.0,0.0,0.0,0.8087431693989071,1.0,0.0,0.0,0.0,0.0,0.0,0.0,0.0,0.0,0.0,0.526849702230746,0.0,0.0,0.0,0.0,0.48583106267029974,0.0,0.0,0.0,0.0,0.0,0.0,0.89,0.0,0.0,0.8888888888888888,0.0,0.0,0.0,0.0,0.0,0.0,0.0,0.8181818181818181,0.7121212121212122,0.8665564478034955,0.33333333333333326,0.5759430427179615,0.7778013132810845,0.0,0.6878154289834174,0.9660582772974704,0.0,0.0,0.2835517814288352,0.0,0.161167374496352,0.0,0.15384615384615385,0.2925278219395867,0.0,0.0,0.3076923076923077,0.0,0.01746216530849809,0.0,0.0,0.0,0.7857142857142857,0.015080226806611252,0.796756996890271,0.25482625482625487,0.7377701934015928,0.3304761904761905,0.1641337386018238,0.0,1.0,0.8571428571428571,0.6546546546546548,0.2500000000000001,0.0,0.14724770642201834,0.5,0.8861997940267765,0.0,0.0,0.0,0.44537230340988165,0.0,0.0,0.0,0.0,0.0,0.09862570735650766,0.05681818181818177,0.5714285714285714,0.0,0.35813730196831495,0.19999999999999996,0.0,1.0,0.5652173913043479,0.0,0.38888888888888884,0.5,0.4259818731117825,1.0,0.0,0.75,0.33333333333333337,0.5,0.0,0.0,1.0,0.0,0.0,0.5,0.0,0.0,0.0,0.25,1.0,0.7006666666666667,0.0,0.5444915254237288,0.5773115773115773,0.0,0.28481012658227844,0.18796992481203012,0.25,0.19999999999999996,0.0,0.7986486486486487,0.4444444444444444,0.1374095989480606,0.36448598130841114,0.0,0.0,0.5738636363636364,0.5714285714285714,0.26923076923076916,0.2857142857142857,1.0,0.24233128834355844,0.0,0.0,0.8202196816857208,0.0,0.0,0.3549175320708613,0.0,0.0,0.0,1.0,0.36363636363636365,0.41666666666666663,0.16666666666666674,0.33333333333333337,0.0,0.6843434343434343,0.0,0.0,0.0,0.5,0.5,0.1351595919710431,0.0,0.20739456961294045,0.26923076923076916,0.4851867754401029,0.0,0.7777777777777778,0.5493341404358353,0.0,0.3971631205673758,0.0,0.0,0.0,0.6163011387600168,0.24739509997183895,1.0,1.0,0.0,0.0,0.21152715153891388,0.0,0.6037671232876711,0.29268292682926833,0.0,0.0,0.6000000000000001,0.0,0.5369815092453774,0.0,0.0,0.0,0.0,0.5250729070346396,0.28805620608899285,0.0,0.11927478587638163,0.7758241758241758,0.0,0.0,0.0,1.0,0.9952908990652156,0.0,0.0,0.656423950928102,0.8661714311998344,0.0,0.010928961748634003,0.6841361968895854,0.0,0.0,0.0,0.0,0.0,0.0,0.0,0.0,0.0,0.0,0.0,0.0,0.0,0.0,0.7184668989547037,0.24495449149188764,0.0,0.0,0.0,0.0,1.0,0.0,0.5613437195715678,0.0,0.0,0.0,0.75,m2
0.5714285714285714,0.0,0.0,0.0,0.0,0.0,0.0,0.7914547304170906,0.0,0.0,0.0,0.0,0.0,0.6811834422091498,0.0,0.0,0.0,0.0,0.0,0.0,0.0,0.0,0.0,0.0,0.0,0.7175533281932666,0.4424184261036468,0.0,0.0,0.0,0.0,0.0,0.8909682668836453,0.0,0.0,0.0,0.0,0.0,0.0,0.0,0.0,0.4371348808354443,0.44537250384024585,0.0,0.5097061347061347,0.2591496426766766,0.12950432730133754,0.5236660537277587,0.38557312252964426,0.5005341065160995,0.37485984801295613,0.0,0.031136065334694374,0.0,0.4992254854406909,0.0,0.0,0.046526939536925216,0.9087011349306431,0.0,0.9011714900916025,0.0,0.0,0.0,0.1578947368421052,0.3891935684905896,0.0,0.8499234303215926,0.78125,0.3829787234042552,0.06625766871165617,0.49493180980464424,0.8571428571428572,0.0,0.6666666666666667,0.19148936170212771,0.0,0.14345114345114351,0.6666666666666667,0.4,0.0,0.0,1.0,0.0,0.33129102844638947,0.0,0.2475292410916673,0.0,0.8571428571428571,0.45197740112994356,0.0,0.32164696290256833,0.5,0.0,0.5,0.25093405161178206,0.0,0.0,0.735166872682324,0.0,0.0,0.0,0.2857142857142857,0.0,0.3273248668578451,0.0,0.0,0.34213330176393975,0.0,0.8309037900874636,0.11111111111111116,0.5942180424939045,0.9583333333333334,0.15384615384615385,0.24702503077554383,0.0,0.0,0.3440875983770838,0.5080736012016522,0.4,0.0,0.1473575435488631,0.28233861144945194,0.856353591160221,0.02326263727051725,0.9397450753186558,0.75,0.0,0.624380574826561,0.3065693430656935,0.0,0.33333333333333326,0.0,0.11024182076813649,0.0,0.0,0.8933137333511515,0.6666666666666667,0.04235439390821161,0.35429390032421026,0.5,0.9774130402047885,0.6666666666666667,0.2997275204359672,0.0,0.0,0.0,0.0,0.8571428571428572,0.22602739726027377,0.25,1.0,0.5,0.9285714285714286,0.5,0.28963131426374966,0.0,0.6645503565837538,0.0,0.0,0.6419213973799127,0.0,0.8925081433224755,0.8333333333333334,0.3986650485436891,0.0,0.0,0.3528837257119358,0.7291288831685485,0.0,0.8142956441149212,0.0,0.5795918367346938,0.0,0.0,0.5,0.3411578828574654,0.0,0.0,0.0,0.6000000000000001,0.0,0.0,0.0,0.0,0.9342456163744249,0.0,0.34904110856640513,0.7922110462827076,0.14419159994381237,0.866211995665753,0.9304414846214986,1.0,0.3131006519888829,0.7736334405144695,0.0,0.0,0.0,0.2049488972565896,0.6341794522139534,0.5205988997249311,0.0,0.0,0.0,0.0,0.0,0.0,0.0,0.0,0.0,0.0,0.0,0.0,0.0,0.0,0.0,0.23214285714285698,0.0,0.0,0.24794708029197077,0.0,0.0,0.8099790254920942,0.0,0.6869158878504673,0.0,0.9335519870511565,0.0,0.0,0.0,0.0,0.0,1.0,0.0,0.0,0.0,0.0,0.0,0.8318452380952381,0.0,0.0,0.0,0.0,0.0,0.7360807317558162,0.0,0.0,0.0,0.0,0.0,0.0,0.0,0.0,0.0,0.0,0.0,0.9444822116474054,0.6000000000000001,0.0,0.0,0.0,0.0,0.0,0.4285714285714285,0.25,0.0,0.0,0.0,0.0,0.0,0.0,0.0,0.24105726872246702,0.5278823740362202,0.0,0.9569543147208122,0.6936758893280632,0.31299755052051437,0.7684049772733434,0.32769830949284784,0.7385931558935361,0.34593175853018376,1.0,0.6429939355250558,0.7362637362637363,0.7823067632850241,0.0,0.0,0.17948717948717952,0.9384067645749888,0.0,1.0,0.19999999999999996,0.0,0.0,0.22764227642276436,0.0,0.0368421052631579,0.9202127659574468,1.0,0.4374999999999999,0.665934065934066,0.7390067818858017,1.0,0.18467220683287167,0.75,0.2500000000000001,1.0,0.9105018106570099,1.0,1.0,0.0,0.5,1.0,0.045702245150039955,0.5066469719350074,0.5,0.5070422535211268,0.5123966942148761,1.0,0.2647058823529411,0.0,0.84375,1.0,0.0,0.7,0.5748031496062993,0.0,0.0,0.6226522481502561,1.0,0.0,0.0,0.5714285714285714,0.0,0.32513749595600117,0.0,0.0,0.5238095238095237,0.5,0.7924050632911392,0.0,0.6370994433579058,0.9845511482254697,0.0625,0.16109422492401204,0.4274376417233561,0.0,0.0,0.6363636363636365,0.08333333333333337,0.5416666666666667,0.2908207034601086,0.21393643031784837,0.8928571428571428,0.11557994757536039,0.8895486935866983,1.0,0.0,0.8492941625333842,0.0,0.0,0.33333333333333337,0.6666666666666667,0.6032975764799364,1.0,0.0,0.9254697615663983,1.0,0.2823228634039445,1.0,1.0,0.8015214384508991,1.0,0.44999999999999996,0.3529411764705882,0.0,0.2941176470588235,0.0,1.0,0.0,0.0,0.8571428571428572,0.75,1.0,1.0,0.779699333107268,0.0,0.9115345668783945,0.029088913282107498,0.12645322840279005,0.876135608242854,0.0,1.0,0.8823529411764706,0.5570817383472191,0.0,0.2775041050903121,0.8084866691701089,0.7465387465387465,0.17232930414897085,0.9384615384615385,0.0,0.2784491440080564,0.0,0.0,1.0,0.480719794344473,0.44999999999999996,0.4,0.0,1.0,1.0,0.0,0.0,0.0,0.9697013522308193,0.37038689172289085,0.10858294930875567,0.8645817403272672,0.6461949265687583,0.9415241141865698,0.9305019305019305,1.0,0.31034693877551,1.0,0.0,0.0,0.0,0.21219091431857395,0.46478873239436613,0.9632440637536593,0.0,0.0,0.0,0.0,0.0,0.0,0.0,0.0,0.0,0.0,0.0,0.0,0.0,0.0,0.0,0.5,0.0,0.0,0.7808147632311977,0.0,0.793062818920903,0.4910806390740975,0.0,0.032258064516129115,0.0,0.97339593114241,0.5,0.0,0.0,0.0,0.0,0.0,0.0,0.0,0.0,0.0,0.0,0.7142857142857143,0.0,0.0,0.0,0.0,0.0,0.6865572019757042,0.0,0.0,0.0,0.0,0.0,0.0,0.0,0.0,0.0,0.0,0.0,0.8888888888888888,0.47783621337340343,0.0,0.0,0.0,0.0,0.0,0.4920273348519363,0.0,0.0,0.0,0.33333333333333326,0.0,0.0,0.0,0.7110125646711013,0.543889021765128,0.42584562012142224,0.0,0.32635122498597346,0.0,0.161167374496352,0.0,0.3076923076923076,0.625,0.6013513513513513,0.0,0.20512820512820518,0.0,0.0,0.0,0.25,0.25356633380884475,1.0,0.03657362848893175,0.5497872340425531,0.0,0.31783276450511944,0.0,0.09836065573770503,0.7417311752287121,0.0,0.7806122448979592,0.0,0.0,0.0,0.6057339449541284,0.25,0.3902439024390244,0.7142857142857143,0.6785714285714285,0.0,0.07033426183844005,0.6666666666666666,0.4,0.0,0.0,0.0,0.08591331269349867,0.2515723270440251,0.0,0.4666342884895579,0.0,0.8,0.21052631578947367,1.0,0.13043478260869568,0.0,0.5,0.5,0.3203883495145631,0.0,0.5,0.5,0.33333333333333337,0.0,0.0,0.0,0.0,0.0,0.0,0.0,0.4259572072072072,1.0,0.973718224903059,0.25,0.8245614035087719,0.0,0.0,0.0,0.0,0.625,0.23495883470550982,0.7142857142857142,0.75,0.0,0.0,0.9042457091237579,0.0,0.15551181102362233,0.7357723577235773,0.0,0.0,0.09659090909090906,0.5714285714285714,0.4900000000000001,0.4285714285714285,0.0,0.03686311340690296,0.0,0.0,0.6487334678323247,0.0,0.46240208877284594,0.11494252873563238,0.0,0.4285714285714285,0.0,1.0,0.0,0.0,0.0,0.6666666666666667,0.0,0.0,0.6666666666666666,0.5,0.5,0.5,0.5,0.0,0.0,0.0,0.0,0.0,0.5333333333333333,0.0,0.5217391304347827,0.0,0.3936422049374365,0.0,0.0,0.0,0.0,0.10257529463116555,0.7963636363636364,0.0,0.6893903024483918,0.0,0.2142717114291316,0.0,0.6146195922426653,0.0,0.0,0.0,0.6000000000000001,0.0,0.0,0.0,0.0,0.8709677419354839,0.0,0.5797837623088056,0.3027522935779817,0.2068965517241379,0.8631285630288621,0.3826771653543307,0.33333333333333337,0.11565413533834579,0.7821482602118003,0.0,0.0,0.0,0.5,0.656423950928102,0.7227160134052164,0.0,0.0,0.0,0.0,0.0,0.0,0.0,0.0,0.0,0.0,0.0,0.0,0.0,0.0,0.0,0.5555555555555556,0.0,0.0,0.0,0.0,0.014252260355763324,0.522810901367158,0.0,1.0,0.3571428571428572,0.8889970788704966,0.0,0.0,0.0,0.0,m2
0.0,0.0,0.7523421808230997,0.0,0.0,0.0,0.0,0.0,0.0,0.7227023433604787,0.0,0.0,0.0,0.0,0.0,0.0,0.0,0.0,0.0,0.0,0.6512911243102069,0.5,0.0,0.0,0.22377840024898854,0.6759259259259258,0.0,0.0,0.0,0.9053113553113553,0.0,0.0,0.8931419457735248,0.0,0.0,0.0,0.0,0.0,0.0,0.0,0.06910884114124671,0.522510751810115,0.0,0.5702002612102743,0.5037451150673035,0.7984420642648491,0.0,0.5774520154849888,0.0,0.9553379828326181,0.0,0.33333333333333337,0.01948586588601231,0.5689584432331047,0.4446373671886201,0.0,0.7530571992110454,0.0,0.0,0.5252280971748928,0.0,0.0,0.0,0.5286898061288305,0.631578947368421,0.45019568236333796,0.0,0.8627062706270627,0.08576642335766416,0.3287671232876712,0.0,0.0,0.8648648648648649,0.5104813986245753,1.0,0.0,0.0,0.33084422319020956,0.0,0.4,0.0,0.6666666666666667,1.0,0.0,0.0,0.0,0.0,0.0,0.0,0.0,0.0,0.6422602882807604,0.5,0.0,0.6000000000000001,0.7365229110512129,0.0625,0.0,0.0,0.0,0.7142857142857142,0.0,0.8571428571428572,0.9364102564102564,0.0,0.0,1.0,0.9022903764867787,0.0,0.5113636363636364,0.0,0.4611393827242086,0.8773364485981309,0.9713774597495528,0.4885496183206106,0.9642023346303502,0.9166666666666666,0.25499458714693424,0.015677491601343907,0.6106194690265487,0.7142857142857142,0.2815701355965917,0.12092534174553116,0.8522978125627132,0.6234598943927585,0.0,0.75,0.0,0.47214484679665725,1.0,0.8619449937084307,0.4444444444444444,0.0,0.6813655761024182,0.875,0.0,0.8933137333511515,0.6666666666666667,0.17692658458732324,0.47181881051175656,0.5,0.8419432842382941,0.0,0.2997275204359672,1.0,0.9235474006116208,0.7158779462817467,0.33333333333333337,0.8571428571428572,0.0,0.0,1.0,0.5,0.0,0.5,0.5585172844648063,1.0,0.0,0.9949339207048458,0.40305078715645304,0.22538186545336358,0.0,0.0,0.0,0.49642601858470337,0.6918116376724655,0.4862318251969783,0.7769465809714466,0.33495994173343036,0.0,1.0,0.0,0.0,0.0,0.09478463071642118,0.5,0.855200153227351,0.3076923076923077,0.12942989214175638,0.875,0.0,0.0,0.0,0.0,0.0,0.0,0.06954793840039741,0.42390740106692004,0.9879158399027547,0.0,0.9047619047619048,0.0,0.0,0.6445475804405616,0.0,0.16000000000000003,0.0,0.0,0.16666666666666663,0.0,0.008702975856260453,0.24089006389072487,0.0,0.0,0.0,0.0,0.0,0.0,0.0,0.0,0.9473684210526315,0.0,0.0,0.0,0.0,0.0,0.0,0.0,0.0,0.0,0.0,0.0767704216538031,0.0,0.0,0.7990867579908676,0.9130434782608696,0.8004498057656921,0.5,0.0,0.0,0.0,0.0,0.0,0.749883816805337,0.0,0.0,0.0,0.0,0.0,0.0,1.0,0.0,0.8,0.0,0.0,0.0,0.0,0.0,0.0,0.0,0.0,0.8815840061514801,0.0,0.0,0.0,0.06527596697088212,0.9444822116474054,0.0,0.0,0.0,0.8268965517241379,0.0,0.0,0.43324250681198895,0.25,0.0,0.0,0.0,0.0,0.0,0.0,0.12613458528951482,0.7721680936915658,0.0,0.3834995466908432,0.9623679772787788,1.0,0.6099386319413262,0.7726081830487752,0.0,0.990602975724354,0.2787212787212786,1.0,0.637975919297104,0.9340442986054143,0.3426453207263349,0.0,0.7622448979591837,0.0,0.0,0.7224247266190642,0.0,0.19999999999999996,0.0,0.7270471464019851,0.924119241192412,0.0,0.0368421052631579,0.9202127659574468,0.0,0.4568965517241379,0.665934065934066,0.1885714285714285,0.8,0.5669515669515669,0.5,0.0,1.0,0.9041557469112692,0.0,1.0,0.0,1.0,1.0,0.04034582132564846,0.18316100443131456,0.5,0.0,0.6280991735537189,0.0,0.0,1.0,0.9726027397260274,1.0,0.0,1.0,0.8181818181818181,0.14470186099506266,0.0,0.0,0.0,0.8636363636363636,0.0,1.0,1.0,0.0,0.0,1.0,0.8095238095238095,0.0,0.7224199288256228,0.0,0.5126476053467601,0.48530197755211113,0.6875,0.0,0.9810606060606061,0.5,1.0,0.4545454545454546,0.08333333333333337,0.5833333333333333,0.6195555555555556,0.0,0.8928571428571428,0.0,0.0,1.0,0.0,0.8251670378619154,0.6666666666666667,0.9435853024867005,0.6666666666666667,0.0,0.8442815249266862,1.0,0.0,1.0,1.0,0.6522686025408349,0.75,1.0,0.484375,0.0,0.44999999999999996,0.5882352941176471,1.0,0.9303112313937754,0.8,1.0,0.0,0.5,0.8571428571428572,1.0,0.0,1.0,0.9374803644360666,1.0,0.0,1.0,0.6101281269066504,0.43333333333333335,0.0,0.0,0.0,0.7945922372437855,0.8122319597240351,0.8973727422003284,1.0,0.7193847153766995,0.13301262778111855,1.0,0.0,0.0,0.0,0.3973401198587966,1.0,0.7803353864137033,0.65,0.5348837209302325,1.0,0.0,1.0,0.0,0.0,0.0,0.0,0.28298908162783,0.18839129347010264,1.0,0.5025932328970116,0.9140505007065184,0.0,0.0,0.7547142857142857,0.0,0.13636363636363646,0.0,0.0,0.1724137931034483,0.0,0.7160721384943439,0.5615626690268968,0.0,0.0,0.0,0.0,0.0,0.0,0.0,0.0,1.0,0.0,0.0,0.0,0.0,0.0,0.0,0.0,0.0,0.0,0.0,0.9196026358008466,0.0,0.0,0.7708333333333334,1.0,0.7871674491392802,1.0,0.0,0.0,0.0,1.0,0.0,0.7202407825432655,0.0,0.0,0.0,0.0,0.0,0.0,0.6578385305425032,0.0,0.6074766355140186,0.0,0.0,0.0,0.0,0.0,0.0,0.0,0.0,0.9000347554088105,0.6000000000000001,0.0,0.0,0.6995249406175772,1.0,0.0,0.0,0.0,0.6408875484704869,0.0,0.0,0.576288144072036,0.0,0.0,0.0,0.0,0.0,0.0,0.0,0.0,0.3353264769193972,0.0,0.5340423817581177,0.0,0.6689214580984593,0.0,0.5659294804923847,0.15384615384615385,1.0,0.3091216216216216,0.33333333333333337,0.20512820512820518,0.4651162790697675,0.06060993542612381,0.0,0.6923076923076923,0.0,0.0,0.0,0.0,0.0,0.31783276450511944,0.12706645056726118,0.6557377049180327,0.7417311752287121,0.2932692307692307,1.0,0.6546546546546548,0.0,1.0,0.14724770642201834,0.3076923076923077,0.46752917300862507,0.0,0.0,0.0,0.07033426183844005,0.6666666666666666,0.4,0.0,0.5,0.0,0.0,0.17924528301886788,0.0,0.0,0.0,0.0,0.0,0.0,0.4347826086956522,0.0,0.5,0.0,0.13541666666666652,0.0,0.5,0.0,1.0,0.75,0.0,0.5,1.0,0.0,0.0,0.5,0.7511111111111111,0.10909090909090913,0.4437742352434296,0.25,0.03758542141230081,0.2564102564102564,0.0,0.5481927710843373,0.0,0.0,0.03620873269435576,0.5064935064935064,0.75,0.19999999999999996,0.04878048780487809,0.7770807193642828,0.0,0.0,0.2978723404255321,0.0,0.0,0.14545454545454573,0.5714285714285714,1.0,0.4285714285714285,1.0,0.3341159896689365,0.0,0.0,0.6487334678323247,0.0,0.12804953560371535,0.0,0.0,0.6153846153846154,0.0,0.0,0.18181818181818177,0.6666666666666666,0.5641025641025641,0.0,0.0,0.052631578947368474,0.0,0.5,0.0,0.0,0.5,0.14841564187650458,0.25,0.24042198778456414,1.0,0.6546149062805365,0.0,0.0,0.29807306302689696,0.0,0.0,0.17842942345924462,0.8080459770114942,0.49095966620305986,0.2512801755669348,0.0,0.0,0.0,0.023363738198111772,0.0,0.5987691085963867,0.0,0.5898801597869507,0.29268292682926833,0.3191489361702129,0.8,0.4,0.0,0.0,0.0,0.0,0.0,0.0,0.5796764121487369,0.9095477386934674,0.22413793103448276,0.7019575588090146,0.0,0.0,0.35283855706682443,0.0,1.0,0.0,0.0,0.5,0.0,0.4115409836065572,0.7067851934162095,0.448087431693989,0.0,0.0,0.0,0.0,0.0,0.0,0.0,0.6666666666666667,0.0,0.0,0.0,0.0,0.0,0.0,0.0,0.0,0.2221763369812101,0.0,0.0,0.0,0.0,0.75,0.0,0.8313047711781889,0.0,0.0,0.0,0.0,m2
0.0,0.5555555555555556,0.0,0.0,0.0,0.0,0.0,0.7961060032449973,0.0,0.7527443342776204,0.0,0.0,0.0,0.0,0.4,0.0,0.0,0.0,1.0,0.619046297452692,0.0,0.5,0.7373658766654876,0.0,0.10638994190961892,0.9305135951661632,0.0,0.0,0.0,0.9318181818181819,0.0,0.0,0.0,0.33333333333333326,0.0,0.0,0.0,0.765895560931851,0.0,0.0,0.1557557273565503,0.5096677675219465,0.0,0.48279672509920135,0.0,0.2591496426766766,0.41442048517520214,0.11892516007137621,0.0,0.6989470325462668,0.0,0.0,0.41972625719623324,0.0,0.45303408146300905,0.0,0.7316025766152645,0.041832449160035146,0.2260108630054316,0.7925269071955595,0.7297044836956521,0.21793071161048672,0.611869031377899,0.4875395133426451,0.1578947368421052,0.0,0.0,0.14624808575803983,0.78125,0.0,0.4285714285714286,0.13324732768153325,0.0,0.6139389193422083,0.0,0.0,0.0,0.0,0.0,0.0,1.0,0.6666666666666667,1.0,0.238445968739458,0.33129102844638947,0.5555555555555556,0.0,0.0,0.5714285714285714,0.0,0.25,0.24546190311018612,0.5,0.0,0.6000000000000001,0.0,1.0,1.0,0.34733828536056943,0.0,0.4285714285714285,0.0,0.2857142857142857,0.7533129459734964,0.9738906451235219,0.0,1.0,0.0,0.0,0.4941860465116279,0.33333333333333337,0.0,0.9583333333333334,0.0,0.24546424759871943,1.0,0.0,0.4199210413999146,0.0,0.6194029850746269,0.0,0.14716557972083688,0.3591511936339522,0.9713201180936314,0.0,0.4213525835866262,0.75,0.0,0.7297435897435898,0.3065693430656935,0.41507138221933815,0.0,0.0,0.0,0.875,0.0,0.881482982171799,0.6666666666666667,0.1564673157162726,0.32209543568464716,0.5,0.0,0.0,0.2997275204359672,0.8111888111888111,0.0,0.4270976616231086,0.33333333333333337,0.8571428571428572,0.0,0.75,1.0,0.5,0.0,0.5,0.546291283161884,0.0,0.0,0.0,0.08597945365398107,0.0,0.0,0.61645314877534,0.8333333333333334,0.0,0.0,0.9159288441231419,0.3528837257119358,0.36659108087679515,0.6311354874607527,0.0,1.0,0.889795918367347,0.0714285714285714,0.07790055248618777,1.0,0.31430125067971726,0.0,0.1272783441458144,0.0,0.8,0.0,0.0,0.0,0.0,0.0,0.0,0.05016089343176189,0.0,0.025026923257011946,0.9867359466806981,0.7691029583086648,1.0,0.3129590001155238,0.8220810166799046,0.0,0.0,0.0,0.0,0.0,0.0,0.5563491518439667,0.0,0.5194911545032262,0.0,0.0,0.0,0.0,0.0,0.0,0.9473684210526315,0.0,0.0,0.0,0.0,0.0,0.0,0.0,0.0,0.6357537598636276,0.0,0.10936886533176282,0.0,0.0,0.17808219178082185,0.9130434782608696,0.7959183673469388,0.5,0.0,0.0,0.0,0.0,0.5741935483870968,0.0,0.0,0.0,0.0,0.0,0.875,0.0,0.8636363636363636,0.0,0.0,0.0,0.0,0.5,0.0,0.0,0.0,1.0,0.8929843727734764,0.0,0.0,0.8389184524665612,0.0,0.0,0.9444822116474054,0.0,0.0,0.0,0.8268965517241379,0.0,0.0,0.0,0.0,0.0,0.0,0.0,0.8007930546578861,0.0,0.0,0.5927272727272725,0.7721680936915658,0.0,0.6559028292104874,0.4294574997816021,0.6637744034707158,0.8855307895731016,0.616216597086438,0.29426433915211947,0.9549817941079113,0.3076923076923076,1.0,0.9565649867374005,0.7407578558225508,0.348247576435496,0.0,0.7141119221411193,0.15859609609609604,0.5710684362719656,0.7992490690302527,0.8625954198473282,0.0,0.5959933222036728,0.7270471464019851,0.07251264755480591,0.4338394793926247,0.16473988439306364,0.4772036474164133,1.0,0.0,0.8916083916083916,0.0026871401151628005,0.0,0.605724838411819,0.5,0.0,1.0,0.13038591232671426,1.0,1.0,0.0,1.0,1.0,0.5006773232186399,0.5066469719350074,0.75,0.1428571428571429,0.0,0.5,0.0,0.6000000000000001,0.84375,1.0,0.0,1.0,0.0,0.0,0.8636363636363636,0.27468581687612204,1.0,0.36363636363636365,1.0,0.5714285714285714,0.4285714285714286,1.0,0.0,1.0,0.1428571428571428,0.0,1.0,1.0,0.45235602094240834,0.6651301518438179,0.0625,0.73,0.9897959183673469,0.0,1.0,0.8181818181818182,0.9166666666666666,0.5416666666666667,0.28759595959595974,0.3071585098612125,0.8928571428571428,0.6061914385449201,0.6524852569502948,1.0,0.0,0.8401639344262295,1.0,0.5978473581213307,0.33333333333333337,0.6666666666666667,0.0,1.0,0.0,1.0,1.0,0.8408227848101266,1.0,1.0,0.26822916666666674,0.0,0.44999999999999996,0.3529411764705882,0.0,0.0013280212483400833,0.6000000000000001,1.0,1.0,0.0,0.8571428571428572,1.0,0.0,1.0,0.6794201755250961,0.0,0.0,0.023509174311926784,0.8412371134020619,0.3144411300228108,0.0,0.8163912756113682,0.8823529411764706,0.7945922372437855,0.0,1.0,0.8084866691701089,0.5676065676065676,0.9511507750117426,0.4406546644844518,1.0,0.7513043478260869,0.0,0.4245161290322582,1.0,0.6020320999865127,0.44999999999999996,0.5348837209302325,0.0,1.0,1.0,0.0,0.0,0.0,0.0,0.2829484113103736,0.9077901430842608,0.0,0.7396069538926682,0.9965767927724449,0.8031178840427395,1.0,0.34648120854826825,0.0,0.0,0.0,0.0,0.0,0.0,0.8517474429867361,0.5661764705882353,0.0,0.6639840775354794,0.0,0.0,0.0,0.0,0.0,0.0,1.0,0.0,0.0,0.0,0.0,0.0,0.0,0.0,0.0,0.9280639082986575,0.0,0.5974472148788242,0.0,0.0,0.5416666666666667,1.0,0.7871674491392802,1.0,0.0,0.0,0.0,1.0,0.8607655502392344,0.0,0.0,0.0,0.0,0.0,0.7142857142857143,0.0,0.6756861981701383,0.0,0.0,0.0,0.0,0.33333333333333326,0.0,0.0,0.0,0.6666666666666667,0.9694713328369322,0.0,0.6000000000000001,0.7474434537302906,0.0,0.7475113122171946,1.0,0.0,0.0,0.0,0.6834180312441183,0.0,0.0,0.0,0.8181818181818181,0.0,0.0,0.2843137254901962,0.5759430427179615,0.0,0.0,0.0,0.3353264769193972,0.0,0.5185185185185184,0.7017543859649122,0.0,0.4152117198474816,0.0,0.3076923076923076,0.0,0.7096491228070176,0.0,0.46153846153846156,0.0,0.05255209906372715,0.0,0.6923076923076923,0.05882352941176461,0.5734870317002883,0.390920757138274,0.3232830820770519,0.2857142857142857,0.7377701934015928,0.20737887695114543,0.20668693009118533,0.1791187739463601,0.0,0.0,0.0,0.5,1.0,0.0,0.5,0.4461732548359967,0.0,0.0,0.0,0.0,0.0,0.0,0.0,0.5,0.0,0.0750279955207167,0.2515723270440251,0.5714285714285714,0.0,0.0,0.6,0.08510638297872364,1.0,0.13043478260869568,0.0,1.0,0.0,0.0,1.0,0.75,0.6,0.6666666666666667,0.5,0.0,0.0,0.5,0.7142857142857142,0.0,0.5,0.0,0.10909090909090913,0.8144578313253013,0.16666666666666663,0.0,0.30409356725146186,0.33333333333333337,0.0,0.34838709677419366,0.625,0.24445851804939833,0.0,0.25,0.0,0.0,0.0,0.0,0.6304347826086957,0.15811965811965822,0.0,0.0,0.08000000000000007,0.5714285714285714,0.0,0.0,0.0,0.2320390170699681,0.0,0.0,0.1333333333333333,0.0,0.0,0.11494252873563238,0.0,0.0,0.0,0.0,0.0,0.0,1.0,0.33333333333333337,0.0,0.6085858585858586,0.6666666666666666,0.5,0.0,0.0,0.5,0.2543458371454712,0.0,0.2097053726169844,0.0,0.0,0.0,0.0,0.0,0.0,0.0,0.0,0.8748374187093546,0.0,0.38219895287958117,0.0,0.0,0.0,0.002400384061449823,1.0,0.5751022793687901,0.5,0.0,0.0,0.3191489361702129,0.0,0.8,0.0,0.0,0.0,0.0,0.0,0.0,0.10257837135967351,0.0,0.0,0.38577539331544985,0.466824644549763,0.6666666666666667,0.1285186280307511,0.0,0.0,0.0,0.0,0.0,0.0,0.4411691409448538,0.6861261496314657,0.4444444444444444,0.5636149840416597,0.0,0.0,0.0,0.0,0.0,0.0,0.6666666666666667,0.0,0.0,0.0,0.0,0.0,0.0,0.0,0.0,0.24495449149188764,0.0,0.34906406538360135,0.0,0.0,1.0,0.0,0.8313047711781889,0.0,0.0,0.0,0.0,m2
0.0,0.0,0.0,0.0,0.0,0.0,0.0,0.0,0.0,0.7412023110347132,0.0,0.6508854354897,0.0,0.0,0.4,0.5985407089747941,0.0,0.0,1.0,0.0,0.0,0.0,0.0,0.0,0.0,0.0,0.0,0.7424600827912478,0.0,0.0,0.0,0.7006835305387982,0.0,0.0,0.9518348623853211,0.0,0.0,0.765895560931851,0.0,0.0,0.28678933223072156,0.0,0.0,0.8582273389975366,0.0,0.2591496426766766,0.06628355851903833,0.3508369277036921,0.0,0.6989470325462668,0.49908991627229693,0.33333333333333337,0.0547882557395043,0.0,0.36045325170506426,0.2385065477848981,0.0,0.0,0.0,0.0,0.0,0.20831006366581029,0.5554038902159606,0.0,0.1578947368421052,0.3635735811150177,0.0,0.0,0.7218465539661898,0.2290748898678413,0.4541120381406437,0.13324732768153325,0.8571428571428572,0.045139277324085514,0.0,0.0,0.0,0.9257759784075573,0.0,0.0,0.5,0.0,0.0,0.5531149301825993,0.0,0.0,0.0,0.26503838945650215,0.5714285714285714,0.9491525423728814,0.25,0.4365382390373713,0.5,0.6494504586397818,0.6000000000000001,0.2803602556653111,0.0,0.0851648351648352,0.0,0.0,1.0,0.39560439560439553,0.5714285714285714,0.0,0.0,0.6428571428571428,0.0,0.3348958733574119,0.0,0.0,0.0,0.5930837062384837,0.9079016221873365,1.0,0.15579662789177884,0.0,0.5,0.4441712184188191,0.0,0.23880597014925375,0.5,0.08143405167550477,0.40297000297000296,0.0,0.5941156642750518,0.440484937545922,0.75,0.0,0.9074803149606299,0.6698564593301436,0.9040165386887182,0.4444444444444444,0.0,0.5320855614973262,0.0,0.0,0.5854357798165137,0.6666666666666667,0.4516520894071915,0.9414089746570565,0.5,0.463941681853684,0.0,0.43728813559322033,0.1578947368421053,0.6501547987616099,0.1976962228770427,0.33333333333333337,0.8571428571428572,0.35888275414095494,0.75,0.0,0.5,0.9285714285714286,0.0,0.0,0.0,0.41042896090002423,0.6782852798409263,0.7076301523984863,0.8843599427008725,0.41666666666666663,0.904507836420408,0.0,0.0,0.5559834267609066,0.4862318251969783,0.0,0.2726262212601651,0.0,0.0,1.0,0.7669491525423728,1.0,0.7845303867403315,0.6666666666666667,0.0,0.1923076923076923,0.5830721003134797,0.75,0.0,0.0,0.0,0.0,0.0,0.0,0.04471330878485025,0.9029036669528989,0.0,0.0,0.5662945101407149,0.68933554258819,1.0,0.0,0.0,1.0,0.0,0.9379860624237231,0.0,0.0,0.0,0.4392064909199721,0.0,0.8545084890854615,0.0,0.0,0.0,1.0,0.0,0.0,0.0,0.0,0.0,0.0,0.0,0.9176485291945509,0.0,0.8950943396226415,0.0,0.5031760057351495,0.8369565217391304,0.020914404612525805,0.0,0.0,1.0,0.13636363636363635,0.0,0.0,0.0,0.6700237346847137,0.0,0.0,1.0,0.0,0.0,0.0,0.0,0.0,0.0,0.0,0.5452830188679245,0.0,0.8,0.0,0.0,0.5,0.6942018310007367,0.0,0.0,1.0,0.0,0.0,0.0,0.0,0.0,0.0,0.0,0.0,0.5189873417721519,0.0,0.0,0.0,0.6107893692978976,0.0,0.0,0.8881735005083022,0.0,0.0,0.8003866181362219,0.0,0.0,0.0811170212765957,0.0,0.0,0.9287657039243621,0.4133568970328342,0.7159187129551228,0.644286587228842,0.7216928125140469,0.0,0.8970205380387619,0.41002865329512894,1.0,0.8726350425006855,0.0,0.24674452946704262,0.2422571064913025,0.0,0.0,0.0,0.0,0.0,0.0,0.7523015873015872,0.0,0.07251264755480591,0.5847807312158142,0.16473988439306364,0.4772036474164133,1.0,0.2551724137931034,0.9659498207885304,0.0,0.8,0.0,0.5,0.0,1.0,1.0,0.0,1.0,1.0,0.5,1.0,0.8193707767201918,0.39583333333333337,0.5,0.1428571428571429,0.0,1.0,1.0,0.6000000000000001,0.0,1.0,0.8830443726124009,1.0,0.0,0.0,0.36363636363636365,0.0,0.0,1.0,0.5263157894736842,0.8571428571428571,0.0,0.0,0.75,0.0,0.5238095238095237,0.0,0.0,1.0,0.6829203657082283,0.748166730991895,0.6875,0.8410672853828306,0.4148936170212766,0.37099125364431496,0.0,0.0,0.75,0.5833333333333333,0.3140711462450593,0.3071585098612125,0.0,0.9793162576358375,0.6415332771693345,1.0,0.0,0.8109499298081422,1.0,0.9467911318553093,0.6666666666666667,0.6666666666666667,0.37849631590242516,1.0,0.0,0.7364255184422985,1.0,0.7370413511939429,0.9376947040498442,1.0,0.5210843373493976,0.0,0.44999999999999996,0.5882352941176471,0.7757125154894671,0.7400468384074941,0.8,1.0,0.6363636363636365,1.0,0.0,1.0,1.0,0.5,0.0,0.0,0.6834929047700462,0.0,0.8213199785369343,0.9019126162484646,0.49764150943396224,0.7103293413173652,0.0,0.7945922372437855,0.8797320908561445,0.9370932754880694,0.0,0.5791730129181476,0.10434973637961331,0.4406546644844518,1.0,0.9406021155410903,0.0,0.6413404849505739,1.0,0.4598930481283422,0.0,1.0,0.6666666666666666,1.0,1.0,0.0,0.0,0.0,0.0,0.0,1.0,0.0,1.0,0.6957428918439165,0.36711478800413655,1.0,0.0,0.0,0.8181818181818182,0.0,0.9623877289315358,0.0,0.0,0.00014983069131890847,0.5506338371526085,0.0,0.5549211207911466,0.0,0.0,0.0,1.0,0.0,0.0,0.0,0.0,0.0,0.0,0.0,1.0,0.0,0.8309859154929577,0.0,0.9254408060453401,0.7916666666666666,0.6021888364411689,0.0,0.0,0.25,1.0,0.0,0.5,0.0,0.7596341280551806,0.0,1.0,0.0,0.0,0.0,0.0,0.0,0.0,0.0,0.0,0.845108695652174,0.0,0.6074766355140186,0.0,0.0,0.33333333333333326,0.4741607466220923,0.0,0.0,0.6666666666666667,0.0,0.0,0.0,0.0,0.0,0.0,0.0,0.0,0.7637956748695004,0.0,0.0,0.0,0.8225734968237552,0.0,1.0,0.7121212121212122,0.0,0.0,0.5308689024390245,0.0,0.0,0.6019184652278178,0.0,0.0,0.8836515993876399,0.0,0.0,0.0,0.0,0.15384615384615385,0.7641759406465289,0.0,0.33333333333333337,0.3076923076923077,0.4913793103448275,0.03128103277060568,0.5,0.0,0.0,0.0,0.0,0.0,0.2857142857142857,0.3087315130830488,0.0,0.08743169398907114,0.29503792667509465,0.2932692307692307,0.0,0.2222222222222221,0.0,0.8571428571428572,0.0,0.3076923076923077,0.0,0.0,0.0,0.0,0.5201949860724234,0.6666666666666666,0.0,0.0,0.0,0.0,0.7797089733225546,0.3930753564154785,0.0,0.0,0.3084013297068601,0.3999999999999999,0.21052631578947367,1.0,0.6956521739130435,0.0,1.0,0.0,0.41176470588235303,0.0,0.0,0.0,0.6666666666666667,0.75,0.0,0.0,0.0,0.0,0.0,0.0,0.3900277970813064,0.20000000000000007,0.0,0.0,0.8245614035087719,0.0,0.0,0.0,0.0,0.0,0.24445851804939833,0.5714285714285714,0.25,0.19999999999999996,0.0,0.0,0.2222222222222221,0.6291913214990139,0.0,0.0,0.0,0.7295081967213115,0.7142857142857143,0.6057692307692308,0.4285714285714285,1.0,0.6976177077471394,0.0,0.0,0.2284241201524322,0.0,0.18611408472243463,0.8546120952962737,0.0,0.0,0.0,1.0,0.18181818181818177,0.5,0.1187214611872146,0.0,0.0,0.11868686868686873,0.6666666666666666,0.0,0.0,0.5,0.5,0.6362157589953803,0.0,0.5076923076923077,0.6923076923076923,0.401433389544688,0.25773195876288646,0.0,0.4987053340238219,0.0,0.0,0.2566171723692705,0.36798564736369976,0.615937687237867,0.0,0.0,0.0,1.0,0.6907533139346913,1.0,0.3353789207091369,0.0,0.5343558282208589,0.41463414634146345,0.735483870967742,0.8,0.0,0.0,0.0,0.0,0.0,0.0,0.045038705137227186,0.9160250116273061,0.0,0.22413793103448265,0.022322075663139707,0.19509043927648595,0.33333333333333337,0.0,0.22390317700453843,0.41666666666666663,0.0,0.9112330067176362,0.5,0.0,0.0,0.4849179254548004,0.0,0.08659598268566693,0.0,0.0,0.0,0.9965156794425087,0.0,0.0,0.0,0.0,0.0,0.0,0.0,0.8935361216730038,0.0,0.8571428571428572,0.0,0.24495449149188775,0.7630662020905923,0.2637174791020943,0.0,0.0,1.0,0.0,0.0,0.0,0.0,0.6671804469888802,0.0,m2
0.0,0.5555555555555556,0.0,0.8569024985278034,0.0,0.0,0.0,0.7947740881872618,0.0,0.0,0.4860351222311018,0.6508854354897,0.0,0.5826900107786874,0.0,0.0,0.0,0.0,0.8,0.0,0.0,0.0,0.0,0.6961165414952636,0.0,0.6597938144329898,0.0,0.7422883610919484,0.28423116015681715,0.0,0.0,0.0,0.0,0.0,0.0,0.0,0.4750626915575369,0.0,0.0,0.0,0.22932478776634602,0.46314381270903016,0.5788417143430693,0.0,0.48420538428137216,0.05355404089581306,0.0,0.5213185083781119,0.39284317559640203,0.6989470325462668,0.0,0.0,0.7565187478500172,0.0,0.0,0.23749650740430273,0.7631406761177754,0.0,0.5691366192523982,0.7925269071955595,0.8889179984280848,0.20511953089760926,0.3935790725326991,0.4543446951512242,0.8641975308641976,0.2969253657327052,0.4244984160506864,0.0,0.78125,0.9357798165137615,0.4285714285714286,0.2698412698412699,0.8571428571428572,0.0,0.6666666666666667,0.0,0.0,0.271128757799206,0.0,0.0,0.0,0.0,1.0,0.0770805985823052,0.5990716864363074,0.0,0.0,0.5284974093264247,0.0,0.44067796610169496,0.0,0.0,0.5,0.17676225105363186,0.6000000000000001,0.1766072811773819,0.0,0.09670329670329691,0.0,0.40689655172413786,0.0,0.5061224489795919,0.2857142857142857,0.5,0.31534939279315155,0.0,0.16666666666666663,0.3153584477762379,1.0,0.0,1.0,0.690769688357183,0.4979919678714859,0.5,0.0,0.4482758620689655,0.9166666666666666,0.8402038595280439,0.09061488673139151,0.4626865671641792,0.7142857142857142,0.0,0.32126745435016124,0.9666401906274821,0.0,0.47106227106227105,0.75,0.0,0.44865718799368093,1.0,0.6078158593651195,0.11111111111111105,0.0,0.0,0.875,0.0,0.0,0.6666666666666667,0.0,0.3251290877796903,0.0,0.3723915328028822,0.0,0.40801886792452824,0.16625310173697294,0.0,0.31361760660247595,0.33333333333333337,0.8571428571428572,0.0,0.25,0.0,0.5,0.9285714285714286,0.5,0.5349169130390456,1.0,0.0,0.9946034725480994,0.5076846390296585,0.652485737571312,0.4722222222222222,0.6330787589498807,0.0,0.3734723220704528,0.0,0.41291348118991744,0.3528837257119358,0.42182751755213244,0.5814615627965833,0.8142956441149212,0.8,0.7333333333333334,0.15384615384615385,0.876899268429938,0.0,0.12323890319648545,0.1923076923076923,0.07669616519174038,0.0,0.0,0.0,0.9677174055951759,0.0,0.0,0.9345977221107777,0.955690212514903,0.21675858164356554,0.0,0.07989538513456507,0.999153173409645,0.7252171171052804,0.0,0.6328829966755253,0.0,0.0,0.0,0.0,0.5714285714285714,0.0,0.001585081585081527,0.0,0.0,0.5309403908259893,0.0,0.0,0.0,0.0,0.0,0.9383367942252546,0.0,0.0,0.0,0.0,0.0,0.0,0.0,0.9691975141853553,0.0,0.0,0.0,0.1215478841870824,0.0,0.0,0.2500000000000001,1.0,0.0,0.5,0.0,0.0,0.0,0.0,0.5741935483870968,0.0,0.9226519337016574,0.0,0.0,0.0,0.8148148148148149,0.0,0.0,0.7515789473684211,0.8,0.0,0.6427577570613608,0.0,0.0,0.0,0.0,0.8571428571428572,0.0,0.0,0.0,0.0,0.875192820081335,0.0,0.9444822116474054,0.0,0.5189873417721519,0.5742081659347849,0.0,0.0,0.0,0.0,0.25,0.0,0.0,0.7005188572834847,0.0,0.0,0.0,0.2707585694839747,0.2626122373414793,0.7377622377622377,0.0,0.0,0.030588235294117583,0.6633251652186827,0.7145337668095169,0.4498089614449461,1.0,0.3170603674540683,1.0,0.9282442748091603,0.7423473088640651,0.0,0.25054089138900915,0.7760284408329101,0.0,0.593228607669041,0.8024930380586128,0.9414893617021276,0.0,0.8815439219165927,0.4104513064133015,1.0,0.90754877014419,0.7514450867052023,0.0,1.0,1.0,0.947075208913649,0.0,0.8,0.0,0.75,0.2500000000000001,1.0,0.28426601784266037,0.0,1.0,0.0,0.5,1.0,0.0,0.8222849083215797,0.5,0.1428571428571429,1.0,0.0,0.3392857142857143,0.0,0.15625,1.0,0.4903909874088799,1.0,0.0,0.9833333333333333,0.36363636363636365,0.0,1.0,0.0,0.49739583333333337,0.5714285714285714,0.4285714285714286,0.3534956794972508,0.0,0.33333333333333326,0.5238095238095237,0.5,0.0,1.0,0.8082778876700834,0.797153738224093,0.6875,0.0,0.767094017094017,0.21074380165289253,1.0,0.0,0.08333333333333337,0.5833333333333333,0.0,0.1931540342298288,0.8928571428571428,0.6061914385449201,0.7434679334916865,1.0,0.0,0.0,1.0,0.7458823529411764,0.0,0.6666666666666667,0.0,1.0,0.0,0.508613617719442,1.0,0.040506329113924044,0.3292682926829268,0.0,0.19155590304925707,0.0,0.44999999999999996,0.5882352941176471,0.0,0.750332005312085,0.8,1.0,0.7272727272727273,0.0,0.0,0.75,1.0,1.0,0.7254607371794871,1.0,0.0,1.0,0.7656726533378515,0.9148148148148149,0.39522653721682854,0.7660204631125471,0.0,0.4877384196185285,0.0,0.0,0.8084866691701089,0.7467914960015604,0.9441549983718659,0.9384615384615385,0.8,0.6321752265861027,0.0,0.885110744685592,0.0,0.4452636784606394,0.0,1.0,0.0,0.0,1.0,0.9877634262406526,0.0,0.0,0.9714556869616002,0.8896407181473076,0.0,0.0,0.03616636528028927,0.9942708827904916,0.36711478800413655,0.5,0.8428164624973136,0.0,0.0,0.0,0.0,0.6428571428571428,0.0,0.8550888472815912,0.2780080121563754,0.0,0.6709779706275034,0.0,0.0,0.0,0.0,0.0,0.9815111130594888,0.0,0.0,0.0,0.0,0.0,0.0,0.0,0.9568043615013629,0.0,0.0,0.0,0.7223776223776224,0.0,0.0,0.0,0.6666666666666667,0.0,1.0,0.0,0.0,0.0,1.0,0.8656952803294267,0.0,0.9411764705882353,0.0,0.0,0.0,0.7142857142857143,0.0,0.0,0.4366578793204453,0.07042253521126773,0.0,0.6283170787026535,0.0,0.0,0.0,0.0,0.6666666666666667,0.0,0.0,0.0,0.0,0.6079328756674294,0.0,0.09166666666666667,0.0,0.7117008443908324,0.8955223880597015,0.0,0.0,0.0,0.0,0.0,0.0,0.0,0.0,0.39429012345679004,0.0,0.0,0.0,0.5654520917678814,0.6966354109211252,0.0,0.6763446863949376,0.2532088681446908,0.0,0.0,0.7692307692307692,0.0,0.27243589743589747,0.0,1.0,0.0,0.1646803900325028,0.19012345679012344,0.6923076923076923,0.0,0.5011337868480725,0.395745428973277,0.7789203084832905,0.2857142857142857,0.3946759259259258,0.44627407200669833,0.5081967213114753,0.18508092892329342,1.0,0.2857142857142857,0.0,0.75,0.8571428571428572,0.0,0.25,0.0,0.7142857142857143,0.38235294117647056,0.0,0.44537230340988165,0.6666666666666666,0.0,0.0,0.0,0.0,0.12765957446808518,0.28099173553719003,0.0,0.0,0.36400541271989173,0.0,0.3882352941176471,0.0,0.0,0.0,0.33333333333333337,0.0,0.41176470588235303,1.0,0.0,0.0,0.0,0.0,0.0,0.0,0.5,0.0,0.0,0.5,0.418206312548114,1.0,0.0,0.16666666666666663,1.0,0.5555555555555556,0.0,0.4509966777408638,0.34838709677419366,0.0,0.39050632911392413,0.16541353383458646,0.75,0.19999999999999996,0.31707317073170727,0.0,0.0,0.0,0.0,0.0,0.0,0.5599999999999999,0.5714285714285714,0.52,0.2857142857142857,0.6666666666666667,0.0,0.0,0.0,1.0,0.0,0.4711204946463581,0.11494252873563238,0.0,0.2297297297297296,0.0,1.0,0.18181818181818177,0.0,0.0,0.0,0.0,0.5833333333333333,0.6666666666666666,0.0,0.5,0.5,0.5,0.3571428571428572,0.25,0.2097053726169844,0.7692307692307693,0.7977151861335434,0.5551401869158878,0.7777777777777778,0.0,0.0,0.3936422049374365,0.0,0.695047523761881,0.0,0.0,0.0,0.75,0.8,0.0,0.375,0.0,0.5,0.38958829533855044,0.41463414634146345,0.0,0.0,0.4,0.0,0.9303021123075652,0.0,0.0,0.8709677419354839,0.6530612244897959,0.8781302170283807,0.050000000000000044,0.7707006369426752,0.9613064408019012,0.056534954407294946,0.0,0.9292652552926526,0.2571819425444597,0.0,0.0,0.0,0.0,0.0,0.42969546845402895,0.0,0.0,0.5770631952202845,0.0,0.0,0.0,0.0,0.0,0.8130882934971521,0.0,0.0,0.0,0.0,0.0,0.0,0.0,1.0,0.0,0.18717790146361568,0.0,0.5923449388978557,0.0,0.0,0.5,0.3571428571428572,0.0,0.0,0.0,0.0,0.0,m2
0.0,0.33333333333333326,0.7889382785459529,0.0,0.0,0.6717303278054316,0.7912966252220248,0.0,0.0,0.0,0.0,0.5366795366795367,0.8235294117647058,0.7737434434995162,0.0,0.0,0.0,0.0,1.0,0.529601988618382,0.0,0.5,0.0,0.0,0.0,0.7123552123552124,0.0,0.0,0.0,0.0,0.0,0.0,0.0,0.0,0.9518348623853211,0.0,0.0,0.7673119713171241,0.0,0.0,0.8184868310686126,0.4669149630274032,0.44537250384024585,0.21736459506501482,0.4541359096830221,0.2591496426766766,0.46091644204851745,0.5899746142817683,0.0,0.49279404927940496,0.22604327666151447,0.33333333333333337,0.8203082600672962,0.0,0.39954169735657585,0.1563648513197461,0.8006587202007528,0.0,0.0,0.5241495170096597,0.0,0.22502896871378908,0.5907060771817132,0.5278992219340497,0.0,0.6226415094339622,0.8837606837606837,0.0,0.0,0.6301369863013699,0.8966455122393473,0.49493180980464424,0.8648648648648649,0.0,0.7777777777777778,0.5851063829787233,0.0,0.22345483359746443,0.6666666666666667,0.0,0.5,0.0,1.0,0.25515574650913,0.0,0.44444444444444453,0.9460059993334073,0.23170630645562296,0.0,0.7796610169491526,0.0,0.4362354029367558,0.5,0.17676225105363186,0.6000000000000001,0.2442536213028016,1.0,0.08252427184466027,0.6552631578947369,0.10821643286573146,0.0,0.027131782945736482,0.8571428571428572,0.757948717948718,0.3192182410423453,0.6428571428571428,1.0,0.93024128016002,0.66,0.0,1.0,0.0,0.8773364485981309,0.9352226720647774,0.0,0.6186770428015564,0.0,0.25923008762429867,0.8711978971085242,0.0,0.45833333333333337,0.14725683576448367,0.39276608360509946,0.9430860033726813,0.02390830161241997,0.0,0.75,0.0,0.0,0.10416666666666663,0.4124022164276401,0.4444444444444444,0.0,0.0,0.875,0.0,0.5573338735818476,0.6666666666666667,0.2004407153148572,0.0,0.0,0.46113582831719435,0.0,0.2997275204359672,0.1606994171523728,0.6059479553903346,0.4192685102586976,0.33333333333333337,0.8571428571428572,1.0,0.75,0.6666666666666667,0.5,0.8571428571428571,0.0,0.5613218150871897,1.0,0.6579790072940759,0.5406907502977372,0.0,0.516881939723544,0.9166666666666666,0.0,0.0,0.0,0.6918116376724655,0.5155173718870638,0.38820988304709725,0.3469927769434312,0.0,1.0,1.0,0.7378640776699029,0.0,0.06605744125326363,0.16666666666666674,0.777807921866522,1.0,0.6047098402018503,0.875,0.8,0.0,0.0,0.0,0.0,0.6203431291527554,0.9529028436018957,0.0,0.8348186268356973,0.025026923257011946,0.7569634775957677,0.9698084180668733,0.0,0.0,0.8036739380022961,0.16000000000000003,0.9617440275809785,0.0,0.0,0.0,0.008702975856260453,0.3546557018685267,0.9308383233532934,0.7127271662249037,0.0,0.0,0.0,0.0,0.0,0.0,0.0,0.0,0.0,0.0,0.0,0.0,0.0,0.0,0.0,0.0,0.8369565217391304,0.6471566345194546,0.0,0.0,0.273972602739726,0.0,0.5538288871622206,0.0,0.0,0.0,0.0,0.0,0.0,0.7815346210407939,0.0,0.0,0.6714285714285715,0.7122877122877123,0.0,0.0,0.0,0.0,0.8,0.7902097902097902,0.9517114914425427,0.0,0.0,0.0,0.0,1.0,0.8931087652710236,0.0,0.0,0.0,0.0,0.15052660374777727,0.9444822116474054,0.0,0.0,0.0,0.0,0.0,0.0,0.0,0.0,0.8699007717750826,0.0,0.0,0.7962789356025095,0.0,0.0,0.8357056694813028,0.23131456350010116,0.4650349650349651,0.4162673228856365,0.9146658351522711,0.6687170474516695,0.2905666086693395,0.7725803280837029,0.0,0.75058207217695,0.0,1.0,1.0,0.6184591112279779,0.465671000322338,0.18872549019607832,0.7622448979591837,0.0,0.0,0.7835952817150387,0.0,0.0,0.10700891740978391,0.7270471464019851,0.21088435374149672,0.0,0.6947368421052631,0.8022813688212928,0.0,0.7880434782608695,0.9559023066485753,0.7990596387032912,0.8826086956521739,0.18467220683287167,0.75,0.2500000000000001,1.0,0.0,1.0,1.0,1.0,0.5,1.0,0.4583869834952593,0.18316100443131456,0.75,0.8683405422512923,0.5053763440860214,0.0,0.8474025974025974,1.0,0.0,1.0,0.4454177897574124,1.0,0.5748031496062993,1.0,0.36363636363636365,0.8914728682170543,0.0,0.0,0.0,1.0,0.4285714285714286,0.3431763766959298,0.75,1.0,0.8095238095238095,0.5,0.0,1.0,0.07142857142857129,0.4943820224719102,0.6875,0.16109422492401204,0.6778846153846154,0.0,0.34615384615384615,0.8181818181818182,0.0,0.5416666666666667,0.26655134455103,0.1931540342298288,1.0,0.1114257706132229,0.0,1.0,0.0,0.0,0.6666666666666667,0.6308846941096201,0.6666666666666667,0.6666666666666667,0.6005833738454059,1.0,0.0,0.0,1.0,0.6522686025408349,0.0,0.0,0.48962655601659744,0.0,0.44999999999999996,0.5882352941176471,1.0,0.23951285520974308,0.8,1.0,0.5454545454545454,1.0,0.8571428571428572,1.0,1.0,0.5,0.9392234621414738,1.0,0.9157967988865692,1.0,0.8412371134020619,0.8308478909245846,0.9785598705501618,0.0,0.0,0.7888725128960943,0.8122319597240351,0.8973727422003284,0.7239307681304534,0.7193847153766995,0.11798017932987237,1.0,1.0,0.4371014492753623,0.0,0.4202508412358519,1.0,0.4286292316683902,0.44999999999999996,0.0,1.0,1.0,1.0,0.0,0.0,0.0,0.614505893019039,0.9452190764286051,0.9429065743944637,0.8840195016251354,0.6885171790235081,0.8634951528989033,0.8810754912099276,0.0,0.0,1.0,0.13636363636363646,0.9686726987335946,0.0,0.0,0.0,0.7168777815816502,0.5615626690268968,0.9266048502139801,0.6537135065768367,0.0,0.0,0.0,0.0,0.0,0.0,0.0,0.0,0.0,0.0,0.0,0.0,0.0,0.0,0.0,0.0,0.7835344215755855,0.9874191857417438,0.0,0.0,1.0,0.0,0.48043818466353694,0.5,0.0,0.0,0.0,1.0,0.8522536687631027,0.7332402956530728,0.0,0.0,0.8428734321550742,0.9333333333333333,0.0,0.0,0.0,0.0,0.0,0.8676122931442081,0.5785491654936659,0.0,0.0,0.0,0.0,0.6666666666666667,0.9687094982410664,0.0,0.6000000000000001,0.0,0.0,0.0,1.0,0.0,0.0,0.0,0.0,0.0,0.0,0.0,0.0,1.0,0.0,0.0,0.5759430427179615,0.0,0.0,0.32769400514895164,0.543889021765128,0.37496169169475935,0.2418016275884295,0.3027505999630793,0.0,0.1681717840658239,0.5666145426114151,0.15384615384615385,0.2925278219395867,0.18360433604336024,0.33333333333333337,0.7948717948717949,0.0,0.0,0.4042553191489361,0.6923076923076923,0.0,0.0,0.0,0.0,0.25482625482625487,0.7377701934015928,0.14696918388079927,0.0,0.7701149425287357,1.0,0.0,0.8078078078078078,0.2500000000000001,0.10000000000000009,0.6057339449541284,0.07692307692307698,0.3467782851344495,0.0,0.5952380952380952,0.0,0.4220055710306406,0.6666666666666666,0.0,0.0,0.0,0.0,0.0,0.3930753564154785,0.4285714285714285,0.790871121718377,0.3331870061457419,0.0,0.25531914893617036,0.0,0.6956521739130435,0.0,0.33333333333333337,0.0,1.0,1.0,0.0,0.5,0.5,0.0,0.0,0.5,0.5,0.0,0.0,0.5,0.9660130718954248,1.0,0.0,0.0,0.0,0.2564102564102564,0.0,0.0,0.5691756272401434,0.0,0.03620873269435576,0.13636363636363613,0.25,0.0,0.0,0.0,0.6666666666666667,0.7083333333333334,0.37142857142857155,0.0,0.0,0.7871621621621622,0.0,0.0,0.4285714285714285,0.6666666666666667,0.0,0.0,0.0,0.22797579018157388,0.0,0.0,0.3928571428571429,0.0,0.6153846153846154,0.0,0.0,0.18181818181818177,0.08333333333333326,0.32619047619047625,0.0,0.0,0.0,0.6666666666666666,0.5,0.0,0.0,0.5,0.14841564187650458,0.25,0.0,0.26923076923076916,0.0,0.25773195876288646,0.7777777777777778,0.3438759065269943,0.0,0.0,0.17842942345924462,0.3684262948207172,0.0,0.2512801755669348,0.0,0.0,0.0,0.0,0.0,0.564105077435797,0.0,0.7754409769335142,1.0,0.7715909090909091,0.8,0.8,0.0,0.0,0.0,0.0,0.5967741935483871,0.8541666666666667,0.061444759206798594,0.5376884422110553,0.0,0.0,0.0,0.0,0.0,0.961038961038961,0.5,0.9726297341377821,0.0,0.0,0.0,0.4115409836065572,0.7785830313632388,0.010928961748634003,0.7035737469078405,0.0,0.0,0.0,0.0,0.0,0.0,0.0,0.0,0.0,0.0,0.0,0.0,0.0,0.0,0.0,0.18648434403487912,0.9008620689655172,0.5049644216448785,0.0,0.0,1.0,1.0,0.5613437195715678,0.0,0.0,0.0,0.0,m2
0.5714285714285714,0.0,0.0,0.0,0.8549979432332373,0.0,0.0,0.0,0.3842251840063656,0.7412023110347132,0.0,0.783677482792527,0.0,0.0,0.0,0.5930980392156862,0.0,0.0,0.0,0.0,0.0,0.0,0.0,0.0,0.0,0.6759259259259258,0.0,0.0,0.39469220984465936,0.0,0.7954545454545454,0.0,0.0,0.0,0.7988879464706437,0.0,0.0,0.0,0.0,0.0,0.2895063773397385,0.49533566550058306,0.4674381789398985,0.8554439204428952,0.8313890689133723,0.0,0.06628355851903833,0.3436762293442165,0.0,0.47073331141072017,0.43379282192985225,0.0,0.2586450112470928,0.47928158213372796,0.8919643876269832,0.0,0.7686335403726707,0.0,0.8025365409770802,0.0,0.0,0.0,0.5580009568961768,0.0,0.17543859649122806,0.2840550435551068,0.1497395833333336,0.12013422818791941,0.7218465539661898,0.3829787234042552,0.11838006230529585,0.2699756690997567,0.0,0.0,0.33333333333333337,0.5094339622641508,0.0,0.9107961206437174,0.0,0.4,0.5,0.6666666666666667,1.0,0.0770805985823052,0.3294810534503836,0.44444444444444453,0.4389501711677444,0.0,0.0,0.44067796610169496,0.0,0.0,0.5,0.17676225105363186,0.6000000000000001,0.7521899941600155,0.78125,1.0,0.0,0.05228758169934644,1.0,0.0,0.5714285714285714,0.0,0.3104796963073738,0.0,0.0,0.9146634615384616,0.75,0.0,0.33333333333333337,0.5955963938973647,0.6514423076923076,1.0,0.8081296562540845,0.4488517745302715,0.0,0.2272280342956029,0.2084115659031167,0.0,0.7142857142857142,0.044647068071058005,0.3769123783031987,0.967079479542248,0.07374789915966395,0.0,0.75,0.0,0.701634159198735,0.3913043478260869,0.9132928144299578,0.11111111111111105,0.0,0.5320855614973262,0.0,0.0,0.6381080475229769,0.6666666666666667,0.1838436884581225,0.49591630104623696,0.5,0.9774130402047885,0.0,0.2997275204359672,0.0,0.0,0.0,0.33333333333333337,0.8571428571428572,0.34941468605888604,0.0,0.0,0.5,0.0,0.0,0.17344129987439527,0.7,0.41528592063896674,0.9352313167259787,0.49842344074444367,0.4882358780899432,0.0,0.9008884179639742,0.8333333333333334,0.37270655953951315,0.5619444858235265,0.9159288441231419,0.6619436439321166,0.2819093739190591,0.6557819383259913,0.0,1.0,0.05054479418886204,1.0,0.8642635391514315,0.6666666666666666,0.44084988255391855,0.1923076923076923,0.0,0.0,0.0,0.0,0.0,0.0,0.0,0.9829361935523189,0.0,0.0,0.9824698901169208,0.461441213653603,0.0,0.33632286995515703,1.0,0.2103277006412203,1.0,0.0,0.0,0.0,0.07692307692307698,0.0,0.0,0.453671824751239,0.6879510649533533,0.9378046610923323,0.0,0.0,0.0,0.0,0.0,0.6390529005599956,0.0,0.0,0.0,0.0,0.9087551596784705,0.0,0.0,0.0,0.0,0.17560129550643322,0.0,0.8710479489053414,0.9614942393880377,0.0,0.23115577889447236,1.0,0.7996295817719774,0.0,0.0,0.0,0.0,0.0,1.0,0.0,0.0,0.8178913738019169,0.0,0.0,0.0,0.44626059420694797,0.5454545454545454,0.0,0.8,0.0,0.0,0.0,0.6404593639575972,0.0,0.0,0.0,0.0,0.0,0.0,0.0,0.0,0.16371490280777556,0.9444822116474054,0.0,0.0,0.5441203821117593,0.0,0.6666666666666667,0.0,0.0,0.25,0.8841698841698842,0.0,0.0,0.0,0.0,0.0,0.18212121212121235,0.2602752639517346,0.4886602758943185,0.9184581171237954,0.9834152334152334,0.04372267332916935,0.6387278828553996,0.7215739179314222,0.0,0.7532904805632078,0.33333333333333326,1.0,0.0,0.5153927813163481,0.811253267299491,0.0,0.0,0.0,0.9181286549707602,0.0,0.0,0.19999999999999996,0.3640599240197835,0.0,0.0,0.7810300111152279,0.06024096385542177,0.0,0.8666666666666667,0.36413043478260865,1.0,0.0,0.0,0.18467220683287167,1.0,0.2500000000000001,1.0,0.9592010199745007,1.0,0.5,1.0,1.0,1.0,0.0,0.43582510578279265,0.75,1.0,0.33149171270718236,0.0,0.2647058823529411,0.0,0.14632983794089605,1.0,0.49039098740888,1.0,0.8561151079136691,0.881367759944173,0.8636363636363636,0.0,0.0,1.0,0.0,0.8571428571428571,0.0,0.30500397140587765,0.0,1.0,0.8260869565217391,0.0,0.0,1.0,0.5502695101945161,0.6107784431137724,0.8125,0.9574844995571302,0.7640692640692641,0.6296296296296295,0.34615384615384615,0.2727272727272728,0.0,0.5833333333333333,0.0,0.3071585098612125,1.0,0.5900228733253459,0.06908171861836565,1.0,0.0,0.8374417055296469,0.0,0.9480203662892317,0.0,0.6666666666666667,0.37647227808101114,1.0,0.0,0.6451918522027476,1.0,0.8701223063482819,1.0,1.0,0.8127681049709816,0.0,0.44999999999999996,0.3529411764705882,0.0,0.33333333333333337,0.6000000000000001,1.0,0.8,0.5,0.0,1.0,0.0,0.5,0.6341567291311755,1.0,0.6650936784562912,1.0,0.830735343951203,0.3144411300228108,0.0,0.5286236297198539,0.8823529411764706,0.5674499564838991,0.8122319597240351,1.0,1.0,0.5680408752291431,0.9312390158172232,0.4406546644844518,0.8,0.0,0.0,0.8953214774281806,1.0,0.5463917525773196,0.0,0.2499999999999999,0.0,1.0,1.0,0.0,0.0,0.0,1.0,0.37038689172289085,0.12138927097661634,0.898876404494382,0.0,0.43804729322508595,0.31853281853281856,0.0,0.3381984661136326,0.9806451612903225,0.0,0.0,0.0,0.10526315789473684,0.0,0.0,0.5510169285105346,0.742430613961312,0.8178125735813515,0.0,0.0,0.0,0.0,0.0,0.7629639992538705,0.0,0.0,0.0,0.0,0.9100771456123433,0.0,0.0,0.0,0.0,0.8796178018496755,0.0,0.9876868766348382,0.9411414834824416,0.0,0.5416666666666667,0.0,0.7784114052953157,0.5,0.0,0.0,0.0,1.0,0.0,0.0,0.0,1.0,0.0,0.0,0.0,0.3242972724997917,0.6686246708527446,0.0,0.33333333333333326,0.0,0.0,0.0,0.9119897959183674,0.0,0.0,0.0,0.0,0.0,0.0,0.0,0.0,0.0,0.5357142857142858,0.0,0.0,0.9090909090909091,0.0,0.7777777777777778,0.0,0.0,0.0,1.0,0.0,0.0,0.39429012345679004,0.0,0.0,0.62400906002265,0.4861351264809479,0.37496169169475935,0.8836515993876399,0.7912848326164204,0.12859468258274565,0.0,0.0,0.15384615384615385,0.2925278219395867,0.6077235772357723,0.0,0.0,0.45977011494252884,0.496648460774578,0.0,1.0,0.0,0.6405529953917051,0.005955274671852195,0.0,0.0,0.7377701934015928,0.0,0.6307692307692307,0.18508092892329342,0.4375,0.2857142857142857,0.22222222222222232,0.0,0.0,0.0,0.0,0.25185396463205934,0.2857142857142858,0.0,0.0,0.5201949860724234,0.0,0.6,0.0,0.5,0.0,0.0,0.2515723270440251,0.4285714285714285,0.4943837279902854,0.0,0.0,0.21052631578947367,0.0,0.0,0.0,0.0,0.0,0.41176470588235303,0.6666666666666667,0.75,0.0,0.6666666666666667,0.75,0.0,0.0,1.0,0.0,0.0,0.5,0.7412451361867703,0.8,0.0,0.16666666666666663,0.8113207547169812,0.0,0.6140350877192982,0.728101116990006,0.5030674846625767,0.0,0.0,0.5714285714285714,0.25,0.19999999999999996,1.0,0.0,0.6666666666666667,0.0,0.20740740740740748,0.0,0.0,0.23391812865497064,0.5714285714285714,0.6057692307692308,0.2857142857142857,1.0,0.5639821554355482,0.0,0.0,0.2284241201524322,0.0,0.0,0.07147220525351261,0.0,1.0,0.0,1.0,0.0,0.0,0.08565737051792799,0.33333333333333337,0.0,1.0,0.0,0.0,0.0,0.0,0.5,0.2625416468348406,0.25,0.04166666666666652,1.0,0.247909967845659,0.0,0.0,0.5281733746130031,0.0,0.3971631205673758,0.2566171723692705,0.8753611636943309,0.49899933288859233,0.0,0.40856550088915233,0.0,0.8,0.003718073068218586,0.0,0.0,0.5,0.8074834037417018,0.41463414634146345,0.2927669345579794,0.0,0.0,0.0,0.0,0.0,0.0,0.967741935483871,0.0,0.0,0.9305135951661632,0.6681896551724138,0.0,0.035381750465549255,0.0,0.16171900268594164,1.0,0.0,0.0,0.0,0.0,0.0,0.0,0.4956438878301117,0.010928961748634003,0.7028799779523218,0.0,0.0,0.0,0.0,0.0,0.41983496701062883,0.0,0.0,0.0,0.0,0.9194504699927694,0.0,0.0,0.0,0.0,0.0,0.0,0.8297697368421053,1.0,0.0,1.0,0.3571428571428572,0.8313047711781889,0.0,0.0,0.0,0.0,m2
0.0,0.0,0.0,0.0,0.0,0.0,0.0,0.7871559633027523,0.0,0.6835224969598703,0.0,0.6508854354897,0.0,0.6527687998276234,0.0,0.5912076806467912,0.0,0.0,0.0,0.5757071290149672,0.0,0.0,0.0,0.0,0.22377840024898854,0.0,0.0,0.0,0.0,0.0,0.0,0.0,0.0,0.0,0.0,0.0,0.0,0.14360658534504822,0.8328905801263642,0.0,0.24002659574468066,0.4371348808354443,0.44344073070360324,0.4523187924241705,0.5097061347061347,0.0,0.06800070058674135,0.920734601482347,0.37726053474084975,0.0,0.4859552715654951,0.0,0.0,0.06351160071389006,0.0,0.0,0.763299131807419,0.046526939536925216,0.36688898585052665,0.792616226071103,0.7194695424074613,0.9031422855125338,0.7184270105325328,0.4510698787969477,0.6413612565445026,0.0,0.35387323943661975,0.01577669902912604,0.12617030762371828,0.6308724832214765,0.0,0.2698412698412699,0.0,0.08351976137211015,0.5,0.5760869565217391,0.0,0.0,0.0,0.4,0.0,0.0,1.0,0.4370984569765526,0.16761217122227956,0.0,0.0,0.0,0.5714285714285714,0.44067796610169496,0.0,0.6128395811200487,0.5,0.17676225105363186,0.6000000000000001,0.0,0.78125,0.0851648351648352,0.0,0.0,0.0,0.0,0.5714285714285714,0.0,0.0,0.0,0.0,0.7982884107814124,0.8,0.0,0.5,0.0,0.9079016221873365,0.2666666666666666,0.29240488943826404,0.44896681277395123,0.5,0.9218792573274688,0.21313923105636423,0.4626865671641792,0.0,0.15510294724152163,0.0,0.9672846237731734,0.7058410469198853,0.9425699928212491,0.75,0.0,0.89798087141339,1.0,0.0,0.4444444444444444,0.0,0.0,0.0,0.0,0.8322797579018157,0.6666666666666667,0.5698833431777909,0.0,0.0,0.37989222915484966,0.0,0.8228882833787465,0.7272727272727273,0.6904937361827561,0.0,0.33333333333333337,0.8571428571428572,1.0,1.0,0.0,0.5,0.8571428571428571,0.0,0.3462625154299821,0.0,0.4445756387852453,0.0,0.0,0.4882358780899432,0.41666666666666663,0.0,0.0,0.3722268857177119,0.4751017244720016,0.41291348118991744,0.1096502108657903,0.0,0.0,1.0,1.0,0.0535714285714286,0.0,0.0,1.0,0.0,0.0,0.11886143259305604,0.75,0.0,0.0,0.0,0.0,0.0,0.0,0.09651474530831106,0.0,0.0,0.0,0.5712041649836183,0.7830504582767264,1.0,0.5203280109427266,0.0,0.76,0.0,0.0,0.2049488972565896,0.0,0.0,0.5780983661081778,0.45000880126738263,0.5321252059308071,0.0,0.0,0.0,0.0,0.4937233346566987,0.9375400210551449,0.9473684210526315,0.0,0.0,0.0,0.0,0.0,0.0,0.0,0.0,0.5031760057351495,0.0,0.14244884907961897,0.0,0.0,1.0,0.8275862068965517,0.0,0.5,0.0,0.0,0.0,0.0,1.0,0.0,0.0,0.0,0.0,0.0,0.7729591836734694,0.0,0.5454545454545454,0.0,0.8,0.0,0.6427577570613608,0.0,0.6439944041036574,0.0,0.0,0.0,0.8929843727734764,0.0,0.0,0.0,0.0,0.06527596697088212,0.0,0.0,0.0,0.0,0.0,0.0,0.0,0.0,0.0,0.0,0.0,0.0,0.737748294305532,0.8704674530362604,0.0,0.1396103896103894,0.14093504984996608,0.4895955108721065,0.6458872219348164,0.8673218673218673,0.7107023411371237,0.39331082167551046,0.9087712972144596,0.2052023121387282,0.0,0.8221590909090909,1.0,0.5376117832719622,0.8771894904458599,0.0,0.0,0.7567039106145252,0.15859609609609604,0.571883820449786,0.7776821924542214,0.8712179984484096,0.9428571428571428,0.9143176555138545,0.43849136411702505,0.924119241192412,0.1850863821138211,0.6157894736842104,0.4397641112047177,0.6296296296296297,0.8189655172413793,0.0,0.0,0.0,0.24786324786324776,1.0,0.2500000000000001,1.0,0.0,1.0,0.5,0.0,0.5,1.0,0.4720593117184906,0.2609308885754583,0.5,0.1428571428571429,0.6280991735537189,0.5,0.3392857142857143,1.0,0.9690181124880839,1.0,0.49039098740888,1.0,0.5236270753512133,0.8880429914912673,0.36363636363636365,0.0,0.0,0.0,0.0,0.8571428571428571,0.0,0.0,0.0,0.0,0.6666666666666666,0.0,0.0,1.0,0.0,0.6466065747613998,0.0625,0.6873563218390805,0.7528344671201814,0.18181818181818188,1.0,0.2727272727272728,0.08333333333333337,0.5416666666666667,0.6286626746506986,0.29575402635431924,1.0,0.5018020969855832,0.8622577927548442,1.0,0.0,0.0,0.6666666666666667,0.0,0.6666666666666667,0.6666666666666667,0.0,1.0,0.0,0.7413358538122243,1.0,0.9606872451951077,0.0,0.0,0.2980849292256451,0.0,0.9,0.3529411764705882,0.8686493184634448,0.3667117726657646,0.8,1.0,0.5454545454545454,0.5,0.0,0.75,1.0,1.0,0.7751277683134583,0.0,0.6836032837807854,0.023509174311926784,0.12535816618911177,0.43333333333333335,0.5202265372168284,0.368421052631579,0.0,0.5596285434995112,0.6382621666977438,0.0,0.925,0.8061639344262295,0.09452736318407962,1.0,1.0,0.0,0.0,0.0,1.0,0.0,0.44999999999999996,0.5348837209302325,0.6666666666666666,0.0,1.0,0.0,0.0,0.0,0.0,0.0,0.85018222411925,0.0,1.0,0.739979808177688,0.8031178840427395,1.0,0.7534438684939289,0.0,0.8181818181818182,0.0,0.0,0.21219091431857395,0.0,0.053863522328148616,0.8244758654314968,0.6466568544995794,0.176948434188839,0.0,0.0,0.0,0.0,0.6179760266192723,0.927338782924614,1.0,0.0,0.0,0.0,0.0,0.0,0.0,0.0,0.0,0.8897971894585232,0.0,0.8392063458307637,0.0,0.0,0.75,1.0,0.0,1.0,0.0,0.0,0.0,1.0,0.0,0.0,0.0,0.0,0.0,0.0,0.7142857142857143,0.0,0.6686246708527446,0.0,0.6074766355140186,0.0,0.4374766238623612,0.0,0.48583106267029974,0.0,0.0,0.0,0.9689540937056318,0.0,0.0,0.0,0.0,0.6995249406175772,0.0,0.0,0.0,0.0,0.0,0.0,0.0,0.0,0.0,0.0,0.0,0.2843137254901962,0.0,0.9409048938134811,0.0,0.6154838709677419,0.4706961683756071,0.3852931209759404,0.3877724313614491,0.32635122498597346,0.0,0.0,0.0,0.3076923076923076,0.0,0.6077235772357723,0.0,0.3076923076923077,0.0,0.01638530287984097,0.0,1.0,0.0685563612392881,0.30909090909090897,0.4828877695983469,0.4075537988581466,0.8095238095238095,0.477957906712173,0.3906810035842294,0.6557377049180327,0.0,0.0,0.0,0.6546546546546548,0.2500000000000001,0.0,0.0,0.23076923076923073,0.25185396463205934,0.2857142857142858,0.3529411764705883,0.0,0.0,0.0,0.6,0.0,0.0,0.0,0.653142402545744,0.0,0.0,0.0,0.0,0.6,0.21052631578947367,1.0,0.4347826086956522,0.0,0.33333333333333337,0.0,0.0,0.6666666666666667,0.0,0.0,0.33333333333333337,0.0,0.0,0.0,0.0,0.0,0.0,0.0,0.5561770428015562,0.8,0.0,0.33333333333333326,0.0,0.0,0.33333333333333337,0.0,0.48951048951048937,0.0,0.3116883116883117,0.5714285714285714,0.75,0.0,0.04878048780487809,0.0,0.6666666666666667,0.7831245880026367,0.7375886524822696,0.0,0.0,1.0,0.5714285714285714,0.4204545454545454,0.4285714285714285,1.0,0.0,0.0,0.0,0.5523425240977359,0.0,0.3822521097046413,0.25778863775198524,0.0,0.0,0.0,0.0,0.0,0.41666666666666663,0.6851851851851851,0.0,0.0,0.0,0.0,0.0,0.5,0.0,0.0,0.0,0.0,0.05533371363377049,0.0,0.0,0.0,0.0,0.32885211995863506,0.0,0.3971631205673758,0.12948717948717947,0.695626183122447,0.14892487390496423,0.05820328975115985,0.0,1.0,0.0,0.003718073068218586,0.11111111111111116,0.24459003375024824,0.5,0.500660501981506,0.0,0.28455976180348785,0.8,0.4,0.0,0.0,0.0,0.0,0.0,0.04166666666666674,0.0,0.0,0.0,0.0,0.035381750465549255,0.33333333333333337,0.3820303712035994,0.0,0.41666666666666663,0.0,0.0,0.5,0.0,0.0,0.7914891484136133,0.196078431372549,0.11343530384456357,0.0,0.0,0.0,0.0,0.9329288843950118,0.81275833562965,0.6666666666666667,0.0,0.0,0.0,0.0,0.0,0.0,0.0,0.0,0.2327355184498039,0.0,0.06451901246044656,0.0,0.0,1.0,0.0,0.0,0.0,0.0,0.0,0.0,m2
0.5714285714285714,0.0,0.7546115311200207,0.8590888451642198,0.8160747663551402,0.7053637859896738,0.0,0.0,0.3748296228986825,0.7538447782546496,0.5021487275967917,0.0,0.8456570875040361,0.0,0.4,0.0,0.9875846501128668,0.0,0.33333333333333326,0.0,0.0,0.5,0.0,0.0,0.0,0.0,0.668931277763261,0.7235815368337521,0.0,0.8918624891209748,0.0,0.7209244727168445,0.0,0.33333333333333326,0.7988879464706437,0.7566675468708741,0.47390642948061223,0.0,0.0,0.0,0.5246948508608844,0.46314381270903016,0.4674381789398985,0.2584136326956852,0.48090948090948105,0.3641088572872303,0.5314975085234723,0.9145680586547656,0.9704590474549996,0.0,0.34972133757961765,0.0,0.41278697521265884,0.0,0.7595220575353026,0.2385065477848981,0.0,0.05222088835534233,0.913276918587686,0.5062704962340985,0.3918098341232227,0.5891958393915668,0.0,0.5215698022768125,0.4649122807017544,0.7255669546436285,0.882960413080895,0.9197080291970803,0.9620738636363636,0.9827586206896551,0.0,0.9206812652068127,0.8571428571428572,0.6202304622696497,0.0,0.625,0.0,0.3273465896942487,0.0,0.4,0.0,0.0,0.0,0.25515574650913,0.8123124791643517,0.22222222222222232,0.0,0.0,0.1428571428571428,0.6526468455402467,0.6666666666666667,0.0,0.5,0.6406513194834362,0.6000000000000001,0.9984214680347278,0.9375,0.22157434402332365,0.937799043062201,1.0,0.2714776632302406,0.5107816711590296,0.0,1.0,0.0,0.6428571428571428,0.0,0.3783308416146337,0.5714285714285714,0.9605911330049262,0.7777777777777778,0.549203621703787,1.0,0.37142857142857144,0.1981957721825771,0.8622129436325678,0.0,0.18733812006163741,0.0,0.33333333333333337,0.0,0.6516676534438524,0.9184401525402879,1.0,0.53855421686747,0.8592946362968406,0.75,0.6666666666666667,0.646031746031746,0.043062200956938024,0.3405369277041327,0.7777777777777778,0.0,0.0,0.375,0.0,0.47472094550229804,0.0,0.16962703482382024,0.19542334096109848,0.5,0.7669877636032283,0.33333333333333337,1.0,0.5260545905707197,0.7111498257839721,0.7158779462817467,0.33333333333333337,0.0,1.0,0.0,0.0,0.0,0.9285714285714286,0.0,0.6439641109298533,0.0,0.3987043368724129,0.6679627665841877,0.16935725602706275,0.9953302201467645,0.41666666666666663,0.6098522659213416,0.0,0.30131147540983616,0.4814938154138916,0.0,0.13923171860536887,0.9970328170434989,0.0,1.0,0.75,0.7669491525423728,0.0714285714285714,0.8791436464088398,0.6666666666666667,0.36965487301931843,0.0,0.28462603878116344,0.875,0.0,0.0,0.9342390169096032,0.96875,0.9803921568627451,0.0,0.9809133071708883,0.6904514466245428,1.0,0.14419159994381248,0.7522578130076019,0.0,1.0,0.0,0.0,1.0,0.9777230011880117,0.9648954256087362,0.6557288864981172,0.9335776163344841,0.001585081585081527,0.36057354388266716,0.0,0.23638804700377514,0.0,0.0,0.0,0.0,0.0,0.6647928408978543,0.0,0.0,0.9857317670093001,0.6666666666666667,0.9826200304149467,0.6075484346718509,0.6911764705882353,0.9934717874322364,0.8515409256600022,0.4725943755198838,0.9782608695652174,0.0,0.9192723066671695,0.9375,0.0,0.13636363636363635,0.9569772314569074,0.0,0.0,0.8670900964478946,0.8125,0.0,0.0,0.7462253616054024,0.9228915662650603,0.794921875,0.6000000000000001,0.0,0.0,0.36274509803921573,0.5454545454545454,0.7904191616766467,0.0,0.82699513672965,0.0,0.5,0.0,1.0,0.0,0.5,0.0,0.0,0.0,0.0,0.0,0.0,0.0,0.6000000000000001,0.5189873417721519,0.0,0.832666909002787,0.0,0.6107893692978976,0.0,0.5,1.0,0.7391304347826086,0.6101694915254237,0.0,0.0,0.0,0.498435754189944,0.23779623252987625,0.5211426000899685,0.4162673228856365,0.0,0.06948109058926988,0.883668398463971,0.5055124756026798,0.9895968790637191,0.0,0.34593175853018376,1.0,0.7932816537467701,0.7362637362637363,0.652072467746363,0.23628509719222457,0.0,0.17948717948717952,0.9320969482877048,0.30265074279056225,0.28346592874437915,0.6857142857142857,0.0,0.7270471464019851,0.9934426229508196,0.8513253937764118,0.32530120481927716,1.0,1.0,0.0,0.20000000000000007,1.0,0.682608695652174,0.605724838411819,0.5,0.2500000000000001,0.0,0.8624813153961136,1.0,1.0,0.0,0.5,1.0,0.4510644481581051,0.8885754583921015,0.0,0.0,0.6370967741935484,0.0,0.9214285714285714,1.0,0.0,1.0,0.8797216699801192,1.0,0.75,0.953310371220819,0.36363636363636365,1.0,1.0,0.36363636363636365,0.5263157894736842,0.0,0.4285714285714286,0.0,0.75,0.0,0.5238095238095237,0.5,0.9222042139384117,1.0,0.6080067854113655,0.9773400732089943,0.0,0.8370400323493732,0.9256756756756757,0.0,0.0,0.0,0.0,0.0,0.931477172430394,1.0,1.0,0.9845023166640038,0.8666146645865835,1.0,0.0,0.8717801946193474,0.6666666666666667,0.7948068397720076,1.0,0.0,0.0,0.375,0.0,0.9737285281239475,0.0,0.5587026039287346,0.5015576323987538,1.0,0.8066197550169403,0.0,0.9,0.0,0.8686493184634448,1.0,0.8,0.0,0.5454545454545454,0.5,0.0,0.0,1.0,0.0,0.49100906524000587,0.0,0.631011810544259,0.0,0.0,0.8208651399491094,1.0,0.0,0.0,0.5674499564838991,0.6664632906243644,0.0,0.8338220918866079,0.949369488954205,0.07895910780669146,1.0,0.0,0.9406021155410903,0.0,0.8854680350082189,1.0,0.38698078115313084,0.44999999999999996,0.0,1.0,0.0,1.0,0.9473946666666666,0.967741935483871,0.9888888888888889,0.0,0.9717823888074869,1.0,1.0,0.6860809476801579,0.8761316281074867,0.0,1.0,0.0,0.0,0.6818181818181819,0.9973911339802222,0.973472311676021,0.643473260494537,1.0,0.8842593766642153,0.5403669266146771,0.0,0.33936529890886724,0.0,0.0,0.0,0.0,0.0,0.7659462540002631,0.0,0.0,0.9827628917055448,0.5,1.0,0.6637663144810442,0.5,0.9876112581188357,0.9384615384615385,0.9124684435110922,0.985672049124403,0.5104740278172012,0.8656382740889783,1.0,0.35483870967741926,0.5,1.0,0.5,1.0,0.8231538034425319,0.7247191011235956,1.0,0.0,0.7093209481101858,0.9411764705882353,1.0,0.8617954070981211,0.0,0.0,0.7065619223659889,0.8461538461538461,0.526849702230746,0.0,0.9077340569877883,0.0,0.33333333333333326,0.0,0.8609756097560975,0.0,0.6666666666666667,0.0,0.0,0.6000000000000001,0.0,0.0,0.0,0.0,0.6080525883319639,0.7639902676399027,0.0,0.6548783024755565,0.0,0.8237704918032787,0.0,0.0,1.0,0.7280453257790369,0.3125,0.4516599781101788,0.0,0.0,0.9722838137472284,0.5404953495663078,0.3891133557800224,0.3409169251982076,0.6718225866567276,0.5303738317757009,0.4609422802365899,0.9010511054729975,0.7692307692307692,0.0,0.0,0.0,0.46153846153846156,0.0,0.9540310721820856,0.41666666666666663,0.0,0.1438356164383563,1.0,0.7926518734085122,0.7853191489361703,0.7034749034749035,0.31783276450511944,0.14696918388079927,0.28358208955223874,0.7825537294563844,1.0,0.978021978021978,0.5555555555555556,1.0,0.0,0.9798165137614678,0.5,0.46752917300862507,1.0,0.6774193548387097,1.0,0.07794015309672941,0.0,0.4,0.0,0.0,0.0,0.10509209100758399,0.9375,0.5714285714285714,0.0,0.0,0.19999999999999996,0.21052631578947367,1.0,0.0,0.0,0.7777777777777778,0.0,0.6666666666666667,1.0,0.0,0.96,1.0,0.5,0.0,1.0,1.0,0.0,0.0,0.5,0.39784117193523527,0.0,1.0,0.8333333333333333,1.0,0.658890290037831,0.33333333333333337,0.0,0.7932816537467701,0.625,0.0,0.16541353383458646,0.25,0.7,0.46341463414634154,0.690990990990991,0.6666666666666667,0.6282722513089005,0.9642857142857143,0.0,1.0,0.4509803921568628,0.0,0.03691084611016471,0.7142857142857142,1.0,0.2320390170699681,1.0,0.0,0.6468742997983419,1.0,0.12804953560371501,0.6793924466338259,0.0,0.7272727272727273,1.0,0.0,0.9090909090909091,0.41666666666666663,0.5,0.0,1.0,0.6370967741935484,0.0,0.0,1.0,0.5,1.0,0.9623918277051207,0.0,0.5339805825242718,0.6923076923076923,0.6110313371061745,1.0,0.0,0.0,0.0,0.0,0.1468689477081988,0.0,0.0,0.7757275411218895,0.0,1.0,0.8,0.6890702512401985,0.0,0.0,0.0,0.5707964601769911,0.0,0.3979274611398964,0.8,0.4,0.0,0.9218593305325925,1.0,0.9166666666666666,0.0,0.934201266713582,0.6979569892473119,1.0,0.206896551724138,0.0,0.6376106194690265,0.33333333333333337,0.0,0.3071253071253073,1.0,0.9702129224432758,0.9548144392402416,1.0,0.9293411634436667,0.0,0.20188399251564615,0.0,0.06401667154642376,0.0,0.0,0.0,0.0,0.0,0.8007267563277922,0.0,0.0,0.9933097205824478,1.0,0.9756267409470752,0.5767016593294954,0.5555555555555556,1.0,0.7184668989547037,0.245253164556962,1.0,0.029810773326531592,0.9364427598792728,0.9,0.5,0.0,0.8959764474975466,0.0,0.0,0.8514179283826003,0.75,runif
0.5714285714285714,0.0,0.0,0.0,0.8160747663551402,0.0,0.7380952380952381,0.7655939610647597,0.0,0.0,0.645282168012369,0.0,0.0,0.0,0.4,0.0,0.0,0.0,1.0,0.0,0.6563142483334372,0.5,0.5824636812630448,0.7171176732860034,0.0,0.7128191629376153,0.0,0.4570508231925554,0.0,0.0,0.0,0.0,0.0,0.0,0.0,0.0,0.0,0.765886287625418,0.832992700729927,0.0,0.5346801346801346,0.5291864234241475,0.5935000506226586,0.5743684668989546,0.4513995189153728,0.8919182083739046,0.5114607920272751,0.10676653717205054,0.36499870812160873,0.5586105150214593,0.1464958224217483,0.33333333333333337,0.031136065334694374,0.5626523936961048,0.3289774432618381,0.25543478260869557,0.0,0.046526939536925216,0.773667625702151,0.7916367680826636,0.9007276507276507,0.9031422855125338,0.39448988809153407,0.6348397577905774,0.2049364248317127,0.2868460764587526,0.35387323943661975,0.9224855861627163,0.0,0.9827586206896551,1.0,0.49493180980464424,0.8378378378378378,0.9056592078348726,0.2857142857142857,0.0,0.0,0.2917724733367191,0.0,0.4,0.0,0.6666666666666667,1.0,0.8607948442534908,0.5015641293013555,0.33333333333333337,0.67750038057543,0.27007541228142884,0.8571428571428571,0.6142131979695432,0.0,0.0,0.5,0.20775142550202452,0.30000000000000004,0.0,0.0,0.060439560439560336,0.7965026307644691,0.33333333333333337,0.7142857142857142,0.0,0.8571428571428572,0.0,0.9115116755428103,0.6428571428571428,0.18181818181818188,0.797699793571218,0.0,0.7831288343558283,0.11111111111111116,0.6908003436653228,1.0,0.0,0.2015678979537604,0.8622417031934878,0.5,0.5825901083511462,0.051010886469673555,0.5,0.0,0.45000000000000007,0.9133404293063686,1.0,0.0,0.41666666666666663,0.75,0.6666666666666667,0.6007575757575757,0.6086956521739131,0.0,0.11111111111111105,0.0,0.6813655761024182,0.875,0.5,0.47472094550229804,0.0,0.42894823606989785,0.19542334096109848,0.5,0.6580908445706175,0.33333333333333337,0.0,0.42298084929225643,0.8331085637221848,0.36543029417138684,0.33333333333333337,0.8571428571428572,0.8,1.0,0.33333333333333337,0.75,0.8571428571428571,0.0,0.07661003555906754,0.25,0.45438799076212466,0.5969102792632206,0.0,0.9319546364242829,0.9166666666666666,0.0,0.0,0.6863939657673339,0.0,0.9216561955945802,0.04027439699048463,0.6760312151616499,0.5740797002379867,0.0,0.0,0.0,0.0714285714285714,0.11719025767737368,1.0,0.30510528707771534,1.0,0.5924812030075188,0.875,0.8,0.5,0.0,0.33333333333333326,0.0,0.9852386419550598,0.8003419702748915,0.6755405669175216,1.0,0.0,0.7467893688620286,0.9691374435072625,1.0,0.6428391182938226,0.0,1.0,0.9490780664482039,0.9441351507007103,0.2049488972565896,0.9898580121703854,0.0,0.7539347774339443,0.6636263261485287,0.23484606795342167,0.0,0.0,0.0,0.9965037529644752,0.7513147509043823,0.0,0.9473684210526315,1.0,0.986652998674619,0.6666666666666667,0.9009079831767619,0.6282892680792549,1.0,0.989103101424979,0.0,0.18487541993281065,0.9347826086956522,0.8570880897029326,0.5712506291964203,0.0,0.273972602739726,0.0,0.5336292428198434,0.5,0.0,0.9949693390869861,0.8125,0.0,0.0,0.0,0.0,0.7804080061585835,0.0,0.6296296296296295,0.875,0.0,0.0,0.8434268833087148,0.0,0.0,0.0,0.5,0.0,0.0,0.0,1.0,0.0,0.7122362012987014,0.0,0.7509872439557942,0.9775561097256857,0.9473684210526315,0.33333333333333326,0.0,0.5189873417721519,0.0,0.0,0.0,0.0,0.0,0.25,0.0,0.0,0.0,0.7631316305030865,0.8736567090604357,0.0,0.7551020408163265,0.7759171425805826,0.7009948157489141,0.6560415122312824,0.900482451991297,1.0,0.0,0.7208580299181485,0.21047331319234652,0.5502504173622704,0.0,1.0,0.637975919297104,0.9739130434782609,0.2375789184737852,0.29032258064516125,0.0,0.18067075369635777,0.9283619606200251,0.8004137242314002,1.0,0.9428571428571428,0.7298791900629573,0.21927027984413716,0.0,0.6450648055832502,0.6157894736842104,1.0,0.6000000000000001,0.993103448275862,0.5277777777777778,0.7991559086395233,0.682608695652174,0.8495726495726496,1.0,0.0,1.0,0.04418155480444219,1.0,0.5,0.0,1.0,0.0,0.94107389377316,0.6666666666666667,0.2500000000000001,0.9154929577464789,0.524390243902439,1.0,0.8464285714285714,1.0,0.15625,1.0,0.06817513958272081,0.29999999999999993,0.6191275167785235,0.0,0.36363636363636365,0.6206896551724137,0.8571428571428572,0.8636363636363636,0.0,1.0,0.0,0.9383775351014041,0.75,0.09999999999999998,0.6666666666666666,0.0,0.7616580310880829,0.0,0.3571428571428572,0.9682073856688677,0.0625,0.7385589094449854,0.9256756756756757,0.3012195121951219,0.5192307692307692,0.4545454545454546,1.0,0.5416666666666667,0.9026307346807828,1.0,1.0,0.5594860406091371,0.8666146645865835,1.0,0.0,0.06818181818181834,0.33333333333333337,0.0,0.0,0.0,0.8432677469135803,1.0,0.25,1.0,0.0,0.0,0.5,1.0,0.557988011467292,0.0,0.44999999999999996,0.8823529411764706,0.9019908116385911,0.0,0.6000000000000001,1.0,0.7272727272727273,1.0,0.1428571428571429,0.75,1.0,0.5,0.759937286728765,1.0,0.8697670013260087,0.6964504283965728,0.12535816618911177,0.9442877291960508,0.9559748427672956,0.38847305389221554,0.0,0.36496350364963503,0.0,1.0,0.7935126582278481,0.45150501672240795,0.8785560602438441,0.4406546644844518,0.0,0.24084621643612703,0.0,0.4852711796425866,0.0,0.39848234905971647,0.44999999999999996,0.0,0.6666666666666666,1.0,0.0,0.0,0.33333333333333326,0.0,0.9932578209277239,0.7240816326530612,1.0,1.0,0.7212783171521036,0.8285767755216619,0.9073359073359073,1.0,0.7727690977869897,0.2786624203821656,0.13636363636363646,0.9491737933412393,0.9622515112268193,0.21219091431857395,0.8732394366197183,0.8049563350632568,0.8201932922108733,0.742430613961312,0.2249116336253265,0.0,0.0,0.0,0.9954500737825873,0.7375154037900349,0.0,0.9375,0.9512195121951219,0.9865964257135236,0.5,0.90995085995086,0.5983606557377048,1.0,0.96875,0.0,0.8951728077692088,0.9166666666666666,0.9967799642218247,0.48145868595168484,0.0,1.0,0.6666666666666667,0.48043818466353694,1.0,1.0,1.0,1.0,0.0,0.0,0.0,0.0,0.650632911392405,0.0,0.9333333333333333,0.7142857142857143,0.0,0.0,0.526849702230746,0.0,0.0,0.0,0.33333333333333326,0.0,0.0,0.0,0.6666666666666667,0.0,0.8732261890156627,0.6000000000000001,0.8846035553915237,0.6912287633346503,0.0,0.5357142857142858,0.36363636363636365,0.7439791711868085,0.0,0.0,0.0,0.0,0.0,1.0,0.0,0.0,0.0,0.5308689024390245,0.7487191998048305,0.0,0.332846715328467,0.30389800397115674,0.5577724836212032,0.5491084064534391,0.5281090289608177,0.9380281690140845,0.7904824131547425,0.0,0.3076923076923076,0.8229994700582937,0.5373754152823921,0.33333333333333337,0.20512820512820518,0.5783132530120483,0.0,0.20000000000000007,0.0,0.0685563612392881,0.5984848484848485,0.4977064220183486,0.5497872340425531,0.8,0.3087315130830488,0.7043478260869566,0.19148936170212771,0.0,0.0,1.0,0.8888888888888888,1.0,0.8571428571428572,0.6057339449541284,0.8181818181818181,0.8738435660218671,0.0,0.0,0.0,0.4220055710306406,0.0,0.6,0.0,0.5,1.0,0.736842105263158,0.2515723270440251,0.5714285714285714,0.7963393375944218,0.3084013297068601,0.8,0.21052631578947367,1.0,0.0,0.0,0.0,1.0,0.0,0.0,0.0,0.8,0.0,0.75,0.0,0.5,0.0,0.8571428571428571,0.0,0.5,0.49096594857539966,0.4,0.9816265060240964,0.25,1.0,0.658890290037831,0.33333333333333337,0.0,0.7938144329896908,0.0,0.8796706776440786,0.4285714285714286,0.0,0.0,1.0,0.690990990990991,0.6666666666666667,0.0,0.9642857142857143,0.0,1.0,0.16753926701570687,0.7142857142857143,0.26923076923076916,0.2857142857142857,1.0,0.2776214593884825,0.0,1.0,0.6451468280654562,1.0,0.25649439431227805,0.9839816933638444,0.0,0.818880351262349,1.0,0.0,0.18181818181818177,0.6666666666666666,1.0,0.33333333333333337,0.0,0.605263157894737,0.6666666666666666,1.0,1.0,0.0,0.5,0.0,0.25,0.0,0.26923076923076916,0.0,0.8571428571428572,0.7777777777777778,0.0,0.0,0.8852459016393442,0.0,0.8748374187093546,0.10504083356800897,0.6163011387600168,0.24739509997183895,0.0,0.0,0.0,0.0,0.5987691085963867,0.5,0.8444976076555024,1.0,0.7652849740932642,1.0,0.8,1.0,0.0,1.0,0.0,0.967741935483871,0.7048022598870056,0.6959660412047801,1.0,0.0,0.0,0.6451327433628318,0.6666666666666667,0.32255661270545866,0.34285714285714297,0.5555555555555556,0.9643441297417179,0.8984778794632273,0.5,0.9233637523304876,0.0,0.48477686639788686,0.7254901960784315,0.21347501851437245,0.0,0.0,0.0,1.0,0.6132067993159914,0.0,1.0,1.0,0.9627016129032258,1.0,0.7272727272727273,0.6115589353612167,0.888888888888889,1.0,0.0,0.0,0.9128919860627178,0.8066125715378851,0.36101222563518387,0.0,1.0,0.0,0.5613437195715678,0.0,0.0,0.9851970181043663,0.75,runif
0.5714285714285714,0.0,0.743020829028392,0.8442192871358785,0.0,0.0,1.0,0.7651245551601423,0.0,0.0,0.4676012593601089,0.0,0.8235294117647058,0.0,0.4,0.5988818360129113,0.835000704523038,0.7122875082954719,0.8,0.0,0.6510679550268175,0.5,0.0,0.6779686787289037,0.0,0.7212679575265459,0.0,0.0,0.0,0.0,0.7954545454545454,0.0,0.6446091890902435,0.01176470588235301,0.0,0.7715701554569796,0.0,0.14360658534504822,0.9103489771359807,0.0,0.835030664491082,0.0,0.5935000506226586,0.4261726408928661,0.0,0.8826247022305638,0.41442048517520214,0.7468255529329486,1.0,0.7115120012230545,0.0,0.33333333333333337,0.7580699801577699,0.5627954845141994,0.0,0.0,0.6894728144108411,0.047592877555506785,0.8954500071316502,0.07178329571106101,0.5262232336815973,0.8617283950617284,0.3448726693951796,0.0,0.2049364248317127,0.7272002127093858,0.31506849315068497,0.8056872037914692,0.6834319526627219,0.0,0.9285714285714286,0.2698412698412699,0.8648648648648649,0.09157939730711695,0.6666666666666667,1.0,0.0,0.1956465405545479,0.0,0.4,0.0,0.0,1.0,0.0,0.3294810534503836,0.0,0.6785850133130468,0.280934398875911,0.8571428571428571,0.9090909090909091,0.6666666666666667,0.0,0.5,0.0,0.0,0.48292682926829267,1.0,0.0,0.39619883040935666,0.984375,0.0,0.4129821260583254,0.2857142857142857,0.7647058823529411,0.8105811932805561,0.0,0.9166666666666666,0.6714568880079286,0.0,0.4275672371638142,1.0,0.6796116504854369,0.9583333333333334,1.0,0.49446040213377107,0.960167714884696,0.0,0.0,0.7540453074433657,0.6106194690265487,0.5555555555555556,0.3609172482552342,0.0,0.9137055837563451,0.003820771101076925,0.41666666666666663,0.75,0.0,0.11491935483870952,1.0,0.7004159480572183,0.4444444444444444,0.0,0.5471698113207546,0.875,0.0,0.5573338735818476,0.6666666666666667,0.18612366773109945,0.0,0.5,0.6610078627591136,0.6666666666666667,0.8859060402684564,1.0,0.6629570747217806,0.7086397058823529,0.6666666666666667,0.8571428571428572,0.4895352962043278,1.0,1.0,0.0,0.0,0.0,0.9199112863479546,1.0,0.7448751730606047,0.5157986489431248,0.0,0.0,0.7222222222222222,0.5629719853836785,0.8333333333333334,0.0,0.9448890079351793,0.5155173718870638,0.3528837257119358,0.4562229194681009,0.9516352275872978,0.7481259370314843,0.0,0.0,1.0,0.0,1.0,0.11179709661271509,1.0,0.6142991533396049,0.75,0.0,0.0,0.0,0.0,0.0,0.9848134586504227,0.9508234392952891,0.05016089343176189,0.9952261606396945,0.11951871657754032,0.9869208450448816,0.9392524494980041,1.0,0.8357541407657201,0.9549733394773221,0.16000000000000003,0.992379088769601,0.9056751467710372,0.6666666666666667,0.8733830874733668,0.0,0.24089006389072487,0.9921214725684,0.5194911545032261,0.0,0.0,0.0,0.9698463872558316,0.4919076161977377,0.8982604391330481,0.0,0.0,0.9628775651371916,0.6666666666666667,0.9009079831767619,0.8471109501051957,0.8,0.989103101424979,0.9907315458457464,0.0,0.8369565217391304,0.021729700489403037,0.9282443821459017,0.0,0.75,0.8636363636363636,0.0,0.5,0.0,0.936120105975861,0.8125,0.0,0.0,0.7672540192926045,0.7464788732394365,0.0,0.0,1.0,0.8148148148148149,0.0,0.0,0.17741935483870963,0.0,0.9333333333333333,0.0,0.5,0.6137467314157639,1.0,0.8938244853737811,0.8571428571428572,0.0,0.8704730176053304,0.0,0.0,0.9803921568627451,0.0,0.9360986547085202,0.0,0.0,0.0,0.0,0.6666666666666667,0.20274914089347085,0.3742857142857142,0.5,0.0,0.7073170731707317,0.0,0.701278647157411,0.8747582687055164,0.0,0.8556701030927835,0.0,0.7009948157489141,0.6916873449131513,0.08934611048478025,0.9637096774193549,0.884456985967053,0.938354455939471,0.03448275862068961,1.0,0.2787212787212786,1.0,0.9229086932750137,0.702855128657032,0.0,0.0,0.0,0.18067075369635777,0.9156798521877887,0.0,0.4285714285714286,0.9428571428571428,0.8902127659574468,0.0,0.0,0.3989266547406083,0.0,0.8161120840630472,1.0,0.0,0.958041958041958,0.0,0.8,0.18467220683287167,0.75,0.2500000000000001,1.0,0.7479768786127168,0.0,1.0,0.0,0.5,0.0,0.06327881619937692,0.43582510578279265,0.5,1.0,0.5371900826446281,1.0,0.8571428571428572,0.0,0.375,1.0,0.0,0.0,0.0,0.16219512195121955,0.0,0.21996879875195008,0.0,0.0,0.0,0.5714285714285714,0.4285714285714286,0.8823529411764706,0.0,1.0,0.6956521739130435,0.0,0.7188755020080322,1.0,0.7836215423445547,0.43515205724508044,0.8125,0.18933333333333335,1.0,0.0,0.0,0.8181818181818182,0.08333333333333337,0.5,0.3004897959183672,0.27431979127841977,0.8571428571428572,0.11836485661988994,0.862257792754844,1.0,0.0,0.8468586387434555,0.6666666666666667,0.6499614494988435,0.6666666666666667,0.0,0.8400697243708465,1.0,0.0,0.5182802979011509,1.0,0.7092580849714649,0.0,1.0,0.5555555555555556,1.0,0.9,0.0,0.8757396449704142,0.9375,0.8,1.0,0.16129032258064502,0.5,0.8571428571428572,0.0,0.0,0.5,0.9372822299651568,1.0,0.7001753946379354,0.7072018890200709,0.8632986627043091,0.29803921568627456,1.0,0.5120830244625649,0.8823529411764706,0.790346352247605,0.9330159809588575,0.8973727422003284,0.7239307681304534,0.5054027696508681,1.0,0.9376518218623482,0.0,0.0,0.0,0.0,1.0,0.4452636784606394,0.65,0.0,0.6666666666666666,1.0,1.0,0.0,0.0,0.0,1.0,0.9452159691432137,0.9429065743944637,0.9921625544267054,0.6904395942207193,0.9910535162392236,0.9716821393121972,1.0,0.9000939338507935,1.0,0.13636363636363646,0.9968663048190853,0.9738171348947767,0.6551724137931034,0.8732394366197183,0.7976627259138469,0.5567103479439675,0.9886405546949916,0.6639840775354794,0.0,0.0,0.0,0.75,0.6745195714845982,0.9844953642903346,0.0,0.0,0.9910281754393587,0.5,0.9360560305621248,0.9105034182722188,1.0,1.0,1.0,0.0,0.875,0.73003037884203,0.9400282813999293,0.0,0.25,0.8333333333333334,0.0,1.0,0.0,1.0,1.0,0.0,0.0,0.7362252663622526,0.9411764705882353,0.0,0.0,0.0,0.7142857142857143,0.0,0.0,0.526849702230746,0.0,0.8667285813791502,0.0,0.33333333333333326,0.48583106267029974,0.8260869565217391,0.6149176062445794,0.6666666666666667,0.0,0.7130930775213897,0.6000000000000001,0.0,0.54296875,0.0,1.0,0.0,0.0,0.0,0.0,0.7777777777777778,0.0,0.5398230088495575,0.0,0.0,0.8281170353756754,0.33333333333333326,0.0,0.75,0.0,0.32855040470934516,0.0,0.4910946567940764,0.10742430526752389,0.0,0.6652214891611687,0.4358974358974359,0.6053613375708167,0.7692307692307692,0.0,0.7096491228070176,0.33333333333333337,0.7948717948717949,0.4651162790697675,0.290546662639686,0.0,0.6923076923076923,0.05882352941176461,1.0,0.030014858841010406,0.78125,0.8095238095238095,0.3087315130830488,0.0,0.5409836065573772,0.7973453749315819,0.6000000000000001,0.5,0.2222222222222222,0.5,0.8571428571428572,0.0,0.25,0.3839605734767023,0.7142857142857143,0.1875000000000001,0.0,0.04038997214484685,0.6666666666666666,0.4,0.0,0.0,0.33333333333333326,0.039473684210526105,0.2515723270440251,0.0,0.7369752902649598,0.11345646437994727,0.8,0.21052631578947367,0.0,0.0,0.0,0.17647058823529416,1.0,0.0,1.0,0.5,0.6,0.6666666666666667,0.0,0.0,0.0,0.5,0.2857142857142857,0.0,0.5,0.4184224273028033,0.75,0.29268292682926833,0.16666666666666663,1.0,0.30409356725146186,0.1515151515151516,1.0,0.0,0.0,0.2543290043290044,0.0,0.75,1.0,0.0,0.8035230352303523,0.4444444444444444,0.1374095989480606,0.28205128205128205,0.0,0.0,0.011235955056179803,0.5714285714285714,0.87,0.4285714285714285,1.0,0.2776214593884825,0.0,0.0,0.7555555555555555,0.0,0.2601615424700362,0.3928571428571429,0.0,1.0,0.0,1.0,0.9090909090909091,0.41666666666666663,0.5,0.6666666666666667,0.0,0.2592592592592592,1.0,0.5,1.0,0.0,0.5,0.04838511605059548,0.25,0.9178551055333714,0.26923076923076916,0.0,0.0,0.5555555555555556,0.895208655332303,0.0,0.0,0.8807973962571196,0.3653287959163247,0.0,0.9470061940812113,0.7639257294429708,0.7184170471841704,0.0,0.025924147863658265,1.0,0.193781872018424,0.5,0.4036029793868008,1.0,0.7920034028073161,0.8,0.0,0.0,0.0,0.0,0.0,0.967741935483871,0.8541666666666667,0.10257837135967351,0.8289473684210527,0.22413793103448265,0.3383254442461394,0.7274881516587678,0.6666666666666667,0.7727358907918852,0.6213017751479291,0.33333333333333337,0.9940783807062877,0.9283323059414861,1.0,0.8955710070408134,0.45862295081967197,0.8241239007743798,1.0,0.5550310130944176,0.0,0.0,0.0,1.0,0.6132067993159914,0.8079198101512415,0.0,0.0,1.0,1.0,0.9145129224652088,0.8936170212765957,0.888888888888889,1.0,1.0,0.18717790146361568,0.8744588744588745,0.0,0.8846056593798128,0.0,1.0,0.9285714285714286,0.0,0.0,0.0,0.9597161821927215,0.75,runif
0.5714285714285714,0.5555555555555556,0.7503740377030004,0.8590888451642198,0.8111851147055714,0.8449528422125925,0.7380952380952381,0.0,0.3748990306946689,0.0,0.4676012593601089,0.0,0.8,0.6502074926851658,0.4,0.8918123275068998,0.9827373612823674,0.9092715231788079,0.0,0.0,0.0,0.5,0.902706779518981,0.0,0.0,0.0,0.5989556135770234,0.0,0.8221425877027537,0.0,0.9473684210526315,0.5403692235788984,0.6370244501085622,0.0,0.0,0.7868885731682566,0.0,0.0,0.0,0.0,0.5462314889854859,0.5855467235362544,0.8606428138265616,0.9590058929028952,0.8741524274477895,0.22718707940780614,0.3279699182370688,0.45027445189869353,0.34700544464609795,1.0,0.49130185908762836,0.0,0.41953713670613557,0.8637169261931891,0.0,0.0,0.0,0.17445672893633235,0.0,0.9753987425262545,0.7462563255189507,0.9402160864345739,0.43597262952101656,0.44249159989661424,0.8641975308641976,0.9907028635180365,0.11418803418803403,0.8278529980657641,0.9942041908158716,1.0,0.0,0.8648648648648649,0.8648648648648649,0.9293368605120388,0.6666666666666667,1.0,0.0,0.6740872662511131,0.0,0.6000000000000001,0.0,0.6666666666666667,1.0,1.0,0.5956194834913371,0.5555555555555556,0.7106332765176346,0.5888787602552416,0.8571428571428571,0.9183804627249357,0.0,0.0,0.0,0.6406513194834362,0.6000000000000001,0.0285241835469201,0.78125,0.1043689320388349,0.4880382775119617,1.0,1.0,0.4300518134715027,0.2857142857142857,0.0,0.9032450726657376,0.6428571428571428,0.9166666666666666,0.9236148466917697,0.8,0.5123566878980892,0.0,0.6829951256611471,0.0,0.37142857142857144,0.8134757600657354,0.2744463017133305,0.9166666666666666,0.2603415857098088,0.16682494460272246,0.4626865671641792,0.0,0.0622656668452064,0.3661202185792348,0.0,0.0,0.4407106991116262,0.0,0.0,0.934643995749203,0.2649572649572649,0.8537699923838538,0.0,0.0,0.0,0.0,0.5,0.0,0.6666666666666667,0.0,0.7839956001649938,0.5,0.9814152966404575,0.0,1.0,0.5454545454545454,0.7119527449617791,0.0,0.33333333333333337,0.8571428571428572,1.0,0.75,0.7380952380952381,0.5,0.4285714285714285,0.0,0.0,0.0,0.9680738532551207,0.0,0.6380111286946755,0.9166118884402291,0.4722222222222222,0.6399257111795615,0.6666666666666667,0.6692597831211693,0.0,1.0,0.0,0.0,0.358340843096025,0.5189578544061303,0.0,0.8214285714285714,0.15384615384615385,0.13118279569892466,0.0,0.0,1.0,0.6020671834625322,0.875,0.0,0.5,0.0,0.0,0.9851745576279293,0.9805977089233631,0.0,0.5840997697798447,0.0,0.9188838416612589,0.0,0.7158669167114737,0.0,0.4540568110483365,0.8581436077057794,0.76,0.9623391420773681,0.0,0.5657894736842106,0.0,0.9121761575475607,0.5257758665354126,0.6096169519152405,0.65708303683836,0.0,0.0,0.0,0.9965028979482038,0.6007861507600616,0.9043672126431614,0.7368421052631579,1.0,0.986652998674619,0.6666666666666667,0.990566408553123,0.98810984126213,0.8,0.0,0.9910083493898523,0.17560129550643322,0.9347826086956522,0.6205369115103989,0.0,0.9375,0.7123287671232876,0.6818181818181819,0.7601626016260162,0.5,0.0,0.9951527224435591,0.96875,0.0,0.0,0.7629534281416231,0.0,0.8888888888888888,0.7916666666666666,0.6296296296296295,0.0,0.4213154871897318,0.0,0.6809815950920246,0.0,0.9333333333333333,0.6427577570613608,0.5,0.9071680376028202,1.0,0.6755718526279029,0.0,0.0,0.0,0.0,0.8083813678143013,0.0,0.20469918120327535,0.0,0.8,0.0,0.6354091911862424,0.0,0.6666666666666667,0.0,0.35035460992907796,0.0,0.0,0.7391304347826086,0.0,0.0,0.0,0.0,0.3177592371871275,0.7430637144148216,0.883441258094357,0.9162283996994741,0.7144034617762209,0.0,0.0,0.4245724414352554,0.0,1.0,0.84375,1.0,0.7796530707923113,0.6995893667603199,0.0,0.0,0.0,0.17948717948717952,0.0,1.0,0.8774217585692996,0.9428571428571428,0.5989225031081642,0.9267015706806283,1.0,0.8114476179529913,0.0,1.0,1.0,1.0,0.0,0.7577534039334342,0.8826086956521739,0.8500461680517082,0.75,1.0,0.0,0.857379767827529,0.0,0.0,0.0,1.0,1.0,0.9489075259324652,0.8222849083215797,0.75,1.0,0.8387942332896461,1.0,0.9308176100628931,1.0,0.0,0.0,0.8830443726124008,1.0,0.0,0.8963044677330392,0.36363636363636365,0.0,1.0,1.0,0.49739583333333337,0.5714285714285714,0.0,0.9412484700122399,0.75,0.9,0.8095238095238095,0.0,0.7440585009140768,0.5,0.826635354721412,0.0,0.0,0.9447368421052632,0.0,0.21074380165289253,1.0,0.0,0.08333333333333337,0.5416666666666667,0.29146615335258264,0.0,0.0,0.5900228733253459,0.0,0.0,0.0,0.8254497001998667,0.0,0.9085814360770578,0.33333333333333337,0.6666666666666667,0.7286942924159501,0.0,0.25,0.32321547698465636,1.0,0.0,0.3125,1.0,1.0,0.0,0.9,0.8235294117647058,0.9019908116385911,0.3691860465116279,0.6000000000000001,1.0,1.0,0.5,0.8571428571428572,1.0,0.33333333333333326,0.0,0.0,0.0,1.0,0.3505102040816328,0.7820186598812553,0.9019126162484646,0.39522653721682854,0.8421052631578947,0.6470588235294118,0.5073313782991202,0.0,1.0,0.8090430201931519,0.8061639344262295,0.0,0.3672789896670493,0.0,0.9910817031070196,0.0,0.4806021362554651,0.0,0.0,0.65,0.0,0.6666666666666666,0.0,0.0,0.0,0.0,0.9888888888888889,0.9743837602706622,0.0,0.0,0.0,1.0,0.0,0.8885154462242563,0.0,0.4078247125186699,0.7619047619047619,0.8181818181818182,0.9451393362631475,0.0,0.6310344827586207,0.0,0.9570043750536158,0.9903972505812191,0.6238049713193117,0.5228371843095111,0.0,0.0,0.0,0.9954500737825873,0.677352813027613,0.988155868767026,0.6875,0.9047619047619048,0.9860687089869109,0.5,1.0,1.0,1.0,0.0,1.0,0.770790413054564,0.9645187601957586,0.9527732652587607,0.0,1.0,0.3125,1.0,0.7784114052953157,1.0,0.0,0.9905777336969998,1.0,0.0,0.8889256198347107,0.7259315506861204,0.9411764705882353,0.650632911392405,0.5681756938830504,0.9333333333333333,0.0,0.27665815119689663,0.0,0.7245346432264737,0.8333333333333334,0.7899305555555556,0.4404429957192788,0.33333333333333326,0.48583106267029974,0.8248847926267281,0.616349168073306,0.0,0.0,0.0,0.6000000000000001,0.7927819358112393,0.0,0.8734177215189873,0.0,0.47783621337340343,0.0,0.040983606557377095,0.0,0.7777777777777778,0.4772896500372301,0.6382066276803118,0.0,0.0,0.8921568627450981,0.0,0.39429012345679004,0.0,0.0,0.9686147186147186,0.43640661938534264,0.7782426778242678,0.3877724313614491,0.32737762888516664,0.5988023952095809,0.775,0.8605084055610495,0.7692307692307692,0.7893379191745485,0.6134751773049646,0.0,1.0,0.9770114942528736,0.0,0.0,0.25,0.0685563612392881,0.0,0.8990134719422934,0.3390105433901054,1.0,0.8151260504201681,0.1694166860330003,0.7142857142857144,0.6923076923076923,0.7254901960784315,0.0,0.5555555555555556,1.0,0.0,0.6057339449541284,0.0,0.8861997940267765,1.0,0.7647058823529411,1.0,0.7362637362637363,0.6666666666666666,1.0,0.0,0.5,0.0,1.0,0.4764150943396226,0.5714285714285714,0.7693589937869374,0.4219162027541753,0.8,1.0,0.0,0.0,1.0,0.7777777777777778,0.0,0.4259818731117825,0.6666666666666667,0.0,0.0,0.8,0.75,0.0,0.0,0.0,0.8571428571428571,0.0,1.0,0.6578813988849468,0.8,0.20338983050847448,0.0,1.0,0.5658548707753479,0.33333333333333326,0.6902654867256637,0.1134421134421133,0.0,0.01092896174863367,0.22857142857142865,0.75,0.0,0.0,0.0,0.2222222222222221,0.7833333333333333,0.8821138211382114,1.0,0.0,0.4900000000000001,0.5714285714285714,1.0,0.0,1.0,0.5443181818181819,1.0,1.0,0.0,0.0,0.23478260869565204,0.07147220525351261,0.0,0.3918918918918918,0.0,0.0,0.36363636363636365,0.41666666666666663,0.016279069767441756,0.33333333333333337,0.0,0.0,1.0,0.5,0.0,1.0,1.0,0.6243116185359301,0.0,0.8378378378378378,0.0,0.7586143357287636,0.5551401869158878,0.7777777777777778,0.8685786322092657,1.0,1.0,0.0,0.8748374187093546,0.0,0.1147125633409053,0.7119028006589785,0.8997724089635855,0.0,0.7882861257801248,0.0,0.564105077435797,0.5,0.5986147186147186,1.0,0.7777777777777778,1.0,0.4,1.0,0.0,0.0,0.9166666666666666,1.0,0.04166666666666674,0.792222461273666,0.0,1.0,0.658482792050412,0.07883302296710115,0.0,0.7555602851974034,0.6672443674176777,0.5,0.968702380823724,0.0,0.0,0.0,0.8565410819059082,0.5335733687069674,0.0,0.6531042241996523,0.0,0.0,0.0,1.0,0.9236363636363636,0.7864616870573085,1.0,1.0,0.9933097205824478,1.0,1.0,0.9661016949152542,0.888888888888889,0.0,1.0,0.0,0.9495798319327731,0.5110766084750256,0.0,0.9,0.5,0.0,0.8971737823211064,0.0,0.0,1.0,0.9375,runif
0.0,0.0,0.7503740377030004,0.8958810068649885,0.8188462542417123,0.0,0.0,0.0,0.0,0.0,0.0,0.5,0.8456570875040361,0.6791904958434055,0.0,0.5906004548167024,0.0,0.0,0.33333333333333326,0.5378260702038302,0.0,0.5,0.0,0.0,0.3203816728273017,0.0,0.5983193277310924,0.6028825119032301,0.0,0.0,0.9473684210526315,0.0,0.0,0.8328173374613003,0.0,0.0,0.0,0.14360658534504822,0.0,0.0,0.0,0.5372400019484631,0.8510068928233545,0.5743684668989546,0.5035834509718753,0.8919182083739046,0.4323274731041722,0.0,0.38636363636363635,0.6331223356155535,0.961370474619043,0.33333333333333337,0.2889201877934272,0.0,0.6128595707181973,0.34429065743944653,0.8012860727728984,0.0,0.0,0.0,0.08668453976764978,0.24678111587982843,0.3405740884406516,0.0,0.3950617283950617,0.23504043126684637,0.35387323943661975,0.9210110584518167,0.0862877997914493,0.022026431718061623,0.0,0.2699756690997567,0.6486486486486487,0.9086882050676275,0.0,0.31818181818181823,0.0,0.6722222222222222,0.0,0.4,0.0,0.6666666666666667,1.0,0.0,0.3294810534503836,0.33333333333333337,0.9192342992002097,0.0,0.1428571428571428,0.7480719794344474,0.6666666666666667,0.3587953313880785,0.0,0.5328467153284671,0.7,0.2803602556653111,0.0,0.1043689320388349,0.6884753901560624,0.2109375,0.2714776632302406,0.4368600682593857,0.8571428571428572,1.0,0.9711250748055057,0.0,0.0,0.03745829542007861,0.8,0.0,0.0,0.690769688357183,0.0,0.20128824476650564,0.5006080259424402,0.5218345173422483,0.0,0.2599716879007412,0.7540453074433657,0.0,0.7142857142857142,0.7186360320933625,0.9063004846526657,0.8306023540272329,0.6963230694376867,0.441025641025641,0.0,0.0,0.8911968348170128,0.0,0.6759629551673332,0.11111111111111105,0.0,0.0,0.0,0.0,0.5225408293821028,0.0,0.4017349437595982,0.31685078029107505,0.5,0.9794410822356711,0.33333333333333337,0.75,0.5454545454545454,0.7681017612524462,0.296875,0.33333333333333337,0.0,0.9629498941425547,0.0,1.0,0.0,0.9285714285714286,0.0,0.0,0.0,0.7459105542504133,0.7214822629566136,0.0,0.8311279143037178,0.4722222222222222,0.845415065976282,0.8333333333333334,0.0,0.46638676975065285,0.7153886912421468,0.0,0.5704427832087406,0.8191609977324262,0.0,0.0,0.0535714285714286,1.0,0.8813785733368955,1.0,0.31993033469635024,1.0,0.6138888888888889,0.875,0.0,0.0,0.9528660595896455,0.96875,0.9851745576279293,0.9823707186030893,1.0,0.21361807360214602,0.0,0.7934782608695652,0.9991381872213967,0.0,1.0,0.6329861571575759,0.955032542239169,1.0,0.9927185079257601,0.8982278481012659,0.9333333333333333,0.8768946897746183,0.7479057264316079,0.337098445595855,0.0,0.8354744640605296,0.0,0.0,0.0,0.9965562913907284,0.49280509007509354,0.621742051844255,0.7368421052631579,0.0,0.9866513400439088,0.0,1.0,0.9874287540616843,0.0,0.0,0.885529818549004,0.22262049649055526,0.9347826086956522,0.1329677912959989,0.0,0.0,0.0,1.0,0.0,0.5,0.0,0.0,0.875,0.0,0.0,0.758255376384712,0.8877551020408163,0.801731078904992,0.0,0.0,0.0,0.0,0.0,0.0,0.0,0.8200388283953743,0.6427577570613608,0.0,0.6340997475608924,0.0,0.0,0.5,0.9008662996628686,0.0,0.0,0.0,0.0,0.0,0.0,0.8,0.5189873417721519,0.0,0.0,0.6666666666666667,0.20274914089347085,0.0,0.5,0.0,0.0,0.0,0.7264005936290878,0.0,0.0,0.10307414104882451,0.8013886646213467,0.8874856486796785,0.6560415122312824,0.906744379683597,1.0,0.0,0.0,0.1391820580474934,0.2532576010691614,1.0,1.0,0.0,0.0,0.0,0.2552476910159531,0.7760284408329101,0.0,0.0,0.0,0.17406143344709912,0.5714285714285714,0.9500875656742557,0.0,0.0,0.90754877014419,0.6626506024096386,1.0,0.24242424242424232,0.0,0.0,0.0,0.9375,0.8408104196816208,0.5,0.2500000000000001,1.0,0.30379746835443044,0.0,0.5,0.0,1.0,0.0,0.047432550043515986,0.43582510578279265,0.2500000000000001,0.917246713070379,0.6280991735537189,0.0,0.9214285714285714,0.0,0.34899328859060397,0.0,0.8244182532487156,0.7,0.9130434782608696,0.9475,0.36363636363636365,0.5934204976803037,1.0,0.36363636363636365,0.49739583333333337,1.0,0.4285714285714286,1.0,0.0,1.0,0.0,1.0,0.0,0.5,0.8082778876700834,0.0,0.0625,0.029114435907804492,0.10940695296523528,0.0,0.0,1.0,0.08333333333333337,0.5833333333333333,0.38930139720558876,1.0,0.8928571428571428,0.35575485799701045,0.0,0.0,0.0,0.0,0.6666666666666667,0.7168014829794405,0.0,0.6666666666666667,0.0,0.0,0.0,0.7364255184422985,0.0,0.6510123734533184,0.5015576323987538,1.0,0.8055555555555556,0.0,0.44999999999999996,0.8235294117647058,0.9019908116385911,0.0,0.8,0.0,1.0,0.5,0.8571428571428572,0.0,1.0,0.0,0.7058237929318069,0.0,0.7077695633979635,1.0,0.1504664970313826,0.3377593360995853,0.0,0.5286236297198539,0.8823529411764706,0.0,0.669664268585132,0.3275862068965518,0.0,0.5054799329147003,0.6744981412639405,0.0,0.0,0.0,0.0,0.8954359114512161,1.0,0.7602442398511664,0.44999999999999996,0.0,0.6666666666666666,0.0,1.0,0.9510494553459596,0.967741935483871,0.9888888888888889,1.0,0.9853566793667978,0.0,0.0,0.6061431756254645,0.9948690327701554,0.0,1.0,0.9724950884086444,0.784688995215311,0.9545454545454546,0.9964906779309295,0.9764269163474725,0.9310344827586207,0.0,0.4206130532116412,0.8566337719298245,0.0,0.9481985240920272,0.0,0.0,0.0,0.9954500737825873,0.6652401529001163,0.723845205349521,0.6875,0.0,0.9831582911418888,0.0,1.0,1.0,0.0,0.0,0.9267058662655545,0.5719325754606035,0.9472495894909688,0.897367907974264,0.0,0.0,0.75,1.0,0.0,1.0,0.0,0.0,0.9189189189189189,0.0,0.0,0.7329538786527403,0.7777777777777778,0.6842105263157895,0.0,0.0,0.0,0.0,0.0,0.0,0.0,0.9077340569877883,0.43134274629014846,0.0,0.9119897959183674,0.0,0.0,0.6666666666666667,0.9697804808514682,0.0,0.6000000000000001,0.0,0.0,0.7475113122171946,0.0,0.47339593114240996,0.6913192461450599,0.0,0.0,0.7777777777777778,0.0,0.0,0.0,0.0,0.0,0.0,0.0,0.0,0.0,0.7277409860191317,0.25883088465145354,0.7890704800817161,0.5367067606802156,1.0,0.9379932356257046,0.7892486255345144,0.4762769153730596,0.3076923076923076,1.0,0.9557926829268293,0.33333333333333337,0.0,0.8493975903614458,0.0,1.0,0.6923076923076923,0.0,0.0,0.09174841315637638,0.0,0.09523809523809523,0.3946759259259258,0.0,0.7761194029850746,0.18508092892329342,0.0,0.978021978021978,0.7052154195011338,0.5,0.0,0.0,0.0,0.8741755454084221,0.0,0.0,0.0,0.44537230340988165,0.6666666666666666,0.6,0.0,0.5,0.33333333333333326,0.0,0.165289256198347,0.5714285714285714,0.9100489832269556,0.20886699507389173,0.19999999999999996,1.0,0.0,0.6956521739130435,1.0,0.4411764705882353,1.0,0.41176470588235303,1.0,0.0,0.36,0.6666666666666667,0.5,0.0,0.5,1.0,0.7142857142857142,0.0,0.5,0.3083158210747524,0.6000000000000001,0.0,0.0,0.2402148887183423,0.0,0.0,0.9966814159292036,0.9617067833698031,0.0,0.0,0.0,0.75,0.19999999999999996,0.7674418604651163,0.7021276595744681,0.0,0.7831245880026367,0.8821138211382114,1.0,0.0,1.0,0.0,0.8522727272727273,0.2857142857142857,0.6666666666666667,0.0,1.0,0.0,0.8,1.0,0.7936950760217605,0.6793924466338259,0.0,0.7494199535962877,1.0,1.0,0.36363636363636365,0.6666666666666666,0.8333333333333333,0.0,1.0,0.3395061728395061,0.0,0.5,1.0,0.5,1.0,0.19673339064226947,0.0,0.9178551055333714,0.26923076923076916,0.0,1.0,0.7777777777777778,0.593429158110883,0.0,0.8360655737704918,0.1468689477081988,0.946796851648899,0.698058950395399,0.9676297806018463,1.0,0.46873065015479887,0.0,0.0,0.11111111111111116,0.0,0.5,0.2672073196090662,1.0,0.7652849740932642,1.0,0.4,0.0,0.8511437350631615,1.0,0.9166666666666666,0.9767441860465116,0.9690402476780186,0.8613210366764869,1.0,1.0,0.9570074475287745,0.0,0.33333333333333337,0.9083682008368201,0.8047337278106509,1.0,0.9940542310925236,0.9283323059414861,1.0,0.9000875584863327,0.6468242766407905,0.46832322634718726,0.0,0.798837784371909,0.0,0.0,0.0,1.0,1.0,0.406722629546984,1.0,0.0,0.9933097205824478,0.0,1.0,0.9661361327463597,0.0,0.0,0.904,0.0,0.9495798319327731,0.0,0.0,0.0,0.5,0.7142857142857143,0.0,0.0,0.0,0.0,0.8125,runif
0.5714285714285714,0.0,0.0,0.8964732650739476,0.0,0.0,0.75,0.0,0.378462440358905,0.0,0.0,0.0,0.9053763440860215,0.0,0.4,0.5446884623186,0.0,0.8738277919863597,0.0,0.0,0.0,0.5,0.0,0.7242696629213483,0.0,0.0,0.0,0.0,0.0,0.0,1.0,0.0,0.8737151248164464,0.0,0.9518348623853211,0.0,0.45324147677088844,0.7673119713171241,0.8328905801263642,0.0,0.23975743233249525,0.5167971569770671,0.8535992710337147,0.8582273389975366,0.8325825825825826,0.7984420642648491,0.06897909194296215,0.6463092352910844,0.37726053474084964,0.0,0.6923404456640014,0.6666666666666667,0.0,0.5940170940170941,0.42105069869075806,0.0,0.8299673014041162,0.046526939536925216,0.0,0.9757588034707452,0.5664427570093458,0.9046349942062573,0.5788786916619548,0.4563788136219251,0.0,0.7406454043194375,0.35387323943661975,0.8834951456310679,0.0,1.0,0.0,0.49493180980464424,0.8648648648648649,0.5434410253381372,0.33333333333333337,1.0,0.0,0.7079845888136043,0.0,0.0,0.5,0.33333333333333337,1.0,0.8542674013268863,0.5015641293013555,0.33333333333333337,0.37747476071849995,0.0,0.5714285714285714,0.0,0.6666666666666667,0.4492737304357617,0.0,0.20775142550202452,0.30000000000000004,0.0,0.0,1.0,0.39619883040935666,0.10821643286573146,0.48305084745762705,0.0,0.2857142857142857,0.757948717948718,0.0,0.6428571428571428,1.0,0.7982884107814124,0.8,0.5686274509803921,0.7777777777777778,0.5986029016657711,0.6063401939910102,1.0,0.4938373048479868,0.8622129436325678,0.5,0.24699836711170886,0.8711978971085242,0.6194029850746269,0.7142857142857142,0.034336115923767285,0.9016057396651862,0.6074232690935046,0.4424233461500542,0.33333333333333337,0.75,0.0,0.04999999999999993,0.0,0.8944455972885108,0.4444444444444444,0.0,0.2860962566844919,1.0,0.5,0.953429124630592,0.6666666666666667,0.0,0.6154384872772547,0.0,0.15290269828291092,0.33333333333333337,0.8949152542372881,0.47543713572023305,0.4265003371544168,0.36543029417138684,0.33333333333333337,0.8571428571428572,0.9572976418100702,1.0,0.0,0.75,0.0,0.0,0.3694105832798684,0.0,0.8713883383748826,0.0,0.0,0.0,0.9166666666666666,0.6189374824782731,0.8333333333333334,0.6863070539419087,0.7631699496106276,0.4862318251969783,0.5497395187298437,0.0,0.9463048498845266,1.0,1.0,0.7678571428571429,0.0,0.08103545301069204,0.6666666666666667,0.5413507925568575,0.8269230769230769,0.7662742382271468,0.875,0.8,0.5,0.9397624217652318,0.9142857142857143,0.0,0.7747916532075716,0.10198604401502986,0.9014124993013358,0.0,0.14419159994381237,0.0,0.0,0.9850746268656716,0.6445475804405616,1.0,1.0,0.9812782473782801,0.0,0.0,0.0,0.0,0.921784373933811,0.4489741775733994,0.8329547800949825,0.0,0.0,0.0,0.9997471402769416,0.0,0.0,0.9473684210526315,0.0,0.986652998674619,0.0,0.9826200304149467,0.914146618812409,0.0,1.0,1.0,0.8075973185934376,0.0,0.1389085388632333,0.0,0.0,0.695187165775401,0.13636363636363635,0.9323591900446603,0.5,0.0,0.9945074785715643,0.96875,0.0,1.0,0.0,0.8861788617886179,0.0,0.0,0.65,0.8191340782122905,0.3630816170861937,0.0,0.0,0.0,0.8660714285714286,0.0,0.5,0.6863452733638566,0.0,0.7435897435897436,0.0,0.0,0.0,0.0,0.0,0.8917471772785474,0.0,0.0,0.0,0.0,0.5284830046160303,0.0,0.6666666666666667,0.0,0.7916666666666666,1.0,0.8881735005083022,0.0,0.6797829036635006,0.8011432559530733,0.891775131542509,0.0,0.0,0.7397247360482654,0.8809869375907112,0.9287657039243621,0.9593363383523544,1.0,0.39331082167551046,0.7810002812567213,0.12887236679058256,0.0,0.41002865329512894,1.0,0.8520967741935483,0.9340442986054143,0.252919855014096,0.0,0.7636871508379888,0.14491614255765184,0.0,0.9998037869125871,0.7039269720978298,0.9428571428571428,0.7489543114543114,0.41917525773195874,0.18887015177065758,0.848753738783649,0.5838150289017342,0.9202127659574468,0.0,1.0,0.09090909090909094,0.7995043370508055,0.9452380952380952,0.7743589743589743,1.0,1.0,0.0,0.9074515141204491,0.0,1.0,1.0,0.0,0.0,0.949470697369857,0.5066469719350074,0.2500000000000001,0.39630996309963107,0.4475138121546962,1.0,0.0,1.0,0.0,0.0,0.1550695825049705,0.29999999999999993,0.6311584553928096,0.0,0.8636363636363636,0.5170814002530577,0.0,0.36363636363636365,0.4375,0.5714285714285714,0.4285714285714286,0.0,0.75,0.9,0.6666666666666666,1.0,1.0,1.0,0.680527995858856,0.8041188860285513,0.9375,0.11830488522660387,0.920863309352518,0.3460884353741498,1.0,0.8181818181818182,0.9166666666666666,0.5833333333333333,0.2956508086041767,1.0,0.5,0.0,0.0,1.0,0.0,0.0,0.6666666666666667,0.9461459727580506,0.6666666666666667,0.0,0.6558409042134631,0.0,0.25,0.925645872715816,1.0,0.0,0.75,0.0,1.0,0.0,0.9,0.8235294117647058,0.7222222222222222,0.0,0.8,1.0,1.0,1.0,0.0,0.75,0.0,0.0,0.759937286728765,0.0,0.9883135200483578,0.3505102040816328,0.15147407658420875,0.0,0.9785598705501618,0.0,0.8823529411764706,0.0,0.9695494463535701,0.9370932754880694,0.0,0.7085801320020308,0.9698492462311558,1.0,0.8,0.9402129402129402,0.0,0.48598422389589546,1.0,0.4545454545454546,0.8,1.0,0.6666666666666666,1.0,0.0,0.9436966132978495,0.9117647058823529,0.0,0.8504347826086956,0.0,1.0,0.0,1.0,0.744065512594589,0.8810754912099276,0.9850746268656716,0.7314698738541094,1.0,0.13636363636363646,0.9979208270670513,0.0,0.0,0.0,0.0,0.9654560284028211,0.0,0.5549211207911466,0.0,0.0,0.0,1.0,0.0,0.0,1.0,0.0,0.975,0.0,1.0,1.0,0.0,0.9873417721518988,1.0,0.9654131847725163,0.0,0.9022936118844078,0.0,0.0,0.032258064516129115,1.0,0.97339593114241,1.0,0.0,1.0,1.0,0.0,0.0,0.0,0.9411764705882353,0.0,0.0,0.9333333333333333,0.7142857142857143,0.30114551637730447,0.0,0.0,0.0,0.9376770538243626,0.0,0.33333333333333326,0.9119897959183674,0.0,0.6197627271362067,0.0,0.0,0.0,0.6000000000000001,0.0,0.7027386839102321,0.0,0.0,0.0,0.0,0.040983606557377095,0.0,0.7777777777777778,0.0,1.0,0.8181818181818181,0.7121212121212122,0.0,0.1696428571428572,0.5308689024390245,0.8264142335766423,0.0,0.5895316804407713,0.4093499839897534,0.7958715596330275,0.8836515993876399,0.7271559633027522,0.6689214580984593,0.0,0.5659294804923847,0.3076923076923076,0.0,0.0,0.6666666666666667,0.3076923076923077,1.0,0.12007874015748021,0.0,1.0,0.05882352941176461,0.0,0.8951152704861903,0.27543314082629944,0.8095238095238095,0.3087315130830488,0.46441947565543074,0.0,0.7825537294563844,0.0,0.978021978021978,0.8078078078078078,1.0,0.0,0.6057339449541284,0.07692307692307698,0.32943525385054195,0.0,0.8095238095238095,1.0,0.07794015309672941,0.6666666666666666,0.0,0.0,1.0,1.0,1.0,0.165289256198347,0.5714285714285714,0.4515416290047203,0.0,0.3999999999999999,0.0,0.8571428571428572,0.6956521739130435,1.0,0.0,1.0,0.0,0.0,0.75,0.6,0.6666666666666667,0.5,0.0,0.0,0.5,0.0,0.0,1.0,0.5600858369098713,0.6,0.8087349397590361,0.8333333333333333,0.8245614035087719,0.2806666666666666,0.8070175438596491,1.0,1.0,0.0,0.0,0.0,0.25,0.19999999999999996,0.0,0.7130907570054371,0.8888888888888888,0.2934782608695652,0.44594594594594594,0.0,0.0,1.0,0.0,0.52,0.4285714285714285,0.0,0.0,1.0,1.0,0.6451468280654562,0.0,0.3121044303797468,0.0,0.0,0.0,1.0,1.0,0.36363636363636365,0.08333333333333326,1.0,0.0,0.0,0.3421052631578948,0.6666666666666666,0.0,1.0,0.0,1.0,0.0,0.0,0.155844155844156,0.0,0.0,0.768041237113402,0.7777777777777778,0.8819264629725531,0.0,0.17460317460317465,0.7543859649122807,0.38786489987047934,0.7451552959915052,0.1147125633409053,0.8774263120057513,1.0,0.8,0.6907533139346913,0.0,0.6076149141842572,0.0,0.27382388419782866,0.8780487804878049,0.7202072538860104,1.0,0.8,1.0,0.919787026950373,1.0,0.0,0.9583333333333334,0.04166666666666674,0.9025900319884429,0.0,0.2068965517241378,0.28566255399498197,0.0,0.6666666666666667,0.3542811675777625,0.9196428571428571,0.0,0.9671722277355319,0.0,0.0,0.0,0.0,0.9825672730958294,0.448087431693989,0.08659598268566693,0.0,0.0,0.0,0.9546805349182764,0.0,0.0,0.6666666666666667,0.0,0.9627016129032258,0.0,0.966743119266055,0.8935361216730038,0.0,1.0,1.0,0.7381983096268812,0.0,0.049680571213829516,0.0,0.0,1.0,0.0,0.8889970788704966,0.0,0.0,0.9950670100842537,0.9375,runif
0.5714285714285714,0.5555555555555556,0.7499120845114009,0.9705882352941176,0.8490313961255845,0.7053637859896738,1.0,0.9052863436123348,0.0,0.6999763983950908,0.4860351222311018,0.0,0.0,0.6539057052016973,0.4,0.5413377417018035,0.7619047619047619,0.0,0.8,0.529601988618382,0.0,0.0,0.7373658766654876,0.6737297789929368,0.45279761904761917,0.0,0.0,0.7234675659591351,0.33453947368421055,0.9308662541646835,0.0,0.0,0.0,0.2857142857142857,0.7988879464706437,0.77862215024293,0.47531052221883774,0.11907894736842095,0.0,0.0,0.0,0.0,0.341120785663663,0.0,0.5035834509718753,0.578383641674781,0.0,0.0,0.5315315315315314,0.47912621359223295,0.8394296577946768,0.0,0.7575584276945366,0.0,0.32358693059861665,0.0,0.8006587202007528,0.0,0.9190782422293676,0.7999862675089261,0.0,0.24480578139114717,0.6146923031967739,0.4843200359254548,0.4649122807017544,0.0,0.3115916341722793,0.0,0.0,0.624113475177305,0.9214723926380368,0.7301587301587302,0.0,0.0,0.6666666666666667,0.0,0.0,0.22895543503890614,0.0,0.0,0.0,0.0,1.0,0.0,0.8123124791643517,0.33333333333333337,0.632701206787043,0.24686045490471575,0.0,0.943502824858757,0.25,0.4472194472194472,0.5,0.0,0.7,0.24458070645133445,0.9375,0.0851648351648352,0.0,0.10821643286573146,0.0,0.38640973630831643,0.0,0.8823529411764706,0.9739413680781759,0.6428571428571428,0.0,0.8276525563496426,0.15000000000000002,0.536893203883495,0.33333333333333337,0.6908003436653228,0.6144578313253011,0.0,0.29152915291529147,0.519435736677116,0.5,0.8128516003879729,0.8719671519223591,1.0,0.0,0.0,0.0,0.0,0.0,0.41542288557213924,0.0,0.6666666666666667,0.3031746031746032,1.0,0.7168890335177351,0.11111111111111105,0.0,1.0,0.0,0.5,0.0,0.0,0.42784247561828714,0.0,0.5,0.46512534095337055,0.6666666666666667,0.8656716417910448,0.0,0.4745596868884542,0.7158779462817467,0.0,0.0,1.0,0.0,0.0,0.0,0.9285714285714286,0.0,0.09552460232423954,0.7,0.41484929643327806,0.0,0.0,0.9259796806966618,0.4722222222222222,0.43416856492027334,0.0,0.31926500143554404,0.8347917923958962,0.7153886912421468,0.0,0.7330081300813007,0.4144157588419638,0.7954627949183303,0.8,0.7678571428571429,0.15384615384615385,0.08103545301069204,1.0,0.33335713775619513,0.8269230769230769,0.6444026340545626,0.0,0.6000000000000001,0.0,0.0,0.0,0.9803921568627451,0.9830330451644179,0.0,0.017691230749649955,0.7997266463975901,0.025026923257011724,0.8712540921682196,0.9850437580191118,0.939171785218942,0.5202673690118367,0.4038585209003215,0.84,0.962313257813181,0.0,0.2049488972565896,0.8988138914947568,0.5196078431372548,0.9197493895978256,0.0,0.5392008294783859,0.0,0.0,0.0,0.0,0.0,0.9383367942252546,0.7368421052631579,1.0,0.9775720675944334,0.6666666666666667,0.9956550076037367,0.6568200744779473,0.0,0.9933958985053876,0.97507296679025,0.8198766881972989,0.9782608695652174,0.0,0.9354685748771445,0.9375,0.0,0.0,0.9313168669924713,0.0,0.0,0.0,0.875,0.0,0.0,0.8537440520911596,0.9189189189189189,0.8178913738019169,0.6000000000000001,1.0,0.8148148148148149,0.0,1.0,0.7515789473684211,0.8,0.0,0.7596403178586365,0.5,0.6823821339950372,1.0,0.0,0.8571428571428572,0.8929843727734764,0.0,0.0,0.8087178201270478,0.8734177215189873,0.2120636017974422,0.0,0.0,0.5189873417721519,0.5334901960784314,0.8259604190919674,0.0,0.0,0.0,0.25,0.8644304682040531,0.7391304347826086,0.6843135213906526,0.6779332615715824,0.0,0.0,0.0,0.0,0.5427669345579795,0.0,0.8067632850241546,0.3488745980707395,0.42659790016577637,0.0,0.7199745141764893,0.6599999999999999,0.9427239427239427,1.0,0.9187319884726225,0.0,0.2305023591451567,0.0,0.7567039106145252,0.0,0.7462745485048851,0.8236050248320187,0.0,0.5714285714285714,0.3645418326693227,0.728476821192053,1.0,0.11407742067974114,0.0,0.0,0.6000000000000001,0.7880434782608695,0.958041958041958,0.8776009791921665,0.0,0.0,0.75,0.0,0.0,0.7509157509157509,0.0,1.0,0.0,0.5,1.0,0.04931960544315639,0.8885754583921015,0.2500000000000001,0.8683405422512923,0.5686546463245492,0.0,0.9607142857142857,0.6000000000000001,0.0,1.0,0.0,0.7,0.5897435897435898,0.9475,0.36363636363636365,0.0,1.0,0.36363636363636365,0.5555555555555556,0.0,1.0,1.0,0.75,0.0,0.8095238095238095,0.0,0.7050147492625369,1.0,0.7847667514843087,0.2905097389142145,0.0,0.30456226880394577,0.17002518891687646,1.0,1.0,0.8181818181818182,0.9166666666666666,0.5416666666666667,0.0,0.0,0.0,0.593872870249017,0.7349192863211556,0.0,0.0,0.8227848101265822,0.6666666666666667,0.6405529953917051,0.0,0.6666666666666667,0.9643040136635355,1.0,0.25,0.0,0.0,0.991599707815924,0.0,1.0,0.4790343074968233,1.0,0.0,0.0,0.7222222222222222,0.8333333333333334,0.0,0.0,0.5454545454545454,0.5,0.0,0.0,1.0,0.5,0.789863782051282,1.0,0.39583333333333337,0.2559153175591531,0.12645322840279005,0.9591203104786546,0.39522653721682854,0.8732394366197183,0.0,0.5596285434995112,0.5619687181230874,0.3275862068965518,0.8076923076923077,0.9818607372732592,0.5278969957081545,0.9493016468626225,0.8,0.9402129402129402,0.0,0.48598422389589546,1.0,0.763767345162694,0.8,1.0,0.0,1.0,1.0,0.0,0.0,0.9888888888888889,1.0,0.37038689172289085,0.8741403026134801,0.8830407114927548,0.6611753134988935,0.9406455518560304,0.9775208734746307,0.0,0.7752579218865143,0.022522522522522403,0.9545454545454546,0.9686726987335946,0.0,0.21219091431857395,0.8732394366197183,0.9496060651107477,0.965056177048703,0.35103636497750246,0.7220301214077147,0.0,0.0,0.0,0.0,0.0,0.980511529042096,0.6875,0.9512195121951219,0.9893034212616758,0.5,1.0,0.7037037037037037,0.0,0.9871794871794872,0.9941520467836257,0.9511507442134942,0.9785460992907802,0.5151582602501892,0.8639074097370738,1.0,0.35483870967741926,0.08333333333333337,1.0,0.5,1.0,0.0,1.0,0.0,0.8669623059866962,0.7160079352968107,0.7777777777777778,0.650632911392405,0.5948144382308084,0.0,0.7142857142857143,0.0,0.6779725609756098,0.33710580607132334,0.33333333333333326,0.0,0.5209795506185307,0.33333333333333326,0.48583106267029974,0.9187657430730478,0.0,0.6666666666666667,0.9694713328369322,0.0,0.0,0.5629858005123973,0.6079328756674294,0.7475113122171946,0.0,0.0,0.05882352941176461,0.8955223880597015,0.6694182389937107,0.0,0.0,0.0,0.0,1.0,0.8291807853298784,0.0,0.0,0.0,0.0,0.0,0.0,0.3864946889226101,0.0,0.2846594055750413,0.5926760563380282,0.0,0.6128693603728171,0.0,0.625,0.7110655737704918,0.0,0.7948717948717949,0.9,0.0,0.0,0.0,0.0,1.0,0.26341604154645115,0.0,0.05714285714285716,0.7377701934015928,0.14696918388079927,0.7142857142857144,0.1791187739463601,0.6000000000000001,1.0,0.7573696145124718,0.2500000000000001,1.0,0.7458715596330274,0.5,0.0,1.0,0.0,1.0,0.04038997214484685,0.6666666666666666,0.0,0.0,0.0,0.0,0.08591331269349867,0.6729559748427674,0.5714285714285714,0.7369752902649598,0.3327827001051207,0.0,0.7021276595744681,0.5714285714285714,0.6956521739130435,0.0,0.5,1.0,0.41176470588235303,0.5,0.0,0.0,0.6666666666666667,0.5,0.0,1.0,0.5,0.7142857142857142,0.0,0.0,0.5998606999825875,0.10909090909090913,0.29268292682926833,0.16666666666666663,0.2402148887183423,0.8896595208070618,0.38888888888888884,0.0,1.0,0.0,0.37808739708676375,0.0,0.25,0.0,0.34883720930232565,0.0,0.2222222222222221,0.0,0.15811965811965822,1.0,1.0,0.12371134020618568,0.5714285714285714,0.9090909090909091,0.2857142857142857,0.0,0.7715250422059652,0.0,1.0,0.0,1.0,0.35352480417754584,0.3928571428571429,0.0,0.31746031746031755,0.0,1.0,0.9090909090909091,0.08333333333333326,0.5,0.6666666666666667,1.0,0.6370967741935484,0.0,0.0,1.0,0.5,0.5,0.0,0.25,0.0567734682405846,0.0,0.0,0.8571428571428572,0.7777777777777778,0.5088866189989787,0.0,0.44262295081967207,0.9871345029239766,0.9552046406703191,0.0,0.7021276595744681,0.0,0.7831050228310502,1.0,0.6893903024483918,0.375,0.6055434997040836,0.5,0.2696495406600884,0.8780487804878049,0.6056997022543598,0.0,0.6000000000000001,0.0,0.0,0.0,0.9166666666666666,0.967741935483871,0.0,0.0,0.4285714285714286,0.0,0.09934356747816198,0.0,0.6666666666666667,0.3100924681893622,0.0,1.0,0.968702380823724,0.0,0.5,0.9130691037684365,0.7195903632211007,0.8694539872816314,0.0,0.613299347260734,0.0,0.0,0.0,0.0,0.0,0.8049945243352902,1.0,1.0,0.8620689655172413,1.0,0.9842377842828192,0.576271186440678,0.0,1.0,0.9384116693679092,0.737874097007224,1.0,0.015446410570555846,0.945173673456752,0.9,1.0,1.0,0.8889970788704966,0.0,0.0,0.0,0.8125,runif
0.0,0.6928571428571428,0.7512074968006496,0.0,0.8490313961255845,0.6703692196157631,0.7723553477498539,0.7914547304170906,0.7205068043172219,0.0,0.4845715690693768,0.857889237199582,0.900100908173562,0.6539057052016973,0.0,0.0,0.7702578268876611,0.0,0.0,0.47057718103409163,0.0,0.5,0.0,0.6984859828633225,0.5291604272736348,0.6033950617283951,0.0,0.5673486200741453,0.0,0.9314299366861785,0.0,0.0,0.644626577032876,0.0,0.7925983790645446,0.7712050453039556,0.476566454094544,0.11907894736842095,0.0,0.0,0.0,0.6559444393676324,0.3449655358832274,0.21736459506501482,0.45395808448257136,0.8919182083739046,0.531251639989504,0.7427809661530118,0.7162162162162162,0.9461165048543689,0.9685325743200506,0.33333333333333337,0.41563365903456306,0.0,0.7536829558998808,0.34234429065743943,0.0,0.06741720120434613,0.8829209414604707,0.7927373546118475,0.8954579653902507,0.2339875426019512,0.12937220856124854,0.44199653710669295,0.17543859649122806,0.4553086731473298,0.8268955650929899,0.8346094946401226,0.9612215909090909,0.39160045402951205,0.9214723926380368,0.492360097323601,0.8571428571428572,0.5434410253381372,0.8571428571428572,0.9090909090909091,0.0,0.0,0.0,0.4,0.5,0.6666666666666667,0.0,0.5351962217474417,0.16761217122227956,0.33333333333333337,0.0,0.23883244637961631,0.5714285714285714,0.0,0.0,0.6391289707037827,0.5,0.0,0.0,0.19895032344684482,0.0625,0.0,0.0,0.09011627906976738,0.0,1.0,0.0,0.0,0.3192182410423453,0.0,0.0,0.08733031674208147,0.0,0.5181268882175226,0.33333333333333337,0.45626270414242664,1.0,1.0,0.0,0.8620977852068533,0.0,0.0,0.5110115714818961,0.1333333333333333,0.875,0.5578528827037773,0.3122339233699305,0.8590455049944506,0.6083981869494569,0.6480783722682744,0.75,0.0,0.23968253968253972,0.0,0.697567973766908,0.11111111111111105,0.0,1.0,1.0,0.5,0.2643841166936789,0.6666666666666667,0.12208591734190422,0.3193979933110368,0.0,0.5396565821749796,0.0,0.0,0.0,0.695861049519586,0.19716046075542482,0.0,0.8571428571428572,1.0,0.25,1.0,0.0,0.9285714285714286,0.0,0.41334202520643204,0.0,0.7439902821583838,0.7018070405802539,0.0,0.9933225880727607,0.41666666666666663,0.0,0.8333333333333334,0.21681490182916585,0.7872719791523797,0.9157663877832832,0.9773420479302832,0.9124860646599777,0.0,0.6608838437923895,0.0,0.0,0.0,0.7769271383315733,0.5,0.0,0.0,0.7151898734177216,0.0,0.8,0.0,0.0,0.0,0.0,0.9113804659749954,0.0,0.017691230749649955,0.8003630810016424,0.0,0.8653872236538722,0.9767193139932393,1.0,0.632204934354855,0.48843464228079625,0.84,0.9621172787551381,0.0,0.16666666666666663,0.0,0.8135375555973188,0.9462153621038298,0.4489741775733994,0.25625925543272376,0.0,0.0,0.0,0.9915442812639075,0.9300672203783884,0.7376572352641118,0.9473684210526315,0.6666666666666667,0.9969868290258449,0.0,0.9952830188679245,0.9136005763392168,0.8666666666666667,0.9915254237288136,0.9816468860883396,0.14722181444509697,0.9347826086956522,0.09451713182796428,0.0,0.0,0.13368983957219227,0.9130434782608696,0.9316419087682398,0.5,0.0,0.0,0.0,0.0,0.0,0.7632195318680296,0.0,0.801731078904992,0.6714285714285715,0.6841750841750842,0.984375,0.7731609073563706,0.0,0.7515789473684211,0.8,0.9333333333333333,0.7596403178586365,0.0,0.0,1.0,0.0,0.0,0.8931087652710236,0.0,0.0,0.0,0.8734177215189873,0.0,0.9512195121951219,0.0,0.5189873417721519,0.0,0.8760951188986232,0.0,0.17588440458395616,0.8,0.25,0.8841698841698842,0.7391304347826086,0.6100330305532617,0.7418070115907345,0.0,0.0,0.18184578020643594,0.888,0.5617206109009388,0.4162673228856365,0.588929219600726,0.8998516320474778,0.8237294201861131,0.9518273955773956,0.9755323969188944,1.0,1.0,1.0,0.8401904114246854,0.7341584158415841,0.6509744715893495,0.2552476910159531,0.36,0.9259259259259259,0.9149224641979493,0.8020067422291828,1.0,0.5714285714285714,0.6377347751849745,0.7294845360824742,0.013605442176870763,0.0,1.0,0.911690496215307,1.0,0.4374999999999999,0.958041958041958,0.5150684931506848,0.9375,0.763614237906906,0.75,1.0,1.0,0.0,0.0,1.0,1.0,1.0,0.0,0.8275976540887462,0.2609308885754583,0.2500000000000001,0.0,0.5371900826446281,1.0,0.8571428571428572,0.16666666666666663,0.9615384615384616,1.0,0.0,0.0,0.5748031496062993,0.0,0.0,0.0,1.0,0.0,0.0,0.0,0.0,0.32353901403852425,0.0,1.0,0.0,0.0,0.7008547008547008,1.0,0.5111852346008451,1.0,0.9375,0.0,0.9143576826196473,0.0,0.0,1.0,0.08333333333333337,0.9583333333333334,0.9441348375696615,0.0,0.8928571428571428,0.9795567032494082,0.7219983883964545,1.0,0.0,0.72875226039783,0.25,0.713233105090801,0.0,0.6666666666666667,0.6157899602477581,0.375,0.25,0.0,1.0,0.5156310304901583,0.8,0.0,0.7994791666666666,0.0,0.0,0.0,0.6875957120980092,0.7960954446854663,0.0,1.0,0.8709677419354839,0.0,0.8571428571428572,0.0,1.0,0.0,0.9536258012820513,0.0,0.7262927096656313,0.1584348941629249,0.12535816618911177,0.9164315937940761,0.5202265372168284,0.0,0.8823529411764706,0.5544747081712063,0.9330159809588575,0.40235690235690236,0.4315188762071993,0.5054799329147003,0.0,0.7762145748987854,0.0,0.21292775665399244,0.0,0.6523520647083865,1.0,0.0,0.44999999999999996,1.0,0.0,1.0,1.0,0.0,0.0,0.0,0.9335959482273495,0.37038689172289085,0.9020857473928158,0.8812047954027544,0.6775099461736485,0.9622421930561842,1.0,1.0,0.8919620269671127,0.6510416666666667,0.9545454545454546,0.9686726987335946,0.0,0.1724137931034483,0.0,0.0,0.9653762923779755,0.0,0.2952074348539149,0.0,0.0,0.0,1.0,0.9514020189072264,0.8529035142990711,0.9375,0.9512195121951219,0.9896067351986747,0.0,1.0,1.0,1.0,0.9892010903753408,0.9945657447840854,0.5653399777063799,0.9351145038167938,0.1908026532520144,0.0,0.0,0.6774193548387096,1.0,0.9723014256619145,1.0,0.0,0.0,0.0,0.0,0.857645492582731,0.7294396211523284,0.0,1.0,0.5545276142416595,0.9333333333333333,0.7142857142857143,0.1869975533030409,0.0,0.44090299701595814,0.0,0.8663262938036667,0.4319108127547351,0.0,0.0,0.9265793966989186,0.0,0.0,0.9687094982410664,0.0,0.6000000000000001,0.0,0.5764883195177091,0.7475113122171946,0.125,0.0,0.6911054276783177,0.0,0.6834180312441183,0.0,0.0,0.5467608951707892,0.0,1.0,0.5502793296089385,0.0,0.0,0.0,0.0,0.0,0.47577367927477343,0.36627906976744184,0.1094543848022973,0.3027505999630793,0.9374644684479818,0.4500345383375548,0.6520979932238727,0.7692307692307692,0.75,0.907103825136612,0.33333333333333337,0.46153846153846156,0.0,0.9456925180699355,0.41666666666666663,0.25,0.05882352941176461,1.0,0.390920757138274,0.5519781144781144,0.09523809523809523,0.0,0.1694166860330003,0.6307692307692307,0.7701149425287357,1.0,1.0,0.5555555555555556,0.0,1.0,0.6057339449541284,0.5,0.25418569254185686,0.0,1.0,0.0,0.0,0.6666666666666666,0.4,0.0,0.5,0.33333333333333326,0.28873239436619724,0.0,0.5714285714285714,0.09009009009009028,0.0,0.3999999999999999,0.25531914893617036,1.0,0.4347826086956522,0.0,0.17647058823529416,1.0,0.4259818731117825,1.0,0.5,0.0,0.33333333333333337,0.0,0.0,1.0,1.0,0.0,0.0,0.5,0.26484415810551976,0.10909090909090913,0.8296931158418579,0.16666666666666663,0.07017543859649122,0.658890290037831,0.875,0.5221625251846878,0.737417943107221,0.625,0.2917888563049855,0.7142857142857142,0.75,0.8,0.4883720930232558,0.0,0.0,0.6282722513089005,0.0,0.0,0.0,0.0,0.0,0.8522727272727273,0.2857142857142857,0.6666666666666667,0.0,1.0,1.0,0.8202196816857208,0.0,0.026839826839826997,0.0,0.0,1.0,0.0,1.0,0.9090909090909091,0.5,0.0,0.6666666666666667,0.0,0.9811827956989247,0.6666666666666666,1.0,1.0,0.5,1.0,0.14841564187650458,0.0,0.9190556492411467,0.6923076923076923,0.0,1.0,0.0,0.3698347107438018,0.0,0.44331458243184774,0.7543859649122807,0.9551516455151645,1.0,0.9679068108879115,0.3669467787114846,0.924791834542036,0.0,0.0,0.375,0.330523426779063,0.0,0.4582712369597616,0.0,0.6931818181818181,0.0,0.8,0.0,0.0,0.0,0.0,0.8709677419354839,0.4736842105263158,0.0,0.4285714285714286,0.0,0.0974400041331922,0.7013574660633484,0.33333333333333337,0.43754270451580835,1.0,1.0,0.9688263914879965,0.0,0.5,0.0,0.6790602737533018,0.9864911502243258,0.4444444444444444,0.6103545547395555,0.0,0.0,0.0,0.9572519083969465,0.9375238437198448,0.45223858830392305,1.0,1.0,1.0,0.0,0.9842377842828192,0.8814764646122587,0.888888888888889,1.0,0.9543509272467903,0.0,0.9495798319327731,0.3277067466995127,0.0,0.0,1.0,1.0,0.8889970788704966,0.0,0.0,0.0,0.0,runif
0.0,0.0,0.7523421808230997,0.0,0.8076152304609219,0.6926313184433583,0.8636363636363636,0.0,0.7205068043172219,0.7000330360092499,0.645282168012369,0.5366795366795367,0.8456570875040361,0.0,0.4,0.0,0.0,0.0,0.0,0.4079978338494864,0.45327254965809205,0.5,0.6184510250569477,0.8404506632745775,0.5289252896524173,0.0,0.0,0.5673486200741453,0.0,0.0,0.0,0.24107490588082559,0.6518048606147249,0.8328173374613003,0.0,0.7712895377128954,0.45185185185185184,0.765886287625418,0.0,0.0,0.8023156089193826,0.0,0.8535992710337147,0.48279672509920135,0.5,0.8919182083739046,0.5312516399895041,0.46759656652360515,0.3603200550632366,0.954270804723977,0.825658173199018,0.33333333333333337,0.4188732394366197,0.44245402663284716,0.7367334905660378,0.2385065477848981,0.0,0.0,0.4426849136526556,0.0,0.0,0.0,0.010411244143675003,0.5039625360230546,0.8641975308641976,0.7255669546436285,0.41523605150214593,0.9172366621067032,0.7816761363636364,0.8908045977011494,0.0,0.13324732768153325,0.8648648648648649,0.0,0.0,0.4545454545454545,0.0,0.21766994735637424,0.0,0.4,0.0,0.0,0.0,0.0770805985823052,0.6312583749543184,0.5555555555555556,0.4389501711677444,0.0,0.5714285714285714,0.6666666666666667,0.6666666666666667,0.7868619076672767,0.0,0.15422047538835848,0.6000000000000001,0.13425047438330184,0.0,0.08558558558558549,0.7718816712412321,0.05228758169934644,0.0,0.0,0.8571428571428572,0.9364102564102564,0.34736842105263177,0.6428571428571428,0.0,0.0006880959402341125,0.8,0.0,0.0,0.0,0.0,0.0,0.0,0.0,0.0,0.4560535058191979,0.009763424708974844,0.6106194690265487,0.7142857142857142,0.4994789390526775,0.9173354735152488,1.0,0.0,0.0,0.0,0.6666666666666667,0.7952646239554318,0.8913043478260869,0.3650634859561369,0.11111111111111105,0.25,0.0,0.875,0.5,0.7274266114303533,0.6666666666666667,0.0,0.5013143071723618,0.5,0.3455532926001357,0.0,0.7464788732394366,0.4267990074441689,0.0,0.10999451854558728,0.33333333333333337,0.0,0.46666666666666656,0.0,0.7777777777777778,0.5,0.8571428571428571,0.5,0.0,1.0,0.9157053137944857,0.7220510130483248,0.0,0.15549029205416875,0.0,0.8918866833686645,0.6666666666666667,0.9230596680125617,0.0,0.9216561955945802,0.6016406337790764,0.272997725018958,0.8085769583375777,1.0,0.75,0.0,0.0,0.09436542669584236,0.875,0.0,0.0,0.6505392912172573,0.0,0.0,0.0,0.0,0.96875,0.989813736903376,0.9360626245927943,0.9877820314409057,0.7087838658729195,0.9838107098381071,0.18575757575757568,0.2987988509238607,0.0,1.0,0.8585172574284105,1.0,0.0,0.9903435002719552,0.983310426075005,0.15974282888229463,0.8747610383029689,0.0,0.0,0.9677403869233354,0.0,0.0,0.0,0.0,1.0,0.959031369235654,0.0,0.9473684210526315,0.0,1.0,0.6666666666666667,0.0,0.9227585591414643,0.0,0.9913536881923805,0.0,0.28281038431320105,0.9347826086956522,0.8563572188227315,0.0,0.9375,0.7123287671232876,0.0,0.5376201185851566,0.5,0.96875,0.0,0.8125,0.0,0.0,0.7804808491115822,0.0,0.801731078904992,0.6714285714285715,0.7857142857142856,0.8318452380952381,0.7691326530612245,1.0,0.8660235798499465,0.8,0.8200388283953743,0.0,0.5,0.0,0.0,0.0,0.0,0.7992865475325026,0.6891083318337233,0.0,0.7462058335309462,0.9795918367346939,0.0,0.0,0.0,0.5189873417721519,0.0,0.0,0.0,0.0,0.35035460992907796,0.5,0.0,0.7391304347826086,0.7696843565730143,0.7942537226390887,0.0,0.0,0.8187766432041241,0.0,0.8809869375907112,0.3834995466908432,0.9488014894112171,1.0,0.9064457003207576,0.0,0.20177086128253285,1.0,0.9487179487179487,0.0,0.9720143182557761,0.0,0.5912424051958936,0.2879708383961117,0.0,0.0,0.5484936029715228,0.0,0.0,0.19999999999999996,0.5460268844648631,0.7909738717339667,0.9955555555555555,0.9142561314955024,0.8473684210526315,1.0,0.8148148148148149,1.0,0.9666666666666667,0.0,0.8826086956521739,0.0,0.5,0.2500000000000001,0.0,0.03960905349794219,1.0,1.0,0.0,0.5,1.0,0.0,0.8581979320531757,0.75,0.5650406504065042,0.0,1.0,0.41666666666666663,0.8333333333333334,0.6483221476510066,0.0,0.5069056714663531,1.0,0.5897435897435898,0.0,0.0,0.6206896551724137,0.0,0.0,0.0,1.0,1.0,0.3038759689922481,0.75,0.0,0.0,1.0,0.0,0.5,0.0,0.0,0.0,0.0,0.4274376417233561,0.0,0.42307692307692313,0.4545454545454546,0.08333333333333337,0.5833333333333333,0.3437257639212037,1.0,1.0,0.4832920792079207,0.0,0.0,0.0,0.9878934624697336,0.6666666666666667,0.6578458681522747,0.0,0.33333333333333337,0.0,1.0,0.25,0.24710982658959546,1.0,0.0,0.7560975609756098,1.0,0.0,0.0,0.9,0.8823529411764706,0.0,0.06249999999999989,0.8,0.0,0.7272727272727273,0.5,0.8571428571428572,0.75,1.0,1.0,0.0,1.0,1.0,1.0,0.12535816618911177,0.7087136929460582,0.0,1.0,0.6470588235294118,1.0,0.0,1.0,0.5298871394733176,0.5344743541136328,0.674804570054119,1.0,0.0,0.0,0.0,0.4812243782454221,1.0,0.0,0.44999999999999996,1.0,0.0,0.0,1.0,0.0,0.967741935483871,0.5,0.9785351322936744,0.9690004788374659,0.0,1.0,0.6752297902427529,0.8455087358684481,0.0,1.0,0.8079997963132702,1.0,0.0,0.9968707063635937,0.9763792586040781,0.16499736425935696,0.8732394366197183,0.7976168901776005,0.2576641822528477,0.9925558312655087,0.0,0.0,0.0,0.0,0.9954500737825873,0.952488352754901,0.0,1.0,0.0,0.9997498288302523,0.5,0.0,1.0,0.0,0.9892010903753408,0.0,0.892610019374481,0.9972885032537961,1.0,0.0,1.0,1.0,0.0,0.48043818466353694,1.0,1.0,0.0,0.954954954954955,1.0,0.0,0.7128975265017667,0.0,0.6945010183299389,0.49814101712919934,0.9333333333333333,0.7142857142857143,0.27665815119689663,0.6606181954699035,0.3431276169670491,0.6074766355140186,0.8850902184235517,0.0,0.33333333333333326,0.0,0.0,0.0,0.0,0.12951511298618734,0.5071592597595569,0.6000000000000001,0.6619402696750762,0.6912287633346503,0.7475113122171946,0.0,0.0,0.6909662664379645,0.0,0.0,0.0,0.4772896500372301,0.5691261646940317,0.0,0.0,0.8876845018450185,0.0,0.5308689024390245,0.0,0.0,0.33647912885662445,0.0,0.841831425598335,0.5340423817581177,1.0,0.9379932356257046,0.42862426035502943,0.6115219929933826,0.3076923076923076,1.0,0.8461538461538461,0.6666666666666667,1.0,0.4873338870431895,0.9540310721820856,0.20000000000000007,0.0,0.0,0.5454545454545455,0.031575104946158006,0.0,0.0,0.0,0.14696918388079938,0.7142857142857143,0.854679802955665,1.0,0.978021978021978,0.0,0.75,0.10000000000000009,0.0,0.6363636363636364,0.0,0.0,0.5952380952380952,1.0,0.4220055710306406,0.0,0.4,0.0,0.0,0.0,0.1187010078387456,0.4764150943396226,0.5714285714285714,0.5285785536159602,0.0,0.3999999999999999,0.8202247191011236,1.0,0.5652173913043479,1.0,0.0,0.0,0.16666666666666652,0.0,0.5,0.5,0.5,0.0,0.0,0.5,1.0,0.0,0.0,0.0,0.18478540221022877,0.6000000000000001,0.0,0.0,0.0,0.6969314838167298,0.33333333333333326,0.6583113456464379,0.0,0.0,0.23495883470550982,0.4285714285714286,0.75,0.19999999999999996,0.7560975609756098,0.6782363977485929,0.6666666666666667,0.34426229508196726,0.2682926829268293,1.0,1.0,0.46005509641873277,0.7142857142857143,0.0,0.2857142857142857,1.0,0.0,0.0,1.0,0.5615057136455299,0.0,0.0,0.0,0.0,0.7169373549883991,0.0,0.0,0.18181818181818177,0.0,0.2407407407407406,0.0,1.0,0.605263157894737,0.0,0.5,0.5,0.0,0.5,0.6315139879319802,0.25,0.8378378378378378,0.26923076923076916,0.0,0.0,0.0,0.8009084027252081,1.0,0.7049180327868853,0.0,0.8748374187093546,1.0,0.0,0.953826049077973,1.0,1.0,0.025604096655464925,0.11111111111111116,0.5987691085963867,0.0,0.6971291866028708,0.0,0.62786029706945,0.0,0.4,0.0,0.0,1.0,0.9166666666666666,0.8709677419354839,0.8476425052779732,0.8992619926199262,0.9472477064220184,1.0,0.7024572273463353,0.0,0.6666666666666667,0.9253705912421196,1.0,0.0,0.9940812279906399,0.9283323059414861,0.5,0.9000875584863327,0.4484479121320697,0.23096976016684068,0.8907103825136612,0.0,0.0,0.0,0.0,0.9900990099009901,0.9878665318503539,0.0,0.6666666666666667,0.0,1.0,1.0,0.0,0.8935361216730038,0.0,1.0,0.0,0.0,0.9497206703910615,0.8090621673065135,0.0,0.9,1.0,0.3571428571428571,0.5613437195715678,0.0,0.9411764705882353,0.0,0.75,runif
0.0,0.33333333333333326,0.7144264208759941,0.7533875338753387,0.8314280839447193,0.0,0.0,0.0,0.0,0.0,0.4860351222311018,0.5366795366795367,0.0,0.0,0.4,0.5912076806467912,0.0,0.7122875082954719,0.8,0.427366841846026,0.45327254965809205,0.5,0.0,0.0,0.0,0.7175533281932666,0.0,0.0,0.0,0.0,0.0,0.0,0.6370244501085622,0.0,0.9518348623853211,0.7898913784119603,0.0,0.0,0.0,0.0,0.0,0.6219280121792083,0.341120785663663,0.4523187924241705,0.4512195121951219,0.578383641674781,0.0,0.0,0.47054346171411177,0.9460116731517509,0.8960458329986882,0.33333333333333337,0.0,0.0,0.46336221149394874,0.14913763949949288,0.0,0.046526939536925216,0.0,0.9792952304054444,0.7194071261682243,0.5864204481477311,0.0,0.5234015548151675,0.1578947368421052,0.33076309492156364,0.8259717314487632,0.0,0.12119635890767233,0.9672131147540983,0.4,0.0,0.0,0.0,0.0,0.5760869565217391,0.0,0.7175080558539204,0.0,0.8,0.5,0.33333333333333337,1.0,0.5531149301825993,0.8202166064981949,0.44444444444444453,0.37747476071849995,0.2500455954769286,0.1428571428571428,0.0,0.25,0.4280513176144244,0.5,0.6406513194834362,0.30000000000000004,0.9990089197224975,0.0,0.0,0.3570448307410796,0.05228758169934644,0.0,0.0,0.5714285714285714,0.5294117647058822,0.7661380077907624,0.0,0.16666666666666663,0.01439654482924102,0.75,0.5515863689776732,0.11111111111111116,0.07146695325094043,0.9583333333333334,0.03585657370517925,0.8137053754616331,0.9547244094488189,0.0,0.8675260072247775,0.0,0.5486725663716814,1.0,0.7914653784219001,0.289192081326913,0.4601769911504425,0.04469959946595459,0.41666666666666663,0.0,0.0,0.924074074074074,0.5362318840579712,0.7170795306388527,0.33333333333333326,0.0,0.5283018867924527,0.0,0.0,0.9577219942980322,0.6666666666666667,0.3361388941309681,0.0,0.0,0.0,0.0,0.0,0.0,0.7308048103607769,0.10378220354467393,0.33333333333333337,0.8571428571428572,0.0,0.0,0.33333333333333337,0.5,0.9285714285714286,0.0,0.6181350114416476,1.0,0.6589337497211689,0.637977145635789,0.0,0.0,0.9166666666666666,0.8948017259091843,0.0,0.6620053555489438,0.0,0.4626731356131154,0.7054590315616326,0.3209132827606723,0.0,0.7954627949183303,0.6,1.0,0.0714285714285714,0.0,0.16666666666666674,0.49170005724098453,0.0,0.27384393063583823,0.0,0.8,0.0,0.9368881602387935,0.9142857142857143,0.0,0.9850793282382002,0.9506457564575646,0.5676791532348429,0.9826458036984352,0.461441213653603,0.5725063602070358,0.9850437580191118,0.9420289855072463,0.5173770312974055,0.375,0.76,0.9377647852484821,0.9499401244625925,0.2049488972565896,0.627351231964082,0.9126216670365556,0.525229118191747,0.9891304347826086,0.21239075493808868,0.0,0.0,0.0,0.999792181120266,0.0,0.9321915946283912,0.9473684210526315,0.0,0.9707175861493069,0.0,1.0,0.0,1.0,0.8950943396226415,0.0,0.8771164252050968,0.0,0.8563120388044145,0.773156899810964,0.9375,0.5,0.4076704545454546,0.9102283390678761,0.0,0.0,0.6739715066788167,0.84375,0.0,0.0,0.7669589966480639,0.9212050984936269,0.6754966887417219,0.0,0.0,0.0,0.0,0.0,0.7515789473684211,0.8,0.0,0.0,0.5,0.6823821339950372,0.0,0.819047619047619,0.8571428571428572,0.7618943822451205,0.8761309508808186,0.0,0.0,0.0,0.0,0.9384328358208955,0.0,0.0,0.0,0.0,0.0,0.0,0.36857142857142855,0.5,0.8881735005083022,0.7391304347826086,0.0,0.0,0.0,0.0,0.0,0.8467131767711507,0.5617206109009388,0.6916873449131513,0.5961373390557939,0.3683035714285712,0.28922237380627547,0.0,0.49948293691830403,0.9883230619526435,0.9506561679790027,0.0,0.5376117832719622,0.22096774193548374,0.7664707701824931,0.6216216216216217,0.0,0.14491614255765184,0.0,1.0,0.8661362850224836,0.6857142857142857,0.0,0.7270471464019851,0.07251264755480591,0.5552929085303185,0.5028901734104047,0.2571428571428571,0.6296296296296297,1.0,0.0,0.17588001983143275,0.0,0.0,0.75,0.2500000000000001,1.0,0.7586854460093897,1.0,1.0,1.0,0.0,0.0,0.8206011643103244,0.8303030303030303,0.75,0.39624432957062994,0.0,0.0,0.0,0.6000000000000001,0.35595390524967974,1.0,0.8759805752708255,0.29999999999999993,0.8188976377952756,0.0,0.0,0.0,0.0,0.0,1.0,0.8571428571428571,0.0,0.8096123207647371,0.0,0.0,0.33333333333333326,1.0,0.6967930029154519,0.0,0.6338538521266499,0.6848685889257463,0.0625,0.9453125,1.0,0.0,0.9230769230769231,0.0,0.9166666666666666,0.5,0.7164648529643025,0.4622042700519331,0.8571428571428572,0.10564720812182748,0.862257792754844,0.0,0.0,0.004672897196261627,0.6666666666666667,0.6680208937899014,0.33333333333333337,0.6666666666666667,0.3749451994739148,1.0,0.0,1.0,1.0,0.7123417721518988,0.0,0.0,0.0,0.0,0.0,0.0,1.0,0.06249999999999989,0.8,1.0,0.7272727272727273,0.5,0.1428571428571429,0.75,1.0,1.0,0.49008047913157393,1.0,0.8969180656477074,1.0,0.8877364246491763,0.0,0.9559748427672956,1.0,0.0,0.0,0.0,0.0,1.0,0.7467914960015604,0.11798017932987237,0.9493016468626225,0.6,0.9576811594202899,0.0,0.0,1.0,0.6219890450735828,0.44999999999999996,0.4,0.0,1.0,1.0,0.9519965491742667,0.9117647058823529,0.0,1.0,0.9526282669130708,0.9527400703871292,0.9973417347642021,0.0,0.5069026848479716,0.9775208734746307,0.9558823529411765,0.7386649455670611,0.0,0.8181818181818182,0.9490749173801035,0.9625957950025341,0.21219091431857395,0.46478873239436613,0.934939411425274,0.5624231695923685,0.9878246753246753,0.3665998663994656,0.0,0.0,0.0,0.8076923076923077,0.0,0.9622197836651513,1.0,0.0,0.9630229244916462,0.0,1.0,0.0,1.0,0.0,0.0,1.0,0.0,0.9741448602304189,0.7643665299017779,1.0,0.0,0.75,0.8892057026476579,0.0,1.0,0.5534337128167462,0.5555555555555556,1.0,0.8607655502392344,0.7360097323600974,0.7777777777777778,1.0,0.0,0.0,0.0,0.0,0.0,0.3431276169670491,0.6074766355140186,0.0,0.0,0.33333333333333326,0.8463203463203464,0.0,0.605804496890448,0.6666666666666667,0.12797636289902092,0.30499609679937534,0.6000000000000001,0.0,0.0,0.0,1.0,0.0,0.0,0.0,0.0,0.0,0.0,0.611087600507829,0.0,1.0,0.8291807853298784,0.0,0.4516599781101788,0.0,0.0,0.6531339031339032,0.8625592417061612,0.41566051136363635,0.39142695995487864,0.3027505999630793,0.5924464487034948,0.0,0.6133032694475762,0.7692307692307692,1.0,0.6210526315789473,0.6666666666666667,0.3076923076923077,0.0,0.01746216530849809,0.4042553191489361,0.0,0.05882352941176461,1.0,0.8960351285031641,0.4075537988581466,0.7,0.31783276450511944,0.5900900900900902,0.08743169398907114,0.26368363437328957,0.75,1.0,0.7052154195011338,0.75,0.0,0.14724770642201834,0.0,0.0,1.0,0.3529411764705883,0.0,0.07794015309672941,0.0,0.8,0.0,1.0,0.33333333333333326,0.812206572769953,0.7107438016528926,0.4285714285714285,0.3715232742470097,0.17792207792207793,0.19999999999999996,0.08510638297872364,1.0,0.6956521739130435,0.0,0.7777777777777778,1.0,0.9411764705882353,1.0,0.5,0.6,0.6666666666666667,0.0,0.0,0.0,0.2500000000000001,0.2857142857142857,0.0,0.5,0.19244804061557996,0.6000000000000001,0.2514124293785308,0.25,1.0,0.0,0.0,0.7727272727272727,0.0,0.0,0.39050632911392413,0.16541353383458646,0.25,1.0,0.09302325581395332,0.8864915572232646,0.4444444444444444,0.1374095989480606,0.6822429906542056,1.0,0.0,1.0,0.5714285714285714,0.87,0.4285714285714285,1.0,0.6976177077471394,0.0,0.0,0.6487334678323247,0.0,0.12779631689531568,0.25778863775198524,0.0,0.7692307692307693,0.0,1.0,0.9090909090909091,0.6666666666666666,0.29767441860465127,0.0,0.0,0.6296296296296295,0.0,1.0,0.5,0.5,0.0,0.9693595965363022,0.25,0.0,0.26923076923076916,0.0,0.7634069400630914,0.7777777777777778,0.5283496990814064,0.0,0.19047619047619035,0.0,0.695047523761881,0.46015037593984975,0.2512801755669348,0.0,0.7831050228310502,0.8,0.7861299709020368,0.11111111111111116,0.24817518248175197,0.0,0.0,0.0,0.35865921787709487,0.0,0.8,0.0,0.9162186258882015,1.0,0.0,0.967741935483871,0.8541666666666667,0.527769742551345,0.9095477386934674,0.6681896551724138,0.3077931957086274,0.7079646017699115,0.6666666666666667,0.3434264738931755,0.0,0.6666666666666667,0.9621289262904918,0.8984778794632273,0.5,0.646714421221339,0.8565410819059082,0.8168052625046544,0.8907103825136612,0.05019386305022899,0.0,0.0,0.0,1.0,0.0,0.8238317083713558,0.6666666666666667,0.0,1.0,0.0,1.0,0.0,0.888888888888889,0.8571428571428572,0.0,0.7381983096268809,0.0,0.8297179849425061,0.84009873834339,0.9,0.0,1.0,1.0,1.0,0.0,0.6466051508056742,1.0,runif
0.5714285714285714,0.0,0.0,0.0,0.0,0.6216995151533347,0.75,0.0,0.0,0.7224732262382865,0.4860351222311018,0.6741780568895456,0.0,0.0,0.0,0.5413377417018035,0.0,0.8523076923076923,0.0,0.42399352730214857,0.47338343732274546,0.0,0.0,0.0,0.0,0.0,0.5983193277310924,0.0,0.30285277636271,0.0,0.9473684210526315,0.0,0.6445705914667643,0.33333333333333326,0.9518348623853211,0.7734201333756747,0.0,0.14360658534504822,0.8622816032887975,0.0,0.16283621316333974,0.9699808096500045,0.0,0.0,0.4856661961124986,0.0,0.514353188139596,0.7482718142689448,0.0,0.0,0.9896742292030251,0.0,0.41972625719623324,0.0,0.8839123643885347,0.34429065743944653,0.0,0.05526701291783198,0.9817754262198707,0.5309663507346671,0.888053966356417,0.21949048837468021,0.0,0.48156902830128423,0.0,0.0,0.0,0.8616874135546335,0.7685088633993744,0.0,0.8520016174686615,0.0,0.8648648648648649,0.09723741144025488,0.4444444444444444,1.0,0.0,0.0,0.0,0.6000000000000001,1.0,0.0,0.5,0.8607948442534908,0.5990716864363074,0.22222222222222232,0.0,0.294607536956069,0.5714285714285714,0.9090909090909091,0.6666666666666667,0.0,0.5,0.6494504586397818,0.0,0.0,0.0,1.0,0.9894736842105263,0.28125,0.0,0.5061224489795919,0.5714285714285714,0.7647058823529411,0.0,0.0,0.0,0.0,0.6734693877551021,0.46446558477895916,0.5,0.5917247760996729,0.610576923076923,1.0,0.19862737182075096,0.4482758620689655,0.5,0.9258651795965229,0.6666666666666666,0.0,0.0,0.4818865345181136,0.31159574468085105,0.0,0.725719708952863,0.4065656565656566,0.0,0.6666666666666667,0.6032719836400818,0.0,0.7869915064818953,0.0,0.0,0.28301886792452835,0.375,0.0,0.2643841166936789,0.0,0.40980342314861895,0.0,0.5,0.0,0.33333333333333337,0.0,0.478908188585608,0.7681017612524462,0.6666666666666667,0.33333333333333337,0.0,0.9627527492018446,0.75,0.6666666666666667,0.5,0.8571428571428571,0.0,0.5372747469760553,0.0,0.41515099884993834,0.635736944851147,0.8807274777950092,0.7262210796915167,0.4722222222222222,0.99072265625,0.6666666666666667,0.3808660167762413,0.6854850635906536,0.9159288441231419,0.38820988304709725,0.5773739742086754,0.6233816843472613,0.0,1.0,0.7333333333333334,0.0714285714285714,0.8807463493780422,0.16666666666666674,0.8120450033090668,0.0,0.6444026340545626,0.875,0.6000000000000001,0.0,0.945451948818993,0.33333333333333326,0.9803921568627451,0.6241552000777945,0.952946205445219,0.05016089343176233,0.6710526315789473,0.46354825115887066,0.6843447749019202,0.8284518828451883,1.0,0.5206486887846367,1.0,0.72,0.9562618880970775,0.9935688231906316,0.9487179487179487,0.9068000213557331,0.4090132090132089,0.0,0.0,0.9375044690740079,0.0,0.0,0.0,0.9883089082825621,0.0,0.9383367942252546,0.9473684210526315,1.0,0.996157915251406,0.6666666666666667,0.9087551596784705,0.9105058365758755,0.0,0.0,0.81023348236463,0.5640089837170128,0.9347826086956522,0.6515460822575803,0.8449896516040014,0.9375,0.23115577889447236,0.8636363636363636,0.44802405498281794,0.5,0.0,0.98593340220933,0.84375,0.0,0.0,0.0,0.0,0.0,0.6714285714285715,0.65,0.0,0.0,0.5452830188679245,0.7515789473684211,0.8,0.0,0.0,0.0,0.6095274390243903,0.0,0.8938244853737811,0.0,0.7992865475325026,0.8693157366231531,0.0,0.0,0.0,0.20469918120327535,0.0,0.8,0.0,0.5949796190000831,0.0,0.6666666666666667,0.0,0.8,0.5,0.8881735005083022,1.0,0.0,0.560657984921179,0.8568737364455064,0.0,0.30240549828178687,0.9987169206094627,0.0,0.0,0.26980198019801993,0.9269662921348314,0.0,0.93728841070352,0.20389023966655107,0.0,1.0,1.0,0.6528208307501551,0.7362637362637363,0.8995390739576786,0.27073684210526316,0.0,0.23627346794190573,0.9261480971580294,0.8080315818132318,0.9964285714285714,0.0,0.5638738451736223,0.41917525773195874,0.18360655737704912,0.33452593917710194,0.16473988439306364,1.0,0.8148148148148149,0.0,0.9559023066485753,0.18450479233226846,1.0,0.2547033285094067,0.0,0.2500000000000001,0.0,0.0,0.0,0.0,0.0,0.5,0.0,0.941608467132263,0.8256880733944955,0.0,0.0,0.5165745856353592,0.5,0.8333333333333334,1.0,0.375,1.0,0.8763477088948787,0.0,0.0,0.9523809523809523,0.8636363636363636,1.0,1.0,0.0,0.5555555555555556,0.8571428571428571,0.4285714285714286,0.0,0.0,0.0,0.1428571428571428,1.0,0.7354497354497355,1.0,0.6519423240033928,0.11402314499659638,0.6875,0.7263999999999999,0.7455919395465995,0.0,1.0,0.7142857142857143,0.08333333333333337,0.5416666666666667,0.3179077479650284,0.4238267148014442,0.0,0.5042168674698796,0.7509353287012293,0.0,0.0,0.019002375296912066,0.6666666666666667,0.7117940837495198,0.33333333333333337,0.6666666666666667,0.6788533444121314,0.375,0.0,0.0,0.0,0.9147727272727273,0.0,1.0,0.0,0.0,0.0,0.8235294117647058,0.8686493184634448,0.777490297542044,0.6000000000000001,0.0,1.0,1.0,0.8571428571428572,0.75,1.0,0.5,0.7058237929318069,0.0,0.6907253554880971,0.6947692307692308,0.9811928159945781,1.0,0.37264150943396224,1.0,0.6470588235294118,0.4877384196185285,0.844434857635893,1.0,0.8338220918866079,0.5054027696508678,0.950920245398773,0.0,1.0,0.4371014492753623,0.0,0.882991304347826,1.0,0.9355973481260993,0.44999999999999996,1.0,0.6666666666666666,1.0,1.0,0.9471380971009996,0.33333333333333326,0.9888888888888889,0.6177501314175574,0.9452159691432137,0.9429065743944637,0.949438202247191,0.0,0.9955972535248179,0.9286452947259566,0.9558823529411765,0.7671633666734707,0.9803921568627451,0.6818181818181819,0.9672131147540983,0.9887883193741936,0.9473684210526316,0.0,0.0,0.0,0.0,0.8979464841319229,0.0,0.0,0.0,1.0,0.0,0.9845959987947077,1.0,0.9047619047619048,0.9968195513893539,0.5,0.9200130947184635,1.0,0.0,0.0,0.9318270354499416,0.8775103014530471,0.9075386597938144,0.9305033136306645,0.8741870447450573,1.0,0.0,0.8333333333333334,0.0,1.0,1.0,0.8101402373247033,0.49397590361445787,0.0,0.0,0.0,0.0,0.0,0.48913409136782604,0.9333333333333333,0.0,0.0,0.6779725609756098,0.3431276169670491,0.33333333333333326,0.0,0.0,0.0,0.85,0.0,0.6142562457024983,0.0,0.12716729486807765,0.3111789481819235,0.0,0.0,0.0,0.0,0.0,0.37326273990734604,0.0,0.040983606557377095,0.0,0.7777777777777778,0.0,0.5021136683889149,0.5454545454545454,0.7121212121212122,0.8281170353756754,0.0,0.0,0.832116788321168,0.0,0.0,0.9586223391533126,0.0,0.0,0.6749123130884254,0.0,0.7965677063760491,0.6867015255242306,0.3076923076923076,0.75,0.9078590785907859,0.0,0.46153846153846156,0.0,0.31078224101479923,0.5051546391752577,0.0,0.25356633380884475,0.625,0.0,0.40745393634840876,0.25482625482625487,0.31783276450511944,0.42330723169046525,0.0,0.1791187739463601,0.0,1.0,0.0,0.5,0.10000000000000009,0.14724770642201834,0.0,0.3467782851344495,1.0,0.1875000000000001,1.0,0.0,0.6666666666666666,1.0,0.0,0.0,1.0,0.8096304591265397,0.28099173553719003,0.5714285714285714,0.0,0.459784515159108,0.6,0.21052631578947367,0.8571428571428572,0.0,0.0,0.5294117647058824,1.0,0.0,0.5,0.75,0.96,0.0,0.0,0.0,0.0,0.5,0.0,0.0,0.0,0.0,0.6,0.6829268292682926,0.33333333333333326,0.2767653758542141,1.0,0.0,0.0,0.17647058823529416,0.0,0.32119205298013254,0.5714285714285714,0.75,0.0,0.0,0.8601823708206687,0.2222222222222221,0.7836949375410913,0.1581196581196581,1.0,1.0,0.44966442953020136,0.0,0.0,0.0,0.33333333333333337,0.0,1.0,0.0,0.7555555555555555,1.0,0.3355601948503826,0.3928571428571429,0.0,0.5396825396825395,1.0,1.0,0.36363636363636365,0.6666666666666666,0.0,0.33333333333333337,1.0,0.3395061728395061,0.6666666666666666,0.5,0.5,0.0,0.5,0.3791208791208792,0.0,0.04166666666666674,0.26923076923076916,0.8002397123451858,1.0,0.7777777777777778,0.9399387129724208,1.0,0.6948640483383686,0.2566171723692705,1.0,0.0,0.9679068108879115,0.0,0.812874921658161,1.0,0.16666666666666652,1.0,0.0,0.0,0.5824817518248175,0.0,0.6056997022543598,1.0,0.6000000000000001,0.0,0.9195626708317064,1.0,0.9166666666666666,0.5967741935483871,0.8328173374613004,0.10978878037701556,0.8666666666666667,0.6724137931034482,0.3402027288437234,0.40611353711790377,0.6666666666666667,0.30999430884026813,1.0,1.0,0.9646901973720381,0.9786198357262356,1.0,0.9233637523304876,0.6282356092823895,0.0,0.0,0.5485901103391908,0.0,0.0,0.0,0.9900990099009901,0.0,0.8072233479080019,0.6666666666666667,1.0,1.0,1.0,0.9211889214140959,0.8813559322033898,0.0,0.0,0.904,0.2327355184498041,0.9495798319327731,0.5034816457561142,0.8947077409162717,0.9,0.5,1.0,0.5647693817468106,0.0,0.0,1.0,1.0,runif
0.0,0.6928571428571428,0.7950791482838923,0.0,0.0,0.6471247147117714,0.7912966252220248,0.0,0.0,0.7007702849581778,0.0,1.0,0.9053763440860215,0.6539057052016973,0.4,0.6598963780983191,0.9860050890585241,0.0,0.0,0.36424452596871415,0.4777532388977197,0.0,0.0,0.0,0.0,0.0,0.0,0.6030888030888031,0.03208237596800256,0.0,0.9473684210526315,0.0,0.8915401301518439,0.0,0.7925983790645446,0.0,0.0,0.0,0.0,0.0,0.46054094108929233,0.34836401258783456,0.0,0.4159582095667316,0.5035834509718753,0.9239153973868476,0.5314975085234723,0.4323086196503918,0.38557312252964426,0.82861562258314,0.809205059551288,0.0,0.031136065334694374,0.0,0.783643648362008,0.3380035026269702,0.0,0.06886581679589954,0.8894424104195426,0.4067853263140302,0.0,0.23244897959183675,0.5480468297206444,0.6828461114175399,0.1578947368421052,0.24661534377488725,0.0,0.8451816745655608,0.11372324159021407,0.0,0.9214723926380368,0.0,0.0,0.0,0.4444444444444444,0.0,0.0,0.2827586206896553,0.0,0.8,1.0,0.6666666666666667,1.0,0.0,0.0,0.44444444444444453,0.4389501711677444,0.24609595484477897,0.1428571428571428,0.0,0.0,0.7635554514580161,0.0,0.0,0.5,0.0,0.0,0.6666666666666666,0.36155747836835606,0.0,0.0,0.0,0.8571428571428572,1.0,0.9726259207644834,0.0,1.0,0.0,0.75,0.0,0.7777777777777778,0.5825242718446602,0.9905370238940147,1.0,0.0,0.8620977852068533,0.0,0.0,0.0,0.1333333333333333,0.8888888888888888,0.056217373845536045,0.25510040160642555,0.0,0.7574285275916739,0.0,0.0,0.0,0.646031746031746,0.3065693430656935,0.9647372377502904,0.0,0.25,0.6017069701280229,0.375,0.0,0.0,0.6666666666666667,0.36081709978995913,0.1936493397450576,0.0,0.5492348636061211,0.6666666666666667,0.75,0.1578947368421053,0.5044345898004434,0.0,0.33333333333333337,0.0,0.484080794248545,0.75,0.8888888888888888,0.5,0.8571428571428571,0.0,0.8598347960764068,0.0,0.0,0.4850540216086434,0.0,0.0,0.7222222222222222,0.5043985161632221,0.8333333333333334,0.9419889502762431,0.4703533639448991,0.9190077470850614,0.9878442073927065,0.6952195121951219,0.0,0.5189578544061303,0.5,0.7678571428571429,0.15384615384615385,0.8776737033412554,0.0,0.0,0.8269230769230769,0.12259083728278031,0.875,0.8,0.5,0.9306648386839553,0.0,0.9803921568627451,0.9326009704093488,0.9753228782287823,0.5073295896691694,0.884263959390863,0.0,0.9582846539756718,0.9809556033545206,1.0,0.835984596190972,0.8160301237224314,0.0,0.9819726240170857,0.0,0.6557288864981172,0.6335709475932849,0.8137254901960784,0.5372743322512672,0.4489741775733994,0.5305300134311397,0.0,0.0,0.0,0.9853898681912021,0.4937233346566987,0.6949157077869949,0.0,0.6666666666666667,1.0,0.0,0.9009079831767619,0.9899128056077962,0.23214285714285698,0.9344888142322669,0.0,0.8076350239084424,0.0,0.0,0.7382633878670867,0.0,0.7336683417085427,0.13636363636363635,0.47026448555266775,0.0,0.0,0.8570462590986834,0.8125,0.0,0.5741935483870968,0.7807534502051473,0.1250000000000001,0.0,0.7916666666666666,0.7122877122877123,0.0,0.0,0.5454545454545454,0.0,0.0,0.9385206532180596,0.6427577570613608,0.5,0.6756787850897377,1.0,0.0,0.0,0.7847937439617929,0.8252173540622725,0.0,0.0,0.0,0.0,0.0,0.0,0.5189873417721519,0.6002700877785279,0.0,0.6666666666666667,0.17588440458395616,0.8,0.5,1.0,0.0,0.0,0.0,0.0,0.0,0.8269230769230769,0.0,0.0,0.7174203113417346,0.7124518613607189,1.0,0.7491219267436026,0.29782516891891875,0.2289786223277911,0.06948051948051959,0.9487179487179487,1.0,0.3774024461269656,0.881315331010453,0.652072467746363,0.25683060109289624,0.0,0.23627346794190573,0.915037657611915,0.2974604406501964,0.0,0.5714285714285714,0.9500875656742557,0.20549876630243213,0.22764227642276436,0.0,1.0,0.9115417017691659,0.24242424242424232,0.0,1.0,0.2958904109589041,0.0,0.0,0.0,0.0,1.0,0.28426601784266037,0.0,1.0,0.0,1.0,0.0,0.11674774148714384,0.0,0.75,0.5391918978795232,0.0,0.0,0.0,1.0,0.661744966442953,0.0,0.0,0.7,0.0,0.9475,0.8636363636363636,0.5509391007398975,1.0,0.0,0.0,1.0,0.4285714285714286,1.0,0.0,0.9,1.0,0.0,0.0,1.0,0.6353569046030688,0.9691870111400805,0.8125,0.0,0.9166666666666667,0.14540059347181,0.0,1.0,0.08333333333333337,0.9583333333333334,0.3269461077844311,0.0,0.0,0.3953188748121109,0.7106149957877,0.0,0.0,0.89419795221843,0.0,0.9633734939759037,0.33333333333333337,0.33333333333333337,0.3851156839748374,0.375,0.0,0.7312333290994539,1.0,0.6029040404040404,0.5,0.0,0.0,1.0,0.9,0.5882352941176471,0.7222222222222222,0.7764705882352941,0.6000000000000001,0.0,0.16129032258064502,0.5,0.8571428571428572,1.0,1.0,0.5,0.47586137820512797,0.0,0.0,0.6335078534031413,0.12063377745768811,0.09255117839325633,0.9583333333333334,0.0,0.8823529411764706,0.5097276264591439,0.6590237971165538,1.0,0.4315188762071993,0.0,0.8216080402010051,0.3672789896670493,0.0,0.9473023839397742,0.0,0.8853661790208547,0.0,0.0,0.8,0.4,1.0,1.0,0.0,0.9443754085000282,0.0,0.9888888888888889,0.9346040092014459,0.945054945054945,1.0,0.8656168781531877,0.7171592775041051,0.9948400412796697,0.8810754912099276,1.0,0.933139341757351,0.984375,0.9545454545454546,0.9973714012613119,0.0,0.643473260494537,1.0,0.0,0.8237281496352151,0.6437731849496555,0.6163036714374611,0.0,0.0,0.0,1.0,0.6652260638297873,0.8674197560108966,0.0,0.9512195121951219,0.9967322486214174,0.0,0.8888888888888888,1.0,0.5,0.9487179487179487,0.0,0.9854767335321754,0.0,0.6059666140311302,0.7826488673654698,0.0,1.0,0.0,0.45661914460285136,0.0,0.0,0.5165622202327664,0.9545454545454546,0.0,0.8607655502392344,0.7201734196863459,0.0,0.0,0.5051277026585669,0.9333333333333333,0.0,0.0,0.6779725609756098,0.0,0.0,0.8666049096804076,0.43553925654275716,0.33333333333333326,0.48583106267029974,0.91736066623959,0.0,0.0,0.11801242236024856,0.15634218289085544,0.0,0.0,0.0,0.0,0.0,0.0,0.7637956748695004,0.8955223880597015,0.0,0.7777777777777778,0.0,0.53934611048478,0.8181818181818181,0.7121212121212122,0.0,0.0,0.4516599781101788,0.0,0.0,0.32482426933037367,0.5414358867175253,0.0,0.10742430526752389,0.2767424524785689,0.9340659340659341,0.4609422802365899,0.8775579136994399,0.3076923076923076,1.0,0.7253246753246754,0.0,0.20512820512820518,0.0,0.9664252797893351,0.5051546391752577,0.0,0.0685563612392881,1.0,0.7736572890025575,0.0,0.05714285714285716,0.477957906712173,0.8447594701371136,0.0,0.0,1.0,0.8571428571428571,0.7052154195011338,0.5,0.7,0.18274613105037874,0.43333333333333335,0.0,1.0,0.4626865671641791,0.0,0.44537230340988165,0.6666666666666666,0.8,0.0,0.5,1.0,0.0,0.0,0.4285714285714285,0.49673202614379075,0.3679581649631566,0.19999999999999996,0.08510638297872364,0.0,0.5652173913043479,1.0,0.5,0.5,0.0,1.0,0.75,0.75,0.33333333333333337,0.0,0.0,0.5,1.0,0.7142857142857142,0.0,1.0,0.0,0.5652173913043479,0.0,0.8333333333333333,1.0,0.30409356725146186,0.0,0.5663716814159292,0.737417943107221,0.625,0.2835443037974683,0.0,0.75,0.8,0.0,0.0,0.2222222222222221,0.7836949375410913,0.2857142857142857,1.0,0.0,0.5217391304347825,0.5714285714285714,1.0,0.0,1.0,0.6976177077471394,1.0,0.0,0.11764705882352955,0.0,0.7936950760217605,0.6793924466338259,0.0,0.20279720279720292,0.0,0.0,0.18181818181818177,0.08333333333333326,0.016279069767441867,0.33333333333333337,1.0,0.0,1.0,1.0,0.0,0.0,0.5,0.970722781335773,0.0,0.6000000000000001,0.3846153846153846,0.0,0.0,0.5555555555555556,0.0,0.0,1.0,0.12948717948717947,0.8734177215189873,1.0,0.6883394746226078,0.0,0.9201426024955437,1.0,0.6890702512401985,0.0,0.5833333333333333,0.5,0.440888888888889,0.8780487804878049,0.3191489361702129,0.8,0.8,1.0,0.6900194606616625,0.0,0.9166666666666666,0.9069767441860466,0.9690402476780186,0.5983985612742999,1.0,0.0,0.3372969612186214,0.0,0.33333333333333337,0.7766008666345691,0.7272727272727273,1.0,0.966457564039194,0.0,1.0,0.656423950928102,0.8073832790445168,0.7662887377173091,0.0,0.0,0.0,0.0,0.0,0.9289099526066351,0.6160543973429681,0.4572584643434038,0.0,1.0,1.0,0.0,0.9096638655462185,0.9661361327463597,0.5555555555555556,0.9047619047619048,0.0,0.7381983096268812,0.0,0.04504258834474906,0.7029036207801294,0.0,1.0,0.0,0.5647693817468106,1.0,0.0,0.8822271333856135,0.75,runif
0.5714285714285714,0.5555555555555556,0.7950791482838923,0.9711934156378601,0.0,0.6471247147117714,0.0,0.0,0.0,0.0,0.4690429621636204,0.6727004063538973,0.9625468164794008,0.7517777079704144,0.4,0.9012602312589321,0.0,0.6977484092021538,0.33333333333333326,0.0,0.9257442682787727,0.0,0.0,0.8931198020482507,0.0,0.0,0.0,0.6030888030888031,0.0,0.0,0.0,0.0,0.8921875,0.8571428571428572,0.0,0.0,0.7410125722052328,0.0,0.0,0.0,0.8047241784037559,0.0,0.25794324520979883,0.0,0.0,0.0,0.3796718722582909,0.9249281730606727,0.33142013775008194,1.0,0.0,0.6666666666666667,0.16252795104154394,0.4545512090137992,0.36041822527963785,0.23364223532715522,0.0,0.07188634907071134,0.9043556162279767,0.4990011750881317,0.3890108282118818,0.0,0.2277291708093061,0.4323117515729653,0.17543859649122806,0.977984977984978,0.49572649572649563,0.0,0.9513243894048847,0.8857142857142857,0.5050545895673271,1.0,1.0,0.0,0.7142857142857143,1.0,0.0,0.0,0.6666666666666667,0.8,0.0,0.33333333333333337,1.0,0.06833435021354506,0.5193532582067614,0.5555555555555556,0.9460059993334073,0.43096844792996536,0.8571428571428571,0.0,0.25,0.23170351915291176,0.0,0.0,0.7,0.9990089197224975,1.0,0.0,0.7965026307644691,0.007504690431519689,0.4285714285714285,0.0,0.2857142857142857,0.8961474036850922,0.0,0.0,0.0,0.0,0.6000000000000001,1.0,0.5,0.46464779028183334,1.0,1.0,0.8147897796403947,0.8620977852068533,0.9166666666666666,0.5759033046161759,0.0,1.0,0.5,0.5072948735109087,0.7470014771048745,0.7448367754830114,0.0,0.6527881040892194,0.0,0.6666666666666667,0.9178149606299213,0.043062200956938024,0.4509251503845274,0.7777777777777778,0.0,0.6813655761024182,0.0,0.5,0.9577219942980322,0.0,0.25000841665825,0.5041870436122463,0.0,0.5492348636061211,0.0,0.8949152542372881,0.1578947368421053,0.8634674922600619,0.36543029417138684,0.6666666666666667,0.8571428571428572,0.6330913490623109,0.75,0.0,0.5,0.9285714285714286,0.0,0.6446626043782442,0.7,0.7539369366107954,0.4898395721925134,0.7963112005365527,0.9717395455413405,0.0,0.0,0.0,0.0,0.062009656004827884,0.9743906201789572,0.0,0.6534013605442177,0.9451642997823158,1.0,0.5,0.19552058111380144,0.0,0.8850331125827815,0.8333333333333334,0.25825783972125427,0.0,0.6444026340545626,0.0,0.6000000000000001,0.5,0.0,0.33333333333333326,0.0,0.9830330451644179,0.9508234392952891,0.8535099282756043,0.983886346300534,0.41683340002667735,0.0,0.9265883031657893,1.0,0.0,0.9775516901870692,0.84,0.9936681159599814,0.9833133748208642,0.9487179487179487,0.0,0.9763513513513513,0.9526228868958874,0.3761701310546781,0.0,0.0,0.0,0.0,0.9911526479750778,0.5089834057754237,0.8178610519039116,0.0,0.9649122807017544,1.0,0.0,0.96579476861167,0.9495705607150339,0.0,1.0,0.9009002986138966,0.9953408469767563,0.0,0.34918397557620273,0.0,0.9375,0.2500000000000001,0.13494318181818177,0.9372602254618426,0.0,0.96875,0.9976809193498292,0.96875,0.0,0.0,0.7636847068280542,0.9064220183486238,0.0,0.6714285714285715,0.0,0.0,0.0,0.0,0.8917910447761194,0.8,0.9385206532180596,0.9408349696917955,0.5,0.9022318783330041,0.0,0.8938244853737811,0.5,0.0,0.8710398807305255,0.0,0.0,0.9803921568627451,0.0,0.0,0.0,0.5189873417721519,0.0,0.0,0.0,0.21212121212121204,0.40401146131805155,0.5,0.0,0.0,0.6253476360746921,0.0,0.0,0.0,0.9615384615384616,0.0,0.4983811285846439,0.0,0.0,0.0,0.0,0.9095885724061243,0.2257419139713237,1.0,0.2787212787212786,1.0,0.6909589041095889,0.7791811846689896,0.2225922842076048,0.3146853146853147,0.0,0.14491614255765184,0.9191040206268632,0.255646773576077,0.31932773109243695,0.19999999999999996,0.5485616633437767,0.41887417218543044,0.0,0.7233417296389588,0.8473684210526315,0.0,1.0,1.0,0.3724559023066486,1.0,1.0,0.0,0.0,1.0,1.0,0.0,1.0,1.0,0.0,0.0,0.0,0.05942237468186329,0.8222849083215797,0.75,1.0,0.5483870967741935,1.0,0.0,1.0,0.3476394849785409,0.0,0.0,0.7,0.9280575539568345,1.0,0.0,0.5959510754955715,0.0,0.36363636363636365,0.0,0.5714285714285714,1.0,0.0,0.0,0.09999999999999998,0.1428571428571428,0.0,0.7160243407707911,1.0,0.4846140797285835,1.0,0.8125,0.9235511713933415,0.9186602870813397,0.0,1.0,0.4545454545454546,0.9166666666666666,0.5,0.36991408656184155,0.542997542997543,0.8571428571428572,0.5539963392312386,0.7564102564102564,0.0,0.0,0.8132332238385734,0.25,0.7289073305670817,1.0,0.0,0.8568414218471028,0.0,0.25,0.9252809878106696,0.0,0.75,0.3125,0.0,0.0,0.0,0.9,0.5882352941176471,0.8888888888888888,0.0,0.8,1.0,0.0,1.0,0.0,0.75,1.0,1.0,0.8285714285714285,1.0,0.7707509881422925,0.6800458715596331,0.8305343511450382,0.9665621734587252,0.0,0.04761904761904767,0.0,0.0985401459854015,0.8122319597240351,0.9370932754880694,0.875,0.0,0.9698492462311558,1.0,0.0,0.6486486486486487,0.0,0.8853661790208547,1.0,0.4237310924369748,0.44999999999999996,1.0,0.0,1.0,0.0,0.0,0.33333333333333326,0.0,1.0,0.9526282669130708,0.9865384615384616,1.0,0.0,0.0,0.9302325581395349,1.0,0.0,1.0,0.9545454545454546,0.9950280647255574,0.9771638458686935,0.9473684210526316,0.0,0.9855916125811283,0.9644821547492786,0.0,0.0,0.0,0.0,0.0,1.0,0.6816995166565367,0.8851460066413337,0.0,0.9047619047619048,0.9958664021164021,0.0,0.9176282838202799,0.9629629629629629,0.0,0.9367088607594937,0.9329916239529942,1.0,0.0,0.0,0.0,1.0,0.35483870967741926,1.0,0.8888888888888888,0.5,1.0,1.0,1.0,1.0,0.857645492582731,0.7258948726217349,0.9411764705882353,0.0,0.5882400714691789,0.0,0.0,0.0,0.0,0.7245346432264737,0.6074766355140186,0.8731818181818182,0.4991190826906968,0.33333333333333326,0.9119897959183674,0.0,0.568377336102047,0.6666666666666667,0.0,0.6309796619879691,0.0,0.0,0.7958078602620087,0.0,0.0,0.0,0.6363636363636362,0.0,0.0,0.0,0.0,0.6340533672172808,0.0,0.0,0.0,0.3125,0.4516599781101788,0.0,0.0,0.3465807375581811,0.0,0.42584562012142224,0.5684210526315789,0.8220640569395018,0.40521262002743486,0.804513009440479,0.0,0.3076923076923076,0.7893379191745485,0.4665300546448087,0.6666666666666667,0.3076923076923077,0.4651162790697675,0.03128103277060568,0.4042553191489361,0.25,0.05882352941176461,1.0,0.7931834839970682,0.7853191489361703,0.0,0.0,0.4988147646461225,0.5409836065573772,0.0,1.0,1.0,0.5555555555555556,0.75,0.9,0.9912280701754386,1.0,0.0,0.8571428571428572,1.0,0.0,0.6373626373626373,0.6666666666666666,0.8,0.0,1.0,0.33333333333333326,0.03273809523809512,0.6838085539714867,0.5714285714285714,0.7972373462391611,0.29895025102692807,0.8,0.08510638297872364,1.0,0.6666666666666667,1.0,0.0,1.0,0.9631067961165048,0.8333333333333334,0.5,0.5,0.6000000000000001,0.5,0.0,0.0,0.5,0.0,0.0,0.5,0.0,0.75,0.523809523809524,0.33333333333333326,0.06249999999999989,0.6906063618290258,1.0,0.7011417058428475,1.0,1.0,0.8822039265357822,0.0,0.25,1.0,1.0,0.8426501035196687,0.4444444444444444,0.0,0.06603773584905659,1.0,1.0,0.0,0.0,0.0,0.7142857142857142,0.0,0.2776214593884825,1.0,1.0,0.6708961141950833,1.0,0.0,0.07147220525351261,0.0,0.20723226703755215,0.0,1.0,0.18181818181818177,0.6666666666666666,1.0,0.6666666666666667,0.0,0.0,0.6666666666666666,0.0,0.5,0.5,0.0,0.12633032740271344,0.25,0.918918918918919,0.3846153846153846,0.4437516942260775,0.8608247422680413,0.0,0.40812022146058535,0.0,0.0,0.0,0.3684262948207172,0.0,0.6080726891490477,0.8802508751458576,1.0,0.8,0.002400384061449823,0.0,0.0,0.0,0.6710239651416121,0.0,0.6056997022543599,0.0,0.6000000000000001,1.0,0.0,1.0,0.0,0.967741935483871,0.8541666666666667,0.8021210421659104,0.9285714285714286,0.6724137931034482,0.8020697325789448,0.9642857142857143,0.33333333333333337,0.0,0.7504332755632582,0.0,0.9937850606362998,0.9838714738460573,1.0,0.0,0.9483726933407751,0.7726750861079219,0.0,0.0,0.0,0.0,0.0,1.0,0.6131805157593123,0.898706370515011,0.0,1.0,1.0,0.0,0.8916595012897679,0.8813559322033898,0.0,0.9629629629629629,0.7973826714801444,1.0,0.0,0.6713316749288616,0.0,0.9,1.0,0.0,1.0,0.0,0.9411764705882353,0.9908702791461412,0.9375,runif
0.5714285714285714,0.6928571428571428,0.0,0.0,0.0,0.0,0.0,0.8236597252990695,0.7045790251107829,0.7010743527852714,0.4676012593601089,0.0,0.0,0.650267705733285,0.4,0.8929524035326892,0.0,0.9131545338441891,0.8,0.0,0.0,0.5,0.0,0.0,0.28578416616496083,0.7287408528892254,0.5970724191063175,0.0,0.7073341560217457,0.0,0.0,0.08221007893139043,0.0,0.8714859437751004,0.0,0.0,0.0,0.0,0.8936666040218004,0.0,0.5539823008849558,0.34920552766419954,0.890040028255239,0.8946341463414634,1.0,0.0,0.32687683092125397,0.6328122395920137,0.39382940108892917,0.0,0.2111943455862223,0.33333333333333337,0.0047099122243629,0.1600213718025778,0.8790179701341433,0.23623917295333896,0.8141592920353982,0.17445672893633235,0.7213002858239836,0.5005893272829065,0.0,0.9406011450381679,0.7843587389041935,0.9233120311197555,0.09263157894736862,0.9889948642699926,0.386604774535809,0.0,0.0,0.0,0.035211267605633645,0.6486486486486487,0.8571428571428572,0.5434410253381372,1.0,0.021739130434782483,0.0,0.9286390052709825,0.0,0.4,0.5,0.6666666666666667,1.0,0.23938525657723375,0.5871949062610541,0.22222222222222232,0.2477089193358134,0.43160865475070553,0.5714285714285714,0.9491525423728814,1.0,0.8282131661442006,0.5,0.6406513194834362,0.5,0.16364079444376733,0.78125,1.0,0.0,0.10821643286573146,0.7796610169491525,0.0,0.0,0.0,0.9032450726657376,0.6428571428571428,0.9166666666666666,0.0,0.6734693877551021,0.5336257309941521,1.0,0.5525115653400701,0.0,0.0,0.40992647058823517,0.2744463017133305,0.0,0.0,0.8841405508072174,0.23880597014925375,0.7142857142857142,0.06006107906345448,0.15457207940123663,0.591448399373181,0.9130434782608696,0.4437182280319535,0.75,0.0,0.9428438661710037,0.583941605839416,0.6078158593651195,0.33333333333333326,0.0,1.0,1.0,0.5,0.9626541134274826,0.0,0.19908761665970187,0.2702702702702703,0.5,0.3723915328028822,0.0,0.9126760563380282,0.0,0.0,0.18892746208660693,0.33333333333333337,0.0,0.5930749682337992,0.75,0.7777777777777778,0.5,0.4285714285714285,0.0,0.0,0.0,0.0,0.9977748108589231,0.5861202813262525,0.0,0.41666666666666663,0.9088138559488247,0.6666666666666667,0.47375853141915736,0.6157721371827165,0.0,0.0,0.41440246232222466,0.957041045268576,1.0,1.0,0.1964285714285715,0.0,0.0,1.0,0.0,0.3076923076923077,0.0,0.875,0.8,0.0,0.9685216605420891,0.0,0.989813736903376,0.907047730551316,0.6754151966267964,0.5840997697798447,0.0,0.2288691624855269,0.0,0.7252171171052804,1.0,0.6482702867902951,0.0,0.76,0.0,0.0,1.0,0.93924431881303,0.6784980212903028,0.3521233689205219,0.5778321108394457,0.6568367179374898,0.0,0.0,0.0,0.9997471402769416,0.9381353137329148,0.9280837197982721,0.7368421052631579,0.0,0.9776107037819477,0.6666666666666667,1.0,0.8438886281397144,0.0,0.9810725552050473,0.8904140798541892,0.0,0.8369565217391304,0.0,0.843163772794695,0.0,0.0,0.4076704545454546,0.7601626016260162,0.0,0.0,0.9893552385350086,0.96875,0.0,0.0,0.0,0.0,0.0,0.0,0.0,1.0,0.7777777777777778,0.5454545454545454,0.7515789473684211,0.8,0.0,0.6427577570613608,0.5,0.9015192135835567,0.0,0.6291262135922331,0.8571428571428572,0.0,0.0,0.0,0.0,0.0,0.0,0.9512195121951219,0.6000000000000001,0.0,0.6603700568387956,0.0,0.0,0.0,0.0,0.0,0.0,0.0,0.0,0.0,0.8575788152486895,0.0,0.3194808287687545,0.2602752639517345,0.8422575976845152,0.8707738542449286,0.7448979591836735,0.4823641563393708,0.0,0.5060596480134893,0.15361077111383103,0.25666906993511185,0.0,0.0,0.7443408788282291,0.0,0.8096031085206772,0.2222222222222222,0.7760284408329101,0.15859609609609604,0.4688172043010753,0.3381786146900121,0.0,0.9428571428571428,0.732747908209759,0.8973871733966746,0.0,0.8064420978113386,0.8473684210526315,0.16944024205748864,0.6000000000000001,0.0,0.0,0.18856034900630148,0.8,0.7743589743589743,0.75,0.0,0.0,0.9601990049751243,0.0,1.0,1.0,1.0,0.0,0.047432550043515986,0.8222849083215797,0.0,0.0,0.5552486187845305,0.5,0.9214285714285714,0.16666666666666663,0.8516645596291614,1.0,0.8797219703838017,0.7,0.5897435897435898,0.8974358974358975,0.8636363636363636,0.6874115983026874,0.0,0.8636363636363636,0.0,0.0,0.0,0.9399355405801347,0.75,1.0,0.1428571428571428,0.0,0.7354497354497355,1.0,0.6202321724709784,0.0,0.0,0.0,0.0,0.0,0.0,0.8181818181818182,0.75,0.0,0.6195555555555556,0.27726485862665906,0.5,0.47492191805989337,0.0,1.0,0.0,0.8639562157935887,0.33333333333333337,0.9045051983057374,0.33333333333333337,0.6666666666666667,0.8838572189664358,0.875,0.25,0.9739826551034023,0.0,0.0,0.0,1.0,0.19155590304925707,0.0,0.9,0.3529411764705882,0.0,0.6666666666666667,0.6000000000000001,0.0,0.0,0.5,0.8571428571428572,1.0,0.33333333333333326,1.0,0.0,0.0,0.0,1.0,0.8305343511450382,0.0,0.5202265372168284,0.5263157894736842,0.6470588235294118,0.7954644570431749,0.4655316773653362,0.18032786885245888,0.0,0.7461673493270918,1.0,1.0,1.0,0.905638665132336,0.0,0.0,1.0,0.0,0.65,1.0,0.6666666666666666,1.0,1.0,0.9488406914177605,0.0,0.5,0.9512078450131547,0.5379211854528143,0.0,0.0,0.5084207957041738,0.0,0.36711478800413655,1.0,0.8258938896341181,0.059288537549407216,0.8181818181818182,0.0,0.0,1.0,0.9436619718309859,0.7199745624129368,0.8547388526641638,0.7610898661567878,0.5228371843095111,0.0,0.0,0.0,0.9983443708609272,0.946751579778831,0.9493533102830068,0.6875,0.0,0.9743760892943227,0.5,1.0,0.9346022449975597,0.0,1.0,0.9479782270606532,0.0,0.7782279848730416,0.7865669327959073,0.8687243941392959,0.0,0.0,0.08333333333333337,1.0,0.0,0.0,0.875945537065053,1.0,0.0,0.7966804979253113,0.0,0.0,0.0,0.0,0.0,0.7142857142857143,0.7005225342913128,0.648619957537155,0.7245346432264737,0.30000000000000004,0.0,0.5890858208955223,0.33333333333333326,0.48583106267029974,0.0,0.646350783339702,0.6666666666666667,0.0,0.0,0.6000000000000001,0.0,0.0,0.0,0.5357142857142858,0.47490347490347506,0.0,0.8955223880597015,0.0,0.0,0.4772896500372301,0.0,0.8181818181818181,0.0,0.0,0.0,0.39429012345679004,0.7495773967640667,0.0,0.9679163662581111,0.19952153110047854,0.7715430861723447,0.2418016275884295,0.3307277126372604,0.5106725734997986,0.775,0.8710237131289762,0.3076923076923076,0.7085124677558039,0.0,0.6666666666666667,0.8571428571428572,0.4913793103448275,0.496648460774578,0.5555555555555556,0.0,0.1438356164383563,0.8410138248847927,0.7844497171016609,0.0,1.0,0.5126050420168068,0.8559866034049679,0.09836065573770503,0.6923076923076923,0.25,0.0,0.7664399092970522,0.5,0.0,0.14724770642201834,0.3076923076923077,0.36842105263157887,1.0,0.0,1.0,1.0,0.6666666666666666,0.4,0.0,0.5,1.0,0.011150234741783782,0.28099173553719003,0.5714285714285714,0.3505878760116048,0.2976680384087791,0.6,1.0,0.0,1.0,0.0,0.7777777777777778,0.5,0.4259818731117825,0.6666666666666667,0.75,0.5,0.6000000000000001,0.75,0.0,1.0,0.0,0.8571428571428571,0.0,0.5,0.0,0.8,0.20338983050847448,0.16666666666666663,1.0,0.5658548707753479,0.33333333333333337,0.5663716814159292,0.0,0.625,0.2854430379746836,1.0,0.25,0.7,0.09302325581395332,0.71875,0.8888888888888888,0.7831245880026367,0.8652482269503546,0.0,0.0,0.7785234899328859,0.7142857142857143,0.4318181818181819,0.4285714285714285,1.0,0.75,1.0,1.0,0.6678571428571428,1.0,0.6804347826086956,0.25778863775198524,0.0,0.3317865429234338,0.0,1.0,0.0,0.0,0.0,0.33333333333333337,1.0,0.0,1.0,0.5,0.0,1.0,0.0,0.5959866764156309,0.0,0.2310286677908936,0.7692307692307693,0.4391821207798384,0.19999999999999996,0.0,0.6348870056497176,1.0,0.5714285714285714,0.8186274509803921,0.9468339307048984,0.7211474316210806,0.1147125633409053,0.9281734678512272,1.0,1.0,0.002400384061449823,0.0,0.30212868892114164,0.5,0.650706436420722,0.29268292682926833,0.0,1.0,0.8,0.0,0.931470667703319,0.0,0.9166666666666666,0.8709677419354839,0.0,0.7951151213441195,0.0,1.0,0.6093224744411715,0.12047244094488185,0.33333333333333337,0.9411438968436041,0.09942638623326983,0.5,0.0,0.0,1.0,0.9307966148108545,0.6534747722018224,0.16277312079153483,0.004424778761061843,0.6531042241996523,0.0,0.0,0.0,0.950185873605948,0.9975757575757576,0.8068403967214879,1.0,0.0,1.0,1.0,1.0,0.8936170212765957,0.0,1.0,0.7333333333333334,0.2221763369812101,0.8744588744588745,0.0,0.9701872386838757,0.0,0.0,0.3571428571428572,0.8971737823211064,1.0,0.0,1.0,0.9375,runif
0.0,0.6928571428571428,0.7144264208759941,0.0,0.0,0.7076509635482463,0.0,0.0,0.3748990306946689,0.0,0.46847906445325616,0.5,0.8384408512898834,0.0,0.4,0.5441173749745601,0.0,0.8738277919863597,0.8,0.5658946169379198,0.0,0.0,0.7373658766654876,0.7061601382974237,0.0,0.0,0.0,0.6035140347118063,0.0,0.9035691347830076,0.9473684210526315,0.0,0.890795631825273,0.01176470588235301,0.0,0.0,0.0,0.0,0.0,0.0,0.0,0.0,0.341120785663663,0.4854959529435423,0.4849806465681731,0.8919182083739046,0.48822449514817723,0.5917476613596684,0.31911196911196904,0.4867665816326531,0.8498401491940855,0.0,0.7787485134022505,0.5645554564377043,0.0,0.23623917295333896,0.0,0.046526939536925216,0.36664667066586687,0.5788191507359159,0.0,0.23152302243211353,0.3448726693951796,0.4476665874336424,0.631578947368421,0.3215633423180593,0.39028713222261624,0.9954259576901087,0.0,1.0,0.879094217549535,0.4920634920634921,0.0,0.0,0.6666666666666667,0.625,0.0,0.3407134071340713,0.6666666666666667,0.8,0.0,0.33333333333333337,0.0,0.6553426096088213,0.24458273141460174,0.22222222222222232,0.0,0.0,0.5714285714285714,0.8587570621468926,0.6666666666666667,0.6866716306775875,0.0,0.8585827733659133,0.5,0.0,0.0625,0.0851648351648352,0.36555823051459513,0.007504690431519689,0.0,0.0,0.5714285714285714,1.0,0.3273248668578451,0.6428571428571428,0.16666666666666663,0.703691218607787,0.6734693877551021,0.49986934935981187,1.0,0.5917652501487013,0.0,0.0,0.0,0.0,0.9166666666666666,0.2174146014735433,0.051010886469673555,0.23880597014925375,0.0,0.041019581363943236,0.6655836881021734,0.8684922244759973,0.7580621043712307,0.9419026870007262,0.0,0.6666666666666667,0.44865718799368093,0.583941605839416,0.7758937010062824,0.33333333333333326,0.0,1.0,1.0,0.0,0.5225408293821028,0.6666666666666667,0.3308556258934041,0.9285017081503173,0.5,0.35748492373181984,0.33333333333333337,0.8859060402684564,0.0,0.6904937361827561,0.7158779462817467,0.6666666666666667,0.8571428571428572,1.0,1.0,0.8690476190476191,0.0,0.8571428571428571,0.0,0.08071097857647347,0.7,0.6678405467919732,0.14396973742768138,0.0,0.0,0.4722222222222222,0.5652593486127865,0.6666666666666667,0.0,0.8947459584295612,0.9157663877832832,0.18483829650976635,0.9098274960794563,0.2127311787782552,1.0,1.0,0.0535714285714286,0.0,0.7819358469330331,0.7916666666666666,0.8461913467397928,0.0,0.7093023255813954,0.75,0.0,0.5,0.9474565154431932,0.9142857142857143,0.9802073515551367,0.983402161670849,0.9807403851922961,0.3827623312159396,0.0,0.049286987522281556,0.9362277676337323,0.713802353964763,1.0,0.5203280109427266,0.7801213123793769,0.76,0.9617710579285546,0.0,0.9311457772996234,0.8976337131077728,0.3442735042735041,0.5043787036296998,0.6879510649533533,0.25274043433298865,0.0,0.0,0.0,0.0,0.491276076692608,0.9440925053920074,0.9473684210526315,1.0,0.9776107037819477,0.6666666666666667,0.9952832042765615,0.9457353217135982,0.6911764705882353,0.7179312110608518,0.0,0.0,0.9347826086956522,0.0,0.928008243688426,0.9375,0.40201005025125625,0.0,0.4868126520681265,0.5,0.0,0.634854959415768,0.0,0.0,0.0,0.7273674621971216,0.0,0.0,0.6714285714285715,0.0,0.0,0.3630816170861937,0.0,0.547945205479452,0.0,0.8178406958894764,0.0,0.5,0.7028421209265413,0.0,0.6755718526279029,0.8571428571428572,0.8931087652710236,0.0,0.0,0.8445682876555463,0.8734177215189873,0.7152226441146012,0.0,0.0,0.5189873417721519,0.46676691729323316,0.832666909002787,0.6666666666666667,0.17588440458395616,0.8,0.5,0.0,0.0,0.0,0.0,0.0,0.0,0.0,0.0,0.5617206109009388,0.20388751033912333,0.0,0.871306005719733,0.0,0.7665002298752258,0.20240480961923824,0.7123451857770675,0.9427239427239427,1.0,0.9248801278636122,0.7247437774524159,0.1533788914198937,0.2696747114375656,0.0,0.15859609609609604,0.8128249566724437,0.8161490999949008,0.0,0.5714285714285714,0.7242821694434598,0.41917525773195874,0.9013605442176871,0.6983612804878048,0.6157894736842104,1.0,0.0,1.0,0.9314802844214609,0.7946298984034833,0.0,0.0,0.75,0.2500000000000001,1.0,0.38630009319664504,1.0,1.0,0.0,0.0,0.0,0.8196982883666957,0.2609308885754583,0.0,0.0,0.0,1.0,0.9214285714285714,0.0,0.7504761904761905,0.0,0.9533275713050994,0.7,0.0,0.14750000000000008,0.36363636363636365,0.5170814002530577,1.0,0.0,0.0,0.8571428571428571,0.4285714285714286,0.3435692921236292,0.75,0.0,0.6666666666666666,0.0,0.6460176991150444,1.0,0.6385242462386861,0.0,0.0,0.0,0.48364008179959106,0.11569148936170204,0.34615384615384615,0.4545454545454546,0.75,0.5416666666666667,0.0,0.5389289783516902,0.8928571428571428,0.5018020969855832,0.8622577927548442,0.0,0.0,0.0,1.0,0.7007645875251509,0.33333333333333337,0.6666666666666667,0.8316861791090162,0.0,0.0,0.6546943919344675,1.0,0.0,0.9376947040498442,1.0,0.2213855421686748,0.0,0.9,0.3529411764705882,0.9019908116385911,0.9303112313937754,0.8,1.0,0.5454545454545454,0.5,0.8571428571428572,0.0,1.0,0.0,0.7953970080552359,1.0,0.9063576282230289,0.2559153175591531,0.1504664970313826,0.43333333333333335,0.39522653721682854,0.8421052631578947,0.6470588235294118,0.0,0.9618973561430794,0.3275862068965518,0.7239307681304534,0.9818607372732592,0.0,1.0,1.0,0.0,0.0,0.6543758573388203,1.0,0.8991981672394044,0.44999999999999996,1.0,0.6666666666666666,1.0,0.0,0.9487222873692578,0.9117647058823529,0.9888888888888889,1.0,0.9762225284572922,0.18660436137071668,0.0,0.31528279181708774,0.9705597179374174,0.36711478800413655,1.0,0.772268633033089,0.5527426160337552,0.8181818181818182,0.9691653742317192,0.0,0.9286946520989074,0.8732394366197183,0.2553900479944299,0.5631320906657824,0.7304287849178066,0.2952074348539149,0.0,0.0,0.0,0.0,0.6543495674463313,0.9890370329304801,0.9375,0.9047619047619048,0.9859225952851199,0.5,1.0,0.9827235772357723,0.5,0.5583554376657824,0.0,0.0,0.9424635332252836,0.0,0.8548101782555451,1.0,1.0,0.0,0.0,1.0,1.0,0.5578668683812407,0.0,1.0,0.7966804979253113,0.6848883408686122,0.0,0.0,0.5829815303430079,0.0,0.0,0.7085346215780998,0.0,0.33710580607132334,0.0,0.8667285813791502,0.0,0.33333333333333326,0.48583106267029974,0.0,0.6073006277609857,0.6666666666666667,0.9689540937056318,0.0,0.0,0.5629858005123973,0.54296875,0.0,0.0,0.0,0.6363636363636362,1.0,0.9496951219512195,0.7777777777777778,0.0,0.5398230088495575,0.8181818181818181,0.0,0.0,0.2843137254901962,0.39429012345679004,0.0,0.0,0.0,0.0,0.35816589386913955,0.7061403508771931,0.06666666666666654,0.9377005852369266,0.7965677063760491,0.5659294804923847,0.3076923076923076,0.625,0.9314024390243902,0.0,0.7948717948717949,0.45977011494252884,0.16374687164819457,0.5555555555555556,0.25,0.1438356164383563,0.5454545454545455,0.0,0.0,0.09523809523809523,0.3087315130830488,0.4981374873010497,0.49240121580547114,0.36347642505277966,1.0,1.0,0.8078078078078078,1.0,0.8571428571428572,0.6057339449541284,0.0,0.0,1.0,0.6781115879828326,0.0,0.44537230340988165,0.6666666666666666,0.8,0.0,1.0,0.33333333333333326,0.26483762597984317,0.6198347107438016,0.5714285714285714,0.0,0.0,0.3999999999999999,0.25531914893617036,0.8571428571428572,0.5652173913043479,1.0,0.7777777777777778,0.5,0.0,0.0,0.0,0.75,0.33333333333333337,0.0,0.0,0.0,0.5,0.0,0.0,0.5,0.4481830417227457,0.6785714285714286,0.20338983050847448,0.8333333333333333,0.27820414428242524,0.6969314838167298,0.38888888888888884,0.5221625251846878,0.0,1.0,0.0,0.1986062717770034,0.25,0.0,0.34883720930232565,0.4813052345343304,0.0,0.7841207349081365,0.7375886524822696,1.0,1.0,0.0,0.7142857142857143,0.0,0.4285714285714285,0.33333333333333337,0.75,1.0,0.0,0.2284241201524322,0.0,0.7090825265099123,0.8747947454844006,0.0,0.0,1.0,1.0,0.0,0.41666666666666663,0.5,0.6666666666666667,0.0,0.6370967741935484,0.0,1.0,1.0,0.0,1.0,0.0,0.25,0.0,0.0,0.0,0.0,0.7777777777777778,0.8772644005699166,1.0,0.8524590163934427,0.8921885087153002,0.9551709309825844,0.0,0.7196561723280862,0.6429177268871926,0.0,1.0,0.023363738198111772,0.375,0.3737300435413643,0.0,0.5815295815295815,0.0,0.6666666666666667,0.8,0.0,1.0,0.9290961483826454,1.0,0.9166666666666666,0.9767441860465116,0.934201266713582,0.45753380293093693,0.0,0.4482758620689654,0.8681486925102578,0.035381750465549255,0.6666666666666667,0.32255661270545866,0.06883365200764835,0.41666666666666663,0.968702380823724,0.0,1.0,0.9090423043507319,0.0,0.47447345433368904,0.75,0.5966101694915253,0.0,0.0,0.0,0.0,0.6132067993159914,0.7909801704135551,1.0,1.0,0.8620689655172413,1.0,1.0,0.9574468085106382,0.5555555555555556,0.7272727272727273,0.0,0.0,0.8819875776397516,0.7994373655469138,0.9364427598792728,0.9,1.0,0.0,0.5613437195715678,0.0,0.0,0.6685210312075984,0.0,runif
0.5714285714285714,0.6928571428571428,0.0,0.8964732650739476,0.8193169298567756,0.846270639590055,0.9,0.0,0.3748990306946689,0.0,0.4845715690693768,0.6508854354897,0.9764705882352941,0.5775452522701305,0.4,0.0,1.0,0.7122875082954719,0.33333333333333326,0.5430995742217548,0.0,0.0,0.0,0.6807285917047783,0.0,0.6864559548131234,0.0,0.557112397197685,0.0,0.0,0.0,0.5839119340098511,0.8759842519685039,0.8571428571428572,0.0,0.0,0.4750626915575369,0.0,0.0,0.0,0.8355026929982046,0.9668494983277592,0.6095177883786425,0.4261149379053747,0.4541359096830221,0.578383641674781,0.1273156651797429,0.4333742165102823,0.6323816973015253,0.9553379828326181,0.13781344032096254,0.33333333333333337,0.0,0.5627044062555747,0.0,0.0,0.0,0.0,0.0,0.5542848429399208,0.9100601710123509,0.9046349942062573,0.3431093820140655,0.0,0.9382716049382716,0.3725550878930429,0.3515901060070671,0.9182338511856092,0.0,0.7131782945736433,0.0,0.7303163017031631,0.8378378378378378,0.5406929895245769,0.0,0.0,0.0,0.5196353436185133,0.0,0.0,0.5,0.6666666666666667,1.0,0.0770805985823052,0.0,0.44444444444444453,0.9041990668740281,0.0,0.5714285714285714,0.5,0.25,0.7868619076672767,0.0,0.17676225105363186,0.30000000000000004,0.20307268071695883,1.0,1.0,0.735166872682324,0.7695390781563126,0.7796610169491525,0.0,0.8571428571428572,0.5320754716981132,0.9115116755428103,0.6428571428571428,0.0,0.32261317794710886,0.625,0.0,0.33333333333333337,0.0,1.0,0.0,0.8098828598357345,0.0,0.9166666666666666,0.9258651795965229,0.4494556765163298,0.09734513274336287,1.0,0.0,0.865278628291488,0.0,0.5862170955338657,0.794480755265069,0.0,0.0,0.5202769535113749,0.0,0.6943518475045778,0.0,0.25,0.2860962566844919,1.0,0.5,0.8933137333511515,0.0,0.14141036815672592,0.0,0.5,0.9774808587299204,0.6666666666666667,1.0,0.478908188585608,0.0,0.36543029417138684,0.6666666666666667,0.8571428571428572,0.4,0.75,0.36842105263157887,0.5,0.8571428571428571,0.0,0.5652229666912449,0.0,0.41195023274024467,0.935344545514037,0.0,0.0,0.7222222222222222,0.6946526315789473,0.0,0.9313474517104957,0.0,0.9216561955945802,0.9464388779868406,0.27683007122762904,0.9269713530718876,0.663963546493667,1.0,0.7333333333333334,0.0714285714285714,0.8604024434063959,1.0,0.8457790230235107,0.1923076923076923,0.0,0.75,0.6000000000000001,0.5,0.9459270051454179,0.33333333333333326,0.0,0.6960378949058649,0.0,0.5036620500538027,0.9823347137354841,0.0,0.9739920819679424,0.9718700319270539,1.0,0.6329861571575759,0.751230718739744,0.72,0.9790191087912921,0.0,0.16666666666666663,0.8983678590919904,0.5138159539884972,0.0,0.7266137144046338,0.8354744640605296,0.0,0.0,0.0,0.9853898681912021,0.9400409443152757,0.6207764580748094,0.9473684210526315,0.6666666666666667,1.0,0.0,0.9009433962264151,0.9870883505005078,0.7,0.975609756097561,0.0,0.991472487366648,0.8369565217391304,0.13948990452588617,0.742292925124126,0.0,0.03743315508021394,0.13636363636363635,0.9378373461095275,0.0,0.0,0.6115114455229479,0.96875,0.0,0.0,0.0,0.96,0.791776798825257,0.7916666666666666,0.8571428571428572,0.0,0.36274509803921573,0.0,0.7515789473684211,0.8,0.9385206532180596,0.6362799263351748,0.5,0.0,1.0,0.6755718526279029,0.5,0.9008662996628686,0.0,0.0,0.0,0.9803921568627451,0.17674072235323324,0.8679245283018868,0.0,0.5189873417721519,0.0,0.0,0.0,0.0,0.8,1.0,0.0,0.0,0.7005188572834847,0.0,0.0,0.0,0.8187766432041241,0.9801246420751221,0.6907332433648223,0.7373397228338299,0.4699292452830187,0.0,0.4015579654803728,0.7762798061699372,0.7041400201952205,1.0,0.0,1.0,0.005291005291005346,0.8942939784380752,0.0,0.0,0.0,0.0,0.0,0.3260785075787018,1.0,0.9428571428571428,0.7489543114543114,0.0,0.18887015177065758,0.6926810328091633,0.6626506024096386,1.0,0.0,0.7880434782608695,0.0,0.8699622549616461,0.7452380952380953,0.7743589743589743,0.5,0.0,1.0,0.2851356824625355,0.0,1.0,1.0,1.0,1.0,0.0,0.0,0.75,1.0,0.6280991735537189,1.0,0.0,0.0,0.9951923076923077,0.0,0.5069056714663532,0.29999999999999993,0.0,1.0,0.8636363636363636,0.5959510754955715,0.0,0.8636363636363636,0.0,1.0,0.0,0.9355498721227622,0.75,1.0,0.0,0.5,0.0,1.0,0.0,1.0,0.0,0.944985394352483,0.4604700854700855,0.08189655172413801,0.9230769230769231,0.6363636363636365,0.75,0.5,0.0,0.23789473684210505,0.0,0.9844364351245085,0.7646085997794929,0.0,0.0,0.8273942093541202,0.6666666666666667,0.719612051832419,0.33333333333333337,0.33333333333333337,0.6018962075848304,0.0,0.25,0.9254697615663983,0.0,0.0,0.0,1.0,0.8137550200803213,1.0,0.9,0.8235294117647058,0.0,0.0,0.8,1.0,0.6363636363636365,1.0,0.1428571428571429,1.0,1.0,0.0,0.9536258012820513,0.0,0.6885745200977839,1.0,0.12535816618911177,0.0,0.9583333333333334,0.6705645161290322,0.0,1.0,0.0,1.0,1.0,0.5680408752291431,1.0,0.7105073649754501,1.0,0.6321752265861027,0.0,0.8853661790208547,1.0,0.7803353864137033,0.0,0.55,0.6666666666666666,1.0,0.0,0.9469597923171298,0.33333333333333326,0.0,0.638706006665041,0.0,0.0,0.992336077206926,0.0,0.9414796928836919,0.9069767441860466,1.0,0.7986199357791898,0.803921568627451,0.6818181818181819,0.9973714012613119,0.0,0.1724137931034483,0.0,0.3120626198745531,0.2592240955966605,0.764213942457717,0.35204759794923746,0.0,0.0,0.0,1.0,0.9514098045498238,0.8576625401362312,0.9375,0.9512195121951219,0.9929732103645147,0.0,0.9270024406478811,1.0,0.5,0.0,0.0,1.0,0.7781081081081082,0.846291401026279,0.7862493049422694,0.0,0.0,0.0,0.9723014256619145,0.0,1.0,0.4860646599777033,1.0,1.0,0.8488965230064542,0.0,0.7777777777777778,0.650632911392405,0.564238952536825,0.9333333333333333,0.0,0.6845368344274252,0.0,0.33710580607132334,0.6074766355140186,0.8657718120805369,0.5953070242267258,0.33333333333333326,0.0,0.8165137614678899,0.6178901312591153,0.6666666666666667,0.9695167286245353,0.0,0.0,0.0,0.5038461538461539,0.0,0.09166666666666667,0.0,0.7637956748695004,0.0,0.0,0.0,0.4772896500372301,0.5449759670405128,0.8181818181818181,0.0,0.0,0.2846153846153847,0.4516599781101788,0.0,0.0,0.9461663947797716,0.9558992580206919,0.04231974921630077,0.16313231720786403,0.3120762323621039,0.5338785046728972,0.2353212065392587,0.0,0.0,0.75,0.3091216216216216,0.33333333333333337,0.8571428571428572,0.4651162790697675,0.08875048657065021,0.0,0.25,0.0,0.0,0.7988668555240793,0.6580619539316919,0.8095238095238095,0.2202932098765431,0.0,0.4461538461538461,0.36347642505277966,0.0,0.978021978021978,0.8078078078078078,0.2500000000000001,0.0,0.7458715596330274,0.5384615384615385,0.2375946173254837,1.0,0.4626865671641791,0.0,0.44537230340988165,0.6666666666666666,0.0,0.0,0.5,0.0,0.134344528710726,0.0,0.4285714285714285,0.9106607678036249,0.0,0.3999999999999999,0.0,1.0,0.5652173913043479,1.0,0.0,1.0,0.41176470588235303,0.8333333333333334,0.75,0.36,0.33333333333333337,0.75,0.0,0.5,1.0,0.8571428571428571,0.0,0.5,0.48011363636363624,0.0,0.0,0.16666666666666663,0.0,0.658890290037831,0.33333333333333337,0.6906146179401993,0.0,0.0,0.32339955849889623,0.7142857142857142,0.25,1.0,1.0,0.7702996092053843,0.2222222222222221,0.6272965879265093,0.3262411347517731,1.0,0.0,0.7338709677419355,0.0,0.9134615384615384,0.0,1.0,0.03686311340690296,1.0,1.0,0.6487334678323247,1.0,0.41665504254428787,0.3928571428571429,0.0,0.3918918918918918,0.0,1.0,0.36363636363636365,0.0,0.9651162790697674,0.6666666666666667,0.0,1.0,0.6666666666666666,1.0,0.0,0.0,1.0,0.24286889742183204,0.0,0.07162687395891187,0.7692307692307693,0.0,0.2093023255813954,0.5555555555555556,0.8764980702823482,0.0,0.557377049180328,0.0,0.8655127929477532,0.49095966620305986,0.0,0.7956690727373681,0.8997724089635855,1.0,0.0,0.0,0.0,0.5,0.5738562091503268,0.41463414634146345,0.0,0.8,0.6000000000000001,1.0,0.9298088167305757,1.0,0.0,0.9583333333333334,0.045038705137227186,0.8992619926199262,0.946135831381733,0.0,0.8612591942776165,0.9143389199255121,0.6666666666666667,0.9254689876626669,0.07142857142857151,1.0,0.9671315263802999,0.0,0.5,0.9114896184755479,0.0,0.0,0.0,0.2575370606851368,0.0,0.0,0.0,0.9328859060402684,0.9369465268498177,0.3525492808715758,1.0,1.0,1.0,0.0,0.9100418410041842,0.9661361327463597,0.5555555555555556,0.7777777777777778,0.0,0.9752628324056896,0.9112903225806451,0.0,0.7098687442970449,0.0,0.0,0.0,0.8889970788704966,1.0,0.0,0.6716351170070056,0.9375,runif
0.5714285714285714,0.33333333333333326,0.7503740377030004,0.8801711840228246,0.8259627592044012,0.0,0.0,0.8724973656480506,0.378462440358905,0.8523304107060452,0.645282168012369,0.0,0.0,0.680462088165019,0.4,0.0,0.8390047566776436,0.0,0.0,0.0,0.6723112441548785,0.0,0.6278722769322591,0.0,0.0,0.0,0.439672801635992,0.0,0.0,0.8886825160970778,0.0,0.5839119340098511,0.0,0.0,0.0,0.8144181256436663,0.476566454094544,0.0,0.9121810699588477,0.0,0.17487379750452403,0.9699175824175824,0.8655010087424344,0.4849781088017715,0.0,0.3641088572872303,0.12950432730133743,0.9299472721403207,0.7162162162162162,0.0,0.14297227595099937,0.0,0.2991833163190899,0.4369405499053548,0.3740583804143127,0.3380035026269702,0.730946091380491,0.0,0.0,0.9519582769169048,0.8872605279420852,0.22982102643119595,0.0,0.9409171075837742,0.2049364248317127,0.36319688598694133,0.0,0.12633996937212877,0.6683673469387755,0.84,0.9214723926380368,0.7397714706966458,0.8378378378378378,0.016589696453391922,0.8571428571428572,1.0,0.0,0.1943236438544288,0.0,0.0,0.0,0.33333333333333337,0.0,0.11815252416756161,0.8596280087527353,0.44444444444444453,0.6229508196721312,0.0,0.8571428571428571,0.8813559322033898,0.25,0.3587953313880785,0.5,0.0,0.30000000000000004,0.9967741935483871,0.0,1.0,0.735166872682324,0.0,0.3846153846153847,0.4,0.8571428571428572,0.0,0.0,0.6428571428571428,1.0,0.6760925449871465,0.6734693877551021,0.0,0.0,0.6810185669000592,1.0,1.0,0.8134757600657354,0.8620977852068533,0.0,0.8752570253598355,0.5666666666666667,1.0,0.7142857142857142,0.6335480375632073,0.8923525454137698,0.8485870940531421,0.38369998713495423,0.46694528875379937,0.75,0.6666666666666667,0.6182085168869309,0.0,0.0,0.33333333333333326,0.25,0.11024182076813649,0.875,0.5,0.8202608202608203,0.0,0.17825311942959,0.31113632396578816,0.5,0.5284757118927973,0.6666666666666667,0.29999999999999993,1.0,0.8634674922600619,0.2095588235294117,0.0,0.0,0.9627527492018446,1.0,0.5555555555555556,0.5,0.8571428571428571,0.0,0.9108853410740203,0.0,0.397667134679771,0.8949446604845948,0.891,0.9357277882797732,0.0,0.0,0.0,0.0,0.4912463271302645,0.41291348118991744,0.3806755260243633,0.5611975344878193,0.7920090970176255,1.0,0.6,0.05054479418886204,0.0,0.08264900662251673,0.0,0.0637939335580161,0.8269230769230769,0.1272783441458144,0.0,0.8,0.5,0.0,0.0,0.0,0.9073203492276696,0.8398987501977535,0.02402316665307125,0.9988129154795822,0.12749992051127168,0.9583505438524026,0.0,1.0,0.3142449011107802,0.0,0.0,0.0,0.9382200339183491,0.6428571428571429,0.0,0.7480932733183296,0.3342705404561074,0.9766917554021712,0.6041116425155257,0.0,0.0,0.0,0.9965554618812478,0.9593301998879915,0.0,0.0,1.0,0.0,0.6666666666666667,0.9811320754716981,0.9899715293417753,0.8,0.0,0.9039362538900858,0.9889917349521264,0.9782608695652174,0.13205634564267366,0.9796652334982829,0.9375,0.5935828877005347,1.0,0.9273448509838718,0.5,0.0,0.0,0.84375,0.0,0.5741935483870968,0.758255376384712,0.9473684210526315,0.794921875,0.0,0.0,0.9103982300884956,0.44626059420694797,1.0,0.875,0.0,0.0,0.7326787512588117,0.5,0.0,0.8571428571428572,0.0,0.0,0.0,0.7143738686852066,0.0,0.7515426268731897,0.0,0.0,0.0,0.8,0.0,0.0,0.906093906093906,0.0,0.0,0.0,0.25,0.0,0.7073170731707317,0.6101694915254237,0.0,0.8819236750807513,0.0,0.6818181818181819,1.0,0.8875393612235718,0.3834995466908432,0.40709859154929573,0.0,0.4006547753443216,0.35890878090366574,0.9342560553633218,0.0,0.0,1.0,0.0,0.0,0.2743029389600603,0.272344013490725,0.0,0.0,0.0,1.0,0.9986149584487535,0.5714285714285714,0.40553191489361706,0.9010309278350516,0.0,0.06109324758842449,0.0368421052631579,0.08027923211169263,0.8666666666666667,1.0,1.0,0.8599741490736752,0.9375,0.0,0.75,0.2500000000000001,1.0,0.9105492115280044,1.0,1.0,0.0,0.0,1.0,0.0,0.9930555555555556,0.75,0.8758700696055685,0.0,1.0,0.8609625668449198,0.0,0.0,1.0,0.0,0.29999999999999993,1.0,1.0,0.8636363636363636,0.5959510754955715,1.0,0.36363636363636365,0.5263157894736842,1.0,0.0,0.0,0.75,0.8571428571428572,0.6666666666666666,1.0,0.0,0.5,0.799022656597068,0.9774266365688488,0.9375,0.9490497371613424,0.9143576826196473,0.0,0.9230769230769231,0.5,0.0,0.5833333333333333,0.9392369288742346,1.0,0.8928571428571428,0.0,0.0,1.0,0.0,0.8331775700934579,0.6666666666666667,0.0,0.33333333333333337,0.33333333333333337,0.6654196866962825,1.0,0.25,0.9300165415447258,0.0,0.7370413511939429,0.5015576323987538,1.0,0.7878787878787878,1.0,0.44999999999999996,0.5882352941176471,0.8888888888888888,0.777490297542044,0.0,0.0,1.0,0.5,0.8571428571428572,0.75,1.0,1.0,0.4851860630481156,0.0,0.6834929047700462,1.0,0.9800144040331292,0.9674300254452927,0.0,0.0,0.0,0.0,0.844434857635893,0.0,0.8029817472481539,0.5155976758616799,0.6744981412639405,1.0,0.6,0.0,0.0,0.4820989341350096,0.0,0.0,0.8,0.5,0.0,1.0,0.0,0.0,0.0,0.0,0.9511552735544115,0.82698834362208,0.9796395193591455,0.9980902532182769,0.7062627009052282,0.9938979093706888,0.0,1.0,0.4088892981567598,0.0,0.0,0.0,0.9631243043265881,0.6296296296296297,0.0,0.13277791105973713,0.5473369835739174,0.9846756538771748,0.6163036714374611,0.0,0.0,0.0,0.9960012644223171,0.9537016879290576,0.0,0.0,1.0,0.0,0.5,1.0,1.0,1.0,0.0,0.9580602883355177,1.0,1.0,0.90983076781027,0.8745989044825463,1.0,0.6774193548387096,0.0,1.0,1.0,0.0,0.0,0.7297297297297297,0.0,0.8607655502392344,0.7122391778262224,0.9411764705882353,0.6842105263157895,0.0,0.0,0.7142857142857143,0.6969525959367946,0.6623056035546779,0.526849702230746,0.0,0.0,0.4719777230099541,0.33333333333333326,0.0,0.916351606805293,0.0,0.0,0.0,0.9000347554088105,0.0,0.8922180801491146,0.0,0.0,0.0,0.47783621337340343,0.0,0.0,0.6548783024755565,0.0,0.4772896500372301,0.0,1.0,0.0,0.8662477558348294,0.1696428571428572,0.0,0.8321283325802078,0.0,0.7299297077321495,0.9496738117427772,0.8118385650224216,0.5185185185185184,0.7818181818181817,0.55,0.09444444444444444,1.0,0.7692307692307692,0.75,0.09285714285714286,0.0,0.0,0.4913793103448275,0.11830985915492953,0.41666666666666663,0.6923076923076923,0.0,0.0,0.8503317768493488,0.39982876712328774,0.09523809523809523,0.31783276450511944,0.8557403872375238,0.19148936170212771,0.26368363437328957,0.0,0.0,0.2222222222222222,0.75,1.0,0.7458715596330274,0.5,0.0,0.7142857142857143,0.6666666666666667,0.0,0.07033426183844005,0.0,0.0,0.0,1.0,0.0,0.40866873065015485,0.6729559748427674,0.4285714285714285,0.7898261043373975,0.0,0.8,0.25531914893617036,1.0,0.6956521739130435,0.0,0.17647058823529416,1.0,1.0,0.8333333333333334,0.75,0.5,0.33333333333333337,0.5,0.0,0.5,0.0,0.0,0.0,1.0,0.4481830417227457,0.6000000000000001,0.0,0.0,1.0,0.30409356725146186,0.8070175438596491,0.6902654867256637,0.6470588235294117,0.0,0.3116883116883117,0.5714285714285714,0.25,0.19999999999999996,0.46341463414634154,0.7123689727463312,0.0,0.2934782608695652,0.9150943396226415,0.0,1.0,0.14814814814814836,0.0,0.4900000000000001,0.4285714285714285,1.0,0.0,0.0,1.0,0.1333333333333333,1.0,0.27167710508002807,0.6793924466338259,0.0,0.7272727272727273,0.0,1.0,0.18181818181818177,0.6666666666666666,0.1187214611872146,0.6666666666666667,1.0,0.3421052631578948,0.0,0.5,0.5,0.0,0.0,0.9707584526347852,0.0,0.05533371363377082,0.7692307692307693,0.8167486014578742,0.8571428571428572,0.0,0.3773067331670823,0.0,0.6020230205790025,0.2566171723692705,0.35921205098493625,0.0,0.9676297806018463,1.0,1.0,0.8,0.025924147863658265,0.375,0.564105077435797,0.5,0.5014332514332516,0.8780487804878049,0.3191489361702129,0.0,0.8,1.0,0.0,0.0,0.0,0.8709677419354839,0.34674922600619196,0.015114640707058036,0.0,0.2068965517241378,0.38238724727838247,0.6376106194690265,0.33333333333333337,0.1285186280307511,0.0,0.0,0.0,0.907672104225661,1.0,0.0,0.6197604790419161,0.47901591895803186,0.8888888888888888,0.0,0.0,0.0,0.0,1.0,0.9885173927727119,0.0,0.0,1.0,0.0,1.0,0.9789220114423367,0.9695817490494296,0.888888888888889,0.0,0.9611829944547134,0.9772457459438069,0.8617886178861789,0.0,0.9480234523937988,0.9,1.0,0.3571428571428572,0.8889970788704966,0.0,0.0,0.0,1.0,runif
0.5714285714285714,0.33333333333333326,0.7878309335810497,0.8801711840228246,0.0,0.6471247147117714,0.7857142857142857,0.0,0.0,0.7686251236399604,0.0,0.6741780568895456,0.8992950654582075,0.7509994369369369,0.4,0.8958920264692394,0.8125,0.0,0.33333333333333326,0.0,0.925445202445291,0.0,0.0,0.7197566606809104,0.23409676414800573,0.6942736356648733,0.0,0.7235815368337521,0.7098138747884941,0.0,0.7954545454545454,0.0,0.0,0.8714859437751004,0.9518348623853211,0.8625898531096989,0.7275132275132274,0.11907894736842095,0.0,0.0,0.24037430950614236,0.0,0.7950757575757577,1.0,0.0,0.22718707940780614,0.6180488659252124,0.830405659072497,0.3350130039011703,0.09400094473311293,0.9530201342281879,0.33333333333333337,0.0,0.4616365711217023,0.7534337338610032,0.0,0.0,0.12338699766498717,0.9032841029475914,0.8180889563390147,0.9004467609828741,0.1400508435405592,0.2277291708093061,0.0,0.1578947368421052,0.9801901743264659,0.8602430555555556,0.0,0.12521499828001392,1.0,0.9214723926380368,0.0,0.8571428571428572,0.0,0.2857142857142857,0.625,0.0,0.6890775585130794,0.6666666666666667,0.8,1.0,0.33333333333333337,1.0,0.16960588866738258,0.5956194834913371,0.5555555555555556,0.0,0.4490943160524671,0.5714285714285714,0.9090909090909091,0.25,0.055227987421383795,0.5,0.6494504586397818,0.5,0.9992328346758726,1.0,0.0,0.39619883040935666,0.7695390781563126,1.0,0.5,0.8571428571428572,0.7660377358490567,0.30486862442040186,0.6428571428571428,0.0,0.03410874839446287,0.75,0.8812445223488168,1.0,0.6925752157223005,0.967948717948718,0.0,0.19879280934260601,0.8620689655172413,0.0,0.19868291999439558,0.8841405508072174,0.8,0.45833333333333337,0.5742182514358647,0.21490958297453566,0.5896927651139743,0.0,0.4338289962825279,0.0,0.0,0.9393042190969653,0.0,0.7533975278289968,0.0,0.0,0.0,1.0,0.0,0.8256122448979593,0.0,0.5829355183469896,0.010615711252653925,0.0,0.14799790630724952,0.0,0.0,0.0,0.5202090592334494,0.36543029417138684,0.33333333333333337,0.0,1.0,0.75,1.0,0.5,0.8571428571428571,0.5,0.635307749606864,0.0,0.41644562334217516,0.5305632502308402,0.5775594894153491,0.0,0.41666666666666663,0.9028210660912651,0.6666666666666667,0.7240889730241362,0.4703533639448991,0.6480948543801082,0.0,0.9069930446972556,0.822992436317269,0.5476785416815402,0.6,0.7669491525423728,0.0,0.8791436464088398,0.0,0.0,1.0,0.6175471115230151,0.875,0.0,0.0,0.0,0.33333333333333326,0.9803921568627451,0.6139187374076562,0.952946205445219,0.8710427264843408,0.8182252820807038,0.14419159994381237,0.0,0.9639672123266267,1.0,0.0,0.5965572888649813,0.72,0.0,0.96486447614849,0.6428571428571429,0.8747480564353585,0.250299107279811,0.27024302833463987,0.7266137144046338,0.9224093398078314,0.0,0.0,0.0,1.0,0.0,0.6462704405932526,0.0,0.6666666666666667,1.0,0.0,0.9087551596784705,0.9905566003761354,1.0,0.9913536881923805,0.0,0.0,0.8369565217391304,0.9346342254992444,0.9619764814922088,0.0,0.7487437185929648,1.0,0.5482814342490283,0.0,0.0,0.0,0.875,0.0,0.0,0.8341355463347164,0.908411214953271,0.0,0.7916666666666666,0.7037037037037037,0.0,0.0,0.5454545454545454,0.0,0.8,0.9333333333333333,0.9442764578833693,0.5,0.9138599362563529,0.8571428571428572,0.0,0.5,0.0,0.8651692772469051,0.0,0.0,0.9795918367346939,0.2931034482758621,0.9384328358208955,0.0,0.5189873417721519,0.473915251777681,0.0,0.6666666666666667,0.0,0.0,0.5,0.8699007717750826,0.7073170731707317,0.6101694915254237,0.52303661939746,0.0,0.0,0.27661347939985725,0.12516556291390735,0.646050214329455,0.9737192282102461,0.5102695763799743,0.07778915046059365,0.8929976396538158,0.9469574783974023,0.4351464435146444,0.0,0.9506561679790027,1.0,0.0,0.5153927813163481,0.652072467746363,0.0,0.0,0.3210652304009576,0.8346627991298041,0.8042495003681498,1.0,0.0,0.5203211239337682,0.0,0.14754098360655743,0.8653232577665827,0.32530120481927716,0.31218274111675126,0.6296296296296297,1.0,0.958041958041958,0.0,1.0,0.14663827198052937,1.0,0.2500000000000001,1.0,0.8624813153961136,1.0,1.0,1.0,0.0,0.0,0.045702245150039955,0.8222849083215797,0.75,0.0,0.5660377358490567,0.5,0.8333333333333334,0.6000000000000001,0.6738197424892705,1.0,0.8763477088948787,0.7,0.9280575539568345,1.0,0.0,0.5509391007398975,1.0,1.0,0.5263157894736842,1.0,0.4285714285714286,0.3477878699091709,0.75,0.0,0.0,1.0,0.6736596736596736,1.0,0.8001855041738439,0.9654439128123339,0.0,0.8370400323493732,0.9235955056179775,0.0,0.34615384615384615,1.0,1.0,0.5416666666666667,0.9392369288742346,0.44060773480662985,0.5,0.08704928525709421,0.6247269550021843,0.0,0.0,0.8953271028037383,0.6666666666666667,0.7288685646850568,0.33333333333333337,0.6666666666666667,0.0,0.875,0.0,0.7774094849566549,0.0,0.9147727272727273,0.5015576323987538,0.0,0.19444444444444442,0.0,0.0,0.0,0.7549770290964778,0.0,0.8,0.0,0.5454545454545454,1.0,0.1428571428571429,1.0,1.0,1.0,0.8473498233215548,0.0,0.6650936784562912,0.1446153846153846,0.8203560510699515,0.0,1.0,0.5286236297198539,0.6470588235294118,0.0,0.668842253238277,0.3688524590163934,0.0,0.9698730606488011,0.6744981412639405,0.6194331983805668,0.6,0.9406021155410903,0.0,0.8854680350082189,0.0,0.0,0.44999999999999996,0.0,0.6666666666666666,0.0,1.0,0.0,0.33333333333333326,0.9888888888888889,0.603442219880576,0.9526282669130708,0.9858299595141701,0.8875653689715282,0.7835556765586714,0.0,0.9597711216208326,1.0,0.0,1.0,0.6818181818181819,0.0,0.9868747639346032,0.6296296296296297,0.0,0.15985469291205534,0.5631320906657824,0.7610898661567878,0.8085067093438385,0.0,0.0,0.0,0.9960012644223171,0.0,0.7880806158636796,0.0,0.9512195121951219,1.0,0.0,0.9292909342287181,1.0,1.0,0.9892010903753408,0.0,0.0,0.7828135517164012,0.3426763834387765,0.9458472083023504,0.0,1.0,0.75,0.45661914460285136,0.5,0.0,0.0,1.0,1.0,0.8607655502392344,0.7258168529664659,0.9411764705882353,0.0,0.5868375928798889,0.9333333333333333,0.0,0.0,0.688797744168162,0.0,0.33333333333333326,0.8663262938036667,0.5194150149541238,0.33333333333333326,0.9119897959183674,0.9265793966989186,0.0,0.6666666666666667,0.0,0.6112967695432803,0.0,0.0,0.9063545150501672,0.0,0.2410714285714286,0.0,0.6913192461450599,0.8955223880597015,0.0,0.7777777777777778,0.0,0.0,0.0,1.0,0.6882494004796164,0.3125,0.0,0.0,0.0,0.0,0.43345153664302594,0.4889840881272949,0.9538090313684936,0.6734050445103857,0.5161290322580645,0.4500345383375548,0.6726063326393208,0.7692307692307692,0.0,0.7253246753246754,0.33333333333333337,0.0,0.45977011494252884,0.9516509433962264,0.0,0.25,0.1438356164383563,0.9166666666666666,0.47080381138529204,0.5497872340425531,0.0,0.0,0.0,0.0,0.7859477124183006,0.75,0.0,0.7052154195011338,0.75,0.8571428571428572,0.0,0.25,0.25185396463205934,0.2857142857142858,0.6774193548387097,0.0,0.7362637362637363,0.6666666666666666,0.8,0.0,1.0,1.0,0.09862570735650766,0.6838085539714867,0.5714285714285714,0.0,0.4036511156186614,0.6,0.25531914893617036,0.5714285714285714,0.0,0.0,0.7777777777777778,0.5,0.9411764705882353,0.8333333333333334,0.5,0.6,0.6000000000000001,0.75,0.0,0.5,1.0,0.0,0.0,0.5,0.19244804061557996,1.0,0.4683439314348907,0.8333333333333333,1.0,0.6906063618290258,0.38888888888888884,0.0,1.0,0.625,0.0,0.05521472392638038,0.0,0.0,1.0,0.8075284090909092,0.8888888888888888,0.1374095989480606,0.08256880733944971,1.0,0.0,0.45270270270270274,0.7142857142857143,0.0,0.0,1.0,0.2320390170699681,1.0,0.0,0.5674068199841397,1.0,0.38144736842105276,0.3549175320708613,0.0,0.24478594950603716,0.0,1.0,0.9090909090909091,0.08333333333333326,0.9074074074074074,0.0,1.0,0.6370967741935484,0.6666666666666666,1.0,0.0,0.0,0.5,0.9525550410268909,0.0,0.0567734682405846,0.6923076923076923,0.4584323040380047,0.7634069400630914,0.0,0.4542410714285714,1.0,0.6119402985074627,0.1468689477081988,0.0,0.698058950395399,0.7745866892751165,0.9518669778296382,0.0,0.8,0.6893903024483918,0.0,0.0,0.5,0.49551989997916235,1.0,0.7868325973504616,1.0,0.4,0.0,0.0,1.0,0.9166666666666666,0.5967741935483871,0.8328173374613004,0.8044545501524469,0.4285714285714286,0.2068965517241378,0.8275166480338307,0.618403247631935,0.6666666666666667,0.0,1.0,1.0,0.0,0.954871083001937,1.0,0.8955710070408134,0.7071368664882783,0.509952816278384,0.004424778761061843,0.6258674921364022,0.0,0.0,0.0,1.0,0.0,0.759312798843545,0.0,1.0,1.0,0.0,0.9111713339355616,1.0,0.888888888888889,1.0,0.0,0.23209339137316987,0.9008620689655172,0.0,1.0,0.0,0.5,0.7857142857142857,0.5419233860166086,0.0,0.0,0.0,0.8125,runif
0.0,0.5555555555555556,0.7144264208759941,0.8903394255874674,0.8280463793480639,0.6696078679240514,0.0,0.0,0.0,0.700764504479152,0.4845715690693768,0.6508854354897,0.0,0.6538766806847125,0.0,0.8873102610807528,0.0,0.9125791139240507,0.0,0.6630913988235436,0.0,0.5,0.0,0.6912051102282465,0.22377840024898854,0.824462061155153,0.0,0.5675638560834935,0.0,0.0,0.0,0.0,0.0,0.8571428571428572,0.0,0.8573425069877445,0.0,0.0,0.9135325907135767,0.0,0.5703266787658803,0.0,0.2681660899653979,0.4917981072555204,1.0,0.8515625,0.3796718722582909,0.9207844006204299,0.33076418497868154,0.9550033579583613,0.17771491434857778,0.0,0.41511051829268286,0.5734015345268543,0.8248497574397219,0.33603327495621715,0.0,0.1113599601841484,0.0,0.795054879197274,0.0,0.12215231069646337,0.5406512286378804,0.5488761662425785,0.1518324607329843,0.0,0.0,0.9232720355104629,0.13869731800766272,0.9714285714285714,0.5050545895673271,0.6462650602409639,0.0,0.8904631701052282,0.7777777777777778,1.0,0.0,0.9051747493904091,0.0,0.8,0.0,0.33333333333333337,1.0,0.8589173439656494,0.0,0.0,0.904830734119437,0.24609595484477886,0.8571428571428571,0.44067796610169496,0.25,0.5681017612524462,0.5,0.20775142550202452,0.30000000000000004,0.8209764918625678,0.0625,0.0,0.937799043062201,0.7695390781563126,1.0,0.3807574206755373,0.2857142857142857,0.0,0.0,0.0,0.0,0.0027245101121242676,0.75,0.5084745762711864,0.11111111111111116,0.6113963039014374,0.35007849293563587,1.0,0.2426659456536433,0.4918512327622231,0.0,0.5641050536433809,0.0,0.0,0.0,0.056100054115807874,0.9180078683834049,0.5806843490585138,0.06768157310497935,0.4253731343283581,0.75,0.0,0.9241443108233117,0.8717948717948718,0.7869915064818953,0.7777777777777778,0.0,1.0,0.0,0.5,0.2433673469387756,0.6666666666666667,0.18402870557697437,0.8638801044960813,0.0,0.5707234705805949,0.6666666666666667,0.43728813559322033,1.0,0.0,0.3889384478144513,0.33333333333333337,0.0,1.0,0.0,0.0,0.75,0.8571428571428571,0.0,0.0,0.0,0.0,0.0,0.6573734864948773,0.0,0.0,0.6248440618762475,0.0,0.7690029615004935,0.0,0.9743906201789572,0.3806755260243633,0.28747131171658913,0.0,1.0,1.0,0.8214285714285714,0.0,1.0,1.0,0.4665949930886192,0.8269230769230769,0.7151898734177214,0.75,0.8,0.0,0.0,0.33333333333333326,0.0,0.0,0.25894639840270306,0.8381168148139586,0.0,0.023427083994667086,0.0,0.953982266990942,0.9420289855072463,0.5271669579222065,0.375,0.76,0.0,0.9395007436348999,0.0,0.9092169812956126,0.28607962618002725,0.21678564003049428,0.9650376331032569,0.25641820875977817,0.0,0.0,0.0,0.0,0.9249966340328134,0.7095225862278769,0.9473684210526315,0.6666666666666667,0.0,0.6666666666666667,0.0,0.8628349224950727,0.0,1.0,0.0,0.9891167413213886,0.9782608695652174,0.681515729396754,0.9587403356590609,0.9375,0.5,0.0,0.0,0.5,1.0,0.6866627040373097,0.0,0.0,0.0,0.745552367763694,0.8843537414965986,0.8656716417910448,0.6000000000000001,0.0,0.0,0.0,0.5452830188679245,0.7515789473684211,0.8,0.0,0.6427577570613608,0.0,0.9163171559816257,0.0,0.8938244853737811,0.0,0.985989666136725,0.0,0.0,0.0,0.9775561097256857,0.2120636017974422,0.8679245283018868,0.0,0.5189873417721519,0.0,0.0,0.0,0.0,0.0,1.0,0.0,0.7391304347826086,0.0,0.0,0.8739235273854633,0.0,0.27096705177578095,0.06923800564440263,0.394356005788712,0.15984697272122428,0.8673218673218673,1.0,0.0,0.9089776318988573,0.23266856600189934,0.8870698296024055,0.08653295128939842,1.0,0.42752740560292324,0.7269585253456221,0.8162335922850255,0.2750944981100377,0.0,0.9263024142312579,0.0,0.7970187123374564,0.0,0.0,0.7962702030667219,0.7294845360824742,0.0,0.0,0.0,1.0,0.6296296296296297,0.8888888888888888,0.07833228048010088,0.18570287539936114,0.0,0.8408104196816208,0.75,1.0,0.0,0.8673300165837479,0.0,1.0,0.0,0.0,0.0,0.941608467132263,0.0,0.5,0.9436619718309859,0.0,1.0,0.3392857142857143,0.0,0.8322211630123928,1.0,0.24390243902439024,0.29999999999999993,0.9818020417221482,0.13568670711527853,0.0,1.0,1.0,1.0,1.0,0.5714285714285714,0.0,0.0,0.0,1.0,0.0,0.0,0.7188755020080322,0.0,0.680527995858856,0.17737652681890592,0.6875,0.8387286639199529,0.14473684210526327,0.0,0.5192307692307692,0.0,0.08333333333333337,0.5416666666666667,0.3179077479650284,1.0,0.5,0.595307917888563,0.8484054172127566,1.0,0.0,0.988009592326139,0.6666666666666667,0.7211954711954711,1.0,0.0,0.8644744929317763,0.0,0.25,0.19263725801332932,1.0,0.8701223063482819,0.7476635514018692,0.0,0.50567081604426,1.0,0.44999999999999996,0.8823529411764706,0.0,0.2619663648124193,0.8,0.0,0.5454545454545454,0.5,0.1428571428571429,0.75,1.0,0.0,0.0,0.0,0.0,0.0,0.8237822349570201,0.0,0.0,0.8428745432399513,0.0,1.0,0.0,0.9375487900078064,0.7648921914971373,0.5796897038081805,0.10591350397175647,1.0,1.0,0.9406021155410903,0.0,0.8945366337725343,0.0,0.2549019607843137,0.8,1.0,0.6666666666666666,1.0,1.0,0.0,0.33333333333333326,0.0,0.0,0.0,0.9990478457510117,0.0,0.9239874237100055,0.0,0.9818181818181818,0.9558823529411765,0.785196187646986,0.0,0.8181818181818182,0.0,0.9642891322093056,0.0,0.0,0.0,0.5570208157863072,0.9503824091778202,0.2508925273913579,0.0,0.0,0.0,0.0,0.9517495366651023,0.865305238851205,0.9375,0.9047619047619048,0.0,0.5,0.0,1.0,0.0,1.0,0.0,1.0,1.0,0.8464803395531353,0.9466237532264746,1.0,0.0,0.0,0.0,1.0,1.0,0.7322078781860311,0.0,0.0,0.8876033057851239,0.725744063608037,0.7777777777777778,1.0,0.564238952536825,0.0,0.0,0.0,0.6779725609756098,0.44090299701595814,0.30000000000000004,0.0,0.4404429957192788,0.0,0.4741607466220923,0.0,0.6216670670189767,0.0,0.9687094982410664,0.0,0.6000000000000001,0.0,0.5764883195177091,0.0,0.5357142857142858,0.0,0.743756786102063,0.0,0.0,0.0,0.0,0.0,0.0,0.0,0.7280453257790369,0.0,0.39429012345679004,0.9636015325670498,0.0,0.9684439608269858,0.4861351264809479,0.37771988967208103,0.0,0.23685171658144621,0.6673378977043898,0.804513009440479,0.0,0.3076923076923076,0.36801375752364573,0.09285714285714286,0.0,0.46153846153846156,0.4568965517241379,0.496648460774578,0.20000000000000007,0.25,0.1438356164383563,0.0,0.4977064220183486,0.0,0.0,0.3407671721677076,0.29129662522202504,0.0,0.8052287581699346,0.0,0.923469387755102,0.6546546546546548,1.0,1.0,0.14724770642201834,0.43333333333333335,0.8861997940267765,1.0,1.0,1.0,1.0,0.6666666666666666,0.8,0.0,1.0,1.0,1.0,0.17924528301886788,0.0,0.9123100303951368,0.27281947261663286,0.8,0.0,1.0,1.0,0.0,0.75,1.0,0.4259818731117825,0.0,0.5,1.0,0.6000000000000001,0.75,0.0,0.0,1.0,0.0,0.0,0.5,0.19244804061557996,0.6785714285714286,0.7858681602757431,0.25,0.8245614035087719,0.8431908548707754,0.0,0.0,0.3605341246290801,0.0,0.8557377049180328,0.0,0.75,0.0,0.0,0.7295454545454545,0.8888888888888888,0.0,0.6509433962264151,0.0,0.0,0.7926829268292683,0.7142857142857143,0.0,0.7142857142857142,0.0,0.24233128834355844,1.0,1.0,0.7527777777777778,0.0,0.19123630672926428,0.0,0.0,0.8094575799721836,0.0,1.0,0.18181818181818177,0.0,0.5308641975308642,0.0,1.0,0.0,0.0,1.0,1.0,0.0,1.0,0.5959866764156309,0.0,0.22972972972972971,0.0,0.8165971256374595,0.7634069400630914,0.0,0.8950698655417875,0.0,0.773725092874029,0.0,0.38786489987047934,0.0,0.0,0.0,1.0,1.0,0.7882861257801249,0.0,0.0,0.5,0.2343065693430656,0.8780487804878049,0.6931818181818181,0.8,0.8,0.0,0.0,1.0,0.0,0.0,0.0,0.7835511304708568,0.0,0.4469827586206896,0.827891718758072,0.6224627875507442,0.6666666666666667,0.3720441783708869,0.0,0.41666666666666663,0.0,0.9075785114912337,0.5,0.9233637523304876,0.667832422586521,0.4562886825817861,0.8893805309734513,0.6103545547395555,0.0,0.0,0.0,0.0,0.9891771446761102,0.4408036991450719,1.0,1.0,0.0,1.0,0.0,0.880968506603454,0.0,1.0,0.0,0.9752628324056896,1.0,0.521211362783131,1.0,0.9,0.5,0.3571428571428572,0.0,0.0,1.0,0.47434554973821996,0.0,runif
0.5714285714285714,0.5555555555555556,0.6503538928210315,0.0,0.0,0.7068076090461056,0.7857142857142857,0.8217142857142857,0.0,0.0,0.0,0.7,0.7619047619047619,0.6533893135249578,0.0,0.0,0.801477377654663,0.9143027177147391,0.33333333333333326,0.5609847625364355,0.0,0.5,0.7001684944869786,0.7060410606635472,0.0,0.6549586776859504,0.0,0.0,0.0,0.890632603406326,0.9473684210526315,0.5839119340098511,0.0,0.8328173374613003,0.0,0.8139463128663993,0.0,0.14360658534504822,0.8624199245644495,0.0,0.0,0.672931844635082,0.8546212500989421,0.0,0.5015537262170855,0.0,0.48822449514817723,0.0,0.4705434617141119,0.9492145798383407,0.7321488434461951,0.6666666666666667,0.41563365903456306,0.0,0.0,0.34429065743944653,0.7344453269790838,0.06623903652310514,0.7836355705116221,0.5064291888776832,0.7191475361895014,0.9046349942062573,0.0,0.45533498759305213,0.1518324607329843,0.7276347225909212,0.0,0.5671859785783836,0.0,0.84,0.0,0.7303163017031631,1.0,0.620096661796111,0.4444444444444444,0.0,0.0,0.3043251693590411,0.6666666666666667,0.8,0.0,0.6666666666666667,1.0,0.8607948442534908,0.8202166064981949,0.0,0.43785224676313783,0.28442991418062935,0.8571428571428571,0.8333333333333334,0.6666666666666667,0.7868619076672767,0.5,0.83811850946854,0.6000000000000001,0.2980427046263343,0.0,0.0,0.7536864279265724,0.8030018761726079,0.0,0.46896551724137936,0.2857142857142857,0.0,0.973918197984588,0.6428571428571428,0.0,0.7790005948839976,1.0,0.9956772334293948,0.7777777777777778,0.6810518982932776,0.0,0.0,0.8184818481848185,0.8622417031934878,0.5,0.44072247962141675,0.2084115659031167,1.0,0.0,0.054134123350390584,0.3773995646150802,0.9522944116310768,0.04535270554688031,0.433407738095238,0.0,0.0,0.3142857142857144,1.0,0.0,0.33333333333333326,0.25,1.0,0.0,0.0,0.2643841166936789,0.0,0.03591148922246301,0.0,0.5,0.6924588992137242,0.33333333333333337,0.6949152542372881,0.478908188585608,0.7793821356615178,0.7158779462817467,0.33333333333333337,0.0,0.9506802721088435,1.0,0.8333333333333334,0.0,0.8571428571428571,0.0,0.10078555231616437,0.0,0.0,0.8954761904761904,0.9231798552399489,0.1703626943005182,0.0,0.4641654641654641,0.0,0.0,0.8498148402139625,0.7153886912421468,0.1096502108657903,0.6387959866220736,0.45252650847925946,0.0,0.5,0.7672518159806296,0.0714285714285714,0.11245256985167285,1.0,0.09935742971887551,0.0,0.0,0.0,0.6000000000000001,0.5,0.9509115927072583,0.0,0.9803921568627451,0.6240693544179325,0.9807403851922961,0.04752097306390035,0.0,0.12914438502673808,0.9042402429423012,0.6963618390915447,1.0,0.2148695134007773,0.9977943203749655,0.0,0.9879161598732781,0.9395003176411313,0.6428571428571429,0.9152542372881356,0.8135375555973188,0.9539355886074439,0.6879510649533533,0.8327302801612736,0.0,0.0,0.0,0.9920829616413916,0.5921255033511164,0.7222293419909721,0.0,0.6666666666666667,0.9946967950195988,0.0,0.9952832042765615,0.9807360120165227,0.23214285714285698,0.9900110987791343,0.0,0.5902033101891351,0.0,0.09688648810863532,0.8645804625059504,0.0,0.0,0.6818181818181819,0.9491559894244458,0.0,0.0,1.0,0.84375,0.0,0.0,0.7819048564902176,0.0,0.0,0.6714285714285715,0.7037037037037037,0.984375,0.0,0.0,0.0,0.0,0.7902097902097902,0.7596403178586365,0.0,0.0,0.8571428571428572,0.6755718526279029,0.5,0.8425748009881966,0.0,0.0,0.8349795766802822,0.8734177215189873,0.0,0.9360986547085202,0.0,0.0,0.0,0.9411764705882353,0.6666666666666667,0.0,0.0,0.5,0.0,0.7391304347826086,0.0,0.6345937248592116,0.874845869297164,0.0,0.18184578020643594,0.9104421448730009,0.8809869375907112,0.0,0.6553846153846153,0.030181086519114775,0.0,0.7141039056534404,0.2155172413793104,1.0,0.9427239427239427,1.0,0.7496004262120405,0.8326086956521739,0.0,0.31813471502590673,0.0,0.9259259259259259,0.8779443254817987,0.3037740285697489,0.8719750195160031,0.9428571428571428,0.0,0.7294845360824742,0.07251264755480591,0.8511139464127981,0.0,0.7384969325153374,0.0,1.0,0.0,0.8612593383137673,1.0,0.8041191936897458,0.0,0.0,0.0,0.26481909160893,1.0,1.0,0.0,1.0,0.0,0.9411807368726429,0.8303030303030303,0.5,1.0,0.5315186246418337,1.0,1.0,0.0,0.7504761904761905,1.0,0.9558955895589559,1.0,0.6666666666666667,0.0,0.0,0.5959510754955715,1.0,0.0,0.4375,0.5714285714285714,0.0,1.0,0.75,0.09999999999999998,0.6666666666666666,0.5,0.9301310043668123,1.0,0.7838058887677208,0.0,0.0,0.9574844995571302,0.9143576826196473,0.0,0.42307692307692313,0.7142857142857143,0.75,0.5416666666666667,0.3269461077844311,0.0,1.0,0.6001242814975921,0.7447916666666666,0.0,0.0,0.858701895462378,1.0,0.0,0.33333333333333337,0.33333333333333337,0.9661729383506805,0.0,0.0,0.1921798321988284,0.0,0.0,0.0,1.0,0.797402230693209,0.0,0.9,0.8235294117647058,0.9019908116385911,0.944372574385511,0.8,0.0,1.0,0.5,0.8571428571428572,0.0,1.0,0.0,0.7386649874055415,0.0,0.0,1.0,0.9800144040331292,0.0,0.0,1.0,0.0,0.7023346303501945,0.5619787717968157,0.3275862068965518,0.8948428686543111,0.0,0.0,0.0,0.0,0.9402129402129402,0.0,0.4843798743259503,1.0,0.4237310924369748,0.44999999999999996,0.625,0.0,1.0,0.0,0.9486768464874105,0.0,0.9888888888888889,0.8075407990996061,0.9717823888074869,0.9780021637216012,0.0,0.6052631578947368,0.9242787467967265,0.31853281853281856,1.0,0.4071652679247616,0.9874476987447699,0.0,1.0,0.9631441957313899,0.6296296296296297,0.9436619718309859,0.0,0.9649251004749726,0.9293831168831169,0.37040636578995323,0.0,0.0,0.0,1.0,0.664421295136976,0.8529035142990711,0.0,0.9047619047619048,0.9953972868217055,0.0,1.0,0.9648397104446742,0.5,0.96875,0.0,0.8683891359476643,0.0,0.0,0.8615371790596865,0.0,0.35483870967741926,0.75,1.0,0.5,1.0,0.7936694021101993,0.648936170212766,1.0,0.8669623059866962,0.7121652480797177,0.0,0.0,0.593969592436438,0.9333333333333333,0.7142857142857143,0.0,0.0,0.0,0.0,0.8657718120805369,0.47173844482601535,0.0,0.0,0.9151477058453803,0.5806275579809004,0.6666666666666667,0.9697804808514682,0.0,0.6000000000000001,0.6280461887220175,0.5038461538461539,0.7764705882352941,1.0,0.0,0.0,0.0,0.9639368895567243,0.7777777777777778,0.4772896500372301,0.0,0.0,0.0,0.7280453257790369,0.0,0.0,0.8308873334838565,0.0,0.0,0.5381495074367394,0.8036117381489842,0.0,0.2809718100890207,0.26404005224205496,0.804513009440479,0.07593795093795108,0.7692307692307692,1.0,0.7110655737704918,0.6666666666666667,0.46153846153846156,0.0,0.09666901093280489,0.20000000000000007,0.6923076923076923,0.05882352941176461,0.6818181818181819,0.7926518734085122,0.3350168350168351,0.8095238095238095,0.31783276450511944,0.23224893917963219,0.17258883248730972,0.7973453749315819,0.3125,0.0,0.8078078078078078,0.75,0.0,0.7458715596330274,1.0,0.23631002527379952,1.0,0.4626865671641791,1.0,0.44537230340988165,0.6666666666666666,0.8,0.0,0.5,0.33333333333333326,0.8096304591265397,0.7107438016528926,0.0,0.47871390294730576,0.2139303482587065,0.8,0.7021276595744681,0.0,0.5652173913043479,0.0,0.38888888888888884,0.0,1.0,0.0,0.5,0.36,1.0,0.0,0.0,0.0,1.0,0.7142857142857142,0.0,0.5,0.4827859749325718,1.0,1.0,0.8333333333333333,1.0,0.6969314838167298,0.33333333333333337,0.728101116990006,0.6470588235294117,1.0,0.27531645569620267,0.5714285714285714,0.25,0.0,0.0,0.0,0.6666666666666667,0.0,0.0,1.0,0.0,0.6071428571428571,0.5714285714285714,0.17391304347826086,0.4285714285714285,1.0,0.7715250422059652,1.0,0.0,0.8202196816857208,1.0,0.30379746835443033,0.3928571428571429,0.0,0.5093304061470909,1.0,0.0,0.36363636363636365,0.6666666666666666,0.5,0.0,1.0,0.9811827956989247,1.0,1.0,1.0,0.0,1.0,0.0,0.0,0.22972972972972971,0.7692307692307693,0.8695835796942308,0.7619047619047619,0.0,0.41501976284584996,0.0,0.0,0.9871345029239766,0.8644264194669756,0.09495949594959485,0.6080726891490477,0.6762931034482759,0.44482891195693963,0.8,0.6893903024483918,1.0,0.5730566919929867,0.5,0.14265129682997124,0.0,0.0,0.0,0.6000000000000001,1.0,0.677429876060013,0.0,0.9166666666666666,0.6976744186046512,1.0,0.0033555230827514437,0.0,0.2068965517241378,0.0,0.6453382084095064,0.6666666666666667,0.09559383105285224,0.7504332755632582,1.0,0.9636067926706553,0.9075785114912337,1.0,0.9349425964085958,0.7103731598767545,0.9874714220393233,0.7254901960784315,0.08659598268566693,0.0,0.0,0.0,1.0,0.613202953366702,0.41454475645299227,0.0,1.0,1.0,0.0,1.0,0.8814764646122587,0.5555555555555556,1.0,0.0,0.7611940298507462,0.0,0.7203052061847675,0.9092748550803894,0.0,0.5,0.7857142857142857,0.8959764474975466,0.0,0.0,1.0,1.0,runif
0.0,0.5555555555555556,0.7867960750853242,0.0,0.8269230769230769,0.0,0.75,0.0,0.0,0.768364952471861,0.6930712213986464,0.0,0.8385307694862343,0.7744744899271876,0.0,0.6322845266606106,0.835000704523038,0.7202811767768811,0.0,0.0,0.0,0.0,0.7373658766654876,0.7650125628140704,0.0,0.0,0.668931277763261,0.0,0.08830473791909343,0.0,0.0,0.6965426712738645,0.6582400279916025,0.01176470588235301,0.9518348623853211,0.7892585629036213,0.4855494839101395,0.0,0.8638052001650847,0.0,0.5313257065948855,0.5167971569770669,0.0,0.4846915690513298,0.8297988333424194,0.0,0.363875262789068,0.6440928420402443,0.0,0.9485237285515535,0.9943359149231302,0.6666666666666667,0.18039726473461404,0.4616365711217024,0.7307317692894046,0.2544959128065395,0.0,0.0,0.3960863697705802,0.0,0.0,0.22502896871378897,0.5788786916619548,0.0,0.0,0.0,0.0,1.0,0.9631989596879064,0.33766233766233766,0.0,0.0,1.0,0.9317788960165944,0.8571428571428572,0.8137254901960784,0.0,0.8919868525444861,0.6666666666666667,0.4,0.0,0.33333333333333337,1.0,0.5531149301825993,0.6312583749543184,0.44444444444444453,0.0,0.0,0.5714285714285714,0.9491525423728814,1.0,0.7431079104309666,0.0,0.2498472816127062,0.5,0.8293978748524202,0.0,0.6666666666666666,0.3841342052885982,0.0,0.0,0.0,0.0,0.9406698564593301,0.8724516466283325,0.0,1.0,0.790727623953638,0.75,0.8814004376367615,1.0,0.5986029016657711,0.0,0.9352226720647774,0.8897058823529411,0.8622129436325678,0.0,0.4997820660141856,0.864696734059098,0.09734513274336287,0.875,0.9246311738293778,0.7598576934479693,0.5688665710186513,0.0,0.48236590742101404,0.75,0.6666666666666667,0.9345472440944882,0.44976076555023936,0.5352112676056338,0.0,0.0,0.6813655761024182,0.0,0.0,0.6360475627564148,0.0,0.283648107842449,0.9441593517893315,0.5,0.46113582831719435,0.0,0.8656716417910448,0.18181818181818177,0.5202090592334494,0.18892746208660693,0.0,0.8571428571428572,1.0,1.0,0.6666666666666667,0.5,0.9285714285714286,0.0,0.6147399383695957,0.0,0.0,0.0,0.7964127891863789,0.9341640319880975,0.7222222222222222,0.6401535717055766,0.8333333333333334,0.6642142436727487,0.5754389445491519,0.9157663877832832,0.7769465809714466,0.9098651896749922,0.9690895086752067,1.0,0.6,1.0,1.0,0.0921095711011678,0.7916666666666666,0.451819829870311,0.8269230769230769,0.2686898593634346,0.0,0.8,0.0,0.9377329471735338,0.9142857142857143,0.0,0.7108001036691473,0.0,0.5940288341468952,0.9772125491454706,0.461441213653603,0.5709078860172301,0.9698084180668733,1.0,0.0,0.9507712504102396,0.84,0.0,0.96486447614849,0.0,0.6182629151721247,0.6784980212903028,0.0,0.574712643678161,0.23484606795342156,0.0,0.0,0.0,0.0,0.0,0.0,0.9473684210526315,0.0,0.9775720675944334,0.6666666666666667,0.9087551596784705,0.7630400293555804,0.6911764705882353,0.9691975141853553,0.9887330754352031,0.0,0.8369565217391304,0.13137744321927414,0.9791390411614332,0.0,0.6728971962616823,1.0,0.9313823236173832,0.5,1.0,0.0,0.875,0.0,0.0,0.7812882109553512,0.0,0.794921875,0.0,0.65,0.0,0.0,1.0,0.9027777777777778,0.0,0.8178406958894764,0.9517114914425427,0.0,0.6089014428582334,1.0,0.7435897435897436,0.0,0.0,0.0,0.0,0.8891426831125324,0.8734177215189873,0.0,0.0,0.8,0.0,0.5956964052675289,0.0,0.0,0.6444444444444444,0.4513031550068588,1.0,0.8881735005083022,0.7073170731707317,0.6100330305532617,0.0,0.8850824256697085,0.0,0.36957506568814,0.7430637144148216,0.0,0.6559028292104874,0.9380299382392966,0.0,0.0,0.7775714183175424,0.0,1.0,1.0,1.0,0.9190424959655729,0.5480952380952381,0.5757827078581796,0.29879644165358443,0.0,0.0,0.5617056170561706,0.0,0.0,0.0,0.751749920458161,0.0,0.23907455012853474,0.16206123973114261,0.0368421052631579,1.0,1.0,1.0,0.0,0.17353846153846164,0.8826086956521739,0.859515899383009,0.75,0.75,1.0,0.9247034553893759,1.0,0.5,0.0,0.0,0.0,0.8196982883666957,0.8581979320531757,0.75,0.0,0.0,0.5,0.9214285714285714,0.0,1.0,0.0,0.506336405529954,0.7,0.9818824569155987,0.0,0.8636363636363636,0.5170814002530577,0.0,0.0,0.0,0.0,1.0,0.9399355405801347,0.0,1.0,0.6956521739130435,0.0,0.6613272311212814,1.0,0.680527995858856,0.0,0.6875,0.9322268326417704,0.9198113207547169,0.0,0.42307692307692313,0.8181818181818182,0.75,0.9583333333333334,0.931477172430394,0.5389289783516902,0.5,0.5558031193032207,0.37092463923035823,1.0,0.0,0.8957654723127036,1.0,0.9060961756910262,0.33333333333333337,0.6666666666666667,0.8571643248929296,1.0,0.0,0.0,0.0,0.0,0.9390243902439024,1.0,0.5185465556396669,0.0,0.0,0.0,0.7549770290964778,0.7442489851150202,0.0,1.0,0.5454545454545454,1.0,0.8571428571428572,1.0,1.0,0.5,0.48112111530641877,0.0,0.0,0.2559153175591531,0.830735343951203,0.8357457520453115,1.0,0.5984481086323958,0.8823529411764706,0.0,0.5663807570389707,0.10806697108066976,1.0,0.9818649818649818,1.0,1.0,0.6,0.9576811594202899,0.0,0.48259449886546024,1.0,0.6774455418752536,0.8,0.5,0.0,1.0,1.0,0.9453303435973526,0.9117647058823529,0.0,0.6459453143257772,0.0,0.9797796846699723,0.9958709282764949,0.0,0.41040835707502366,0.9775208734746307,1.0,0.0,0.9150246305418719,0.9545454545454546,0.0,0.9737069542045209,0.0,0.46478873239436613,0.7124064864864865,0.0,0.7696369245372567,0.10634051046842463,0.0,0.0,0.0,0.0,0.0,0.0,1.0,0.0,0.9868964249302201,0.5,0.9351377322229341,0.6854674796747968,0.5,0.9568043615013629,0.9949465272064872,0.0,0.7940797940797941,0.0,0.9325608342989571,0.0,0.6774193548387096,0.0,0.97339593114241,1.0,1.0,0.0,1.0,1.0,0.7539267015706806,0.7163554739312314,0.0,0.8695652173913043,0.0,0.9333333333333333,0.0,0.0,0.8336798336798337,0.526849702230746,0.0,0.8719910011248594,0.5636609558160506,0.0,0.9119897959183674,0.925065731814198,0.6370767960363337,0.0,0.0,0.0,0.0,0.8922180801491146,0.7958078602620087,0.7475113122171946,0.0,0.8194444444444444,0.0,1.0,0.0,0.0,0.8225734968237552,0.6170627191273861,0.0,0.7121212121212122,0.8281170353756754,0.0,0.0,0.7448042532624457,0.0,0.969017094017094,0.46641427798810176,0.0,0.5340423817581177,0.38596491228070173,0.3047887323943661,0.7904824131547425,0.5079831932773109,0.15384615384615385,1.0,0.9078590785907859,0.6666666666666667,0.3076923076923077,0.46096345514950177,0.9485593713620489,0.4042553191489361,0.0,0.0,0.497716894977169,0.005955274671852195,0.0,0.2857142857142857,0.3087315130830488,0.0,0.0,0.1791187739463601,0.3125,1.0,0.5555555555555556,0.0,0.0,0.14724770642201834,1.0,0.8859649122807017,1.0,0.8713692946058091,0.0,0.04105775922059851,0.6666666666666666,0.6,0.0,1.0,0.33333333333333326,0.7811244979919679,0.5909090909090908,0.4285714285714285,0.0,0.0,0.6,0.25531914893617036,0.0,0.5652173913043479,1.0,0.5,0.5,0.3203883495145631,1.0,0.75,1.0,0.6666666666666667,0.0,0.0,1.0,1.0,0.8571428571428571,0.0,1.0,0.5391812865497077,1.0,0.53781512605042,0.8333333333333333,0.8245614035087719,0.5784444444444444,0.0,0.7245762711864407,1.0,0.0,0.28481012658227844,0.13636363636363613,0.25,0.8,1.0,0.5105837075048107,0.8888888888888888,0.6304347826086957,0.889795918367347,0.0,1.0,0.7602339181286549,0.5714285714285714,0.029159519725557526,0.0,1.0,0.2776214593884825,0.0,0.0,0.2283217566659197,1.0,0.6804347826086956,0.9177631578947368,0.0,0.6153846153846154,0.0,1.0,0.9090909090909091,0.08333333333333326,0.07692307692307698,0.6666666666666667,0.0,0.6843434343434343,0.6666666666666666,0.5,0.0,0.5,0.5,0.9589503126028299,0.0,0.2060185185185185,0.0,0.4851867754401029,0.23974763406940058,0.5555555555555556,0.8857775987107172,0.0,0.19047619047619035,0.8186274509803921,0.946812749003984,0.8080155138978669,0.7966101694915255,0.8782033230076035,1.0,0.8,1.0,0.0,0.5229938995776631,0.0,0.3704206241519674,0.8780487804878049,0.3979274611398964,0.0,0.8,0.0,0.9184147850776383,1.0,0.0,0.9583333333333334,0.045038705137227186,0.5250729070346398,0.946135831381733,0.6715517241379312,0.022640777640413834,0.7384898710865562,0.6666666666666667,0.0,0.9732142857142857,1.0,0.0,0.9548144392402416,0.0,0.6476087528119431,0.677242220866382,0.0,0.010928961748634003,0.21347501851437245,0.0,0.0,0.0,0.0,0.0,0.0,0.6666666666666667,0.0,0.8629032258064516,1.0,0.9198283261802576,0.8642010163749294,0.5555555555555556,1.0,0.9544444444444444,0.0,0.8744588744588745,0.5986979772146012,1.0,0.0,0.5,0.3571428571428572,0.8889970788704966,0.0,1.0,0.0,0.8125,runif
0.0,0.5555555555555556,0.0,0.0,0.0,0.0,0.0,0.8236597252990695,0.0,0.6593835349200156,0.0,0.0,0.0,0.0,0.0,0.5413377417018035,0.0,0.0,0.0,0.6046454944895687,0.0,0.5,0.902706779518981,0.7031932773109244,0.0,0.6612318840579712,0.0,0.7422883610919484,0.0,0.0,0.9473684210526315,0.7198243950591627,0.8921875,0.8328173374613003,0.0,0.0,0.47390642948061223,0.0,0.0,0.0,0.8107468123861566,0.0,0.3449655358832274,0.18010899182561302,0.0,0.0,0.1251115192862764,0.9784334763948498,0.9749935104265813,0.49279404927940496,0.3176167374166161,0.33333333333333337,0.7776056338028169,0.5670807087773002,0.3684520306062389,0.34429065743944653,0.64304660856385,0.7352112676056337,0.41417416904893967,0.5064291888776832,0.9033229130485122,0.5686436672967863,0.04990800367985282,0.9267626161413737,1.0,0.23504043126684648,0.4110230547550433,0.0769741207697412,0.09872159090909094,0.0,1.0,0.9206812652068127,0.0,0.9088819473094831,0.0,0.0,0.0,0.2422861150070127,0.6666666666666667,0.4,0.0,0.6666666666666667,0.0,0.12289275712481473,0.8202166064981949,0.5555555555555556,0.2477089193358134,0.6147796923788598,0.1428571428571428,0.9100797679477883,0.6666666666666667,0.0,0.5,0.6406513194834362,0.0,0.0,1.0,0.2250639386189257,1.0,0.3414634146341462,0.7448648648648649,0.5061224489795919,0.2857142857142857,0.7660377358490567,0.34736842105263177,0.6428571428571428,1.0,0.7908715152581127,0.0,0.8015160022459292,0.0,0.45626270414242664,0.6441281138790036,1.0,0.49446040213377107,0.2844467640918582,0.9166666666666666,0.8536032566839036,0.8711978971085242,0.6666666666666667,0.0,0.05541696364932258,0.289192081326913,0.0,0.11105210753401917,0.4754224270353302,0.0,0.0,0.0,0.8913043478260869,0.0,0.33333333333333326,0.0,1.0,0.875,0.0,0.584034923604615,0.6666666666666667,0.39236111111111105,0.0,0.0,0.39287689414887716,0.6666666666666667,0.0,0.4267990074441689,0.6868884540117418,0.7158779462817467,0.33333333333333337,0.0,0.4,1.0,0.33333333333333337,0.75,0.4285714285714285,0.5,0.06737391453137709,0.7,0.0,0.0,0.8174256309037078,0.8311279143037178,0.0,0.9880189174986863,0.6666666666666667,0.47736916548797736,0.0,0.532938022906344,0.9878442073927065,0.9358974358974359,0.8418547681539807,1.0,0.6,0.04721549636803879,1.0,0.0,0.0,0.8581560283687943,0.1923076923076923,0.5521951219512196,0.75,0.8,0.0,0.9323620259759592,0.0,0.9851745576279293,0.9113804659749954,0.987359137677609,0.6491202880462994,1.0,0.1966590736522399,0.9791823686877875,0.9840137437215585,0.0,0.7152676525723808,0.8036739380022961,0.0,0.9923536607051444,0.9934235065470465,0.14606126914660822,0.0,0.8135375555973188,0.9468202510691129,0.4489741775733994,0.6270956607495068,0.0,0.0,0.0,1.0,0.0,0.6393352673381358,0.0,0.0,0.9746330419937278,0.6666666666666667,0.0,0.9136005763392168,0.0,0.7495271548230209,0.8381401617250674,0.14722181444509697,0.8369565217391304,0.8736415490843591,0.918166292822186,0.9375,0.5,0.6818181818181819,0.0,0.5,0.96875,0.8733489671345311,0.875,0.0,0.0,0.0,0.0,0.0,0.0,0.0,0.984375,0.0,0.5454545454545454,0.0,0.0,0.0,0.0,0.0,0.6004737465455982,0.0,0.0,0.0,0.8929843727734764,0.0,0.0,0.8628462791960891,0.8917471772785474,0.777804759592035,0.9444822116474054,0.0,0.5189873417721519,0.0,0.0,0.6666666666666667,0.6421052631578947,0.7608247422680412,0.5,0.0,0.0,0.7080818542194922,0.0,0.0,0.0,0.5117056856187292,0.0,0.5617206109009388,0.3589325426241661,0.2740343347639487,1.0,0.560849598163031,0.49662037953562044,0.9737736765420106,0.7333549853848653,0.34593175853018376,1.0,0.9500177242112726,0.9380776340110906,0.2311281910513313,0.3146198830409357,0.7513812154696132,0.3210652304009576,0.5475787607767304,0.3377094542659491,1.0,0.6857142857142857,0.547359454855196,0.89806512505899,0.9400000000000001,0.7770232031692134,0.725,0.0,0.6296296296296297,0.0,0.909433962264151,0.8747252747252747,0.0,0.8466686948585336,0.5,0.0,0.0,0.0,1.0,1.0,0.0,1.0,0.0,0.0,0.8715596330275229,0.75,0.39624432957062994,0.8125,0.0,0.9285714285714286,1.0,0.0,1.0,0.8797219703838017,0.0,0.4545454545454546,1.0,0.36363636363636365,1.0,0.8571428571428572,0.8636363636363636,0.572944297082228,0.5714285714285714,0.4285714285714286,0.05882352941176472,0.75,0.9,0.6666666666666666,0.0,0.7974683544303798,1.0,0.5103583258054802,0.030981709593131845,0.9375,0.043165467625899234,0.0,0.0,1.0,1.0,0.9166666666666666,0.0,0.28295150252900925,0.4238267148014442,0.0,0.4026258205689277,0.8646408839779005,0.0,0.0,0.6764705882352942,0.6666666666666667,0.0,0.33333333333333337,0.6666666666666667,0.9755251141552511,0.875,0.0,0.7020491281659667,1.0,0.6773446545735238,0.0,0.0,0.26822916666666674,1.0,0.0,0.8823529411764706,0.9019908116385911,1.0,0.6000000000000001,0.0,0.25806451612903225,0.5,0.1428571428571429,0.75,0.33333333333333326,1.0,0.7427552385198395,1.0,0.0,0.3505102040816328,0.8064746914684314,0.9386804657179819,0.0,1.0,0.6470588235294118,0.12274368231046939,0.8996904895891953,0.0,0.48477011494252864,0.5180651102323819,0.6733668341708543,1.0,0.6,0.0,0.0,0.0,0.0,0.763767345162694,0.0,1.0,0.6666666666666666,1.0,1.0,0.9441877646122808,0.0,0.9888888888888889,0.9300225733634312,0.9690004788374659,0.18469656992084438,1.0,0.04139228598306677,0.9990821153710372,0.8841698841698842,0.0,0.9406078032819394,0.4,0.0,0.9946475857794805,0.9875641879223394,0.14336492890995278,0.0,0.0,1.0,0.0,0.0,0.0,0.0,0.0,1.0,0.0,0.7546118180921377,0.0,0.0,0.9830764581444545,0.5,0.0,1.0,0.0,0.7258335080729713,0.9308926367749897,0.9110887096774194,0.7895302013422819,0.9875892752605081,0.8938669192517168,1.0,0.0,0.75,0.8444444444444444,1.0,1.0,0.7013439522150324,1.0,0.0,0.8669623059866962,0.0,0.0,0.0,0.0,0.0,0.7142857142857143,0.0,0.6779725609756098,0.0,0.0,0.0,0.0,0.0,0.85,0.0,0.0,0.0,0.9687094982410664,0.0,0.6000000000000001,0.6077797034469477,0.3886255924170616,0.0,0.125,0.0,0.6862745098039216,0.0,0.0,0.7777777777777778,0.8237704918032787,0.5759603469640645,0.5454545454545454,0.0,0.0,0.0,0.4516599781101788,0.0,0.0,0.973502722323049,0.0,0.20238095238095233,0.2418016275884295,0.0,0.0,0.2190495614929635,0.8888672635266641,0.7692307692307692,0.2925278219395867,0.6,0.33333333333333337,1.0,0.4651162790697675,0.06060993542612381,0.19012345679012344,0.6923076923076923,0.05882352941176461,0.46733668341708545,0.8078922244616527,0.6580619539316919,0.7,0.0,0.8534507242260722,0.4467005076142133,0.18508092892329342,0.25,0.2857142857142857,0.7052154195011338,0.5,0.9,0.9798165137614678,0.0,0.8741755454084221,0.0,1.0,1.0,0.0,0.6666666666666666,0.4,0.0,0.5,0.33333333333333326,0.3900928792569659,0.7107438016528926,0.5714285714285714,0.0,0.4579425113464447,0.19999999999999996,1.0,0.0,0.0,0.0,0.5294117647058824,1.0,0.16666666666666652,0.8333333333333334,0.0,1.0,0.0,0.75,0.0,0.0,1.0,0.0,0.0,1.0,0.49096594857539966,0.2785714285714287,0.9766997708174179,0.0,0.03798925556408295,0.8896595208070618,0.5,0.9977409638554217,0.8029411764705883,0.0,0.4494875549048316,0.0,0.25,0.7,0.0,0.8676534610361342,0.2222222222222221,0.0,0.0,1.0,0.0,0.36245954692556626,0.7142857142857143,0.4900000000000001,0.4285714285714285,0.6666666666666667,0.8208499647804649,1.0,0.0,0.2284241201524323,0.0,0.7417105263157895,0.3928571428571429,0.0,0.3317865429234338,0.0,1.0,0.18181818181818177,0.41666666666666663,0.5,0.33333333333333337,1.0,1.0,0.0,1.0,1.0,1.0,0.5,0.0,0.25,0.22972972972972971,0.0,0.79817335243553,1.0,0.0,0.9563994374120957,1.0,0.05882352941176472,0.0,0.6936110834246985,1.0,0.9546417973717677,0.9527979812973133,1.0,0.8,0.025604096655464925,1.0,0.22125762552792116,0.5,0.5673469387755101,0.41463414634146345,0.5556831228473019,0.8,0.8,0.0,0.9210856756495702,0.0,0.9166666666666666,0.8709677419354839,0.8947368421052632,0.8861016398766033,1.0,0.0,0.7013752455795678,0.2506004803843076,0.0,0.939342307036974,0.9732142857142857,1.0,0.9940542310925236,0.9785480582294087,0.5,0.0,0.642150600430704,0.9883079456566488,0.448087431693989,0.06602546653358732,0.0,0.0,0.0,0.9655172413793104,0.0,0.40025522583892015,0.0,0.0,0.9655172413793104,1.0,0.0,0.8814764646122587,0.0,0.7272727272727273,0.904,0.0,0.8011204481792717,0.8134382478787439,0.9363757729061271,0.9,0.5,0.7142857142857143,0.0,0.0,0.9411764705882353,0.8367581451939976,0.8125,runif
0.0,0.0,0.7950791482838923,0.0,0.8254237288135593,0.0,0.7912966252220248,0.0,0.0,0.0,0.0,0.0,0.9053763440860215,0.7512279810298103,0.4,0.6598963780983191,0.9875846501128668,0.0,0.33333333333333326,0.0,0.0,0.0,0.0,0.8809275275872354,0.10638994190961892,0.0,0.7138461538461538,0.0,0.0,0.0,0.0,0.7203892312682452,0.6574910142894714,0.0,0.0,0.7479649890590809,0.0,0.14360658534504822,0.0,0.0,0.5831753554502369,0.46314381270903016,0.8656107511399088,0.0,0.45395808448257136,0.3663602808134906,0.12950432730133743,0.4304459360267576,0.6373569646390778,0.9467710997442456,0.8394102486355367,0.0,0.7863806823378762,0.0,0.3284602464930335,0.0,0.0,0.0,0.707676850710143,0.0,0.9010089194326656,0.9028335301062574,0.5964771415667185,0.4949591581426154,0.4649122807017544,0.3874907017108852,0.0,0.8237623762376238,0.6728362877997915,0.24519774011299433,0.875,0.7397714706966458,0.8378378378378378,0.6202304622696497,0.0,0.875,0.0,0.21420882669537122,0.0,0.4,0.5,0.33333333333333337,1.0,0.238445968739458,0.5990716864363074,0.22222222222222232,0.0,0.2715161422149571,0.0,0.0,0.0,0.6135,0.5,0.0,0.30000000000000004,0.9648219648219648,0.78125,1.0,0.735166872682324,0.7695390781563126,0.0,0.0,0.8571428571428572,0.0,0.9115116755428103,0.0,0.0,0.7952769000498918,0.75,0.9603960396039604,0.11111111111111116,0.549203621703787,0.9583333333333334,0.0,0.0,0.4488517745302715,0.0,0.0,0.864696734059098,0.33333333333333337,0.5,0.22333719284703468,0.7472968980797636,0.9431877958968964,0.02181190501098451,0.6590742101396032,0.0,0.6666666666666667,0.5196969696969698,0.7708333333333333,0.41028786391887473,0.0,0.0,1.0,0.0,0.0,0.5786199095022624,0.6666666666666667,0.0,0.19384754580411667,0.0,0.1597729115977291,0.0,0.43728813559322033,0.478908188585608,0.7061919504643963,0.0,0.33333333333333337,0.0,0.0,1.0,0.7380952380952381,0.75,0.0,0.0,0.40778474399164066,0.7,0.0,0.49510522304941673,0.5002069147135173,0.4930936198202148,0.9166666666666666,0.662531806615776,0.0,0.33673154155081875,0.0,0.0,0.9891568931179464,0.7290969899665551,0.9454188523798797,0.5189578544061303,1.0,0.04721549636803879,0.15384615384615385,0.8821800694629975,0.0,0.4278272194486651,0.0,0.7561416184971098,0.0,0.8,0.0,0.0,0.33333333333333326,0.0,0.9113804659749954,0.77814467823683,0.6849609189080562,1.0,0.14419159994381248,0.7508331699666733,0.9266623442115122,1.0,0.0,0.0,1.0,0.0,0.0,0.07692307692307698,0.6325108447222352,0.0,0.9029347768402058,0.44913830348999084,0.22003225228453693,0.0,0.0,0.0,0.9997923359759598,0.0,0.8644071986551962,0.9473684210526315,0.0,0.9707175861493069,0.6666666666666667,1.0,0.9177974854863411,1.0,0.8775510204081632,0.9493772599437525,0.4418604651162791,0.0,0.6206444932712487,0.6786579597111013,0.9375,0.6728971962616823,0.4076704545454546,0.9358506944444445,0.0,0.0,0.9896224084098924,0.0,0.0,0.0,0.7636847068280542,0.0,0.6754966887417219,0.0,0.7122877122877123,0.0,0.0,0.0,0.0,0.0,0.9385206532180596,0.9442764578833693,0.5,0.6209117221418234,1.0,0.0,0.5,0.0,0.0,0.0,0.0,0.9795918367346939,0.04510822510822521,0.0,0.6000000000000001,0.0,0.0,0.0,0.0,0.6437462235649547,0.35035460992907796,0.25,0.0,0.7391304347826086,0.0,0.7349124005390735,0.0,0.0,0.13265306122448983,0.23972118395797548,0.9046408137317228,0.0,0.564841498559078,0.3245243128964058,0.0,0.39897113022113007,0.6721518987341772,1.0,0.9506561679790027,1.0,0.9455388180764774,0.7407578558225508,0.0,0.0,0.0,0.0,0.7026523176002033,0.0,1.0,0.9428571428571428,0.906075506292191,0.7270471464019851,1.0,0.0,0.16473988439306364,1.0,0.8666666666666667,0.36413043478260865,0.9230769230769231,0.8676579925650558,0.682608695652174,0.605724838411819,0.75,1.0,1.0,0.3014354066985647,0.0,1.0,1.0,0.0,1.0,0.4720593117184906,0.8222849083215797,0.0,0.0,0.0,0.0,0.0,0.0,0.9957537154989384,1.0,0.0,0.29999999999999993,0.9440993788819876,0.8963044677330392,0.8636363636363636,0.6226522481502561,1.0,0.0,0.0,1.0,0.4285714285714286,0.9405267629566695,0.0,1.0,1.0,0.0,0.9222042139384117,0.0,0.5421245421245422,0.9849040327798145,0.0,0.0,0.7659574468085106,0.0,0.0,0.8181818181818182,0.0,0.5833333333333333,0.7164648529643025,0.5389289783516902,0.8928571428571428,0.13207787250286307,0.7771428571428571,0.0,0.0,0.5882094148702155,0.33333333333333337,0.32978723404255317,0.33333333333333337,0.0,0.9800203183203522,0.0,0.0,0.542406972846128,1.0,0.8402903811252269,0.5,0.0,1.0,0.0,0.44999999999999996,0.8235294117647058,0.8686493184634448,0.3691860465116279,0.8,0.0,0.0,0.5,0.8571428571428572,0.75,0.0,0.0,0.9392234621414738,1.0,0.0,0.6335078534031413,0.830735343951203,0.8760257263251275,0.9785598705501618,0.0,0.0,0.0,0.8707545251169412,0.2775041050903121,0.4315188762071993,0.9493790880652194,0.9698492462311558,0.3672789896670493,1.0,0.0,0.0,0.8953214774281806,1.0,0.29621066152858067,0.44999999999999996,1.0,0.0,1.0,1.0,0.0,0.33333333333333326,0.0,0.9335959482273495,0.8269697972302311,1.0,1.0,0.6783980582524272,0.9989436047456526,0.9286452947259566,1.0,0.0,0.0,0.6818181818181819,0.0,0.0,0.10526315789473684,1.0,0.8769831691207127,0.9640071985602879,0.0,0.33936529890886724,0.0,0.0,0.0,1.0,0.0,0.9240361327485763,1.0,0.0,0.9570097106328991,0.5,1.0,1.0,1.0,0.7142857142857142,1.0,0.9198455949137148,0.0,0.891453665127801,0.7615213770127707,1.0,0.6774193548387096,0.75,0.9722222222222222,0.5,0.0,1.0,0.0,0.0,0.0,0.724281133364874,0.0,1.0,0.0,0.9333333333333333,0.0,0.0,0.0,0.0,0.0,0.8629385964912281,0.5904301100281468,0.33333333333333326,0.9119897959183674,0.8609756097560975,0.0,0.6666666666666667,0.0,0.0,0.0,0.0,0.7979041916167664,0.7754524886877828,0.0,0.6080525883319639,0.0,0.0,0.0,0.0,0.8237704918032787,0.5455919395465996,0.0,0.0,0.8915507470376095,0.0,0.0,0.0,0.0,0.7289201183431953,0.5771882669159754,0.8035246902809283,0.0,0.2987327618337683,0.6025236593059937,0.2190495614929635,0.8724003127443315,0.0,1.0,0.6170212765957446,0.0,0.7948717948717949,0.0,0.009939727186211389,0.0,0.0,0.0,0.8356164383561644,0.010064265793621852,0.5497872340425531,0.8023166023166023,0.477957906712173,0.20318169132012276,0.5081967213114753,0.7692793931731985,0.5,0.6952380952380952,0.2222222222222222,0.0,0.8571428571428572,0.8157894736842105,0.5,0.46752917300862507,0.7142857142857143,0.8571428571428571,0.0,0.4220055710306406,0.6666666666666666,0.4,0.0,1.0,0.0,0.07502799552071682,0.6838085539714867,0.5714285714285714,0.0,0.31796897863623064,0.0,0.0,1.0,0.5652173913043479,0.0,0.5,1.0,0.6666666666666667,0.6666666666666667,0.75,0.36,1.0,0.0,0.0,0.5,0.5,0.8571428571428571,0.0,0.5,0.48048656867714135,0.75,1.0,0.25,1.0,0.0,0.33333333333333326,0.7289156626506024,0.34838709677419366,0.0,0.26943556975505845,0.0,0.25,0.19999999999999996,0.09302325581395332,0.3297297297297299,0.0,0.16688481675392686,0.2857142857142857,1.0,1.0,0.039999999999999925,0.7142857142857143,0.0,0.0,1.0,0.7715250422059652,1.0,0.0,0.5523425240977359,0.0,0.0,0.6793924466338259,0.0,0.0,0.0,0.0,0.36363636363636365,0.41666666666666663,0.0,0.0,1.0,0.052631578947368474,1.0,0.5,1.0,0.0,1.0,0.14841564187650458,0.25,0.74,0.3846153846153846,0.33751754893054753,0.23974763406940058,0.7777777777777778,0.9758454106280193,0.0,0.0,0.0,0.0,1.0,0.7966101694915255,0.8750686938999817,0.9201426024955437,1.0,0.025604096655464925,0.0,0.0,0.5,0.9303097345132744,0.0,0.6983240223463687,0.0,0.8,0.0,0.0,1.0,0.0,0.8709677419354839,0.7083333333333334,0.6911404005282877,1.0,0.2068965517241378,0.0,0.8775137111517367,0.33333333333333337,0.0,0.22390317700453843,1.0,0.0,0.0,0.0,0.656423950928102,0.0,0.8880699236840389,0.448087431693989,0.06401667154642376,0.0,0.0,0.0,1.0,0.0,0.9242037416816641,0.6666666666666667,0.0,0.8620689655172413,1.0,1.0,0.8813559322033898,0.888888888888889,0.9047619047619048,0.7936132465996452,0.24495449149188775,0.0,0.49554432559103456,0.6752843846949327,0.9,0.5,0.3571428571428572,0.9019686621132985,0.0,0.0,0.9940306391970417,0.0,runif
0.5714285714285714,0.6928571428571428,0.7941182202646605,0.8913605794102432,0.0,0.0,0.0,0.8254319893664156,0.0,0.7229988350807123,0.4845715690693768,0.6727004063538973,0.8455940608585932,0.0,0.0,0.5906004548167024,0.8068592057761733,0.0,0.33333333333333326,0.4729683851415132,0.45784638000735023,0.0,0.0,0.6717560129684084,0.23409676414800573,0.0,0.6661002548853017,0.0,0.0,0.0,0.0,0.2300826880168001,0.6513523195414652,0.8571428571428572,0.9409722222222222,0.7526361279170267,0.476566454094544,0.14360658534504822,0.8927248300289052,0.0,0.5106987313008898,0.6390425476916712,0.8510068928233545,0.2577794669580503,0.5037451150673035,0.2591496426766766,0.0,0.7397876812477153,1.0,0.7469152360515021,0.0,0.33333333333333337,0.0,0.5493758424661548,0.0,0.0,0.0,0.05222088835534233,0.7769962081661812,0.7006802721088435,0.3992910087012569,0.8673509672325306,0.0,0.48623207530570944,0.1518324607329843,0.3626131790744468,0.0,0.19763624425476023,0.7302631578947367,0.0,0.0,0.0,0.8648648648648649,0.0,0.8571428571428572,0.4339622641509433,0.0,0.0,0.6666666666666667,0.6000000000000001,1.0,0.33333333333333337,0.5,0.5351962217474417,0.3294810534503836,0.0,0.4735807001442244,0.26503838945650215,0.5714285714285714,0.45197740112994356,0.41666666666666663,0.3192997082117549,0.5,0.0,0.7,1.0,0.0,0.31768953068592054,0.9322033898305084,0.10821643286573146,1.0,1.0,0.5714285714285714,0.7660377358490567,0.7692307692307693,0.6428571428571428,1.0,0.31344805608667936,1.0,0.4945867441246369,0.11111111111111116,0.6796453353893601,1.0,0.15384615384615385,0.49237742068397206,0.44839114082741316,0.5,0.845945945945946,0.8719671519223591,0.8,0.5555555555555556,0.52736,0.9084060948467728,0.8953229398663697,0.5138187935592405,0.9029850746268656,0.75,0.6666666666666667,0.10927835051546386,1.0,0.7654484373409345,0.0,0.0,0.5283018867924528,0.0,0.0,0.8202608202608203,0.0,0.19238277194002595,0.30167499780759444,0.0,0.15290269828291092,0.6666666666666667,0.9065934065934066,1.0,0.0,0.36543029417138684,0.33333333333333337,0.8571428571428572,0.4,0.75,1.0,0.5,0.9285714285714286,0.0,0.0,0.7,0.0,0.8937367624810892,0.8904773064604328,0.9327768014059754,0.41666666666666663,0.8332490731378497,0.8333333333333334,0.0,0.8980183663605606,0.0,0.0,0.0,0.0,0.6608838437923895,0.0,0.7678571428571429,0.0714285714285714,0.0,0.0,0.28165374677002575,1.0,0.6125,0.875,0.8,0.5,0.0,0.0,0.5,0.7857248630238413,0.09651474530831106,0.0,0.8024846854067671,0.014466948586690287,0.8653872236538722,0.9737068882973631,1.0,0.8357541407657201,0.0,0.76,0.0,0.9866755144607827,0.7435897435897436,0.6311808052401124,0.5205988997249313,0.4363446693094096,0.3761701310546781,0.2360939102179963,0.0,0.0,0.0,0.9997927486406749,0.9384261753403009,0.6922099171095155,0.7368421052631579,0.0,0.9628775651371916,0.6666666666666667,0.967741935483871,0.0,0.8,0.8762264150943396,0.9031965341607634,0.8171181577672616,0.0,0.05779067010325156,0.0,0.0,0.17808219178082185,0.6818181818181819,0.48419023136246797,0.0,0.0,0.6870649845274934,0.96875,0.0,0.0,0.748353728205978,0.9577464788732395,0.0,0.0,0.0,0.0,0.0,0.5454545454545454,0.779874213836478,0.8,0.82699513672965,0.0,0.0,0.6994061215166743,0.8571428571428572,0.0,0.5,0.7996008787375694,0.8423668050970787,0.0,0.0,0.9775561097256857,0.2931034482758621,0.0,0.6000000000000001,0.0,0.0,0.0,0.0,0.0,0.4285714285714285,1.0,0.8699007717750826,1.0,0.6253476360746921,0.5940416367552045,0.8705743509047994,0.0,0.498435754189944,0.7889374090247453,0.8809869375907112,0.4162673228856365,0.7255260750228728,0.5556445156124898,0.6489952302760185,0.9502276536105714,0.0,0.8866242038216561,0.4363636363636364,1.0,0.45028142589118203,0.6435643564356436,0.0,0.0,0.0,0.14491614255765184,0.9041740152851264,0.9947638707078844,0.31263048016701445,0.9428571428571428,0.0,0.41887417218543044,0.14754098360655743,0.5552929085303185,0.0,0.4154751892346509,1.0,0.25,0.09090909090909072,0.1328125000000001,1.0,0.0,0.75,0.2500000000000001,1.0,0.0,1.0,0.0,1.0,0.0,0.0,0.8238359972202919,0.42660550458715596,0.5,1.0,0.0,0.5,0.7857142857142857,0.6666666666666667,0.84375,1.0,0.0,0.7,1.0,0.0,0.36363636363636365,1.0,1.0,1.0,0.5263157894736842,0.8571428571428571,0.4285714285714286,1.0,0.75,0.8571428571428572,0.5238095238095237,1.0,0.7472924187725631,0.0,0.3571428571428571,0.974499803844645,0.0625,0.10410094637223954,0.7583732057416268,0.3571428571428572,1.0,0.8181818181818182,1.0,0.5,0.3659983055634002,1.0,1.0,0.980352440753494,0.0,1.0,0.0,0.8425266903914591,0.6666666666666667,0.5282522996057819,0.33333333333333337,0.6666666666666667,0.29511722951172314,0.875,0.0,0.9299987272495863,0.0,0.662527392257122,0.5015576323987538,0.0,0.484375,1.0,0.9,0.8235294117647058,0.0,0.0,0.6000000000000001,1.0,0.25806451612903225,1.0,0.8571428571428572,0.75,1.0,0.5,0.0,1.0,0.0,1.0,0.9800144040331292,0.9324324324324325,0.49764150943396224,0.5286236297198539,0.8823529411764706,0.7959094865100087,0.9320103537532356,0.20610687022900764,0.0,0.0,0.07895910780669146,0.7762145748987854,0.0,0.9473023839397742,0.0,0.0,0.0,0.39848234905971647,0.65,0.0,1.0,1.0,0.0,0.0,0.0,0.5,0.6691519105312209,0.0,0.9990748389228482,0.8825067118835664,1.0,0.9375634789116374,0.9597711216208326,1.0,0.9012869231371934,0.0,0.8181818181818182,0.0,0.9891551409088883,0.736842105263158,0.46478873239436613,0.9526853158462688,0.5534713290785993,0.6666666666666667,0.33936529890886724,0.0,0.0,0.0,0.8076923076923077,0.9499688911732085,0.8077070608716179,0.6875,0.0,0.9785410562030448,0.5,0.9176282838202799,0.0,1.0,0.5,0.9185905224787363,0.984986800475586,0.0,0.44967362398259336,0.0,0.0,0.0,1.0,0.45661914460285136,0.5,0.0,0.7461412151067324,1.0,1.0,0.8876033057851239,0.7362336477030726,0.7777777777777778,0.0,0.0,0.0,0.7142857142857143,0.0,0.6623056035546779,0.44090299701595814,0.6074766355140186,0.8617985787797109,0.0,0.0,0.4742268041237113,0.91736066623959,0.0,0.6666666666666667,0.12797636289902092,0.1349511536063187,0.0,0.0,0.5038461538461539,0.7754524886877828,0.0,0.6080525883319639,0.0,0.0,0.0,0.0,0.4772896500372301,0.5340240169531433,0.5454545454545454,0.7121212121212122,0.5441795231416549,0.36111111111111116,0.0,0.7830968015251006,0.0,0.9722838137472284,0.5430519014589812,0.7948717948717949,0.1094543848022973,0.2809718100890207,0.0,0.0,0.6523315251408304,0.7692307692307692,0.0,0.09285714285714286,0.33333333333333337,0.3076923076923077,0.45977011494252884,0.08875048657065021,0.0,0.25,0.1438356164383563,0.4818181818181819,0.8862144420131292,0.7910353535353536,0.8095238095238095,0.31783276450511944,0.6066246920339446,0.0,0.26368363437328957,0.2932692307692307,0.0,0.2222222222222222,0.0,0.0,0.18274613105037874,0.0,0.0,0.7142857142857143,0.4925373134328359,0.0,0.0,0.6666666666666666,1.0,0.0,1.0,1.0,0.28873239436619724,0.2515723270440251,0.0,0.48108747044917255,0.32345180816389885,0.6,0.0,0.0,0.13043478260869568,0.0,0.5,1.0,0.9411764705882353,0.0,0.0,0.96,0.6666666666666667,0.75,0.0,0.0,1.0,0.7142857142857142,0.0,1.0,0.3691450461431308,0.6304347826086956,0.8087349397590361,0.25,1.0,0.658890290037831,0.0,1.0,0.28884026258205686,0.0,0.8551650692225772,0.0,0.0,1.0,1.0,0.6773283160865475,0.6666666666666667,0.6282722513089005,0.9150943396226415,0.0,1.0,0.08620689655172409,0.5714285714285714,1.0,0.0,0.0,0.6976177077471394,1.0,0.0,0.6503026227303295,1.0,0.2607049608355092,0.6793924466338259,0.0,0.0,0.0,1.0,0.36363636363636365,0.0,0.9074074074074074,0.33333333333333337,0.0,1.0,0.6666666666666666,0.5,0.5,0.5,0.5,0.22942286420717017,0.25,0.24042198778456414,0.7692307692307693,0.8491302503182011,0.8608247422680413,0.0,0.40064102564102555,0.0,0.0,0.8921885087153002,0.5270758122743682,0.7211474316210806,0.6883394746226078,0.7606100795755968,0.924791834542036,0.0,0.6893903024483918,0.11111111111111116,0.193781872018424,0.5,0.8447893569844789,1.0,0.7652849740932642,0.8,0.8,1.0,0.0,0.0,0.9166666666666666,0.9583333333333334,0.045038705137227186,0.008636277764283884,0.4619883040935673,0.22413793103448276,0.09922048422900187,0.5827725437415882,0.6666666666666667,0.7873447664104081,0.0,0.41666666666666663,0.0,0.9834539232255288,1.0,0.646714421221339,0.4991806636624335,0.09122935779816532,0.4444444444444444,0.06401667154642376,0.0,0.0,0.0,1.0,0.936964892412231,0.4140436681222708,1.0,0.0,1.0,1.0,0.9111713339355616,0.0,0.888888888888889,0.9047619047619048,0.7936132465996452,0.7377658476151145,0.0,0.0,0.0,0.0,0.5,0.7857142857142857,0.5613437195715678,0.0,0.0,0.6589271417133706,0.9375,runif
0.5714285714285714,0.33333333333333326,0.0,0.0,0.8526091586794462,0.0,0.7912966252220248,0.780718336483932,0.3842251840063656,0.0,0.4676012593601089,0.0,0.8385093167701864,0.6363416160352031,0.0,0.5985407089747941,0.0,0.0,0.8,0.6485124105967182,0.0,0.5,0.9131458469587965,0.0,0.0,0.7076609972379706,0.5983193277310924,0.0,0.16864518010791885,0.9309402115773209,0.0,0.0,0.8909682668836453,0.8328173374613003,0.0,0.0,0.0,0.0,0.0,0.0,0.9093520803055396,0.47109260166585,0.8655913978494624,0.8661413585228082,0.5001640061228951,0.3641088572872303,0.34930390066474337,0.5823497879753801,0.6440444406166566,0.6897402170338705,0.1952824633715493,0.33333333333333337,0.0,0.8753049785690735,0.0,0.1593096581480251,0.0,0.0,0.8137689614935822,0.8150725560265629,0.2616726526423806,0.24749465150320926,0.0,0.47496036556933685,0.9382716049382716,0.0,0.49572649572649563,0.9201320132013201,0.7218465539661898,0.711111111111111,0.11838006230529585,0.9206349206349207,0.8648648648648649,0.018671550453388086,0.7142857142857143,0.625,0.0,0.0,0.0,0.6000000000000001,0.0,0.0,1.0,0.9122079285901812,0.0,0.5555555555555556,0.904830734119437,0.0,0.8571428571428571,0.44067796610169496,0.6666666666666667,0.6201042442293373,0.0,0.17676225105363186,0.7,0.7465902352243526,0.78125,0.25,0.34733828536056943,0.33333333333333337,1.0,0.5107816711590296,0.2857142857142857,0.5,0.0,0.6428571428571428,0.16666666666666663,0.7945131791285638,0.8,0.5158107766253479,0.7777777777777778,0.5864424410540915,0.967948717948718,1.0,0.0,1.0,0.9166666666666666,0.0,0.2084115659031167,0.4626865671641792,0.7142857142857142,0.7054766349226437,0.2881032326025411,0.8795586883236286,0.0,0.4756238003838772,0.75,0.0,0.934643995749203,0.3913043478260869,0.0,0.33333333333333326,0.0,0.75,0.0,0.0,0.8358597896208726,0.0,0.0,0.9730502245814618,0.0,0.7912068351726593,0.6666666666666667,0.0,0.1578947368421053,0.7381671701913393,0.18892746208660693,0.6666666666666667,0.8571428571428572,0.4895352962043278,0.0,1.0,0.5,0.4285714285714285,0.0,0.702274388016076,0.0,0.9182385929135866,0.5692237263749917,0.0,0.6995290666254921,0.4722222222222222,1.0,0.0,0.9388415877203502,0.0,0.501956334611472,0.38820988304709725,0.9957066804052894,0.8085769583375777,0.23065338276181646,0.5,0.889795918367347,0.0,0.07790055248618777,0.875,0.8610424901185771,0.3076923076923077,0.7103004291845494,0.0,0.8,0.0,0.0,0.9142857142857143,0.9851745576279293,0.9335797678386244,0.9556836761036055,0.5842102250893244,0.0,0.657796852646638,0.0,0.6733198015336039,1.0,0.43795042699437614,1.0,1.0,0.0,0.0,0.6666666666666667,0.899516213087612,0.0,0.5150246955472608,0.15014112719657657,0.1797105425612182,0.0,0.0,0.0,1.0,0.5229735186244491,0.9230120933219178,0.0,0.0,0.0,0.0,0.0,0.8606119979254307,0.19999999999999996,0.8775510204081632,0.9916955017301038,0.6357537598636276,0.8369565217391304,0.871857719678401,0.0,0.0,1.0,0.8636363636363636,0.8930894308943089,0.5,1.0,0.9909729783232704,0.875,0.0,0.0,0.0,0.0,0.801731078904992,0.0,0.7122877122877123,0.6597938144329898,0.4213154871897318,0.0,0.6809815950920246,0.0,0.82699513672965,0.6427577570613608,0.0,0.6994061215166743,0.0,0.0,0.8571428571428572,0.8931087652710236,0.0,0.0,0.8223229191509659,0.0,1.0,0.0,0.6000000000000001,0.0,0.5375332378809572,0.8486074744108546,0.0,0.17588440458395616,0.7916666666666666,0.0,0.0,0.0,0.0,0.0,0.0,0.0,0.8187766432041241,0.2542420814479638,0.8730500268961807,0.8887739265390584,0.8906882591093117,0.0,0.69473604712635,0.7636815681606558,0.6887298747763864,0.9072121467735133,0.0,0.0,0.5376117832719622,0.7696775485679952,0.0,0.324503311258278,0.0,0.0,0.933639176357623,0.7996923550223043,0.22990654205607486,0.5714285714285714,0.0,0.7961302501179802,0.21088435374149672,0.19846856860565631,0.8473684210526315,1.0,0.8666666666666667,0.7880434782608695,1.0,1.0,0.9452380952380952,0.0,0.0,0.2500000000000001,0.0,0.0,1.0,0.0,0.0,0.5,1.0,0.9471308067007247,0.0,0.75,1.0,0.0,1.0,0.2647058823529411,0.0,0.9690181124880839,0.0,0.5069056714663532,0.7,0.9633943427620633,0.8830006882312457,0.36363636363636365,0.0,0.8571428571428572,1.0,0.5625,0.5714285714285714,0.0,0.0,0.75,0.0,0.6666666666666666,0.0,1.0,1.0,0.5966601474349331,0.9646643109540636,0.6875,0.0,0.9553571428571429,0.16666666666666663,1.0,0.2727272727272728,0.08333333333333337,0.0,0.9190351820556153,0.20603576751117725,0.8928571428571428,0.1114257706132229,0.6415332771693345,1.0,0.0,0.8289604782464297,0.0,0.0,0.33333333333333337,0.6666666666666667,0.6687804325670932,0.875,0.0,0.7413358538122243,0.0,0.0,0.9376947040498442,0.0,0.5,1.0,0.0,0.5882352941176471,0.6875,0.6666666666666667,0.8,1.0,0.0,0.0,0.8571428571428572,0.75,0.33333333333333326,0.0,0.9471270821635785,0.0,1.0,0.14932680538555698,0.8632986627043091,0.7568171658471167,0.39522653721682854,1.0,0.0,1.0,0.0,0.9370932754880694,0.8338220918866079,0.9818607372732592,0.6751872354281994,0.0,0.0,0.918429003021148,0.0,0.418969197926197,1.0,0.818121824061242,0.65,1.0,0.0,1.0,1.0,0.0,0.9117647058823529,0.9888888888888889,0.9690934572545549,0.9029495950638682,0.0,0.0,0.0,0.6974682387350334,0.36711478800413655,1.0,0.48279335912314636,0.9806451612903225,0.9545454545454546,0.0,0.0,0.6551724137931034,0.8732394366197183,0.0,0.0,0.3144793152639088,0.29812823576264436,0.0,0.0,0.0,0.9922220855878012,0.6398067241479081,0.9866716093484085,0.0,0.0,0.0,0.0,0.0,0.9428571428571428,0.5,0.7142857142857142,0.9994556341861731,0.9754022470785476,0.7781081081081082,0.9877001624506846,0.0,0.0,0.6774193548387096,1.0,0.8892057026476579,1.0,1.0,0.9924,0.9150943396226415,0.0,0.7933609958506225,0.0,0.0,0.6294117647058823,0.0,0.9333333333333333,0.7142857142857143,0.6991181047899016,0.0,0.3431276169670491,0.8333333333333334,0.8319444444444444,0.634004851808881,0.0,0.48583106267029974,0.0,0.0,0.6666666666666667,0.9689540937056318,0.0,0.6000000000000001,0.6592338295687885,0.0,0.0,1.0,0.47783621337340343,0.0,0.040983606557377095,0.671461897356143,0.0,0.0,1.0,0.8181818181818181,0.0,0.0,0.0,0.39429012345679004,0.0,0.0,0.9644549763033176,0.43345153664302594,0.7868757259001161,0.8690442494574959,0.3307277126372604,0.5388429752066117,0.0,0.0,0.0,0.7641759406465289,0.0,0.6666666666666667,0.8571428571428572,0.9767441860465116,0.01638530287984097,0.4042553191489361,0.0,0.0,0.5984848484848485,0.49729500371273994,0.6650862068965517,0.050000000000000044,0.29899691358024694,0.31446078431372537,0.0,0.0,1.0,0.8380952380952381,0.22222222222222232,0.2500000000000001,0.0,0.9798165137614678,1.0,0.0,0.8571428571428572,0.6781115879828326,1.0,0.0,0.0,1.0,0.0,0.0,0.0,1.0,0.17924528301886788,0.5714285714285714,0.9156372401325701,0.0,0.8,0.3882352941176471,0.8571428571428572,0.4347826086956522,1.0,0.33333333333333337,1.0,0.4259818731117825,0.6666666666666667,0.0,0.75,0.0,0.75,0.0,0.0,0.2500000000000001,0.0,0.0,0.5,0.5600858369098713,0.8,0.20338983050847448,0.8333333333333333,0.658096699923254,0.7006666666666667,0.0,0.5481927710843373,0.48951048951048937,0.0,0.27929069031032305,0.5714285714285714,0.75,0.7,0.46341463414634154,0.867653461036134,0.0,0.0,0.0,0.0,0.0,0.717741935483871,0.5714285714285714,0.15388983532084044,0.4285714285714285,1.0,0.5443181818181819,1.0,0.0,0.5523425240977359,1.0,0.1058860168171909,0.8546120952962737,0.0,0.0,0.0,1.0,0.18181818181818177,0.08333333333333326,0.0,0.6666666666666667,0.0,0.2592592592592592,0.6666666666666666,0.5,0.5,1.0,1.0,0.14841564187650458,0.0,0.8333333333333333,0.6923076923076923,0.0,1.0,0.7777777777777778,0.9458117890382627,0.0,0.773725092874029,0.0,0.38786489987047934,0.0,0.9117647058823529,0.9528539659006672,0.8170518207282913,0.8,0.9210526315789473,0.0,0.564105077435797,0.5,0.5442321302193913,0.29268292682926833,0.6666666666666667,0.0,0.8,0.0,0.0,1.0,0.9166666666666666,0.8709677419354839,0.7083333333333334,0.7620769453283193,0.0,0.5677966101694916,0.0,0.1536679536679536,0.6666666666666667,0.75,1.0,1.0,0.0,0.0,1.0,0.9114896184755479,0.0,0.6574636907800102,0.0,0.5935539392593414,0.0,0.0,0.0,1.0,0.9366544644278211,0.8128822201932849,0.0,0.0,0.0,0.0,0.0,0.8813559322033898,0.5555555555555556,0.9047619047619048,0.9515079834417505,0.24495449149188764,0.8011204481792717,0.8234193011647255,0.0,0.0,1.0,0.9285714285714286,1.0,0.0,1.0,1.0,0.8125,runif
0.5714285714285714,0.33333333333333326,0.7503740377030004,0.0,0.8579136690647482,0.6216995151533347,0.0,0.0,0.0,0.7227023433604787,0.0,0.5366795366795367,0.0,0.622667938248793,0.4,0.0,0.0,0.9954441913439636,0.0,0.47607463479087675,0.45784638000735023,0.5,0.0,0.7076209988916131,0.0,0.0,0.5983193277310924,0.0,0.14525089605734776,0.9313206639403416,0.0,0.2300826880168001,0.6645704087702898,0.33333333333333326,0.0,0.7536344755970924,0.0,0.14360658534504822,0.0,0.0,0.7780060257463708,0.9668494983277592,0.0,0.18145205181234347,0.4541359096830221,0.8075772681954139,0.48433482025715036,0.5967179192846785,0.7313432835820896,0.6983695652173914,0.13781344032096254,0.0,0.7740630013125273,0.16643283058575942,0.9615728328865059,0.0,0.0,0.041832449160035146,0.7571521035598705,0.7266198122402914,0.5417270479924986,0.9051475482582649,0.5930549939344925,0.6332324877821736,0.17543859649122806,0.45277917505030185,0.42041829138603337,0.8499234303215926,0.9958289885297185,0.3142857142857143,0.9214723926380368,0.0,0.8648648648648649,0.5593799728885485,0.5,0.4339622641509434,0.0,0.31639344262295077,0.6666666666666667,0.8,1.0,0.33333333333333337,0.0,0.5531149301825993,0.5800307219662059,0.33333333333333337,0.8852459016393442,0.2831689732327838,0.5714285714285714,0.0,0.25,0.0,0.0,0.20775142550202452,0.7,0.35510835913312677,1.0,0.0851648351648352,0.45197740112994356,0.0,1.0,0.0,0.2857142857142857,0.5,0.3046920254875458,0.0,0.0,0.39919975377039085,0.15000000000000002,0.7962536023054755,0.0,0.4611851019531379,0.6144578313253011,0.0,0.5023562676720076,0.44839114082741327,0.0,0.0,0.23948220064724923,0.0,0.7142857142857142,0.15510294724152163,0.0,0.7258010118043845,0.6120850271002709,0.9015151515151515,0.0,0.6666666666666667,0.6130690161527166,0.0,0.6910835300388334,0.0,0.0,1.0,0.875,0.5,0.30353430353430366,0.0,0.9371833839918946,0.46674812358177686,0.0,0.6946415897799858,0.33333333333333337,0.0,0.631578947368421,0.5044345898004434,0.296875,0.6666666666666667,0.8571428571428572,0.4397705544933078,0.75,1.0,0.75,0.9285714285714286,0.0,0.2632238656304837,0.0,0.7197700384852947,0.5123679227997313,0.36692620341805016,0.9995162070633768,0.41666666666666663,0.0,0.6666666666666667,0.6850874757011942,0.0,0.0,0.0,0.36164994425863994,0.93735691987513,1.0,0.6,0.0535714285714286,0.0714285714285714,0.7745124231899546,0.0,0.7251153592617008,0.3076923076923077,0.7448979591836735,0.0,0.8,0.0,0.0,0.9142857142857143,0.9803921568627451,0.6109708120737343,0.8178436431271374,0.05016089343176233,0.0,0.04973262032085579,0.986993079506774,0.7135115519535502,1.0,0.5203280109427266,0.8007456503728252,0.76,0.0,0.9866880566591364,0.933728981206726,0.9290060851926978,0.5196078431372548,0.5721393034825872,0.0,0.23914346210698734,0.0,0.0,0.0,0.9997927486406749,0.6018513444168216,0.7356508823425398,0.7368421052631579,0.9649122807017544,0.9746273920225699,0.6666666666666667,0.0,0.9839216478932765,0.0,0.7495271548230209,0.9919555640681862,0.22262049649055526,0.8369565217391304,0.06125780154224014,0.9272679002227788,0.0,1.0,1.0,0.919775388499543,0.5,1.0,0.0,0.8125,0.0,0.5741935483870968,0.7629534281416231,0.0,1.0,0.7916666666666666,0.0,0.0,0.0,0.5454545454545454,0.0,0.8,0.0,0.6362799263351748,0.5,0.0,0.0,0.6755718526279029,0.0,0.8120452518424635,0.8464923539550406,0.0,0.0,0.875192820081335,0.371274387712744,0.0,0.8,0.0,0.43581677117653306,0.8355365011313565,0.0,0.0,0.4285714285714285,0.0,0.0,1.0,0.0,0.6997351995460563,0.0,0.0,0.3360030511060259,0.9900723696418631,0.0,0.36331679073614565,0.6281279695913842,1.0,0.0,0.7694906923880321,1.0,0.9468717231737155,0.3170603674540683,1.0,0.9235772357723577,0.0,0.6495975575908965,0.0,0.0,0.17948717948717952,0.7462745485048851,0.8151362610657872,0.6664122137404581,0.9428571428571428,0.0,0.21958141184817304,0.0,0.6762075134168157,0.8473684210526315,0.9115417017691659,1.0,0.47058823529411764,1.0,0.1808859721082855,1.0,0.5669515669515669,1.0,0.2500000000000001,1.0,0.30379746835443044,1.0,1.0,0.0,0.0,0.0,0.8210094319245446,0.8256880733944955,0.2500000000000001,1.0,0.5552486187845305,0.5,0.0,1.0,0.20719178082191791,0.0,0.12846517917511824,0.7,0.0,0.14750000000000008,0.36363636363636365,0.0,1.0,1.0,0.0,0.5714285714285714,0.0,0.303875968992248,0.0,0.09999999999999998,0.5238095238095237,0.0,0.8192419825072885,0.5,0.0,0.37054565701559006,0.0,0.46739130434782616,0.7617924528301887,0.0,1.0,0.6363636363636365,0.0,0.5833333333333333,0.6172244897959184,0.0,0.8571428571428572,0.0,0.0,0.0,0.0,0.7111650485436893,0.6666666666666667,0.6926920674578388,0.33333333333333337,0.6666666666666667,0.9710649901530071,0.875,0.25,0.19249643818268136,0.0,0.666775884665793,0.75,0.0,0.8066197550169403,0.0,0.44999999999999996,0.0,0.7549770290964778,0.0,0.8,1.0,0.0,1.0,0.1428571428571429,0.75,1.0,1.0,0.0,0.0,0.7027059102777119,0.7252208047105004,0.0,0.674074074074074,0.49764150943396224,0.38847305389221554,0.6470588235294118,0.36496350364963503,0.0,0.0,0.8090430201931519,0.5877031987414787,0.9490835030549898,1.0,0.6,0.0,0.0,0.6361248905748469,0.0,0.43786671754996886,0.65,1.0,0.0,1.0,1.0,0.0,0.9117647058823529,0.9888888888888889,0.764373232799246,0.7242700156985871,0.9007741027445462,0.0,0.0,0.9914059161483311,0.31853281853281856,1.0,0.7727690977869897,0.6933333333333334,0.8181818181818182,0.0,0.98519793773114,0.9314707432788614,0.9436619718309859,0.9524792096542237,0.8163405861796291,0.0,0.05305186590765343,0.0,0.0,0.0,0.9919235024498182,0.6093530915789185,0.8029493870615366,0.6875,0.9047619047619048,0.9702538935349793,0.5,0.0,1.0,0.0,0.7258335080729713,0.9411764705882353,0.663057352876447,0.7828135517164012,0.73003037884203,0.8637634435684961,0.0,0.6774193548387096,0.75,0.0,1.0,1.0,0.0,0.8292682926829268,1.0,0.8607655502392344,0.7258220502901354,0.0,1.0,0.47992036795496673,0.0,0.0,0.0,0.6779725609756098,0.0,0.33333333333333326,0.0,0.48105426160604237,0.33333333333333326,0.0,0.0,0.6623806024981631,0.0,0.11988304093567259,0.3099218718374287,0.6000000000000001,0.0,0.7027386839102321,0.0,0.0,0.0,0.0,0.040983606557377095,0.6694182389937107,0.0,0.4772896500372301,0.53934611048478,0.5454545454545454,0.0,0.8685744568097509,0.33333333333333326,0.0,0.0,0.0,0.9724061810154525,0.9559572301425662,0.0,0.10134107562560468,0.30828872069411095,0.6981132075471699,0.804513009440479,0.6341374166127172,0.7692307692307692,0.0,0.45584415584415583,0.0,0.7948717948717949,0.4913793103448275,0.9308755760368663,0.0,0.0,0.0685563612392881,0.8367346938775511,0.26341604154645115,0.22654941373534343,0.8095238095238095,0.7377701934015928,0.7069040382110291,0.5409836065573771,0.7701149425287357,1.0,0.6952380952380952,0.5555555555555556,0.0,0.8571428571428572,0.06578947368421051,0.0,0.4461732548359967,0.2857142857142858,0.46341463414634154,0.0,0.4220055710306406,0.6666666666666666,0.8,0.0,1.0,0.33333333333333326,0.28873239436619724,0.4764150943396226,0.5714285714285714,0.9277433539876074,0.1291485207989186,0.6,0.08510638297872364,0.5714285714285714,0.0,1.0,0.75,1.0,0.16666666666666663,1.0,0.0,0.0,0.33333333333333337,0.75,0.0,0.0,0.2500000000000001,0.0,0.0,0.5,0.3691450461431308,0.10909090909090913,0.9290465631929047,0.0,0.0,1.0,0.38888888888888884,1.0,0.17647058823529416,0.0,0.2543290043290044,0.7142857142857142,0.25,0.19999999999999996,0.04878048780487809,0.0,0.4444444444444444,0.4842209072978303,0.9158878504672897,1.0,1.0,0.09659090909090906,0.0,0.9134615384615384,0.0,0.33333333333333337,0.7715250422059652,1.0,1.0,0.7555555555555555,1.0,0.7593423019431988,0.0,0.0,1.0,1.0,0.0,0.9090909090909091,0.08333333333333326,1.0,0.6666666666666667,0.0,0.052631578947368474,0.6666666666666666,1.0,1.0,0.5,0.0,0.6266732162593639,0.0,0.9178551055333714,0.3846153846153846,0.6763456903477563,1.0,0.0,0.0,1.0,0.8360655737704918,0.0,0.0,0.0,0.08332334252487705,1.0,1.0,0.8,0.025924147863658265,0.11111111111111116,0.3720367682631832,0.5,0.9245867768595042,0.29268292682926833,0.6983240223463687,0.0,0.8,0.0,0.0,1.0,0.9166666666666666,0.5967741935483871,0.7048022598870056,0.0,0.0,0.4482758620689654,0.3338801656120616,0.3723653395784543,0.6666666666666667,0.3421598388987407,0.10398613518197575,0.41666666666666663,0.0,0.9834539232255288,1.0,0.9349425964085958,0.7448524590163934,0.47916520272644225,0.0,0.4041995632454226,0.0,0.0,0.0,1.0,0.9360762436076244,0.524822558247184,1.0,1.0,0.9655172413793104,1.0,0.0,0.9661016949152542,0.0,0.7272727272727273,1.0,0.0,0.8011204481792717,0.0,0.9480234523937988,0.0,0.75,0.7857142857142857,1.0,0.0,1.0,0.0,0.75,runif
0.0,0.33333333333333326,0.0,0.8913605794102432,0.8111851147055714,0.6216995151533347,0.7912966252220248,0.760757994472957,0.7205068043172219,0.7094116075007795,0.4860351222311018,0.0,0.0,0.0,0.4,0.893534338358459,0.0,0.9092715231788079,0.8,0.5689313081554461,0.5753623994364736,0.0,0.0,0.0,0.28578416616496083,0.7469682835820896,0.6661002548853017,0.0,0.0,0.0,0.9473684210526315,0.6996633257226887,0.0,0.01176470588235301,0.0,0.0,0.0,0.0,0.0,0.0,0.8543537454376919,0.6618705035971222,0.24428217717906753,0.9518211157215306,1.0,0.0,0.06628355851903833,0.7936875222490547,0.3808921798808017,1.0,0.0,0.6666666666666667,0.006352910670296752,0.03402658525726665,0.7474838983650649,0.23749650740430273,0.8153921890383985,0.0,0.4818749635164321,0.972382330578107,0.6981818181818182,0.9155844155844156,0.5523130715438409,0.0,0.4649122807017544,0.977390956382553,0.25,0.9197080291970803,0.0,1.0,0.0,0.6486486486486487,0.6486486486486487,0.04887790034233541,0.8571428571428572,1.0,0.0,0.08302248747735275,0.0,0.0,0.0,0.6666666666666667,1.0,0.898932013545194,0.18862373324615878,0.5555555555555556,0.43785224676313783,0.2553151458137347,0.8571428571428571,0.8813559322033898,0.6666666666666667,0.0,0.0,0.6494504586397818,0.7,0.0,0.0625,0.0,0.6552631578947369,0.3066132264529058,0.5038759689922481,0.46896551724137936,0.8571428571428572,0.8823529411764706,0.8329683456101931,0.6428571428571428,0.9166666666666666,0.04387546580117807,0.0,0.0,0.75,0.0,0.9584816132858838,1.0,0.4920285871357889,0.8620689655172413,0.0,0.9262609649122807,0.7049180327868853,0.0,0.33333333333333337,0.5017366592990211,0.2917024145115824,0.9642553191489361,0.0,0.4752186588921282,0.0,0.0,0.9309245483528161,0.0,0.6944170540451706,0.4444444444444444,0.0,0.6050775740479548,1.0,0.0,0.0,0.0,0.5693268768713267,0.48582317073170733,0.5,0.0,0.33333333333333337,0.0,0.0,0.0,0.7158779462817468,0.6666666666666667,0.0,0.6017728168089298,0.0,0.7894736842105263,0.5,0.9285714285714286,0.5,0.6321633337994685,0.0,0.7510980966325036,0.7475728155339805,0.14145442071863468,0.0,0.7222222222222222,1.0,0.6666666666666667,0.8600401158903499,0.0,1.0,0.9878442073927065,0.6808455284552846,0.0,0.0,1.0,0.8214285714285714,0.15384615384615385,0.9911925066405703,0.5,0.3931178310740354,0.8269230769230769,0.0,0.0,0.8,0.0,0.9475666829121911,0.9142857142857143,0.0,0.6210300359390499,0.9570708585828284,0.0,0.0,0.023832935337360195,0.0,0.713802353964763,1.0,0.8373996547621043,0.9971002485501242,0.84,0.0,0.0,0.9311457772996234,0.0,0.0,0.5667506297229219,0.0,0.5300930713547052,0.0,0.0,0.0,0.9997471402769416,0.0,0.9343310618006034,0.9473684210526315,0.0,0.9776107037819477,0.6666666666666667,0.9913100152074734,0.9151735034232547,0.19999999999999996,0.0,0.9866962305986696,0.0,0.9347826086956522,0.2477967022080676,0.928008243688426,0.0,0.0,0.13494318181818177,0.0,0.5,0.0,0.6551372308948067,0.8125,0.0,0.0,0.0,0.9105003523608175,0.794921875,0.6714285714285715,0.7122877122877123,0.7729591836734694,0.7691326530612245,0.5945945945945946,0.779874213836478,0.0,0.0,0.0,0.5,0.911425967354379,0.0,0.6755718526279029,0.8571428571428572,0.8594923783823207,0.8894462893615016,0.0,0.0,0.0,0.0,0.94,0.6000000000000001,0.0,0.0,0.0,0.6666666666666667,0.6421052631578947,0.0,0.5,0.0,0.0,0.0,0.0,0.0,0.0,0.8500595947556615,0.8492316613511163,0.46401925391095067,0.9323794590356723,0.8907882241215574,0.0,0.4474786396381303,0.9456832682086037,0.29861982434127965,0.9650606840750275,0.3076923076923076,1.0,0.5644780349551253,0.7423473088640651,0.6513963406245702,0.2325383304940375,0.7345679012345678,0.0,0.6394734002374016,1.0,0.8719750195160031,0.9428571428571428,0.028154749848085858,0.0,1.0,0.9199048834241967,0.8473684210526315,1.0,0.0,1.0,0.0,0.22687439143135346,0.39047619047619064,0.18467220683287167,0.75,1.0,1.0,0.354673495518566,0.0,1.0,0.0,1.0,0.0,0.8147300133562296,0.2609308885754583,0.75,1.0,0.4931129476584022,1.0,0.8571428571428571,1.0,0.6738197424892705,0.0,0.8830443726124008,0.7,0.0,0.140068886337543,0.0,0.5959510754955715,0.8571428571428572,0.36363636363636365,0.5625,1.0,1.0,0.8507831821929102,0.75,0.9,0.0,0.0,0.0,1.0,0.0,0.6186699206833435,0.9375,0.17288651942117295,0.9251700680272109,0.0,1.0,0.6363636363636365,0.0,0.5833333333333333,0.9388142292490118,0.0,1.0,0.11557994757536039,0.6415332771693345,0.0,0.0,0.8341033179336413,0.6666666666666667,0.7175907135319425,0.6666666666666667,0.6666666666666667,0.39219138359569206,1.0,0.0,0.013945233265720058,0.0,0.9606872451951077,0.3125,1.0,0.0,0.0,0.0,0.3529411764705882,0.0,0.9303112313937754,0.8,0.0,0.16129032258064502,0.5,0.8571428571428572,1.0,1.0,1.0,0.5248083475298125,0.0,0.9016344944900525,0.6937431394072449,0.0,0.0,0.9583333333333334,1.0,0.6470588235294118,0.7022900763358779,0.0,1.0,0.48477011494252864,0.0,0.09452736318407962,0.0,1.0,1.0,0.0,1.0,1.0,0.43786671754996886,0.8,0.625,0.0,1.0,1.0,0.9541781232090768,0.9117647058823529,0.0,0.66996699669967,0.9360778497268748,0.47058823529411764,0.0,0.8142356430304665,0.0,0.36711478800413655,1.0,0.9095393706074578,0.9230769230769231,0.9545454545454546,0.0,0.0,0.9286946520989074,0.0,0.0,0.8281660784917458,0.0,0.17327342114982147,0.0,0.0,0.0,0.9983443708609272,0.0,0.9804238422826539,0.9375,0.0,0.9776923076923076,0.5,1.0,1.0,0.5,0.0,1.0,0.0,0.9424324324324325,0.8508228481403419,0.8655514404315081,0.0,0.75,0.5,0.8444444444444444,1.0,0.0,0.5622923588039868,0.7777777777777778,1.0,0.8522536687631027,0.0,0.7777777777777778,0.650632911392405,0.48913409136782604,0.9333333333333333,0.7142857142857143,0.7158119658119657,0.6686246708527446,0.44090299701595814,0.0,0.0,0.0,0.33333333333333326,0.48583106267029974,0.0,0.6708033964728934,0.6666666666666667,0.12951511298618734,0.3099218718374287,0.0,0.0,0.0,0.0,0.5357142857142858,0.6077795786061588,0.0,0.0,0.0,0.7777777777777778,0.8237704918032787,0.0,0.8181818181818181,0.0,0.0,0.2843137254901962,0.4516599781101788,0.0,0.0,0.9612903225806452,0.5997438360550753,0.39956172388604805,0.39142695995487864,0.7912848326164204,0.31323922167111795,0.0,0.6479232268705952,0.3076923076923076,1.0,0.39634146341463417,0.6666666666666667,0.20512820512820518,0.0,0.9516509433962264,0.4042553191489361,0.0,0.0,1.0,0.9213122275751319,0.3350168350168351,1.0,0.7065120428189118,0.0,0.5081967213114753,1.0,0.25,0.8380952380952381,0.7664399092970522,1.0,0.0,0.18274613105037874,0.0,0.0,0.7142857142857143,0.7647058823529411,0.0,0.0,0.6666666666666666,0.0,0.0,0.5,1.0,0.7832140015910899,0.6198347107438016,0.5714285714285714,0.4953428004275462,0.06169665809768643,0.8,0.25531914893617036,1.0,0.0,1.0,0.7777777777777778,1.0,0.0,0.0,0.5,0.5,0.0,0.5,0.0,0.5,0.5,0.2857142857142857,0.0,1.0,0.0357142857142857,0.19565217391304357,0.0,0.33333333333333326,0.0,0.0,0.5757575757575758,1.0,1.0,0.0,0.32781456953642385,0.7300613496932515,0.25,0.19999999999999996,0.4883720930232558,0.0,0.6666666666666667,0.12590639419907723,0.0,1.0,0.0,0.03691275167785235,0.0,0.9021739130434783,0.4285714285714285,1.0,0.5639821554355482,0.0,0.0,0.0,1.0,0.38144736842105276,0.07147220525351261,0.0,0.5396825396825395,1.0,1.0,0.0,0.0,0.574074074074074,0.6666666666666667,1.0,0.2592592592592592,0.0,0.5,0.0,0.5,0.5,0.9559435862995299,0.0,0.0,0.8666666666666667,0.5845802161263509,0.19999999999999996,0.5555555555555556,0.9562146892655368,1.0,0.6567164179104478,0.0,0.9778812572759022,1.0,0.6163011387600168,0.0,0.812874921658161,0.0,1.0,0.375,0.8329177057356609,0.0,0.7913669064748201,0.8780487804878049,0.0,0.0,0.8,0.0,0.92740906129385,1.0,0.0,0.5967741935483871,0.8435734463276836,0.0,0.0,0.0,0.5976829389048421,0.07883302296710115,0.33333333333333337,0.794455558731066,0.7821482602118003,1.0,0.0,0.0,1.0,0.0,0.0,0.7725204731574158,0.0,0.06664466182560169,0.0,0.0,0.0,0.9538228614685844,0.0,0.8064909887269333,1.0,0.0,0.8629032258064516,1.0,1.0,0.9574468085106382,0.5555555555555556,0.0,0.9356862745098039,0.26963512677798385,0.88125,0.0,0.9798841428480489,0.0,0.75,0.0,0.0,0.0,0.0,0.6830304581520349,0.75,runif
0.0,0.0,0.6503538928210315,0.0,0.0,0.7070504855262553,0.7912966252220248,0.0,0.0,0.700764504479152,0.0,0.32978723404255317,0.0,0.0,0.0,0.0,0.9827373612823674,0.0,0.0,0.0,0.0,0.0,0.7001684944869786,0.7494780793319415,0.0,0.6300448430493273,0.0,0.6030888030888031,0.14395709748936425,0.0,1.0,0.22309997275946614,0.0,0.33333333333333326,0.0,0.0,0.0,0.0,0.0,0.0,0.5246948508608844,0.6155255705480593,0.0,0.8660268896384626,0.45575933075933084,0.578383641674781,0.48953579858379226,0.327717736808646,0.39284317559640203,0.5633948149103574,0.37473500436463403,0.33333333333333337,0.031136065334694374,0.3949017066321019,0.0,0.0,0.714480408858603,0.047020739602765205,0.36630454354480524,0.5786908549380627,0.6956434450913471,0.23231728845474886,0.0,0.9409171075837742,0.0,0.0,0.4118705035971224,0.8178752107925802,0.0,0.16145833333333326,0.0,0.9248986361960929,0.4285714285714286,0.9086882050676275,0.7142857142857143,0.4545454545454545,0.0,0.0,0.0,0.6000000000000001,0.0,0.0,0.0,0.8607948442534908,0.8130865484880083,0.5555555555555556,0.0,0.2799351501582644,0.5714285714285714,0.0,0.6666666666666667,0.766993652625505,0.0,0.204192401272693,0.5,0.39963054187192126,0.0,0.8011928429423459,0.47948717948717956,0.0,1.0,0.46896551724137936,0.2857142857142857,0.9364102564102564,0.0,0.0,0.0,0.34619461522153916,0.75,0.8154335719968179,0.33333333333333337,0.5824630265647999,0.0,0.0,0.24609695973705836,0.285311324697033,0.0,0.8088606453939067,0.009763424708974844,0.5,0.5,0.6478451715881884,0.0,1.0,0.5765912919197591,0.4261492087415222,0.75,0.6666666666666667,0.7297435897435898,0.583941605839416,0.7165879863258993,0.7777777777777778,0.0,0.6734693877551019,0.0,0.5,0.525279054497702,0.0,0.043795019551348124,0.0,0.0,0.46113582831719435,0.0,0.8214285714285715,0.478908188585608,0.8106350420811017,0.7158779462817467,0.33333333333333337,0.0,0.1923076923076925,0.25,0.0,0.75,0.9285714285714286,0.0,0.6464445549477873,0.0,0.8690238869653412,0.4833182503770739,0.0,0.0,0.0,0.5655076948131259,0.0,0.7152841081738073,0.5095018885741265,0.501956334611472,0.6453837990802971,0.272997725018958,0.9202474110866408,1.0,0.0,0.19552058111380144,0.15384615384615385,0.9911925066405703,0.8333333333333334,0.23748376857596298,0.3076923076923077,0.706266318537859,0.875,0.0,0.0,0.0,0.0,0.0,0.9827529566360053,0.09251991913426105,0.6521341710345148,1.0,0.0,0.858746103221337,0.0,1.0,0.730150422952653,0.8160301237224314,1.0,0.0,0.96486447614849,0.2049488972565896,0.6248167840206926,0.001585081585081527,0.3411230746946068,0.6636263261485287,0.6282441801166043,0.0,0.0,0.0,0.9698463872558316,0.9561398450863942,0.0,0.7368421052631579,1.0,0.9961587708066582,0.6666666666666667,0.9811320754716981,0.0,0.23214285714285698,1.0,0.8683878209625369,0.5031760057351495,0.9347826086956522,0.0,0.9032340394501769,0.9375,0.2500000000000001,0.3835227272727273,0.0,0.5,1.0,0.981267330800041,0.875,0.0,1.0,0.7607294355630029,0.0,0.0,0.6714285714285715,0.7122877122877123,0.8767123287671232,0.0,0.5945945945945946,0.0,0.0,0.0,0.0,0.0,0.0,1.0,0.0,0.0,0.0,0.0,0.0,0.8534326124906481,0.9775561097256857,0.0,0.8679245283018868,0.0,0.5189873417721519,0.5643329951200657,0.0,0.6666666666666667,0.46182736957115533,0.0,0.0,0.0,0.0,0.0,0.0,0.0,0.0,0.4973214285714286,0.7829855537720707,0.0,0.918530588061028,0.909189861607837,0.0,0.0,0.0,0.2931581332125057,0.7597048444016683,0.2943722943722943,1.0,0.6491152968036529,0.5480952380952381,0.0,0.0,0.75,0.14491614255765184,0.571143882024711,0.8124354526917883,0.8664826634466103,0.5714285714285714,0.0,0.9007444168734492,1.0,0.138482677397193,0.8473684210526315,0.8411497730711044,0.6000000000000001,0.2551724137931034,0.0,0.9382448537378115,0.26521739130434796,0.8500461680517082,0.0,0.2500000000000001,0.0,0.0,1.0,0.0,0.0,0.5,1.0,0.9411807368726429,0.8581979320531757,0.75,0.0,0.5686546463245492,1.0,0.8571428571428572,0.8333333333333334,0.9957537154989384,0.0,0.06758742286218045,0.7,0.5323741007194244,0.0,0.8636363636363636,0.0,1.0,1.0,0.4375,0.5714285714285714,1.0,0.0,0.0,0.0,0.0,0.0,0.84,1.0,0.5659340659340659,0.0,0.0,0.8485002541942044,0.0,0.0,0.9230769230769231,0.4545454545454546,0.9166666666666666,0.5833333333333333,0.9297969688304261,0.0,0.8571428571428572,0.9845023166640038,0.6524852569502948,1.0,0.0,0.06818181818181834,0.33333333333333337,0.6914428482198626,1.0,0.6666666666666667,0.3832056627557453,0.875,0.25,0.25970548862115117,0.0,0.25684931506849307,0.0,0.0,0.4790343074968234,0.0,0.9,0.8235294117647058,0.8686493184634448,1.0,0.6000000000000001,0.0,0.0,0.0,0.0,0.75,1.0,0.5,0.4571474773609314,0.0,1.0,0.7252208047105004,0.12535816618911177,0.6187594553706506,0.0,0.38847305389221554,0.0,1.0,0.8407156505124197,0.8641221374045802,0.5523206237056889,0.5791730129181476,1.0,1.0,0.0,0.5043914680050189,0.0,1.0,1.0,0.316305021698698,0.65,1.0,1.0,1.0,1.0,0.0,0.0,0.0,1.0,0.37038689172289085,1.0,0.9811188811188811,0.6604238541153278,0.8986752957831934,0.0,1.0,0.8616064848931466,1.0,0.6818181818181819,0.0,0.9734901523968149,0.21219091431857395,0.46478873239436613,0.804923808134081,0.5470488123720494,0.7298075815186083,0.5691947133855847,0.0,0.0,0.0,0.9922220855878012,0.9548986824839449,0.0,0.6875,1.0,0.9967083457151348,0.5,1.0,0.0,0.5,1.0,0.9383846794338052,0.8298549107142857,0.9155716162943496,0.7670889823713006,0.7600984211605495,1.0,0.0,0.75,0.0,1.0,1.0,0.9051749060422087,0.9150943396226415,1.0,0.0,0.6727536231884059,0.0,0.0,0.5816015883520846,0.9333333333333333,0.7142857142857143,0.0,0.6756861981701383,0.0,0.8333333333333334,0.0,0.0,0.0,0.0,0.8840148698884758,0.0,0.0,0.0,0.0,0.0,0.8908052908776585,0.709828674481515,0.0,0.5357142857142858,0.0,0.6911054276783177,0.0,0.0,0.7777777777777778,0.4772896500372301,0.0,0.0,0.0,0.0,0.28042328042328046,0.0,0.0,0.0,0.9722838137472284,0.5258647716584806,0.0,0.8279213607245417,0.2987327618337683,0.5889710062535533,0.7668269230769231,0.6382747372236317,0.7692307692307692,0.625,0.0,0.33333333333333337,0.20512820512820518,0.45977011494252884,0.16374687164819457,0.0,0.0,0.1438356164383563,0.4930875576036866,0.0,0.3331914893617022,0.05714285714285716,0.31783276450511944,0.8589093857693088,0.0,0.1428571428571429,1.0,1.0,0.7573696145124718,0.0,0.0,0.9798165137614678,0.0,0.8741755454084221,0.8571428571428572,0.5952380952380952,1.0,0.0,0.0,1.0,0.0,0.0,0.0,0.8096304591265397,0.4764150943396226,0.5714285714285714,0.0,0.32345180816389885,0.3999999999999999,0.21052631578947367,0.8571428571428572,0.5652173913043479,1.0,0.75,0.5,0.4259818731117825,0.0,0.75,0.0,0.33333333333333337,0.75,0.0,0.0,1.0,0.0,0.0,0.0,0.39708900914349676,0.8,0.9766997708174179,0.16666666666666663,1.0,0.6969314838167298,0.75,0.0,0.5691756272401434,0.625,0.41788856304985333,0.4285714285714286,0.25,0.19999999999999996,0.46341463414634154,0.0,0.4444444444444444,0.6282722513089005,0.0,0.0,1.0,0.06329113924050633,0.7142857142857143,0.9134615384615384,0.7142857142857142,0.6666666666666667,0.8680981595092024,1.0,1.0,0.0,1.0,0.3966165413533834,0.3928571428571429,0.0,0.0,0.0,0.0,0.36363636363636365,0.6666666666666666,0.5730593607305936,0.33333333333333337,1.0,0.6085858585858586,0.6666666666666666,0.0,1.0,0.5,0.5,0.9623918277051207,0.0,0.3689320388349513,0.3846153846153846,0.0,0.0,0.0,0.0,0.0,0.7049180327868853,0.2566171723692705,0.3233578219533275,1.0,0.0,0.7492997198879552,1.0,0.0,0.002400384061449823,0.375,0.8730641050774358,0.5,0.9277522935779816,0.29268292682926833,0.6931818181818181,0.8,0.0,0.0,0.0,0.0,0.0,0.967741935483871,0.0,0.695679162281057,1.0,0.0,0.10008818342151682,0.4928940568475453,0.33333333333333337,0.46252458192249124,0.85,1.0,0.0,0.9444133866341543,0.5,0.6506703048997509,0.0,0.1471663619744058,0.0,0.6841361968895854,0.0,0.0,0.0,1.0,0.9832402234636871,0.0,1.0,1.0,1.0,1.0,0.966743119266055,0.0,0.5555555555555556,1.0,0.8787446504992867,0.24495449149188764,0.9125874125874126,0.047037984648691133,0.6501983411467724,0.9,1.0,0.3571428571428572,0.0,0.0,1.0,1.0,0.8125,runif
0.5714285714285714,0.5555555555555556,0.659912564151302,0.8590888451642198,0.8079874706342991,0.0,0.746875,0.0,0.7422760709649503,0.0,0.4676012593601089,0.857889237199582,0.0,0.6539057052016973,0.4,0.6261283393932587,0.7619047619047619,0.0,0.0,0.0,0.0,0.5,0.7001684944869786,0.7065285844237632,0.437295656235404,0.0,0.0,0.0,0.12974732123668287,0.0,0.0,0.5839119340098511,0.6446091890902435,0.0,0.7925983790645446,0.7695657482397948,0.0,0.11907894736842095,0.0,0.0,0.0,0.0,0.8535992710337147,0.0,0.5035834509718753,0.7984420642648491,0.13282602991340864,0.7453623620638234,0.7162162162162162,0.9491835800396765,0.9525116334566281,0.33333333333333337,0.7740630013125273,0.56077166577077,0.276352800953516,0.23364223532715522,0.727779674519176,0.0,0.0,0.8002605595172791,0.7195614961576282,0.5692543652666353,0.5480468297206444,0.8758100031456433,0.631578947368421,0.7405724953329185,0.8284296348812478,0.08094435075885331,0.9612215909090909,0.6390465380249717,0.9348591549295775,0.4920634920634921,0.8571428571428572,0.5779563501497789,0.0,1.0,0.0,0.20089285714285698,0.6666666666666667,0.8,1.0,0.0,1.0,0.5531149301825993,0.0,0.33333333333333337,0.4389501711677444,0.28442991418062935,0.5714285714285714,0.8333333333333334,0.0,0.6544459190444591,0.0,0.20775142550202452,0.30000000000000004,0.9696969696969697,0.0,0.7572815533980582,0.9965392717424014,1.0,0.7448648648648649,0.31818181818181823,0.5714285714285714,0.0,0.9739413680781759,0.6428571428571428,0.0,0.7471445450964946,0.625,0.5196374622356494,0.7777777777777778,0.4611393827242086,0.9682791435368755,1.0,0.8897058823529411,0.2932511491851232,0.5,0.8467354873307413,0.009763424708974844,0.5486725663716814,0.0,0.46517079705291364,0.6655836881021734,0.0,0.0,0.0,0.75,0.6666666666666667,0.2238095238095238,0.583941605839416,0.8125610152945004,0.33333333333333326,0.0,0.0,1.0,0.5,0.0,0.0,0.266962305986696,0.3083476764199655,0.0,0.46113582831719435,0.33333333333333337,0.0,0.631578947368421,0.4265003371544168,0.0,0.0,0.0,0.0,0.75,1.0,0.0,0.9285714285714286,0.5,0.0,0.0,0.9172086893678527,0.9011963057087956,0.6359183673469389,0.4419502775766352,0.7222222222222222,0.6883962056033532,0.6666666666666667,0.43190751445086706,0.0,0.9159288441231419,0.0,0.9246031746031746,0.44880174291939,0.6608838437923895,0.8,0.7678571428571429,0.0,0.0,0.0,0.4233455271034253,0.8269230769230769,0.11665098777046101,0.75,0.0,0.5,0.947150205584324,0.33333333333333326,0.0,0.9085787136042112,0.0,0.017691230749650066,0.9824521028709511,0.454389367587676,0.9370374536047689,0.9392524494980041,0.0,0.5206486887846367,0.8160301237224314,0.76,0.9954661298731997,0.0,1.0,0.9381774611519278,0.02941176470588236,0.9452344483423094,0.6636263261485287,0.0,0.0,0.0,0.0,1.0,0.9422956529058665,0.9220284789117859,0.9473684210526315,0.0,1.0,0.6666666666666667,0.9009433962264151,0.0,0.7483870967741936,0.0,0.8616166794838931,0.9891148367225508,0.8369565217391304,0.09563554277610453,0.9689620057084666,0.0,0.525,1.0,0.9188570422225157,0.5,0.96875,0.0,0.875,0.0,0.0,0.7800482863329765,0.964329643296433,0.794921875,0.0,0.6425925925925926,0.0,0.7691326530612245,0.0,0.7515789473684211,0.8,0.0,0.7596403178586365,0.5,0.6087819778541428,1.0,0.0,0.0,0.0,0.0,0.0,0.8224836428524223,0.9795918367346939,0.0,0.0,0.0,0.0,0.5972869360070774,0.0,0.0,0.0,0.45679012345679015,0.0,0.8841698841698842,0.7073170731707317,0.0,0.6806284957943725,0.0,0.0,0.0,0.0,0.8874856486796785,0.0,0.8193224592220829,1.0,0.039802747446284203,0.9518273955773956,0.0,1.0,1.0,1.0,0.7847328244274809,0.8942939784380752,0.22148209825145704,0.2222222222222222,0.7622448979591837,0.0,0.0,0.8004170390229371,0.8713052576510594,0.6857142857142857,0.926172574292875,0.9007444168734492,0.924119241192412,0.8440904419321685,0.6947368421052631,0.16944024205748864,1.0,0.8125,0.9685039370078741,0.790356394129979,0.682608695652174,0.5669515669515669,0.5,0.0,1.0,0.31776556776556786,1.0,1.0,0.0,0.5,1.0,0.8193707767201918,0.0,0.2500000000000001,1.0,0.565880721220527,0.5,1.0,0.6666666666666667,0.9951923076923077,0.0,0.1256738544474395,0.29999999999999993,0.9090909090909091,0.025000000000000133,0.8636363636363636,1.0,0.0,0.8636363636363636,0.0,0.8571428571428571,0.0,1.0,0.75,0.0,0.8260869565217391,0.5,0.7276264591439688,1.0,0.0,1.0,0.9375,0.9235511713933415,0.0,0.75,0.9230769230769231,0.4545454545454546,0.9166666666666666,0.5416666666666667,0.9297969688304261,0.592057761732852,0.0,0.593872870249017,0.7219983883964545,1.0,0.0,0.7142857142857143,1.0,0.941545955646712,0.33333333333333337,0.6666666666666667,0.0,0.375,0.25,0.3248407643312101,0.0,0.2534246575342466,1.0,0.0,0.4790343074968233,0.0,0.0,0.0,0.7222222222222222,0.2962529274004685,0.0,0.0,0.7272727272727273,1.0,0.8571428571428572,0.0,1.0,1.0,0.0,0.0,0.7557894736842106,1.0,0.7820186598812553,0.8926654740608229,0.9583333333333334,0.619718309859155,0.6470588235294118,0.5596285434995112,0.8124787487249234,1.0,0.3476562499999999,0.5054027696508678,0.5278969957081545,0.7762145748987854,0.8,0.9402129402129402,0.0,0.0,0.0,0.43194894357685043,0.8,0.2499999999999999,0.6666666666666666,1.0,0.0,0.9861132782025277,0.33333333333333326,0.0,0.9341980385953812,0.37038689172289085,0.9020857473928158,0.9580093312597201,0.0,0.9521247492248769,0.9302325581395349,0.0,0.764204100798247,0.9873949579831933,0.8181818181818182,0.9968707063635937,0.0,1.0,0.9436619718309859,0.5231595059864544,0.9644821547492786,0.9318433281699491,0.0,0.0,0.0,0.0,0.9960012644223171,0.9548274100561921,0.9882766184491345,0.9375,0.0,0.9996051373706305,0.5,0.9270024406478811,0.0,0.5,0.0,0.9425117924528302,1.0,0.7835344215755855,0.22372941858908557,0.9402440558560825,0.0,0.032258064516129115,0.0,0.8892057026476579,1.0,1.0,0.0,0.9189189189189189,0.0,0.7539267015706806,0.719914004299785,0.9411764705882353,1.0,0.0,0.9333333333333333,0.0,0.6004993757802748,0.0,0.7245346432264737,1.0,0.0,0.3956039827165132,0.33333333333333326,0.9119897959183674,0.9187657430730478,0.0,0.0,0.0,0.0,0.6000000000000001,0.7619935835260763,0.6079328756674294,0.7475113122171946,0.0,0.0,0.0,0.0,0.0,0.0,0.4772896500372301,0.5340240169531433,0.8181818181818181,0.7121212121212122,0.8689672418104526,0.0,0.0,0.0,0.0,0.0,0.0,0.810445580715851,0.0,0.23959280130885308,0.6689214580984593,0.20042590504822766,0.6520979932238727,0.15384615384615385,0.75,0.907103825136612,0.33333333333333337,0.7948717948717949,0.4651162790697675,0.0,0.4042553191489361,0.0,0.0,0.0,0.43163858655136433,0.3331914893617022,0.7142857142857143,0.477957906712173,0.8394852692177447,0.49240121580547114,0.7973453749315819,1.0,1.0,0.5555555555555556,0.2500000000000001,0.7,0.6057339449541284,0.5384615384615385,0.46752917300862507,0.0,0.0,0.0,0.44537230340988165,0.6666666666666666,0.8,0.0,0.0,0.0,0.2648376259798433,0.0,0.5714285714285714,0.47871390294730576,0.1291485207989186,0.6,0.7021276595744681,0.5714285714285714,0.5652173913043479,1.0,0.08823529411764708,1.0,0.9631067961165048,1.0,0.75,1.0,0.6666666666666667,0.75,0.0,0.0,0.0,0.7142857142857142,0.0,0.0,0.5998606999825875,0.0,0.29268292682926833,0.8333333333333333,0.0,0.658890290037831,1.0,0.7011417058428475,0.48234280792420325,0.0,0.3917721518987344,0.5064935064935064,0.25,0.0,1.0,0.5105837075048107,0.2222222222222221,0.0,0.0897959183673469,0.0,1.0,0.7898089171974523,0.7142857142857143,1.0,0.4285714285714285,0.33333333333333337,0.2320390170699681,1.0,1.0,0.0,1.0,0.3245653817082389,0.6793924466338259,0.0,0.6153846153846154,1.0,1.0,0.9090909090909091,0.08333333333333326,0.8333333333333333,0.6666666666666667,1.0,0.5833333333333333,0.6666666666666666,0.5,1.0,0.5,0.5,0.674916706330319,0.0,0.8381112984822934,0.7692307692307693,0.8965696465696466,0.23974763406940058,0.5555555555555556,0.8927477017364658,1.0,0.6948640483383686,0.0,0.8656139220109571,0.0,0.9679068108879115,0.0,0.924791834542036,0.8,0.6893903024483918,0.0,0.24459003375024824,0.5,0.7590975254730713,0.8780487804878049,0.28455976180348785,0.8,0.0,1.0,0.92467838155919,1.0,0.0,0.8709677419354839,0.0,0.0,0.9181286549707602,0.6681896551724138,0.09638028783253394,0.8,0.6666666666666667,0.3220981345427999,0.7504332755632582,0.6666666666666667,0.99538533032173,0.0,1.0,0.933486622377775,0.35452737051499295,0.8555069046817111,0.0,0.0,0.0,0.0,0.0,1.0,0.9375420799856367,0.8049945243352902,1.0,0.0,1.0,1.0,0.9211889214140959,0.0,0.5555555555555556,0.0,0.7333333333333334,0.9752219698533967,0.8617886178861789,0.34906406538360146,0.9313336638572137,0.0,0.5,0.2857142857142857,1.0,0.0,0.9411764705882353,0.0,0.8125,runif
0.5714285714285714,0.0,0.7512074968006496,0.8442192871358785,0.0,0.6578923211089182,0.75,0.0,0.6835443037974683,0.7400722021660651,0.4676012593601089,0.5,0.0,0.6802141994441291,0.4,0.6276390481250524,0.9827373612823674,0.0,0.0,0.0,0.6556633226491279,0.5,0.0,0.0,0.5365624687905723,0.0,0.0,0.5673486200741453,0.0,0.9315035799522673,0.0,0.5403692235788984,0.64449121522694,0.8328173374613003,0.7925983790645446,0.7857910842775618,0.47390642948061223,0.0,0.8611668757841907,0.0,0.8054520207556822,0.9668494983277592,0.8593020336429826,0.3846153846153846,0.45395808448257136,0.581754735792622,0.0,0.6641689023199399,0.0,0.7461636828644502,0.9780578003013286,0.33333333333333337,0.033427230046948475,0.8547210969149268,0.7435930867631506,0.0,0.0,0.0,0.9043392925715749,0.5130548081966937,0.6123342939481269,0.9024534787246652,0.25823330255463217,0.0,0.5017543859649123,0.24661534377488725,0.27429328621908133,0.0,0.0,0.029166666666666896,0.8780269058295964,0.9248986361960929,0.8648648648648649,0.9086882050676275,0.2857142857142857,1.0,0.0,0.9093662910456803,0.0,0.0,0.0,0.0,0.0,0.9081873592883423,0.5990716864363074,0.5555555555555556,0.0,0.2626995645863568,0.8571428571428571,0.44067796610169496,1.0,0.0,0.0,0.17676225105363186,0.30000000000000004,0.9990089197224975,0.78125,1.0,0.39619883040935666,0.0,0.7142857142857142,0.0,0.5714285714285714,0.8888888888888888,0.3104796963073738,0.0,0.0,0.0,0.75,0.0,0.33333333333333337,0.45827518838961767,1.0,0.0,0.8893129770992366,0.8622417031934878,0.0,0.5615235533757861,0.4494556765163298,0.33333333333333337,0.5,0.5072773400988115,0.9126857749469215,0.9265106151333696,0.5346693386773549,0.7903225806451613,0.0,0.6666666666666667,0.0,0.5213675213675213,0.5194846407717695,0.4444444444444444,0.0,0.6813655761024182,0.0,0.0,0.2662789589093336,0.6666666666666667,0.0,0.625231148551469,0.5,0.9815209665955935,0.33333333333333337,0.75,0.42105263157894735,0.8100537221795856,0.3889384478144513,0.0,0.8571428571428572,0.4397705544933078,0.75,0.7380952380952381,0.0,0.9285714285714286,0.5,0.6423863444312996,0.0,0.6579790072940759,0.7212284624490333,0.8811630847029077,0.9717395455413405,0.9166666666666666,0.0,0.0,0.0,0.8612221587664192,0.9157663877832832,0.1096502108657903,0.8845039018952062,0.0,1.0,1.0,0.0,0.0714285714285714,0.9888753693725013,0.875,0.8585533869115959,0.8269230769230769,0.0,0.75,0.6000000000000001,0.5,0.0,0.9142857142857143,0.0,0.9065495207667732,1.0,0.7056768784930656,1.0,0.8927038626609443,0.7604800042857526,0.7158669167114737,1.0,0.721158412740115,0.0,0.76,0.9559011979204685,0.9499312782250147,0.7435897435897436,0.0,0.6775851393188854,0.8997148810176555,0.5063841347459929,0.0,0.0,0.0,0.0,1.0,0.5886664980290478,0.7349760680730366,0.9473684210526315,0.9649122807017544,0.0,0.6666666666666667,1.0,0.9849099464546487,0.8,1.0,0.9763378355274406,0.47267803090648397,0.9782608695652174,0.6446467386863224,0.6795570358546169,0.0,0.7123287671232876,0.0,0.5455517993923575,0.0,0.0,0.9856566239008216,0.84375,0.0,1.0,0.7807534502051473,0.9387755102040817,0.0,0.7916666666666666,0.65,0.0,0.7731609073563706,0.5,0.8434268833087148,0.0,0.0,0.6362799263351748,0.5,0.6331577098700387,1.0,0.0,0.0,0.0,0.8688466150306251,0.0,0.0,0.0,0.0,0.0,0.0,0.5189873417721519,0.0,0.8452380952380952,0.0,0.0,0.4513031550068588,0.5,1.0,0.7073170731707317,0.7696843565730143,0.0,0.8830798091431834,0.0,0.8155231734466707,0.989469540399567,0.9046408137317228,0.6453367875647668,0.6221322537112011,0.0,0.24112082812778868,0.7817043969137158,0.0,0.7513297872340425,1.0,1.0,0.5853913043478262,0.6972996515679443,0.6495975575908965,0.0,0.0,0.0,0.915037657611915,0.33260555466367003,0.7417293233082707,0.9428571428571428,0.308467173851789,0.0,1.0,0.7768969422423556,0.0,0.7356495468277946,0.0,0.2551724137931034,0.9314802844214609,0.9240506329113924,0.8826086956521739,0.8500461680517082,1.0,1.0,0.0,0.7952270977675135,1.0,1.0,0.0,0.5,1.0,0.948766183467965,0.8363636363636364,0.75,1.0,0.4931129476584022,1.0,0.2857142857142856,0.0,0.0486891385767787,0.0,0.47845417236662113,0.29999999999999993,1.0,0.881367759944173,0.8636363636363636,0.5509391007398975,0.0,0.8636363636363636,0.5625,0.8571428571428571,1.0,0.3974527887571365,0.0,0.09999999999999998,1.0,1.0,0.0,1.0,0.5103583258054802,1.0,0.0,0.9411764705882353,0.9325153374233129,0.0,1.0,0.6363636363636365,0.0,0.5833333333333333,0.366339765896868,1.0,1.0,0.9709708121827412,0.7219983883964545,0.0,0.0,0.6598639455782314,0.33333333333333337,0.6514729058067645,0.6666666666666667,0.6666666666666667,0.8553348285805832,0.875,0.0,0.7349397590361446,1.0,0.040506329113924044,0.75,1.0,1.0,0.0,0.44999999999999996,0.8823529411764706,0.8686493184634448,0.23951285520974308,0.0,1.0,0.16129032258064502,0.5,0.8571428571428572,0.0,1.0,1.0,0.9392234621414738,0.0,0.2600806451612905,1.0,0.9800144040331292,1.0,0.9559748427672956,0.04761904761904767,0.0,0.0,0.42804154302670616,0.2508196721311473,0.8846153846153846,0.5055185055185054,0.09452736318407962,1.0,1.0,0.6340579710144928,0.0,1.0,1.0,0.763767345162694,0.8,0.55,0.6666666666666666,1.0,0.0,0.0,0.9117647058823529,0.0,0.9220864971937933,0.9871226037973061,0.0,0.9979131241304684,0.7121212121212122,0.3437500000000001,0.36711478800413655,1.0,0.8908279732627066,0.0,0.8181818181818182,0.949240723768337,0.9630411645552237,0.736842105263158,0.0,0.6699290186597235,1.0,0.0,0.0,0.0,0.0,0.0,0.9922220855878012,0.6428402133122655,0.8851460066413337,1.0,0.9047619047619048,0.0,0.5,1.0,1.0,1.0,1.0,1.0,0.7792144026186579,0.9898132427843803,0.9525990915796421,0.7811180716328476,0.0,1.0,0.25,0.4722222222222222,0.0,1.0,1.0,0.8571428571428572,1.0,0.0,0.7328718911309244,0.9411764705882353,0.0,0.48913409136782604,0.9333333333333333,0.0,0.6980942828485457,0.648619957537155,0.526849702230746,0.0,0.0,0.4741870760215293,0.33333333333333326,0.4741607466220923,0.9265793966989186,0.0,0.0,0.0,0.6896755162241888,0.6000000000000001,0.0,0.0,0.7475113122171946,0.0,0.0,0.7729549248747913,0.0,0.640577835273825,0.0,0.42810188989318,0.6359356610435465,0.0,0.7121212121212122,0.8667415730337079,1.0,0.4516599781101788,0.7448042532624457,0.0,0.3416305916305916,1.0,0.8744186046511628,0.3877724313614491,0.32737762888516664,0.6036519871106337,0.2353212065392587,0.5351002264530738,0.15384615384615385,0.8229994700582937,0.95,0.33333333333333337,0.7857142857142857,0.9767441860465116,0.9516509433962264,0.0,0.0,0.0,1.0,0.808740850747852,0.34832451499118167,0.8023166023166023,0.7044753086419753,0.0,0.5081967213114755,0.18508092892329342,0.43028846153846145,1.0,0.8078078078078078,0.0,0.8571428571428572,0.9912280701754386,0.07692307692307698,0.8859649122807017,0.0,1.0,1.0,0.04038997214484685,0.0,0.0,0.0,0.0,0.0,1.0,0.4764150943396226,0.5714285714285714,0.0,0.36968449931412883,0.8,0.8202247191011236,1.0,0.0,1.0,0.0,1.0,0.9631067961165048,0.6666666666666667,0.75,0.75,0.33333333333333337,0.75,0.0,0.0,0.5,0.0,0.0,0.5,0.177927927927928,0.6,0.0,0.16666666666666663,0.03758542141230081,0.7006666666666667,1.0,0.728101116990006,1.0,0.0,0.9224806201550387,0.12337662337662325,0.25,0.19999999999999996,0.7674418604651163,0.7123689727463313,0.6666666666666667,0.6282135794330916,0.3262411347517731,1.0,1.0,0.4864864864864866,0.7142857142857143,0.0,0.4285714285714285,1.0,0.3341159896689365,1.0,0.0,0.8206680116565792,0.0,0.35405572755417947,0.0,0.0,0.3918918918918918,1.0,0.0,0.18181818181818177,0.6666666666666666,0.23148148148148162,0.6666666666666667,0.0,0.052631578947368474,1.0,0.5,1.0,0.5,0.5,0.14841564187650458,0.0,0.0,0.26923076923076916,0.8495133305120609,1.0,0.7777777777777778,0.3302373581011351,0.0,0.580209388720027,1.0,0.8648960739030023,0.14892487390496423,0.9548713622943905,0.0,1.0,1.0,0.0,0.11111111111111116,0.8730641050774358,0.5,0.5909774436090225,0.8780487804878049,0.0,0.8,0.6000000000000001,1.0,0.0,1.0,0.0,0.9069767441860466,0.9375,0.7962026622639562,1.0,1.0,0.0,0.177345537757437,0.33333333333333337,0.950622539108226,0.03944773175542404,0.7777777777777778,0.9646712305863545,0.8984778794632273,1.0,0.0,0.6750756811301715,0.8780123693751333,0.196078431372549,0.0,0.0,0.0,0.0,1.0,0.616028547062256,0.524822558247184,0.6666666666666667,1.0,0.0,1.0,1.0,0.9661016949152542,0.888888888888889,1.0,1.0,0.2453428458184702,0.9019607843137255,0.52014522270433,0.7061476921331102,0.0,0.5,0.0,0.5954198473282444,1.0,0.0,0.9850312298083136,1.0,runif
0.5714285714285714,0.6928571428571428,0.0,0.9705882352941176,0.0,0.6696078679240514,0.75,0.760757994472957,0.37839510193447523,0.0,0.4860351222311018,0.0,0.7619047619047619,0.0,0.0,0.0,0.0,0.0,0.0,0.0,0.0,0.0,0.0,0.0,0.0,0.0,0.5983193277310924,0.0,0.0,0.9049575458778417,0.8955223880597015,0.0,0.0,0.0,0.0,0.0,0.0,0.0,0.794801366651035,0.0,0.602715202148292,0.9676018704074816,0.8897544853635505,0.0,0.0,0.22807017543859653,0.6180488659252124,0.7940145242166337,0.6736499909698392,1.0,0.0,0.33333333333333337,0.7545091699085535,0.0,0.48297134044467294,0.2385065477848981,0.8085833649829092,0.0,0.7915281850765722,0.9754025351147654,0.0,0.9365116279069767,0.5659213956286344,0.48286557228232085,0.4876589379207179,0.5772878749038708,0.8256484149855907,0.09262883235485975,0.8027195720017833,0.0,1.0,1.0,0.8648648648648649,0.8901354608160891,0.0,1.0,0.0,0.0829530829530829,0.0,0.6000000000000001,0.0,0.6666666666666667,1.0,0.898932013545194,0.8060370239358566,0.0,0.0,0.5062074989082288,0.5714285714285714,0.9090909090909091,0.25,0.8683482005536758,0.5,0.6494504586397818,0.7,0.10202048947068842,1.0,0.0,0.972693032015066,0.10821643286573146,0.6666666666666667,0.0,0.0,0.8823529411764706,0.9032450726657376,0.6428571428571428,1.0,0.3711398728428701,0.625,0.5471965933286018,0.11111111111111116,0.593917123265199,0.8754448398576512,1.0,0.1981957721825771,0.4482758620689655,0.0,0.0,0.9001821493624772,0.5,0.7142857142857142,0.0,0.716789344549597,0.8595174262734585,0.5155000974848899,0.9419026870007262,0.75,0.0,0.0,0.3065693430656935,0.9045537930290277,0.11111111111111105,0.25,0.5508021390374331,1.0,0.0,0.9596084787237423,0.0,0.3104992657856095,0.0,0.5,0.9774835935732066,0.6666666666666667,0.8656716417910448,0.4736842105263158,0.6911665542818611,0.36543029417138684,0.0,0.0,0.3171372291529876,0.0,0.7894736842105263,0.5,0.9285714285714286,0.0,0.3414086907128657,0.0,0.6655285649044211,0.6003904978848031,0.4788154392191658,0.0,0.41666666666666663,0.8779521889400922,0.6666666666666667,0.6679729248307802,0.0,0.6121567417463746,0.9878442073927065,0.3677814938684505,0.4813656586498162,0.7481259370314843,0.6,0.0535714285714286,0.0,0.7716083150984683,1.0,0.8571756601607348,0.1923076923076923,0.5539358600583091,0.875,0.8,0.0,0.9374369818507731,0.0,0.0,0.6230090956031298,0.9570708585828284,0.0,1.0,0.14419159994381237,0.0,0.9691374435072625,1.0,0.5268698989424994,0.977486669738661,0.76,0.9957504913464288,0.0,0.6557288864981172,0.6329601421994,0.0,0.9213719185423366,0.9766917554021712,0.938337801608579,0.0,0.0,0.0,0.9853898681912021,0.0,0.8682030486079744,0.7368421052631579,0.9649122807017544,0.99643906020558,0.0,0.9826200304149467,0.5979188372921146,1.0,0.7495271548230209,0.0,0.1328637447823493,0.8369565217391304,0.13890853886323362,0.9586993179472982,0.0,0.40201005025125625,0.8636363636363636,0.4117805271651426,0.5,0.0,0.7686347657651195,0.875,0.0,0.0,0.0,0.9189189189189189,0.0,0.6000000000000001,0.65,0.7729591836734694,0.44626059420694797,0.0,0.8660235798499465,0.0,0.9333333333333333,0.0,0.0,0.0,0.0,0.0,0.0,0.0,0.0,0.0,0.0,0.0,0.0,0.0,0.8,0.0,0.0,0.8259604190919674,0.6666666666666667,0.0,0.0,0.0,0.0,0.0,0.0,0.0,0.883060733368683,0.0,0.0,0.9887000098260784,0.9593023255813954,0.0,0.4888888888888888,0.0,0.7928402689442122,0.9458922962910682,0.7082008900190718,1.0,0.3170603674540683,1.0,0.9338959212376934,0.21463414634146338,0.23717155041958993,0.2325383304940375,0.7567039106145252,0.0,0.910828025477707,1.0,0.0,0.9428571428571428,0.028154749848085747,0.41917525773195874,1.0,0.284054038109846,0.5028901734104047,0.0,0.8148148148148149,0.0,0.9472527472527472,0.9974430780469986,0.8,0.8495726495726496,0.5,1.0,1.0,0.4805327868852458,1.0,0.0,0.0,1.0,1.0,0.8210094319245446,0.8885754583921015,0.5,0.0,1.0,0.5,1.0,0.6000000000000001,0.6394849785407726,1.0,0.8830443726124008,0.7,0.5748031496062993,1.0,0.0,0.5170814002530577,0.0,0.36363636363636365,0.0,0.0,1.0,0.9362677670793214,0.75,0.0,0.4347826086956522,0.5,1.0,0.0,0.6385242462386861,0.8697351280937907,0.9375,0.8612099644128114,0.7528344671201814,0.0,0.0,0.8181818181818182,1.0,0.0,0.0,0.5541681968417186,0.8928571428571428,0.9844364351245085,0.8682432432432432,1.0,0.0,0.6968503937007875,0.0,0.9480203662892317,0.0,0.33333333333333337,0.8649813272048261,1.0,0.0,0.9301409881874761,0.0,0.7438132733408325,0.0,1.0,0.79701230228471,1.0,0.0,0.8235294117647058,0.9019908116385911,0.0,0.0,0.0,0.6363636363636365,0.5,0.8571428571428572,0.75,1.0,0.5,0.7609173735469683,0.0,0.9594100592461868,0.6706021251475796,0.0,0.025097024579560312,0.5202265372168284,1.0,0.6470588235294118,1.0,0.8537001706998695,0.375487900078064,0.9090909090909091,0.5676065676065676,0.0,0.9376518218623482,0.6,0.0,0.0,0.6553214774281806,1.0,0.9183673469387755,0.0,1.0,1.0,1.0,1.0,0.9473946666666666,0.0,0.0,0.817155756207675,0.9526282669130708,0.29391891891891897,1.0,0.6110567514677103,0.0,0.9073359073359073,1.0,0.7284026301478222,1.0,0.8181818181818182,0.9954319065345392,0.0,0.643473260494537,0.46478873239436613,0.0,0.9653762923779755,0.9781962338949455,0.8085067093438385,0.0,0.0,0.0,1.0,0.0,0.9428861882537776,0.6875,0.9512195121951219,0.9844255925398264,0.0,0.9773384763741563,0.6530014641288433,1.0,0.7258335080729713,0.0,0.6527390900649953,0.7661022866119742,0.8508228481403419,0.9409659218015958,0.0,1.0,0.8333333333333334,0.4722222222222222,1.0,0.0,0.7668282175551966,1.0,1.0,0.7539267015706806,0.0,0.9411764705882353,0.0,0.5545276142416595,0.9333333333333333,0.7142857142857143,0.30114551637730447,0.0,0.7229976379643548,0.0,0.9407831900668577,0.0,0.0,0.0,0.0,0.0,0.0,0.0,0.0,0.0,0.0,0.0,0.4084507042253521,0.0,0.37326273990734604,0.0,0.0,0.640577835273825,0.7777777777777778,0.0,0.0,0.0,0.0,0.0,0.0,0.39429012345679004,0.8519553072625698,0.0,0.9406451612903226,0.9637060877901801,0.7961723976972148,0.5301620130989314,0.06666666666666654,0.5604026845637585,0.4500345383375548,0.5878961770409925,0.0,0.7893379191745485,0.35,0.33333333333333337,0.7948717948717949,0.0,0.0,0.41666666666666663,0.0,0.0,1.0,0.8954681210232437,0.0,1.0,0.7065120428189118,0.5389002036659878,0.5081967213114753,0.0,0.75,1.0,0.0,0.5,0.9,0.9912280701754386,0.3076923076923077,0.881061038220194,0.0,1.0,0.0,0.0,0.0,1.0,0.0,0.5,0.0,0.7811244979919679,0.7107438016528926,0.0,0.0,0.45925143374584976,0.6,0.7021276595744681,1.0,1.0,0.0,1.0,1.0,0.41176470588235303,0.8333333333333334,0.5,0.6,0.6000000000000001,0.5,0.0,1.0,0.5,0.8571428571428571,0.0,0.0,0.3643322475570032,0.0,0.20338983050847448,0.25,0.27820414428242524,0.2716202783300199,0.8070175438596491,0.0,0.5030674846625767,0.0,0.2494481236203091,0.05521472392638038,0.0,0.7,0.31707317073170727,0.45667613636363646,0.0,0.6282135794330916,0.3555555555555556,0.0,0.0,0.3682432432432433,0.5714285714285714,0.6057692307692308,0.2857142857142857,0.0,0.3341159896689365,0.0,0.0,0.6678571428571428,1.0,0.13526315789473686,0.25778863775198524,0.0,1.0,0.0,1.0,0.36363636363636365,0.41666666666666663,1.0,0.6666666666666667,1.0,0.9473684210526316,0.0,0.5,0.5,0.5,0.5,0.0,0.0,0.0,0.8666666666666667,0.6349559573481688,0.2093023255813954,0.0,0.6326530612244898,1.0,1.0,0.0,0.0,1.0,0.0,0.7260086173129652,0.7184170471841704,0.8,0.023363738198111772,0.375,0.3318208719668573,0.5,0.5738562091503268,0.41463414634146345,0.47058823529411764,0.8,0.8,0.0,0.9290777263750236,0.0,0.0,0.5967741935483871,0.8541666666666667,0.0,1.0,0.206896551724138,0.6026618512573569,0.9621399176954732,0.6666666666666667,0.35426828369755825,1.0,1.0,0.9953688981373708,0.0,1.0,0.656423950928102,0.0,0.9882838283828382,0.8893805309734513,0.6787793314529196,0.0,0.0,0.0,0.9538228614685844,0.0,0.5022023761415986,1.0,1.0,1.0,0.0,0.973784125836196,0.576271186440678,0.888888888888889,0.7272727272727273,0.0,0.0,0.7630662020905923,0.0635145050736442,1.0,0.0,0.0,0.9285714285714286,1.0,0.0,0.0,0.87835069148028,0.8125,runif
0.0,0.33333333333333326,0.7503740377030004,0.8462225397392391,0.8035571222560487,0.6219038331708049,0.0,0.0,0.0,0.6999763983950908,0.0,0.7876106194690266,0.0,0.6527687998276234,0.4,0.6261283393932587,0.8400293973542381,0.9131545338441891,0.0,0.0,0.6556633226491279,0.5,0.5824636812630448,0.6717560129684084,0.0,0.6527777777777777,0.5903334194882398,0.0,0.0969025512990559,0.9053113553113553,0.0,0.0,0.0,0.33333333333333326,0.0,0.75,0.0,0.14360658534504822,0.0,0.0,0.9558573853989814,0.6279063545150501,0.0,0.0,0.8304919100879574,0.05355404089581306,0.5314975085234723,0.10724163608318682,0.3649987081216086,0.5627179950910736,0.9528380139826994,0.0,0.039078882153341765,0.9821824848036536,0.4040107780718697,0.0,0.829145728643216,0.0,0.7060280221570543,0.0,0.7170643153526972,0.0,0.39040437269092565,0.931909810362849,0.17543859649122806,0.24661534377488725,0.27838908450704225,0.8686730506155951,0.0,0.5211267605633803,0.0,0.0,0.8648648648648649,0.09723741144025488,0.2857142857142857,0.15555555555555567,0.0,0.6060461794810759,0.0,0.0,0.0,0.0,1.0,0.4447361512207929,0.3107787519339864,0.33333333333333337,0.4735807001442244,0.24673301601038522,0.5714285714285714,0.6666666666666667,1.0,0.0,0.0,0.5487149822328734,0.30000000000000004,0.999034749034749,1.0,0.11133200795228615,0.4880382775119617,0.7695390781563126,0.7647058823529411,0.0,0.8571428571428572,1.0,0.8512904547316673,0.0,1.0,0.8078310837899239,0.66,0.8015160022459292,0.7777777777777778,0.549203621703787,0.6075471698113208,0.5,1.0,0.0,0.0,0.903788950114595,0.009763424708974844,0.0,0.0,0.4504011670313639,0.12092534174553116,0.5422867513611616,0.6369359331476323,0.4493898061737257,0.0,0.6666666666666667,0.0,1.0,0.7010799136069115,0.4444444444444444,0.0,0.5283018867924527,0.875,0.0,0.30384426923248253,0.0,0.4037272236749263,0.32209543568464716,0.5,0.3887757411178999,0.33333333333333337,0.8991825613079019,0.16625310173697294,0.6911665542818611,0.0,0.33333333333333337,0.8571428571428572,1.0,1.0,0.7894736842105263,0.5,0.8571428571428571,0.5,0.061126204000988005,0.0,0.4100620412443201,0.0,0.43222643191441956,0.49309361982021493,0.0,0.9878270154831821,0.6666666666666667,0.5114494664908285,0.842758009744574,0.0,0.1096502108657903,0.0,0.9610226320201174,0.0,0.0,0.7678571428571429,0.0,0.9930240283468055,0.5,0.8529931800959838,0.0,0.12942989214175638,0.75,0.6000000000000001,0.5,0.9400303984366518,0.33333333333333326,0.0,0.9085787136042112,0.9807403851922961,0.28248689297251517,0.0,0.14419159994381248,0.90346027620537,0.9691374435072625,1.0,0.5203280109427266,0.977486669738661,0.0,0.976057811625587,0.9379860624237231,0.7435897435897436,0.9327769127711192,0.008702975856260453,0.9225931709787701,0.9658201718592483,0.5383724182014302,0.0,0.0,0.0,0.9861838970938542,0.0,0.6393352673381358,0.7368421052631579,0.6666666666666667,0.9628775651371916,0.6666666666666667,0.9087551596784705,0.0,1.0,0.0,0.8211444984533804,0.4418604651162791,0.9782608695652174,0.09132699267958566,0.0,0.0,0.273972602739726,0.0,0.4724815129106559,0.5,0.0,0.6816866722061489,0.8125,0.0,0.0,0.743371737923376,0.9192079207920792,0.801731078904992,0.6714285714285715,0.0,0.0,0.0,0.5945945945945946,0.0,0.8,0.0,0.7596403178586365,0.5,0.6436819971964488,0.8571428571428572,0.6755718526279029,0.0,0.0,0.5940095798217425,0.0,0.66016944747648,0.9795918367346939,0.0,0.9444822116474054,0.6000000000000001,0.0,0.5380193988743862,0.8452380952380952,0.0,0.0,0.0,0.5,0.0,0.7073170731707317,0.0,0.5596520707719681,0.0,0.0,0.5117056856187292,0.8443524875387943,0.0,0.0,0.8838383838383839,0.0,0.777722690464386,0.7259959590635569,0.14844227244960284,0.7241513850955911,1.0,1.0,0.3145510835913313,0.9674899725564703,0.2305023591451567,0.0,0.7567039106145252,0.0,0.4330590875093492,0.0,0.8707983193277311,0.19999999999999996,0.7215180809165772,0.9007444168734492,0.0,0.7703962703962705,0.06024096385542177,0.85,0.0,0.7517241379310344,0.5766016713091922,0.18738585169852673,0.8826086956521739,0.24786324786324776,1.0,0.2500000000000001,1.0,0.9219512195121952,0.0,1.0,0.0,0.5,0.0,0.45604435164518686,0.509090909090909,0.2500000000000001,1.0,0.47018030513176157,1.0,0.41666666666666663,0.0,0.375,0.0,0.8012995896032832,0.29999999999999993,1.0,1.0,0.36363636363636365,0.0,1.0,0.8636363636363636,0.0,1.0,0.0,0.7807692307692308,0.0,0.9,0.6666666666666666,0.5,0.8461538461538461,1.0,0.5978541029790805,0.8110483364720653,0.0,0.06060606060606055,0.4274376417233561,0.14540059347181,0.9230769230769231,0.4545454545454546,0.0,0.5416666666666667,0.930989898989899,0.27726485862665906,0.5,0.0,0.7651933701657458,0.0,0.0,0.6376811594202898,0.6666666666666667,0.7448763250883392,0.6666666666666667,0.6666666666666667,0.38940204180845883,0.875,0.0,0.6921965317919077,0.0,0.7126541799908634,0.3125,1.0,0.24242424242424232,0.0,0.9,0.5882352941176471,0.8686493184634448,0.3667117726657646,0.6000000000000001,1.0,1.0,0.5,0.8571428571428572,0.75,1.0,1.0,0.6341567291311755,0.0,0.6569688768606226,0.0,0.8203560510699515,0.7758341431810819,0.0,1.0,0.6470588235294118,0.7023346303501945,0.5619787717968157,0.20610687022900764,0.18181818181818177,0.7196793239802828,0.9856562275878556,0.4406546644844518,0.0,0.5247981545559401,0.0,1.0,1.0,0.7972485838299125,0.44999999999999996,1.0,0.6666666666666666,1.0,0.0,0.9493405030490775,0.33333333333333326,0.0,0.928506513177825,0.9717823888074869,0.1805740987983978,0.0,0.7556102059637259,0.9103078982597055,0.9048603929679421,1.0,0.7510950038829924,0.9806451612903225,0.0,1.0,0.9625086225535113,0.736842105263158,0.9436619718309859,0.40052483234522307,0.9640071985602879,0.9772727272727273,0.7220301214077147,0.0,0.0,0.0,1.0,0.0,0.7582828889607689,0.6875,0.9512195121951219,0.9821582115219261,0.5,0.9100771456123433,0.0,1.0,0.0,0.9261585706309324,0.8658606793321819,0.9848914069877243,0.8506796033510001,0.0,0.0,1.0,0.6666666666666667,0.45661914460285136,1.0,1.0,0.7511805303305484,0.8159509202453988,0.0,0.7509349289454001,0.707166562953744,0.9411764705882353,1.0,0.48913409136782604,0.0,0.0,0.0,0.6578385305425032,0.0,0.07042253521126773,0.0,0.5033118020582439,0.33333333333333326,0.8463203463203464,0.9151477058453803,0.6545144804088586,0.0,0.0,0.6309796619879691,0.6000000000000001,0.8086448719954117,0.5038461538461539,0.0,1.0,0.37326273990734604,0.0,0.625,0.6408875484704869,0.0,0.0,0.0,0.0,0.0,0.6896135265700483,0.33333333333333326,0.0,0.0,0.0,0.9722838137472284,0.5430519014589812,0.0,0.0,0.7912848326164205,0.3047887323943661,0.4500345383375548,0.0,0.3076923076923076,0.2925278219395867,0.95,0.0,0.20512820512820518,1.0,0.0,1.0,0.6923076923076923,0.0,0.8636363636363636,0.024541284403669872,0.3331914893617022,0.0,0.3087315130830488,0.8168346176644932,0.0,0.18508092892329342,0.4374999999999999,0.978021978021978,0.8078078078078078,0.2500000000000001,0.0,0.14724770642201834,0.07692307692307698,0.3900589721988207,0.0,0.0,0.0,0.5205288796102993,0.6666666666666666,0.0,0.0,0.0,1.0,0.07502799552071682,0.165289256198347,0.5714285714285714,0.4908713077037259,0.3339666764104062,0.3999999999999999,0.0,0.0,0.0,1.0,0.38888888888888884,1.0,0.6666666666666667,0.8333333333333334,0.0,0.0,1.0,0.75,0.0,0.5,1.0,0.2857142857142857,0.0,1.0,0.6143790849673203,0.0,0.9816265060240964,0.8333333333333333,0.6617312072892939,0.2564102564102564,0.33333333333333326,1.0,0.0,0.0,0.32339955849889623,0.5064935064935064,0.25,0.0,1.0,0.7770807193642828,0.8888888888888888,0.48654855643044626,0.7851851851851852,1.0,1.0,0.4545454545454545,0.5714285714285714,0.87,0.4285714285714285,0.33333333333333337,0.5639821554355482,1.0,0.0,0.8206680116565792,1.0,0.7552941176470588,0.11494252873563238,0.0,0.0,1.0,1.0,0.18181818181818177,0.41666666666666663,0.016279069767441867,0.33333333333333337,0.0,0.3395061728395061,0.0,0.5,0.5,0.0,0.5,0.22942286420717017,0.0,0.07162687395891187,0.0,0.32906463615125037,0.5551401869158878,0.0,0.9459236326109391,1.0,0.0,1.0,0.0,0.14892487390496423,0.1147125633409053,0.9368460388639761,0.0,0.0,0.6893903024483918,0.375,0.920438303954264,0.0,0.5606276747503567,0.0,0.3191489361702129,0.8,0.6000000000000001,1.0,0.9077890366036356,1.0,0.0,0.9069767441860466,0.9375,0.4489906370081723,0.0,0.2068965517241379,0.6939094398586908,0.6817180616740088,0.6666666666666667,0.32211471259726343,1.0,0.0,0.9636067926706553,0.9075785114912337,1.0,0.9349425964085958,0.3676314924991788,0.8763154101196483,0.8907103825136612,0.6299938912645082,0.0,0.0,0.0,0.9538228614685844,0.0,0.4140436681222708,1.0,1.0,1.0,1.0,0.9204483818477671,0.0,0.888888888888889,0.0,0.904,0.2331199669626266,1.0,0.0,0.0,0.0,1.0,0.3571428571428572,0.5613437195715678,0.0,0.0,0.6779866936650274,0.75,runif
0.0,0.33333333333333326,0.659912564151302,0.0,0.0,0.6216995151533347,0.0,0.0,0.3748990306946689,0.7004636350864046,0.4845715690693768,0.0,0.6666666666666667,0.6527687998276234,0.4,0.5886832809411155,0.0,0.9131545338441891,0.33333333333333326,0.0,0.6564677055971428,0.5,0.0,0.0,0.0,0.0,0.5983193277310924,0.6035140347118063,0.0,0.9053113553113553,0.7954545454545454,0.24107490588082559,0.6362431357697407,0.0,0.7925983790645446,0.7429704397981255,0.0,0.0,0.0,0.0,0.5069142411062786,0.49978829706156325,0.609831734910699,0.8661413585228082,0.0,0.578383641674781,0.0,0.6084763948497856,0.43362298890131623,0.7115120012230545,0.7829933506142229,0.0,0.2586450112470928,0.9797393552471905,0.4597349005877205,0.0,0.0,0.0,0.721252720058028,0.0,0.7192105647161827,0.24408200249178835,0.0,0.4451123062322049,0.1578947368421052,0.0,0.3510167992926614,0.917687074829932,0.08576642335766416,0.9436619718309859,0.43661971830985924,0.7303163017031631,0.8378378378378378,0.5584430925521234,0.4444444444444444,0.0,0.0,0.0,0.0,0.0,0.5,0.33333333333333337,1.0,0.9122079285901812,0.8202166064981949,0.0,0.904830734119437,0.535352661185634,0.5714285714285714,0.943502824858757,1.0,0.6649645685702377,0.5,0.6406513194834362,0.5,0.999034749034749,0.9375,0.0,0.9628205128205128,0.3066132264529058,1.0,1.0,0.8571428571428572,0.5,0.9289473684210526,0.6428571428571428,1.0,0.7969114742323578,1.0,0.9945433658816772,0.11111111111111116,0.4611393827242086,1.0,0.020242914979757054,0.6086956521739131,1.0,0.9166666666666666,0.903788950114595,0.8711978971085242,0.6194029850746269,1.0,0.09710431835721212,0.0,0.7670286278381047,0.6126650451702571,0.7989949748743719,0.75,0.0,0.0,0.35766423357664245,0.5463478938222781,0.33333333333333326,0.0,0.0,0.375,0.0,0.8933137333511515,0.6666666666666667,0.4252272444278422,0.922321585130633,0.0,0.7912068351726593,0.33333333333333337,0.0,0.5260545905707197,0.9235474006116208,0.36543029417138684,0.33333333333333337,0.8571428571428572,1.0,0.0,0.0,0.75,0.0,0.0,0.28754584699276176,0.0,0.9158290339797189,0.0,0.41438404270262674,0.6535586610334743,0.7222222222222222,0.616639887527616,0.8333333333333334,0.0,0.0,0.9157663877832832,0.7769465809714466,0.447812431524359,0.0,1.0,0.0,0.5777777777777778,0.0,0.0,0.0,0.0,0.8269230769230769,0.12942989214175638,0.75,0.0,0.0,0.9390642676708975,0.9142857142857143,0.0,0.9331325909228544,0.7787054768288013,0.4230900917816238,0.0,0.5200534759358288,0.904015692994521,0.713802353964763,1.0,0.5203280109427266,0.9977876106194691,0.0,0.9453548084643197,0.9056751467710372,0.0,0.0,0.02941176470588247,0.1767314909587171,0.9877509560229446,0.5194911545032261,0.0,0.0,0.0,0.9998073449729079,0.5806471681905084,0.6949157077869949,0.0,0.6666666666666667,0.9707175861493069,0.0,0.9811328171062458,0.9845171249981082,1.0,0.8979591836734694,0.9867570550212833,0.8838635176376783,0.8369565217391304,0.09135670078825098,0.9226136248608159,0.0,0.273972602739726,0.3835227272727273,0.44591169801253816,0.5,0.0,0.941852765906218,0.84375,0.0,0.0,0.7434807870751781,0.0,0.0,0.7916666666666666,0.0,1.0,0.44626059420694797,0.5454545454545454,0.547945205479452,0.0,0.9015151515151515,0.6427577570613608,0.5,0.6492605085625325,0.0,0.6755718526279029,0.5,0.0,0.8409727391967103,0.0,0.0,0.0,0.3669601677148847,0.0,0.6000000000000001,0.5189873417721519,0.0,0.8486074744108546,0.6666666666666667,0.0,0.43324250681198895,0.0,0.8841698841698842,1.0,0.0,0.0,0.0,0.0,0.45696400625978095,0.23094034378159756,0.6907332433648223,0.918530588061028,0.0,0.4443521594684384,0.6436060304584066,0.0,0.5010309278350515,0.889680818097304,0.9427239427239427,1.0,0.0,0.9733863566840012,0.465671000322338,0.0,0.0,0.0,0.7050341512775108,0.0,0.8724727838258165,0.5714285714285714,0.0,0.4193548387096775,0.14754098360655743,0.1757316757316758,0.6626506024096386,1.0,0.0,1.0,0.947075208913649,0.8701519756838906,0.682608695652174,0.5669515669515669,0.0,0.0,1.0,0.0,1.0,1.0,1.0,0.0,0.0,0.9471308067007247,0.8885754583921015,0.5,1.0,1.0,1.0,0.9607142857142857,0.0,0.9554140127388535,1.0,0.8797219703838017,0.7,1.0,0.9536650208887201,0.0,0.21996879875195008,0.8571428571428572,1.0,0.5625,1.0,0.0,0.9354508196721312,0.75,0.0,0.6956521739130435,0.5,0.9437751004016064,0.0,0.5454168551183476,0.9711495783399912,0.0625,0.4232365145228216,1.0,0.0,0.9230769230769231,0.8181818181818182,0.9166666666666666,0.9583333333333334,0.3004897959183672,0.0,0.8928571428571428,0.0,0.6887608069164266,1.0,0.0,0.0,0.6666666666666667,0.6302177858439202,0.33333333333333337,0.6666666666666667,0.0,0.375,0.0,1.0,1.0,0.9731397459165154,0.9376947040498442,0.0,0.4790343074968233,0.0,0.44999999999999996,0.0,1.0,0.0,0.6000000000000001,1.0,1.0,0.0,0.0,0.75,0.0,0.5,0.7403863845446182,0.0,1.0,0.23076923076923073,1.0,0.9148148148148149,1.0,0.5129495338167825,0.8823529411764706,0.0,0.0,0.2503816793893129,1.0,0.5180651102323818,0.17095408661673717,1.0,0.0,0.2784491440080564,0.0,0.0,0.0,0.0,0.8,0.2499999999999999,0.6666666666666666,1.0,1.0,0.9469597923171298,0.9117647058823529,0.0,0.9708578668852947,0.8269697972302311,0.13050030138637736,0.0,0.0,0.9640768893436632,0.36711478800413655,1.0,0.7614537553701051,0.9806451612903225,0.0,0.9703009766792904,0.973961331737015,0.0,0.0,0.6534040433951598,0.5615626690268968,0.9882310984308131,0.7199631055502085,0.0,0.0,0.0,1.0,0.6533293022383003,0.865305238851205,0.0,0.9047619047619048,0.9814571709878569,0.0,1.0,1.0,1.0,0.7341772151898733,0.9941972920696325,0.9602475855077104,0.7662337662337663,0.8506796033510002,0.939093193824691,0.0,1.0,0.08333333333333337,0.45661914460285136,1.0,1.0,0.9102040816326531,0.8113207547169812,0.0,0.7966804979253113,0.7206292955326461,0.0,0.0,0.4790262687388255,0.0,0.0,0.2854256589218477,0.648619957537155,0.526849702230746,0.0,0.8956356736242884,0.3937741422404001,0.33333333333333326,0.9119897959183674,0.0,0.5071561916614811,0.6666666666666667,0.0,0.6341498047568334,0.6000000000000001,0.0,0.0,0.0,0.0,0.37326273990734604,0.7639902676399027,0.0,0.671461897356143,0.7777777777777778,0.4772896500372301,0.5796826900307839,0.0,1.0,0.6896135265700483,0.33333333333333326,0.39429012345679004,0.0,0.0,0.9722838137472284,0.6008127539856205,0.5469114672475494,0.8690442494574959,0.0,0.5309218203033839,0.0,0.6351010101010102,0.7692307692307692,0.7641759406465289,0.9239864864864865,0.0,0.0,1.0,0.0,0.0,0.0,0.0,0.7692307692307692,0.024541284403669872,0.3331914893617022,0.09523809523809523,0.31783276450511944,0.5380855397148676,0.0,0.0,0.0,1.0,0.7052154195011338,0.75,0.10000000000000009,0.7458715596330274,0.5384615384615385,0.4461732548359967,1.0,1.0,0.0,0.0,0.0,0.0,0.0,1.0,1.0,0.8096304591265397,0.7107438016528926,0.0,0.9093764019739794,0.42326805027769654,0.3999999999999999,0.7021276595744681,1.0,0.4347826086956522,0.0,0.5294117647058824,0.5,0.6666666666666667,1.0,0.5,0.6,0.0,0.75,0.0,0.5,1.0,0.8571428571428571,0.0,0.0,0.4827859749325718,1.0,1.0,0.25,0.06249999999999989,0.658890290037831,0.0,0.6737967914438503,0.7932816537467701,0.0,0.32339955849889623,0.13636363636363613,0.25,0.8,0.0,0.0,0.0,0.48654855643044626,0.2222222222222222,0.0,0.0,0.0,0.7142857142857143,0.0,0.4285714285714285,0.6666666666666667,0.0,1.0,0.0,0.6504593322876988,0.0,0.39500679767643065,0.8747947454844006,0.0,0.31746031746031755,1.0,0.0,0.9090909090909091,0.6666666666666666,0.9651162790697675,0.33333333333333337,0.0,0.3395061728395061,0.6666666666666666,0.0,1.0,0.0,0.5,0.0,0.0,0.8400888395335924,0.0,0.32906463615125037,0.5329457364341086,0.5555555555555556,0.8745098039215686,0.0,0.8524590163934427,0.0,0.9468339307048984,0.49095966620305986,0.9348939283101683,0.0,1.0,0.0,0.6893903024483918,0.0,0.2509370684553166,0.5,0.6104565537555229,0.8780487804878049,0.3191489361702129,0.8,0.0,0.0,0.9216884556870633,1.0,0.0,0.8709677419354839,0.7083333333333334,0.5797837623088056,0.0,0.6724137931034482,0.7021480819514778,0.26417004048583004,0.6666666666666667,0.30999430884026813,0.7504332755632582,1.0,0.940340509356972,0.9285721037060841,0.0,0.0,0.3727593507410022,0.6778063410454156,1.0,0.6299938912645082,0.0,0.0,0.0,0.950185873605948,0.9327929753461668,0.4140436681222708,0.0,1.0,0.9732388823297914,0.0,0.9958847736625515,0.9661361327463597,0.888888888888889,0.8571428571428572,1.0,0.7377658476151145,0.6153846153846154,0.0,0.8788143935251012,0.0,1.0,1.0,0.5647693817468106,0.0,0.0,0.9779395543789985,1.0,runif
0.0,0.5555555555555556,0.0,0.0,0.8263232038639565,0.6464040977365544,0.75,0.8719576719576719,0.0,0.0,0.49529441688922804,0.6741780568895456,0.0,0.0,0.4,0.0,0.8068592057761733,0.0,0.0,0.40751265374140355,0.4786830004563164,0.0,0.0,0.8007773235944515,0.0,0.722052067381317,0.6764032073310424,0.0,0.04210702902197616,0.8886847905951506,0.9473684210526315,0.0,0.0,0.8571428571428572,0.0,0.857903706859821,0.0,0.14360658534504822,0.9144555507588085,0.0,0.0,0.5658232327700611,0.6217777895042348,0.22678598361067803,0.5017167148073465,0.2591496426766766,0.11119651550089671,0.35161730127052515,0.6290200815340481,0.7567358514889777,0.0,0.33333333333333337,0.0,0.5791098878968919,0.4661451485669208,0.7965260545905707,0.0,0.07946763147693503,0.7885755727144746,0.9793041823999078,0.0,0.22982102643119595,0.5513830101387933,0.9292000934652231,0.2049364248317127,0.0,0.3894189071986124,1.0,0.7358101135190918,1.0,0.8802563075690829,0.492360097323601,0.8,0.620096661796111,0.0,0.31818181818181823,0.0,0.6783813747228381,0.0,0.4,0.0,0.0,0.0,0.25515574650913,0.3294810534503836,0.5555555555555556,0.9392439243924392,0.5945239068246833,0.5714285714285714,0.9090909090909091,0.6666666666666667,0.6649645685702377,0.0,0.545815516188149,0.5,0.0,0.78125,0.0,1.0,0.0,0.7448648648648649,0.0,0.0,0.5366666666666666,0.7664578983994432,0.0,1.0,0.7862394957983193,0.0,0.8654810761513908,0.0,0.4680279419666846,0.9905370238940147,1.0,0.0,0.6175869120654396,0.5,0.47523861766319253,0.4494556765163298,0.1333333333333333,0.0,0.0,0.0,0.7740315638450502,0.10649494529843528,0.440484937545922,0.75,0.6666666666666667,0.4729829755736492,0.043062200956938024,0.9725925532479949,0.11111111111111105,0.0,0.6017069701280229,0.0,0.5,0.0,0.6666666666666667,0.1830816746739874,0.5022119376573879,0.0,0.28234453180843455,0.6666666666666667,0.6949152542372881,0.0,0.5204460966542751,0.0,0.33333333333333337,0.0,1.0,1.0,0.9555555555555556,0.75,0.9285714285714286,0.0,0.6150303880317906,0.0,0.8732098723634762,0.8951328754852195,0.6996224006807423,0.683053231657659,0.0,0.6652760736196319,0.8333333333333334,0.0,0.6918116376724655,0.9157663877832832,0.7769465809714466,0.4477600997140553,0.9620858003531734,0.0,0.0,0.0,0.15384615384615385,0.9931245225362872,0.0,0.4565369052602204,0.0,0.6540429887410439,0.875,0.8,0.0,0.9470417128977119,0.96875,0.9803921568627451,0.9811792684927013,0.0,0.8352215537140046,0.7988222366233693,0.5160427807486629,0.0019439044709803621,0.0,0.0,0.0,0.9507712504102396,0.16000000000000003,0.9812790827995865,0.0,0.9285714285714286,0.8988138914947568,0.2764655527725818,0.40269614258858244,0.8981331022279998,0.6029317666220697,0.0,0.0,0.0,0.9921538291523926,0.494480891097401,0.7253477588871716,0.9473684210526315,0.0,0.9969864545793463,0.0,0.990566408553123,0.9413912016900708,0.0,0.8775510204081632,0.0,0.9958854647745403,0.9782608695652174,0.10816023293510213,0.5583346120403048,0.0,0.5935828877005347,0.3835227272727273,0.9662921348314607,0.5,0.0,0.989883251872879,0.8125,0.0,0.0,0.0,0.0,0.791776798825257,0.6000000000000001,0.65,0.984375,0.0,0.0,0.34615384615384603,0.8,0.0,0.0,0.5,0.0,0.8571428571428572,0.0,0.0,0.7847679101893532,0.8450627781597134,0.0,0.0,0.9803921568627451,0.0,0.9360986547085202,0.8,0.0,0.6487702391011441,0.9424867021276596,0.6666666666666667,0.17588440458395616,0.0,1.0,0.0,0.7073170731707317,0.0,0.7013486727039527,0.8745152812746955,0.0,0.0,0.7217795484727756,0.6727140783744557,0.3595022959561548,0.8435462842242503,0.5561797752808988,0.0,0.7198377403155561,0.7128389415223784,0.8986909504837792,0.0,0.0,0.5876075731497419,0.9739130434782609,0.7729270436566071,0.63727959697733,0.0,0.23627346794190573,0.8759970993473531,1.0,0.0,0.5714285714285714,0.751749920458161,0.9010309278350516,0.0,0.16206123973114261,0.8125,1.0,1.0,1.0,0.928763440860215,0.7990500065971764,0.9375,0.8041191936897458,0.5,0.2500000000000001,1.0,0.7609302325581395,1.0,1.0,0.0,0.5,0.0,0.4502791968634906,0.43582510578279265,0.75,0.8759420289855072,1.0,0.5,1.0,0.0,0.9690181124880839,0.0,0.8319327731092437,0.7,0.6311584553928096,0.8890368397691967,0.0,1.0,0.0,0.8636363636363636,0.0,0.0,0.0,0.7970711297071129,0.0,0.8571428571428572,1.0,0.0,0.8153846153846154,0.5,0.4585454231731516,0.9694548872180451,0.6875,0.0,0.688034188034188,0.08189655172413801,0.42307692307692313,1.0,0.08333333333333337,0.0,0.0,0.29777992277992305,0.8571428571428572,0.6021060549078601,0.6247269550021843,1.0,0.0,0.0,0.25,0.9701964701964702,0.0,0.6666666666666667,0.3089281615790683,0.875,0.25,0.0,1.0,0.6510123734533184,0.31464174454828653,0.0,0.5,1.0,0.9,0.3529411764705882,0.0,0.4165588615782665,0.6000000000000001,0.0,0.5454545454545454,0.5,0.8571428571428572,0.75,1.0,0.5,0.529806884970613,0.0,1.0,1.0,1.0,0.8635394456289979,0.0,0.7938434216368211,0.8823529411764706,0.7959094865100087,0.8122319597240351,0.25271149674620386,1.0,0.5155430183356841,1.0,0.4406546644844518,0.0,0.0,0.0,1.0,0.0,0.5688469729236386,0.0,0.0,0.6666666666666666,1.0,1.0,0.9510912228142361,0.967741935483871,0.9888888888888889,0.9823620255222304,0.0,1.0,0.8645817403272672,0.0,0.48756251217769697,0.0,0.0,0.0,1.0,0.13636363636363646,0.9979208270670513,0.0,0.9259259259259259,0.8732394366197183,0.0024275873516474977,0.5519359017415919,0.9266048502139801,0.08859506469631606,0.0,0.0,0.0,1.0,0.6687590773699629,0.8698996562811842,0.9375,0.0,0.9842625310823191,0.0,1.0,1.0,0.0,0.9367088607594937,0.0,1.0,0.9785460992907802,0.0,0.7445815271757252,0.0,0.6774193548387096,0.75,0.9723014256619145,1.0,0.0,0.8176764869371873,0.820754716981132,0.0,0.8889256198347107,0.0,0.0,1.0,0.5882400714691789,0.9333333333333333,0.7142857142857143,0.0,0.0,0.2322241516872391,0.6074766355140186,0.0,0.0,0.33333333333333326,0.0,0.9265793966989186,0.0,0.0,0.11801242236024856,0.30342824414989367,0.0,0.0,0.9190444591904446,0.7764705882352941,1.0,0.6077795786061588,0.0,0.6292134831460674,0.9698431845597105,0.7777777777777778,0.0,0.0,0.8181818181818181,0.0,0.6139240506329113,0.0,0.0,0.8264798915499322,0.0,0.6548514142499104,0.46641427798810176,0.45891161431701977,0.2480422681385036,0.23685171658144621,0.0,0.8267944716897013,0.0,0.0,0.7641759406465289,0.40582655826558267,0.6666666666666667,0.20512820512820518,1.0,0.0,0.4042553191489361,0.0,0.05882352941176461,0.6417233560090703,0.8990134719422934,0.0,0.09523809523809523,0.3087315130830488,0.8742857142857143,0.6307692307692307,0.1791187739463601,0.0,0.978021978021978,0.22222222222222232,1.0,0.8571428571428572,0.6057339449541284,0.8478260869565217,0.32943525385054195,1.0,0.0,0.0,0.07794015309672941,0.0,0.4,0.0,0.0,0.33333333333333326,0.6995305164319249,0.40340909090909094,0.5714285714285714,0.7567372820291108,0.4585977636748263,0.6,0.7021276595744681,0.8571428571428572,0.4347826086956522,1.0,0.0,0.5,0.0,0.6666666666666667,0.5,1.0,0.6666666666666667,0.75,0.0,1.0,1.0,0.2857142857142857,0.0,1.0,0.49267100977198697,0.0,0.4683439314348907,0.0,0.0,0.7006666666666667,0.0,0.5481927710843373,0.16377171215880904,1.0,0.28481012658227844,0.7142857142857142,0.75,0.7,0.34883720930232565,0.5227736233854521,0.4444444444444444,0.0,0.0,0.0,1.0,0.18128654970760238,0.0,1.0,0.2857142857142857,1.0,0.6976177077471394,1.0,1.0,0.0,0.0,0.7411656118143459,0.07147220525351261,0.0,0.0,0.0,1.0,0.0,0.5,0.8333333333333333,0.33333333333333337,1.0,0.6370967741935484,0.0,0.5,1.0,0.5,0.5,0.9623918277051207,0.0,0.8333333333333333,0.7692307692307693,0.4021922428330523,1.0,0.0,0.0,0.0,0.0,0.20667209113100082,0.9467756403867238,0.7978963185574756,0.9335604770017036,0.8782033230076035,0.0,0.0,0.00630455868089197,0.375,0.9178789300797747,0.5,0.3069381598793365,0.0,0.799081515499426,1.0,0.8,0.0,0.924582138800238,1.0,0.9166666666666666,1.0,0.0,0.837115015292695,0.5376884422110553,0.6715517241379312,0.00713284007930759,0.682249322493225,0.0,0.0,0.8191780821917808,0.0,0.9686722616460237,0.0,1.0,0.9130691037684365,0.667832422586521,0.6324577861163228,0.7254901960784315,0.0,0.0,0.0,0.0,0.9709737827715356,0.9236363636363636,0.7616837387964148,1.0,0.0,1.0,0.0,1.0,0.880968506603454,0.0,0.9047619047619048,0.0,0.9776007964161274,1.0,0.6538000822412529,0.8126142595978062,0.0,0.5,0.3571428571428572,0.8959764474975466,0.0,0.0,1.0,0.75,runif
0.0,0.6928571428571428,0.0,0.8569024985278034,0.8269230769230769,0.0,0.0,0.8245923314235346,0.0,0.0,0.0,0.0,0.8456752076546036,0.0,0.4,0.0,0.0,0.0,0.8,0.0,0.6513048423447143,0.0,0.0,0.7065285844237632,0.0,0.715286789514664,0.0,0.7422883610919484,0.0,0.9314299366861785,0.9473684210526315,0.6996633257226887,0.890795631825273,0.2857142857142857,0.0,0.0,0.0,0.0,0.9103489771359807,0.0,0.0,0.9679729100966757,0.5785456006428285,0.22695962592387753,0.48420538428137216,0.7984420642648491,0.6175464749210804,0.5834105122451902,0.3157179525894609,0.8258812757515641,0.20977092218505,0.33333333333333337,0.0,0.33207972922151185,0.36045325170506426,0.0,0.0,0.047020739602765205,0.7139659803043867,0.5793876308388182,0.38472463310714844,0.903584817244611,0.573945724326435,0.9401206524167721,0.4876589379207179,0.32115902964959564,0.8259717314487632,0.0,0.9631989596879064,0.5642201834862385,1.0,0.2698412698412699,0.8571428571428572,0.5584430925521234,0.6666666666666667,0.0,0.0,0.06215997221900704,0.0,0.6000000000000001,1.0,0.0,1.0,0.0,0.7776475185619383,0.33333333333333337,0.3154743390357698,0.27288428324697767,0.8571428571428571,0.5308483290488433,1.0,0.0,0.5,0.20775142550202452,0.30000000000000004,0.9990662931839402,0.9375,0.0,1.0,0.09011627906976738,1.0,0.3384982121573301,0.8571428571428572,0.8836772983114447,0.7300052273915316,0.0,0.9166666666666666,0.0,1.0,0.5708502024291497,0.33333333333333337,0.45827518838961767,0.6565420560747663,1.0,1.0,0.8622129436325678,0.9166666666666666,0.0,0.4494556765163298,0.4626865671641792,0.5,0.0,0.7174959871589086,0.9103287944204583,0.5552112216604145,0.6545048399106477,0.0,0.0,0.9340740740740741,0.583941605839416,0.19089726918075434,0.7777777777777778,0.0,0.07539118065433859,0.0,0.0,0.6186734693877551,0.6666666666666667,0.39025856885147325,0.09545947621261397,0.5,0.13232830820770514,0.6666666666666667,0.37248322147651014,0.2727272727272726,0.4265003371544168,0.4430752745780874,0.33333333333333337,0.0,0.35888275414095494,0.75,1.0,0.75,0.4285714285714285,0.0,0.16976523273171362,0.7,0.0,0.9016644229592461,0.9047343633809799,0.8816631130063965,0.7222222222222222,0.6218246759245005,0.6666666666666667,0.6853997682502897,0.4322474032105761,0.0,0.0,0.9070030729419376,0.6403441049961398,0.8142956441149212,0.8,0.8214285714285714,1.0,0.8791436464088398,0.5,0.4678434382194935,0.8269230769230769,0.0,0.875,0.0,0.5,0.9476274916740842,0.0,0.9803921568627451,0.0,0.9529523934771174,0.5892053403077672,0.0,0.14419159994381237,0.5713589868485143,0.9303710490151168,0.33333333333333326,0.632204934354855,0.5393939393939393,0.76,0.9855543062738925,0.9638885643063021,0.0,0.0,0.6732863953525084,0.44082487135841597,0.9658201718592483,0.0,0.0,0.0,0.0,0.9966643729371013,0.0,0.9251771283903364,0.0,1.0,0.986652998674619,0.6666666666666667,0.9913100152074734,0.846080066106922,0.8666666666666667,0.8762264150943396,0.9896640826873385,0.8282474804031354,0.9347826086956522,0.10314946473808928,0.773156899810964,0.9375,0.06542056074766345,0.13494318181818177,0.935877385048483,0.5,0.0,0.6900720811331824,0.875,0.0,0.0,0.0,0.9148539465506526,0.791776798825257,0.0,0.0,0.8148148148148149,0.0,0.0,0.0,0.0,0.82699513672965,0.0,0.5,0.0,0.0,0.0,0.8571428571428572,0.0,0.8845689831781657,0.0,0.0,0.9775561097256857,0.18588724471077422,0.9384328358208955,0.0,0.5189873417721519,0.0,0.8142610695802185,0.6666666666666667,0.6421052631578947,0.4513031550068588,0.0,0.0,0.0,0.0,0.0,0.8654328887138849,0.0,0.0,0.9891634595908446,0.7377622377622377,0.36331679073614565,0.0,1.0,0.8829935125115849,0.768585691710961,0.29344729344729337,0.7231182795698925,0.0,0.0,0.7025041736227046,0.0,0.2687927107061504,0.0,1.0,0.14491614255765184,0.6138763197586727,0.7874032942350886,0.31932773109243695,0.9428571428571428,0.1691026512576479,0.9007444168734492,0.9955555555555555,0.5724950884086444,0.6947368421052631,0.2571428571428571,1.0,1.0,0.916083916083916,0.0,0.8,0.605724838411819,0.75,0.0,1.0,0.2806799336650082,0.0,0.0,0.0,0.5,0.0,0.04931960544315639,0.8885754583921015,0.2500000000000001,0.5,0.0,1.0,0.7857142857142857,1.0,0.3476394849785409,1.0,0.1256738544474395,0.29999999999999993,0.9358974358974359,0.9649238914626075,0.0,1.0,0.0,1.0,0.5555555555555556,1.0,1.0,0.8025889967637541,0.0,0.8571428571428572,1.0,0.5,0.810126582278481,1.0,0.0,0.21203904555314523,0.9375,0.3625154130702837,0.9198113207547169,0.11569148936170204,0.0,0.6363636363636365,0.08333333333333337,0.5833333333333333,0.0,0.5767790262172285,1.0,0.980352440753494,0.7106149957877,0.0,0.0,0.988009592326139,1.0,0.0,1.0,0.0,0.6659661541864836,0.875,0.0,0.0,1.0,0.5640456563094485,0.5015576323987538,1.0,0.5813953488372092,1.0,0.44999999999999996,0.5882352941176471,0.7222222222222222,0.0,0.8,0.0,0.25806451612903225,0.0,0.8571428571428572,0.75,0.33333333333333326,1.0,0.5580323970872343,1.0,0.0,1.0,0.9801466642818816,0.8839686098654709,1.0,0.8421052631578947,0.6470588235294118,0.0,0.6382621666977438,0.3709327548806941,0.0,0.9818607372732592,0.9346309217774513,0.9384615384615385,0.8,0.9473023839397742,0.0,0.8830717955839467,1.0,0.43786671754996886,0.8,0.4,1.0,0.0,0.0,0.9516648885816892,0.0,0.9888888888888889,0.0,0.9526282669130708,0.9465648854961832,0.0,0.7608303249097472,0.6411713487007927,0.9716821393121972,0.5,0.8307806397389628,1.0,0.8181818181818182,0.9914855968149054,0.9738171348947767,0.0,0.0,0.6553648797893126,0.5466391306485715,0.9848104157149383,0.0,0.0,0.0,0.0,0.9960012644223171,0.0,0.9815111130594888,0.0,0.9047619047619048,0.9848036378668872,0.5,1.0,0.9346022449975597,1.0,0.5,0.9956454121306376,0.9611026993160341,0.9755757152826239,0.21206573189247124,0.7661734132322368,1.0,0.0,0.0,0.9723014256619145,1.0,1.0,0.6621680452764476,1.0,1.0,0.7933609958506225,0.0,0.9411764705882353,1.0,0.0,0.0,0.7142857142857143,0.0,0.0,0.0,0.0,0.900749063670412,0.0,0.33333333333333326,0.0,0.0,0.0,0.6666666666666667,0.0,0.691510678852451,0.0,0.0,0.6079328756674294,0.0,0.5357142857142858,0.0,0.7117224880382775,0.0,0.640577835273825,0.7777777777777778,0.8225734968237552,1.0,1.0,0.0,0.0,0.33333333333333326,0.4516599781101788,0.7778013132810845,0.0,0.6531339031339032,0.9660582772974704,0.4177518848526387,0.3409169251982076,0.6749123130884253,0.6565934065934066,0.44331704872854827,0.0,0.3076923076923076,0.8229994700582937,0.09285714285714286,0.6666666666666667,0.3076923076923077,0.4913793103448275,0.0,0.0,0.0,0.1438356164383563,0.8266331658291457,0.025694555965954824,0.796756996890271,0.8095238095238095,0.7377701934015928,0.8713043478260869,0.5081967213114755,0.26368363437328957,0.75,1.0,0.5555555555555556,0.0,0.8571428571428572,0.0,0.3076923076923077,0.5193953223046206,1.0,0.0,0.0,0.44537230340988165,0.6666666666666666,1.0,0.0,0.0,0.33333333333333326,0.011150234741783782,0.7107438016528926,0.5714285714285714,0.22908622908622922,0.3295727316370619,0.8,0.0,1.0,0.0,0.0,0.0,1.0,0.9631067961165048,0.5,0.5,1.0,0.33333333333333337,0.75,0.0,0.5,0.5,0.2857142857142857,0.0,1.0,0.0,0.5142857142857142,0.717357910906298,0.16666666666666663,0.0,0.8382222222222222,0.875,1.0,1.0,0.0,0.29721815519765726,0.12337662337662325,0.75,0.19999999999999996,0.34883720930232565,0.5086928525434643,0.6666666666666667,0.6291913214990139,0.0897959183673469,1.0,0.0,0.47839506172839497,0.7142857142857143,0.15388983532084044,0.7142857142857142,0.0,0.0,1.0,0.0,0.2283217566659197,0.0,0.0,0.3549175320708613,0.0,0.6007326007326008,0.0,1.0,0.18181818181818177,0.08333333333333326,0.9651162790697674,0.0,1.0,0.08333333333333337,0.6666666666666666,1.0,1.0,1.0,0.0,0.22942286420717017,0.25,0.20739456961294045,0.7692307692307693,0.8844960349385128,0.23974763406940058,0.5555555555555556,0.8870738636363636,1.0,0.22222222222222232,0.10030165912518862,0.0,0.615937687237867,0.7757275411218895,0.24194476409666288,0.7963636363636364,0.8,0.7861299709020368,0.0,0.0,0.0,0.7754409769335142,0.8780487804878049,0.0,0.8,0.4,1.0,0.929193958750609,0.0,0.9166666666666666,0.0,0.8476425052779732,0.4456589958158995,0.0,0.206896551724138,0.21718862676419093,0.3756906077348068,0.0,0.46504881532639264,0.7095310136157338,0.41666666666666663,0.9656362820019426,0.9443580521521991,0.5,0.0,0.6534747722018224,0.0,0.8907103825136612,0.0,0.0,0.0,0.0,1.0,0.0,0.8075686810747456,0.0,1.0,0.9841915085817525,1.0,1.0,0.8813559322033898,0.888888888888889,0.9047619047619048,0.9205574912891986,0.7441537851763773,1.0,0.25625893023544766,0.84009873834339,0.9,0.75,0.0,0.8889970788704966,0.0,0.0,0.6765999022960429,0.8125,runif
0.0,0.0,0.7512074968006496,0.0,0.8387832699619772,0.6212052900510971,0.7723553477498539,0.0,0.0,0.7534184958618207,0.4860351222311018,0.0,0.0,0.5684641473840535,0.4,0.6322845266606106,0.0,0.0,0.33333333333333326,0.4236422509846012,0.4531476710787361,0.5,0.0,0.0,0.46378796902918396,0.6777332570120207,0.0,0.7099220992209923,0.0,0.0,0.0,0.7115858509420416,0.8723076923076922,0.8714859437751004,0.0,0.0,0.45185185185185184,0.0,0.0,0.0,0.6015037593984962,0.46314381270903016,0.6033117350611952,0.0,0.45575933075933084,0.8863718607512485,0.0,0.5089007553628604,0.7162162162162162,0.9452482735942125,0.3176167374166161,0.33333333333333337,0.26154972097703766,0.0,0.0,0.0,0.730946091380491,0.0,0.6980702622464127,0.5302596554668275,0.0,0.23055195951512297,0.12940938306594463,0.9413010148207637,0.1578947368421052,0.0,0.38888888888888895,0.808170515097691,0.6673469387755102,1.0,0.65625,0.7397714706966458,0.0,0.042654827469933765,0.6666666666666667,0.0,0.0,0.0,0.6666666666666667,0.8,1.0,0.6666666666666667,1.0,0.5531149301825993,0.41617819460726846,0.22222222222222232,0.3288702928870295,0.2666423490789712,0.5714285714285714,0.5,0.25,0.27903621411051804,0.0,0.204192401272693,0.7,0.7185757185757186,0.78125,0.25,0.0,1.0,0.7647058823529411,0.29556650246305427,0.8571428571428572,0.0,0.973918197984588,0.0,1.0,0.14010651372388372,1.0,0.0,0.75,0.45848136537791717,0.0,0.5428571428571428,0.8187062216728471,0.4482758620689655,0.9166666666666666,0.35910534308987985,0.0,0.09734513274336287,1.0,0.0,0.9135435411939598,0.8180201541197392,0.017058201058201328,0.6483433734939759,0.0,0.6666666666666667,0.0,0.0,0.3637707167739891,0.0,0.0,0.6813655761024182,1.0,0.0,0.2643841166936789,0.6666666666666667,0.4094030863150755,0.18820878708223798,0.0,0.10720268006700162,0.33333333333333337,0.0,0.0,0.7068502350570853,0.10347903657448698,0.33333333333333337,0.0,0.8,0.75,0.8333333333333334,0.5,0.0,0.0,0.6366426979521467,0.7,0.3885170702361259,0.44924712134632416,0.2654541084091183,0.5356497288612172,0.4722222222222222,0.6445588532202704,0.0,0.40223642172523966,0.0,0.9159288441231419,0.5461385262226157,0.6946991869918699,0.7919954904171365,0.7586206896551724,0.0,0.19642857142857162,0.0714285714285714,0.0,0.0,0.48199819981998204,0.1923076923076923,0.0874635568513118,0.75,0.8,0.5,0.0,0.0,0.9803921568627451,0.0,0.0,0.005729375968769768,0.9803577189146564,0.14419159994381237,0.44824099769865977,0.33509513742071884,1.0,0.21360491410442461,1.0,0.76,0.9812782473782801,0.0,0.6557288864981172,0.9388878887019574,0.0,0.9015237172239272,0.954360228198859,0.0,0.0,0.0,0.0,0.9858818850666137,0.0,0.851660957973142,0.0,0.9649122807017544,0.9946967950195988,0.0,0.9826200304149467,0.0,0.8,0.9915254237288136,0.0,0.0,0.9347826086956522,0.6071160647304683,0.9584830238324141,0.0,0.0,0.0,0.8910822749861955,0.0,0.0,0.7198973042362002,0.0,0.0,1.0,0.7803216744972282,0.0,0.8178913738019169,0.6714285714285715,0.6841750841750842,0.0,0.0,0.5452830188679245,0.875,0.8,0.0,0.6427577570613608,0.5,0.6994061215166743,0.0,0.0,0.5,0.7847679101893532,0.8295388728001782,0.0,0.0,0.0,0.0,0.9444822116474054,0.0,0.5189873417721519,0.0,0.0,0.0,0.6444444444444444,0.3742857142857142,0.0,0.0,0.0,0.6843365466697204,0.0,0.0,0.0,0.0,0.23923705722070865,0.6907332433648223,0.0,0.368421052631579,1.0,0.2723063973063973,0.49876634591660496,0.0023474178403757318,1.0,0.33333333333333326,0.0,0.0,0.27105763141228634,0.14694800301431787,0.0,0.0,0.0,0.4770642201834864,0.8080315818132318,0.0,0.5714285714285714,0.6430684699915469,0.9007444168734492,0.22764227642276436,0.15286259541984748,0.6157894736842104,1.0,0.8666666666666667,1.0,0.7421981004070557,0.8423284502698535,0.0,0.0,0.75,0.0,0.0,0.7294685990338163,1.0,1.0,0.0,1.0,0.0,0.8196982883666957,0.2609308885754583,0.0,0.0,0.4931129476584022,0.5,0.33333333333333326,0.6000000000000001,0.861995753715499,0.0,0.14467668190725014,0.7,0.6850393700787402,1.0,0.36363636363636365,0.0,0.0,0.8636363636363636,0.4375,1.0,0.0,1.0,0.0,0.9,0.0,0.5,0.0,1.0,0.0,0.0,0.6875,0.9518561484918794,0.7455919395465995,0.75,0.42307692307692313,0.0,0.75,0.9583333333333334,0.0335448776065278,1.0,0.8571428571428572,0.1114257706132229,0.7564102564102564,0.0,0.0,0.0,0.6666666666666667,0.8497913769123783,0.33333333333333337,0.6666666666666667,0.8778352566653402,0.0,0.0,0.0,1.0,0.7465753424657534,1.0,0.0,0.0,0.0,0.0,0.3529411764705882,0.9019908116385911,0.75,0.8,0.0,1.0,0.5,0.8571428571428572,0.75,0.0,0.0,0.4851860630481156,1.0,0.2100000000000002,1.0,0.0,0.9019126162484646,0.39522653721682854,0.0,0.0,0.5537634408602151,0.8124787487249234,1.0,0.2727272727272727,0.0,0.0,0.9384615384615385,0.0,0.6486486486486487,0.0,0.0,1.0,0.3895126050420168,0.0,0.625,0.6666666666666666,1.0,0.0,0.0,0.0,0.9888888888888889,0.0,0.37038689172289085,0.9778503994190269,0.916923076923077,0.6081813701330705,0.9201403314407054,0.36711478800413655,0.0,0.31034693877551,1.0,0.8181818181818182,1.0,0.0,0.643473260494537,0.9436619718309859,0.26075849872273527,0.965056177048703,0.9780313837375179,0.0,0.0,0.0,0.0,1.0,0.0,0.9428861882537776,0.0,0.9047619047619048,0.9953972868217055,0.0,1.0,0.0,1.0,0.9842734325854476,0.0,0.0,0.9218989280245024,0.844849648112604,0.9409130488866775,0.0,0.6774193548387096,0.0,0.8888888888888888,0.5,1.0,0.4749512036434612,0.0,0.0,0.0,0.7332402956530728,0.0,0.6294117647058823,0.48986849168008595,0.9333333333333333,0.0,0.0,0.6606181954699035,0.33710580607132334,1.0,0.0,0.5621076788084687,0.33333333333333326,0.9119897959183674,0.0,0.0,0.6666666666666667,0.12951511298618734,0.14153406571752303,0.6000000000000001,0.0,0.0,0.7764705882352941,0.125,0.0,0.7729549248747913,0.0,0.0,0.0,0.8237704918032787,0.4920273348519363,0.8181818181818181,0.0,0.0,0.3125,0.4516599781101788,0.0,0.0,0.7289201183431953,0.5640911405295316,0.47285342584562007,0.0,0.30025964391691384,0.6457399103139014,0.0,0.8636759358836482,0.15384615384615385,0.75,0.0,0.6666666666666667,0.0,0.0,0.16374687164819457,0.0,0.0,0.0,0.7857142857142857,0.0,0.0,0.05714285714285716,0.0,0.8475482221705787,0.09836065573770503,0.1791187739463601,0.0,0.5,0.2222222222222222,1.0,0.0,0.8157894736842105,0.5,0.0,1.0,0.5609756097560975,1.0,0.04038997214484685,0.6666666666666666,0.8,0.0,0.5,1.0,0.15789473684210542,0.0,0.5714285714285714,0.453527883270038,0.7093596059113301,0.6,0.0,1.0,0.13043478260869568,1.0,0.0,1.0,0.3203883495145631,0.6666666666666667,0.0,0.0,0.6666666666666667,0.75,0.0,0.5,0.0,0.7142857142857142,0.0,1.0,0.2796517954298151,0.5142857142857142,0.0,0.33333333333333326,0.0,0.6969314838167298,0.0,0.6902654867256637,0.29457364341085257,0.0,0.0,0.16541353383458646,0.25,0.8,0.31707317073170727,0.6773283160865475,0.4444444444444444,0.16688481675392686,0.06603773584905659,1.0,1.0,1.0,0.0,0.532608695652174,0.0,0.0,0.2776214593884825,1.0,0.0,0.8202196816857208,0.0,0.35352480417754584,0.6793924466338259,0.0,0.2206366630076837,1.0,1.0,0.0,0.41666666666666663,0.16666666666666674,0.0,1.0,0.605263157894737,1.0,1.0,0.5,0.0,1.0,0.9693479295573536,0.25,0.05855855855855874,0.26923076923076916,0.5891341256366722,0.23974763406940058,0.7777777777777778,0.9857549857549858,0.0,0.0,0.0,1.0,0.728527175443537,0.6407415078707539,0.9769759450171821,0.7963636363636364,0.0,0.002400384061449823,0.0,0.2142717114291316,0.0,0.9273993038289408,0.41463414634146345,0.0,0.8,0.8,1.0,0.0,0.0,0.9166666666666666,0.0,0.0,0.0033555230827514437,0.9181286549707602,0.2068965517241379,0.11974580998811513,0.47289972899728994,0.0,0.09559383105285224,1.0,0.33333333333333326,0.966457564039194,0.0,1.0,0.9316313573481254,0.0,0.8914336327976717,0.8888888888888888,0.0,0.0,0.0,0.0,0.75,0.0,0.5667248908296942,0.0,1.0,1.0,0.0,0.9789220114423367,0.0,0.888888888888889,1.0,0.0,0.15294815987336774,0.9482758620689655,0.5049644216448784,0.9222292412437706,0.0,0.0,0.3571428571428572,1.0,0.0,0.0,0.8817525516554643,0.0,runif
0.5714285714285714,0.0,0.7546115311200207,0.6936026936026936,0.8526091586794462,0.0,0.0,0.7472636815920398,0.378462440358905,0.0,0.0,0.7,0.9046938289254229,0.0,0.4,0.5441173749745601,0.8125,0.0,0.0,0.0,0.6511348675549002,0.5,0.5824636812630448,0.6840575881653678,0.0,0.0,0.0,0.0,0.002656423879096814,0.0,0.0,0.0,0.0,0.0,0.7988879464706437,0.8621764889304646,0.45185185185185184,0.11907894736842095,0.8914209672724248,0.0,0.24948645211777365,0.5167971569770669,0.5935000506226586,0.5693295602960383,0.48420538428137216,0.9239153973868476,0.0,0.0,0.9452833009418449,0.0,0.0,0.6666666666666667,0.2991833163190899,0.9122064734503914,0.354319603659639,0.25543478260869557,0.0,0.05222088835534233,0.0,0.6004543601095125,0.6981744743198828,0.5639570241232514,0.0,0.5261660978384528,0.6413612565445026,0.44974080161840935,0.33445945945945943,0.8708876474239603,0.9151273090364453,0.7142857142857143,0.0,0.4920634920634921,0.0,0.0,0.7777777777777778,1.0,0.0,0.8817786267643001,0.0,0.6000000000000001,1.0,0.6666666666666667,1.0,0.238445968739458,0.0,0.22222222222222232,0.4735807001442244,0.28492031058438905,0.8571428571428571,0.0,0.25,0.26176602420439277,0.0,0.5328467153284671,0.0,0.10617760617760619,0.0625,0.2222222222222222,0.380252100840336,0.0,1.0,0.46896551724137936,0.0,0.5294117647058822,0.0,0.0,0.9166666666666666,0.3566388710711995,0.75,0.8363123236124177,0.7777777777777778,0.45827518838961767,0.6506024096385542,0.03585657370517925,0.5023562676720076,0.284446764091858,0.0,0.20195934913574687,0.009763424708974844,0.23880597014925375,0.2222222222222222,0.0,0.3178742772788782,0.7009345794392523,0.025805957577149874,0.41666666666666663,0.0,0.0,0.9079341317365269,0.0,0.4134537172604522,0.33333333333333326,0.25,1.0,0.0,0.5,0.8256122448979593,0.0,0.3931182453909726,0.6293436293436294,0.5,0.49986372308530935,0.33333333333333337,0.0,0.0,0.6281186783546865,0.18892746208660693,0.6666666666666667,0.0,0.0,0.75,1.0,0.0,0.0,0.0,0.6313647336215124,0.7,0.7444086133361074,0.8949150528691934,0.5853318172420922,0.4882358780899432,0.0,1.0,0.8333333333333334,0.6877587226493199,0.5896651270207853,0.9159288441231419,0.0,0.5713619130941967,0.6126875192468435,0.7126436781609196,0.75,0.0535714285714286,0.15384615384615385,0.8791436464088398,0.6666666666666667,0.4633084577114427,1.0,0.5855312735493594,0.0,0.6000000000000001,0.0,0.9439950441691553,0.0,0.0,0.9118316495627521,0.0,0.8339973237637613,0.0,0.14419159994381237,0.0,0.0,0.33333333333333337,0.835984596190972,1.0,0.84,0.9556620773993141,0.9441351507007103,0.6663019693654266,0.9067850913103841,0.9144399791391846,0.352123368920522,0.6091954022988506,0.23890375933842034,0.0,0.0,0.0,0.9998049398971058,0.0,0.9322446407423102,0.9473684210526315,1.0,0.9628775651371916,0.0,0.0,0.9145364553118481,0.0,0.0,0.8645289325255902,0.41600689817355163,0.9782608695652174,0.0,0.9656240568060873,0.0,0.0,0.8636363636363636,0.3977856860419138,0.5,0.0,0.8259085313027222,0.8125,0.0,1.0,0.745776976653258,0.9148539465506526,0.8178913738019169,0.0,0.0,0.8148148148148149,0.4213154871897318,0.0,0.0,0.0,0.9246376811594202,0.0,0.5,0.6756041426927503,0.8571428571428572,0.0,0.0,0.0,0.7129396474697425,0.0,0.6782963936889557,0.875192820081335,0.0,0.0,0.0,0.0,0.4477115348624424,0.0,0.0,0.0,0.0,0.25,0.8841698841698842,0.7391304347826086,0.6843365466697204,0.7078928180823916,0.8595788392398562,0.0,0.0,0.7394372651452663,0.7009948157489141,0.20388751033912333,0.046425255338904514,0.8919135308246597,0.32523678582340365,0.0,0.9829059829059829,0.0,0.3076923076923076,1.0,0.0,0.9340442986054143,0.23003019489431786,0.23628509719222457,0.0,0.18067075369635777,0.0,0.8116913852950458,0.8664826634466103,0.6857142857142857,0.0,0.7270471464019851,0.9172821270310192,0.0,0.8473684210526315,0.9202127659574468,1.0,1.0,0.4370629370629371,0.6262188515709644,0.0,0.0,0.75,0.75,1.0,0.8678777869529315,0.0,0.0,1.0,1.0,0.0,0.4748088950660181,0.0,0.0,0.5391918978795232,0.565880721220527,1.0,0.0,0.6000000000000001,0.8516645596291614,0.0,0.7773627194620845,0.0,0.4545454545454546,0.12494402149574546,0.0,0.48090523338048086,0.0,1.0,0.5263157894736842,0.0,0.0,0.0,0.0,0.8571428571428572,0.4347826086956522,1.0,0.83399209486166,1.0,0.0,0.6899801587301588,0.0625,0.11830488522660365,0.0,0.0,1.0,0.4545454545454546,0.75,0.5416666666666667,0.0,0.0,0.8928571428571428,0.13193140568281392,0.8558322411533421,0.0,0.0,0.8169848584595129,0.6666666666666667,0.7176345231752796,0.33333333333333337,0.33333333333333337,0.9583433085946852,0.875,0.25,0.29451137884872813,0.0,0.7123417721518988,0.75,1.0,0.0,0.0,0.0,0.3529411764705882,0.7757125154894671,1.0,0.8,0.0,0.0,0.5,0.8571428571428572,0.0,0.0,0.0,0.529806884970613,1.0,0.7020420603474551,1.0,0.8404963136126595,0.15457264284589955,0.0,1.0,0.8823529411764706,1.0,0.5368719611021071,1.0,0.0,0.5154336662716551,0.9309355692850838,0.8156347717323327,0.0,0.0,0.0,0.895034293552812,1.0,0.39848234905971647,0.8,0.0,0.0,1.0,1.0,0.9451601441956462,0.0,0.0,0.9516522510534486,0.37038689172289085,0.9790233837689133,0.0,0.6090484386525695,0.7949243497055973,0.8810754912099276,0.5,0.9104183673469388,0.9845360824742269,0.9545454545454546,0.9672131147540983,0.9629042712335587,0.6504739336492891,0.0,0.9173986042739826,0.5403669266146771,0.6466568544995794,0.10634051046842463,0.0,0.0,0.0,1.0,0.0,0.9837864852136974,1.0,0.9512195121951219,0.9649670943295885,0.0,0.0,1.0,0.0,0.0,0.9474714518760196,0.9235410811704414,1.0,0.4251708886208284,0.9410040489852697,0.0,1.0,0.8333333333333334,0.45661914460285136,1.0,1.0,0.6432676518883416,0.8012048192771084,0.0,0.0,0.698893499308437,0.9411764705882353,1.0,0.0,0.0,0.7142857142857143,0.7166605097894347,0.0,0.0,0.0,0.9249146757679181,0.0,0.33333333333333326,0.8463203463203464,0.8260869565217391,0.0,0.0,0.0,0.691510678852451,0.6000000000000001,0.8050628829409868,0.6079328756674294,0.0,0.0,0.0,0.0,0.6241134751773051,0.0,0.0,0.0,0.0,1.0,1.0,0.8676743569345001,0.1696428571428572,0.0,0.743896484375,0.0,0.0,0.43640661938534264,0.5424433831458944,0.5301620130989314,0.8181818181818181,0.937794533459001,0.14211026615969602,0.6617984560817859,0.7692307692307692,0.0,0.7574750830564785,0.6666666666666667,0.0,0.4568965517241379,0.12598425196850394,0.20000000000000007,0.0,0.1438356164383563,0.0,0.0003688675765397553,0.4064860062194582,0.7034749034749035,0.31783276450511944,0.40305741983594345,0.4863221884498481,0.7701149425287357,0.25,1.0,0.5555555555555556,0.2500000000000001,0.0,0.5653605531774778,0.5,0.2297297297297296,0.0,1.0,0.0,0.04105775922059851,0.6666666666666666,1.0,0.0,0.5,1.0,0.6497991967871486,0.0,0.5714285714285714,0.48436319685753126,0.20142036869144775,0.8,0.0,0.5714285714285714,0.13043478260869568,1.0,0.4411764705882353,1.0,0.3203883495145631,0.0,0.5,1.0,0.33333333333333337,0.75,0.0,1.0,0.2500000000000001,0.0,0.0,1.0,0.3477709027447248,0.6304347826086956,0.9290465631929047,0.8333333333333333,0.0,0.0,1.0,0.9977409638554217,0.0,0.625,0.0,0.4285714285714286,0.25,0.0,0.31707317073170727,0.0,0.0,0.1374095989480606,0.6509433962264151,1.0,0.0,0.4157303370786518,0.0,0.0,0.4285714285714285,0.0,0.7715250422059652,1.0,1.0,0.552342524097736,1.0,0.0,0.7532894736842106,0.0,0.8083916083916084,1.0,1.0,0.0,0.5,0.0,0.6666666666666667,1.0,0.5833333333333333,1.0,1.0,1.0,0.0,1.0,0.9693479295573536,0.25,0.9168110918544194,0.7692307692307693,0.7929015084294588,0.0,0.0,0.817258883248731,0.0,0.7142857142857142,0.8340865074241446,0.8728855970373336,0.698058950395399,0.9548713622943905,0.24194476409666288,0.9362073596561913,0.8,0.00630455868089197,0.375,0.0,0.0,0.9296385542168675,1.0,0.770391061452514,0.0,0.6000000000000001,0.0,0.48268279274326564,0.0,0.0,0.8709677419354839,0.0,0.8052824267782427,0.0,0.2068965517241378,0.31354393609295583,0.0,0.0,0.7880560508052514,0.8831168831168831,1.0,0.9643614931237721,0.8984778794632273,1.0,0.9233637523304876,0.839038199933821,0.13414722242288524,0.448087431693989,0.21347501851437245,0.0,0.0,0.0,0.950185873605948,0.0,0.8082632929310802,0.6666666666666667,1.0,0.9732388823297914,0.0,0.0,0.8813559322033898,0.0,0.0,0.7333333333333334,0.2327355184498041,1.0,0.0,1.0,0.0,0.25,1.0,0.5647693817468106,0.0,0.0,0.8193088894750725,0.75,runif
0.0,0.5555555555555556,0.6679009238954596,0.9705882352941176,0.0,0.0,0.0,0.8206583427922816,0.0,0.7531028368794326,0.4860351222311018,0.0,0.0,0.0,0.0,0.0,0.801477377654663,0.7137070986996377,0.8,0.0,0.6557281290093774,0.0,0.0,0.0,0.45279761904761917,0.0,0.5983193277310924,0.0,0.0,0.903691368304191,0.9473684210526315,0.0,0.0,0.0,0.0,0.0,0.0,0.0,0.9128970163618865,0.0,0.0,0.9668494983277592,0.4537419540782016,0.0,0.5035834509718753,0.3641088572872303,0.48953579858379226,0.0,0.9646898166211471,0.9460116731517509,0.9725555095848848,0.0,0.0,0.16547661549446657,0.9295335809152137,0.23364223532715522,0.0,0.041832449160035146,0.0,0.5240855691786794,0.0,0.0,0.0,0.47070206672343073,0.2049364248317127,0.3874907017108852,0.8811188811188811,0.8418740849194729,0.9958289885297185,0.3098591549295775,0.0,0.0,0.8648648648648649,0.0,0.5,0.4339622641509434,0.0,0.5666857469948483,0.0,0.4,0.0,0.6666666666666667,0.0,0.6553426096088213,0.3294810534503836,0.0,0.0,0.2302146349548353,0.8571428571428571,0.9090909090909091,0.25,0.0,0.0,0.5328467153284671,0.7,0.9994008388256441,1.0,0.0,0.9924969987995198,0.8671875,1.0,0.027131782945736482,0.5714285714285714,0.5,0.84590065828845,0.6428571428571428,0.0,0.6562749800159873,0.7000000000000001,0.46401568188182596,0.5,0.0,1.0,0.0,0.0,0.4482758620689655,0.0,0.9538947759806655,0.0,1.0,0.7142857142857142,0.19515234224345102,0.07010264249836207,0.5512104283054003,0.0,0.0,0.75,0.0,0.889558232931727,1.0,0.44777461411658914,0.0,0.0,1.0,0.875,0.5,0.5225408293821028,0.6666666666666667,0.40629535934972816,0.9227348042208076,0.5,0.4346944903167691,0.33333333333333337,1.0,0.0,0.6501547987616099,0.02941176470588247,0.0,0.8571428571428572,0.4922371206774877,0.0,0.0,0.0,0.4285714285714285,0.0,0.3471670876939734,0.0,0.0,0.9355025773195876,0.48447429812565357,0.0,0.4722222222222222,0.0,0.0,0.6747420367877972,0.47430293005671076,0.5155173718870638,0.6911447084233262,0.0,0.0,0.7954627949183303,0.8,0.19642857142857162,1.0,0.07402386117136661,1.0,0.32686744937893486,1.0,0.6142991533396049,0.75,0.0,0.0,0.9375966414547396,0.9142857142857143,0.0,0.9112593694110082,0.8169209431345353,0.41918522724882723,0.9950267313191595,0.0,0.9872938274867323,0.9704713504660517,0.9624726362973002,0.2148695134007773,0.751230718739744,0.16000000000000003,0.9563892711933853,0.8984592068704218,0.25,0.0,0.5205988997249313,0.42568000341602963,0.574712643678161,0.0,0.0,0.0,0.0,1.0,0.0,0.9383367942252546,0.9473684210526315,0.0,1.0,0.0,1.0,0.6184467936177468,0.0,1.0,0.8836821858055918,0.988588412284886,0.9347826086956522,0.058503878616682936,0.8485231534150761,0.9375,0.056074766355140304,0.8636363636363636,0.9471544715447154,0.0,0.0,0.9856561113474747,0.875,0.0,0.5741935483870968,0.7236851226492635,0.9325544344131704,0.0,0.0,0.0,0.7916666666666666,0.0,1.0,0.788659793814433,0.0,0.0,0.0,0.0,0.0,0.8571428571428572,0.7435897435897436,0.8571428571428572,0.0,0.8693157366231531,0.0,0.0,0.0,0.0,0.0,0.8,0.0,0.0,0.8355365011313565,0.6666666666666667,0.0,0.0,0.0,0.0,0.0,0.0,0.0,0.8053623718887262,0.0,0.0,0.9884014120020171,0.5343374574143804,0.0,0.7065217391304348,0.0,0.0,0.0,0.9365609348914858,0.9788530465949821,1.0,1.0,0.0017699115044248481,0.6184591112279779,0.686408504176158,0.24523396880415949,0.6307692307692307,0.18067075369635777,0.0,0.7276205820159098,0.0,0.19999999999999996,0.4547471162377994,0.41887417218543044,0.0,0.0,0.6947368421052631,0.866751269035533,1.0,1.0,0.0,0.0011032656663725326,1.0,0.18467220683287167,1.0,0.2500000000000001,1.0,0.9549929676511955,0.0,0.5,0.0,1.0,1.0,0.8193707767201918,0.43582510578279265,0.5,0.0,0.4931129476584022,1.0,1.0,0.6000000000000001,0.11677282377919318,0.0,0.8238860260685056,0.7,0.9440993788819876,0.9,0.0,1.0,0.0,1.0,0.0,0.8571428571428571,0.0,0.75,0.75,0.0,0.6666666666666666,1.0,0.6546762589928058,1.0,0.0,0.9757824143070045,0.0,0.5371900826446281,0.767094017094017,0.0,0.9230769230769231,0.2727272727272728,0.9166666666666666,0.5833333333333333,0.6195555555555556,0.0,0.5,0.5558031193032207,0.12384161752316747,1.0,0.0,0.0,0.6666666666666667,0.5554311310190371,0.33333333333333337,0.6666666666666667,0.9673386642639937,1.0,0.25,0.7364255184422985,1.0,0.625,0.9376947040498442,1.0,0.5005020080321285,0.0,0.9,0.3529411764705882,0.7222222222222222,0.23951285520974308,0.0,1.0,0.0,0.0,0.0,0.0,0.33333333333333326,1.0,0.7724487639974646,0.0,0.0,1.0,0.8213199785369343,0.14378050389130714,0.0,0.368421052631579,0.0,0.47236551215917466,0.6632097925875553,0.8973727422003284,0.5524245458446574,0.0,0.10591350397175647,0.9493016468626225,0.8,0.905638665132336,0.0,0.48091670730085534,1.0,0.41663883986070693,0.8,0.0,0.6666666666666666,1.0,1.0,0.9451019984676287,0.9117647058823529,0.0,0.9540437035368327,0.82698834362208,0.1805740987983978,0.9920283436669619,0.6904395942207193,0.9875508221494621,0.8837209302325582,0.9850746268656716,0.3019138213560616,0.803921568627451,0.13636363636363646,0.949240723768337,0.9737069542045209,0.2592592592592593,0.0,0.9524792096542237,0.5367647058823529,0.7298075815186083,0.0,0.0,0.0,0.0,0.9954500737825873,0.0,0.9743570255973734,0.9375,0.0,0.9997465990930915,0.0,1.0,0.7037037037037037,0.0,0.9873417721518988,0.05882352941176472,1.0,0.9472062448644207,0.8800145255692742,0.8612151690870836,1.0,0.6774193548387096,0.8333333333333334,1.0,0.5,1.0,0.9358834244080145,1.0,1.0,0.8889256198347107,0.7090938200448287,0.9411764705882353,0.0,0.0,0.0,0.7142857142857143,0.0,0.6779725609756098,0.526849702230746,0.0,0.0,0.0,0.0,0.0,0.9187657430730478,0.6067378252168113,0.6666666666666667,0.0,0.6341498047568334,0.0,0.0,0.0,0.6995249406175772,0.0,0.47783621337340343,0.0,0.0,0.6694182389937107,0.7777777777777778,0.0,0.0,0.0,0.0,0.0,0.0,0.4516599781101788,0.5750332005312084,0.0,0.7118017018128007,0.9558992580206919,0.38953488372093026,0.0,0.32635122498597346,0.55,0.7716254752851711,0.6376399060384137,0.7692307692307692,0.75,0.9557926829268293,0.0,0.3076923076923077,0.0,0.35687973997833145,0.20000000000000007,0.0,0.1438356164383563,0.0,0.0,0.0,0.0,0.31783276450511944,0.6938239159001314,0.5409836065573772,0.7417311752287121,0.75,1.0,0.5555555555555556,0.0,0.0,0.14724770642201834,0.0,0.3467782851344495,0.0,0.3529411764705883,0.0,0.5205288796102993,0.6666666666666666,0.6,0.0,0.5,0.0,0.2648376259798433,0.165289256198347,0.0,0.0,0.38676174236552474,0.8,0.25531914893617036,1.0,0.0,1.0,0.38888888888888884,1.0,1.0,0.6666666666666667,0.5,1.0,0.33333333333333337,0.75,0.0,0.0,0.0,0.2857142857142857,0.0,0.0,0.2709466811751905,0.6,0.20338983050847448,0.33333333333333326,0.0,0.30409356725146186,0.38888888888888884,0.5663716814159292,0.17647058823529416,0.0,0.32119205298013254,0.5714285714285714,0.25,0.19999999999999996,0.04878048780487809,0.0,0.8888888888888888,0.7833333333333333,0.2682926829268293,0.0,0.0,0.3333333333333336,0.5714285714285714,0.0,0.0,0.33333333333333337,0.8208499647804649,0.0,1.0,0.8,0.0,0.8181344450234497,0.8747947454844006,0.0,1.0,1.0,0.0,0.0,0.5,0.24444444444444435,0.6666666666666667,0.0,0.2592592592592592,0.6666666666666666,0.0,1.0,1.0,0.0,0.0,0.0,0.2196235025670279,1.0,0.33826079775373674,0.0,0.7777777777777778,0.2891483516483515,0.0,1.0,0.1468689477081988,0.3882915173237754,1.0,0.6883394746226078,0.7017846862406448,0.7831050228310502,0.8,0.002400384061449712,0.11111111111111116,0.5279211637728766,0.5,0.6146195922426653,1.0,0.7920034028073161,0.8,0.0,0.0,0.6538358727612938,1.0,0.0,0.8709677419354839,0.6530612244897959,0.36468500443655705,0.75,0.22413793103448265,0.9717514124293786,0.27453987730061336,0.6666666666666667,0.09607474894845469,0.6517857142857142,0.33333333333333326,0.9646901973720381,0.9285721037060841,0.5,0.0,0.7448524590163934,0.14804096170970604,0.0,0.0,0.0,0.0,0.0,1.0,0.0,0.8072233479080019,1.0,0.0,1.0,0.0,0.9797541576283442,0.576271186440678,0.0,1.0,0.7333333333333334,0.9772187004754358,0.8653846153846154,0.0,0.8947077409162717,0.9,1.0,1.0,0.8959764474975466,0.0,0.0,1.0,0.8125,runif
0.0,0.0,0.7867960750853242,0.0,0.0,0.8333634121398062,0.9,0.8236597252990695,0.0,0.0,0.0,0.0,0.8456570875040361,0.0,0.4,0.901050256054162,0.0,0.0,0.0,0.0,0.0,0.0,0.9131458469587965,0.7837901701323251,0.45279761904761917,0.7072072072072072,0.0,0.0,0.8461291873697708,0.9331278159829263,0.8333333333333334,0.0,0.8759842519685039,0.0,0.0,0.0,0.7677579365079366,0.0,0.0,0.0,0.8990668059158441,1.0,0.8896763524686984,1.0,0.0,0.9079407806191118,0.6185999737659045,0.5138244750640399,0.35018963337547393,0.15953210552513686,0.8845154784096813,0.33333333333333337,0.0,0.3753593429158111,0.9009251205819562,0.0,0.7917582417582418,0.7819634703196348,0.7734410663745093,0.9776706922878616,0.0,0.9201474201474201,0.4535797438882422,0.45230263157894746,0.0,0.9801901743264659,0.0,0.8173734610123119,0.9421965317919075,0.0,0.9214723926380368,0.0,0.2857142857142857,0.0,0.8571428571428572,0.31699346405228757,0.0,0.05357841220179893,0.6666666666666667,0.4,0.5,0.33333333333333337,1.0,0.23938525657723375,0.0,0.5555555555555556,0.885331347728965,0.25644402634054553,0.8571428571428571,0.7480719794344474,0.6666666666666667,0.8713537771129394,0.5,0.5328467153284671,0.0,0.9965870307167235,0.0,0.25,0.7965026307644691,0.37335834896810494,0.9615384615384616,0.0,0.5714285714285714,0.45374449339207046,0.9711250748055057,0.0,1.0,0.02850779510022239,1.0,0.989010989010989,1.0,0.0,0.9905370238940147,1.0,0.0,0.46207689093188475,0.9166666666666666,0.5746935875421872,0.7049180327868853,0.6666666666666667,0.0,0.7162889433714047,0.3953750370589978,0.8196644920782852,0.0576837526568138,0.44387755102040827,0.0,0.6666666666666667,0.7476851851851851,0.3065693430656935,0.9715905962671365,0.4444444444444444,0.25,0.0,0.0,0.0,0.9596084787237423,0.6666666666666667,0.0,0.09545947621261397,0.5,0.8156904080710736,0.0,0.7464788732394366,0.4736842105263158,0.6911665542818611,0.7372086793463701,0.0,0.8571428571428572,0.0,0.75,0.8947368421052632,0.5,0.4285714285714285,0.0,0.44973520065905614,1.0,0.0,0.8630419821059876,0.3989980088637677,0.5868728900054958,0.9166666666666666,0.916380535164575,0.0,0.6698046599199812,0.5443911217756449,1.0,0.5301281311324022,0.9072131676617718,0.9596351680984198,0.7586206896551724,1.0,1.0,0.0714285714285714,0.8791436464088398,0.0,0.5442421431056477,0.1923076923076923,0.6190476190476191,0.875,0.8,0.5,0.9652173913043478,0.96875,0.0,0.0,1.0,0.43235059589233005,1.0,0.23954715039238395,0.5926733304976606,0.0,0.7333333333333334,0.963350352195906,1.0,0.76,0.9474052123698807,0.8982278481012659,0.14606126914660822,0.6236159855088871,0.250299107279811,0.0,0.9650376331032569,0.8358431958479142,0.0,0.0,0.0,0.9966643729371013,0.9577904812549853,0.0,0.9473684210526315,1.0,0.986652998674619,0.0,0.9811320754716981,0.879552310584532,0.0,0.9915998249963541,0.9805804293882835,0.0,0.9347826086956522,0.8331221584556906,0.811244337863043,0.0,0.13368983957219227,1.0,0.9355822873082287,0.5,0.0,0.0,0.84375,0.0,0.0,0.7633447685719374,0.0,0.0,0.6000000000000001,0.8571428571428572,0.85875,0.0,0.0,0.0,0.0,0.82699513672965,0.0,0.5,0.9008720184662734,0.0,0.0,0.0,0.0,0.0,0.0,0.8882404276208138,0.9795918367346939,0.0,0.8,0.0,0.0,0.7545496786184466,0.9395949720670391,0.6666666666666667,0.17588440458395616,0.7608247422680412,0.0,0.0,0.0,0.7615798922800718,0.0,0.0,0.0,0.8622968012585213,1.0,0.8603796693202694,0.9737192282102461,0.0,1.0,0.9340027075812275,0.501444002862143,0.3190060443250504,0.0,0.9487179487179487,0.0,0.6598837209302325,0.0,0.8995390739576786,0.0,1.0,0.23627346794190573,0.9115709524916686,1.0,0.0,0.9428571428571428,0.631016485792395,0.41009910335063704,0.14754098360655743,0.9184866013457679,0.16473988439306364,0.8167539267015707,1.0,0.0,1.0,0.0,1.0,0.0,0.75,0.2500000000000001,1.0,0.041000515729757714,1.0,1.0,1.0,0.0,0.0,0.07288685365388281,0.18316100443131456,0.75,0.917246713070379,0.47018030513176157,1.0,0.8571428571428571,0.6666666666666667,0.6991037131882202,1.0,0.8244182532487156,0.0,1.0,0.0,0.36363636363636365,0.6236949614162506,0.8571428571428572,1.0,0.0,0.8571428571428571,0.0,1.0,0.0,1.0,0.0,0.5,0.9300291545189504,0.5,0.0,1.0,0.9375,0.0,0.1742424242424243,0.46475770925110127,0.5192307692307692,1.0,0.9166666666666666,0.0,0.9392369288742346,0.0,0.8928571428571428,0.5640416047548291,0.37092463923035823,0.0,0.0,0.8517520215633423,1.0,0.9733353195292715,0.6666666666666667,0.33333333333333337,0.0,0.0,0.0,0.9298827129015809,1.0,0.0,0.5121951219512195,1.0,0.5185465556396669,0.0,0.9,0.8235294117647058,0.9019908116385911,0.9490238611713666,0.0,1.0,0.0,0.5,0.8571428571428572,1.0,0.33333333333333326,1.0,0.7237873947139123,1.0,0.0,1.0,0.8237822349570201,0.384900074019245,1.0,1.0,0.0,0.500788110785859,0.6724346450832636,1.0,0.7239307681304534,0.9818649818649818,1.0,0.9384615384615385,0.6,1.0,0.0,0.8941280646410981,0.0,0.6020320999865127,0.0,0.20000000000000007,1.0,1.0,0.0,0.9882694507170299,0.967741935483871,0.0,0.0,0.9871226037973061,0.0,1.0,0.24498616874135548,0.0,0.0,1.0,0.9985279452965478,1.0,0.8181818181818182,0.9451393362631475,0.9774047537686753,0.14336492890995278,1.0,0.0898231086480219,0.2536926083752523,0.9655678085405913,0.5040933278755629,0.0,0.0,0.0,0.9954500737825873,0.9554680085416007,0.0,0.9375,1.0,0.9828497611884487,0.0,1.0,0.9293893129770993,0.0,0.9892010903753408,0.9958137100994244,0.0,0.9972885032537961,0.7154834726976823,0.5924761858710895,0.0,0.6774193548387096,0.6666666666666667,0.97339593114241,1.0,1.0,0.0,0.8617886178861789,1.0,0.0,0.7128975265017667,0.0,0.0,0.5498583569405099,0.9333333333333333,0.7142857142857143,0.0,0.0,0.0,0.0,0.9376770538243626,0.0,0.33333333333333326,0.48583106267029974,0.0,0.0,0.0,0.0,0.0,0.0,0.89,0.709828674481515,0.0,0.09166666666666667,0.0,0.0,0.8955223880597015,0.6834180312441183,0.7777777777777778,0.0,0.8231511254019293,1.0,0.0,0.0,0.3638068448195031,0.0,0.0,0.0,0.350071225071225,0.9660582772974704,0.7890704800817161,0.9538090313684936,0.6763446863949376,0.6680064308681672,0.4277777777777778,0.8509132420091324,0.7692307692307692,0.0,0.9239864864864865,0.6666666666666667,0.7857142857142857,0.4873338870431895,0.496648460774578,0.0,0.0,0.25356633380884475,0.6818181818181819,0.9113411341134113,0.0,1.0,0.8151260504201681,0.6483848477806182,0.2006079027355624,1.0,0.0,0.8571428571428571,0.5555555555555556,0.5,0.7,0.0,0.0,0.0,0.0,0.42116182572614114,0.0,0.0,0.6666666666666666,0.4,0.0,1.0,0.33333333333333326,0.09862570735650766,0.0,0.5714285714285714,0.9330510977650881,0.04199475065616809,0.8,1.0,0.5714285714285714,1.0,0.0,0.38888888888888884,1.0,0.9411764705882353,0.0,0.0,0.36,0.0,0.75,0.0,0.0,0.25,0.7142857142857142,0.0,1.0,0.0,0.0,1.0,0.0,0.07017543859649122,0.6906063618290258,0.5757575757575758,0.12874251497005995,0.36617647058823544,0.0,0.8867088607594937,0.7300613496932515,0.25,0.7,0.46341463414634154,0.0,0.0,0.0,0.8821138211382114,1.0,1.0,0.3125000000000001,0.5714285714285714,0.696969696969697,0.4285714285714285,0.0,0.0,1.0,0.0,0.6708961141950833,0.0,0.2980578070041291,0.3549175320708613,0.0,0.0,0.0,0.0,0.36363636363636365,0.41666666666666663,0.5833333333333334,0.6666666666666667,0.0,0.6085858585858586,1.0,1.0,0.0,1.0,0.0,0.0,0.25,0.2310286677908936,0.26923076923076916,0.7714663143989432,0.0,0.7777777777777778,0.5429718875502006,0.0,1.0,0.1468689477081988,0.8734177215189873,0.0,0.7966101694915255,0.9265136342628255,0.75,0.8,0.7882861257801248,0.0,0.0,0.5,0.24470416362308245,0.41463414634146345,0.735483870967742,0.8,0.8,1.0,0.7848434925864909,1.0,0.0,0.0,0.9690402476780186,0.7619353916523728,1.0,0.5677966101694916,0.621737936086439,0.0,0.33333333333333337,1.0,1.0,0.6666666666666666,0.9646728304323337,0.9285721037060841,0.5,0.6520641520641521,0.6780202847220624,0.0,0.8893805309734513,0.2575370606851368,0.0,0.0,0.0,1.0,0.9885173927727119,0.0,1.0,1.0,0.9841915085817525,0.0,0.9789220114423367,0.9138904573687182,0.0,1.0,0.9205574912891986,0.18717790146361568,0.948051948051948,0.3985126859142608,0.8107872988255763,0.0,0.0,0.0,0.8778462362710956,0.0,0.0,0.0,1.0,runif
0.0,0.0,0.0,0.0,0.8254620123203285,0.6714252523427214,0.0,0.0,0.0,0.0,0.0,0.0,0.9046938289254229,0.6539057052016973,0.0,0.0,0.0,0.8738277919863597,0.8,0.0,0.0,0.0,0.0,0.686865034889186,0.0,0.0,0.0,0.0,0.0,0.8905127268298624,0.9473684210526315,0.0,0.0,0.8571428571428572,0.0,0.0,0.0,0.0,0.0,0.0,0.5738770685579195,0.5855467235362544,0.5831130135549121,0.882892862794746,0.0,0.0,0.3631790744466802,0.0,0.3278015116661189,1.0,0.6442114035696924,0.0,0.41511051829268286,0.0,0.8233833872812675,0.25082146768893765,0.0,0.06641967353951883,0.7077969506071395,0.8173533376311317,0.7191249634182031,0.14207149404216302,0.5470769536687214,0.942685079431004,0.0,0.9667586006677311,0.35387323943661975,0.8278529980657641,0.12521499828001392,0.685997171145686,0.0,0.0,0.4285714285714286,0.0,0.8571428571428572,1.0,0.0,0.0,0.6666666666666667,0.8,1.0,0.0,1.0,0.0,0.3235262068214011,0.5555555555555556,0.4735807001442244,0.0,0.1428571428571428,0.0,0.25,0.8627787307032591,0.5,0.15422047538835848,0.5,0.9731675392670157,0.0,0.0,0.36832895888014006,0.007504690431519689,0.34702702702702726,0.40389610389610386,0.8571428571428572,0.8836772983114447,0.8983368470367767,0.6428571428571428,0.0,0.0,0.0,0.8359651190195616,0.33333333333333337,0.8824435318275154,0.7004451427075151,0.0,0.24702503077554383,0.27805642633228844,0.0,0.8510072960906021,0.4123861566484518,0.23880597014925375,1.0,0.4635539133355727,0.0,0.9355844155844156,0.04480162332461157,0.41542288557213924,0.75,0.0,0.0,0.3065693430656935,0.8125610152945004,0.0,0.0,1.0,0.375,0.5,0.6186734693877551,0.6666666666666667,0.19592104185436976,0.6121183580566675,0.0,0.49986372308530935,0.33333333333333337,0.0,0.478908188585608,0.0,0.7372086793463701,0.33333333333333337,0.0,0.0,0.0,0.0,0.5,0.9285714285714286,0.5,0.15667670824066005,0.0,0.812476370510397,0.49568613734405975,0.2846504559270515,0.7448159539636869,0.9166666666666666,0.6230872084385677,0.6666666666666667,0.26323119777158765,0.5481633060491116,0.9730631978818924,0.04027439699048463,0.0,0.35902265079604223,0.7126436781609196,0.0,0.8214285714285714,1.0,0.0,0.0,0.07346854304635764,1.0,0.5873015873015874,0.875,0.6000000000000001,0.0,0.0,0.9142857142857143,0.9803921568627451,0.6962421270659847,0.25859950859950853,0.8475571647162776,0.0,0.04111064288055433,0.577221808582645,0.4728033472803348,1.0,0.5271669579222065,1.0,0.72,0.9954389247949837,0.0,0.16666666666666663,0.9381774611519278,0.9121621621621622,0.7516949069395523,0.6096169519152405,0.2265929734125398,0.0,0.0,0.0,0.9999409799686013,0.0,0.9346118324550443,0.9473684210526315,1.0,0.9775720675944334,0.0,0.9913100152074734,0.9863593930696242,1.0,0.0,0.891065372471056,0.98963004951568,0.9782608695652174,0.10968598915257555,0.0,0.0,0.2500000000000001,0.8636363636363636,0.0,0.0,0.96875,0.6785635236830456,0.96875,0.0,0.0,0.0,0.0,0.801731078904992,0.7916666666666666,0.0,0.8148148148148149,0.0,0.0,0.0,0.0,0.9246376811594202,0.6427577570613608,0.0,0.0,0.0,0.6452223273415327,0.8571428571428572,0.0,0.0,0.0,0.0,0.8917471772785474,0.0,0.0,0.0,0.0,0.0,0.8355365011313565,0.6666666666666667,0.0,0.0,1.0,0.0,0.0,0.0,0.0,0.0,0.0,0.2702036441586282,0.7780318091451293,0.690795559666975,0.8967071736573893,0.046425255338904514,0.34747798238590877,0.0,0.0,0.33143399810066465,0.9620455453455853,0.41002865329512894,1.0,0.5005313496280552,0.0,0.8162335922850255,0.25507121277514033,0.0,0.18067075369635777,0.7042396547347043,0.8002331908278275,0.8712179984484096,0.0,0.7801431127012523,0.9064824654622742,0.22008862629246662,0.6473993587459921,0.6157894736842104,0.9202127659574468,0.6296296296296297,0.8189655172413793,0.09090909090909072,0.0,0.26521739130434796,0.0,0.75,0.75,0.0,0.0,1.0,1.0,1.0,0.5,1.0,0.0,0.43582510578279265,0.75,1.0,0.6280991735537189,0.0,0.0,0.6000000000000001,1.0,1.0,0.4325737766156146,0.7,1.0,0.0,0.0,0.5072068562524348,0.0,0.36363636363636365,0.4375,1.0,1.0,0.9404268875438038,0.75,0.0,0.0,0.0,0.7952755905511811,1.0,0.7869036321283754,0.5993622020812353,0.0,0.6873563218390805,0.0,0.0,1.0,0.2727272727272728,0.75,0.5,0.930989898989899,0.3113604488078543,0.8928571428571428,0.11557994757536039,0.6395806028833552,1.0,0.0,0.6827731092436975,1.0,0.8160676532769555,0.33333333333333337,0.6666666666666667,0.958067237016508,0.375,0.25,0.0,1.0,0.0,0.75,0.0,0.0,0.0,0.0,0.8235294117647058,0.0,0.9375830013280213,0.6000000000000001,0.0,0.7272727272727273,0.5,0.0,1.0,1.0,1.0,0.499790092359362,0.0,1.0,0.7142857142857143,0.12645322840279005,0.34273858921161804,0.9785598705501618,0.0,0.6470588235294118,0.5596285434995112,0.8537001706998695,0.9375487900078064,0.8854258121158911,0.7784896401308615,0.0,0.8156347717323327,0.0,0.9406021155410903,0.0,0.0,0.0,0.545628505443748,0.8,0.0,0.6666666666666666,1.0,1.0,0.0,0.9117647058823529,0.9888888888888889,0.7874546397096942,0.0,1.0,0.0,0.9117879746835443,0.0,0.3255813953488371,1.0,0.7534438684939289,0.9881422924901185,0.6818181818181819,0.9952323510827733,0.0,0.1724137931034483,0.9436619718309859,0.9182177993893474,0.8210541893791776,0.6238049713193117,0.11719429465994058,0.0,0.0,0.0,0.8846153846153846,0.0,0.9829446606530505,1.0,0.9047619047619048,0.9629776021080368,0.0,1.0,1.0,1.0,0.5,0.9474714518760196,1.0,0.9923566878980892,0.06358289620092206,0.0,0.0,0.0,1.0,0.0,0.5,1.0,0.7424225663716815,1.0,1.0,0.0,0.0,0.0,0.6842105263157895,0.5545276142416595,0.0,0.7142857142857143,0.0,0.0,0.0,0.0,0.9102040816326531,0.6305100130481647,0.0,0.0,0.0,1.0,0.6666666666666667,0.0,0.0,0.0,0.0,0.6079328756674294,0.46820809248554907,0.0,0.36363636363636365,0.0,0.0,0.6551652463105384,0.7777777777777778,0.0,0.0,0.8181818181818181,0.0,0.0,0.0,0.4516599781101788,0.0,0.0,0.9688506981740065,0.43640661938534264,0.5577724836212032,0.3409169251982076,0.6734050445103859,0.5863247863247865,0.7716254752851711,0.6719303463753616,0.7692307692307692,1.0,0.0,0.0,0.46153846153846156,0.4913793103448275,0.6531853972798854,0.20000000000000007,0.25,0.0685563612392881,0.8125,0.4303705055667093,0.3331914893617022,0.5054945054945055,0.3407671721677076,0.8394852692177447,0.0,0.2826797385620915,0.0,0.5,0.0,0.2500000000000001,0.0,0.0,0.0,0.0,0.7142857142857143,1.0,1.0,0.6373626373626373,0.6666666666666666,0.8,0.0,0.0,0.0,0.0,0.2515723270440251,0.5714285714285714,0.48763197586727003,0.0,0.19999999999999996,0.0,1.0,1.0,0.0,0.33333333333333337,0.5,0.9631067961165048,0.0,0.5,1.0,0.6000000000000001,0.5,0.0,0.5,0.5,0.8571428571428571,0.0,0.0,0.24392023346303482,0.2785714285714287,0.728813559322034,0.16666666666666663,1.0,0.2716202783300199,0.38888888888888884,0.0,0.1134421134421133,0.625,0.38062064597846745,0.0,0.25,1.0,0.4883720930232558,0.0,0.0,0.1374095989480606,0.0,0.0,0.0,0.0,0.5714285714285714,1.0,0.0,1.0,0.7715250422059652,1.0,1.0,0.2337301587301588,0.0,0.6995094031071136,0.7532894736842106,0.0,0.8083916083916084,1.0,1.0,0.36363636363636365,0.0,0.5,0.33333333333333337,1.0,0.5833333333333333,0.0,0.0,0.0,0.5,0.5,0.20505321309610847,0.0,0.8381112984822934,0.3846153846153846,0.0,1.0,0.7777777777777778,0.0,1.0,0.5238095238095237,0.05192307692307674,0.3852926463231615,0.09495949594959485,0.1147125633409053,0.683343057176196,0.9362073596561913,0.0,0.7882861257801249,0.0,0.30212868892114164,0.5,0.0,1.0,0.770391061452514,1.0,0.6000000000000001,0.0,0.0,1.0,0.9166666666666666,0.9583333333333334,0.04166666666666674,0.7808168052889741,0.0,0.4482758620689654,0.8478125808956769,0.20433017591339664,0.6666666666666667,0.35426828369755825,1.0,1.0,0.9953574773504227,0.0,0.5,0.933486622377775,0.839038199933821,0.38699638321137186,0.4336283185840708,0.21347501851437245,0.0,0.0,0.0,0.96186117467582,0.0,0.7868730525680974,0.6666666666666667,1.0,0.9732388823297914,0.0,1.0,0.9661016949152542,0.888888888888889,0.0,0.8787446504992867,0.9752628324056896,0.8617886178861789,0.2984655052015255,0.0,0.0,1.0,0.9285714285714286,0.0,0.0,0.9411764705882353,0.7021717581328286,0.9375,runif
0.5714285714285714,0.0,0.0,0.8801711840228246,0.0,0.6920677545961578,0.0,0.3529411764705882,0.0,0.5606099767381751,0.4676012593601089,0.32978723404255317,0.0,0.0,0.4,0.5445302968686458,0.0,0.6912326803631151,0.33333333333333326,0.0,0.6675061973227565,0.5,0.6184510250569477,0.7257429675369227,0.3203816728273017,0.0,0.0,0.4565295169946332,0.039616217889198446,0.9313949297128439,0.0,0.0,0.8777120315581854,0.8328173374613003,0.7925983790645446,0.0,0.47531052221883774,0.11818181818181817,0.8355784469096672,0.0,0.7966329966329966,0.9656005330667999,0.4580466984684912,0.4849781088017715,0.4513995189153728,0.0,0.12385200734715318,0.0,0.6355731225296444,0.9467710997442456,0.07322139518781379,0.0,0.2889201877934272,0.0,0.6077289571201694,0.0,0.0,0.0,0.8894158611994957,0.9678534277373243,0.8264272559852671,0.0,0.21831512793655528,0.4790887748891399,0.09263157894736862,0.7392374700164122,0.4110230547550433,0.0,0.0990056818181817,0.9827586206896551,1.0,0.7397714706966458,0.8648648648648649,0.08233629987623037,0.0,1.0,0.0,0.30977835723598435,0.0,0.8,0.5,0.33333333333333337,0.0,0.0770805985823052,0.3107787519339864,0.33333333333333337,0.4294712286158632,0.20168844686018272,0.0,0.44067796610169496,0.0,0.6806799210805888,0.5,0.5328467153284671,0.0,0.9990089197224975,1.0,0.0,0.9965004374453194,1.0,1.0,0.5061224489795919,0.0,0.8823529411764706,0.9032450726657376,0.6428571428571428,0.0,0.6236811254396248,0.0,0.4254601226993865,0.11111111111111116,0.5825242718446602,0.610576923076923,0.0,0.8128854481039234,0.0,0.5,0.5827939590075513,0.6666666666666667,0.6106194690265487,0.875,0.5092378405984317,0.3113856068743288,0.7971360381861575,0.3617963745400027,0.9394409937888198,0.75,0.6666666666666667,0.4721448467966576,0.0,0.9045529026217228,0.7777777777777778,0.0,0.0,0.875,0.5,0.8527131782945736,0.6666666666666667,0.10379215887690452,0.5013143071723618,0.0,0.40662357212432476,0.6666666666666667,0.0,1.0,0.0,0.296875,0.33333333333333337,0.0,0.9629498941425547,0.0,0.0,0.0,0.4285714285714285,0.5,0.3176087840585605,0.25,0.9698579145671614,0.9346171663026934,0.8174837289881538,0.8374364191251271,0.41666666666666663,0.0,0.0,0.0,0.8924102927289896,0.8004538696298615,0.9878442073927065,0.0,0.0,0.616717080056463,1.0,0.8214285714285714,0.0714285714285714,0.7769271383315733,0.875,0.3846931043192725,0.1923076923076923,0.5539358600583091,0.875,0.0,0.5,0.0,0.9142857142857143,0.0,0.6179401440668096,0.6922475315280086,0.21361807360214602,0.9828885289768327,0.7934782608695652,0.998728299766362,0.7571410537429565,1.0,0.7152676525723808,0.8333333333333334,1.0,0.9903824517247415,0.9499401244625925,0.0,0.0,0.567687777986594,0.754604370475097,0.9556416123921845,0.5443847330639783,0.0,0.0,0.0,0.9965469780020766,0.4937233346566987,0.797450175452858,0.7368421052631579,0.0,0.0,0.0,0.0,0.0,0.19999999999999996,0.9915254237288136,0.9937532535137948,0.17560129550643322,0.9347826086956522,0.8709803048848336,0.9591165589147577,0.0,1.0,0.8636363636363636,0.0,0.0,0.0,0.7987008726461519,0.8125,0.0,0.0,0.0,0.9330759330759331,0.0,0.6714285714285715,0.0,0.0,0.0,0.5454545454545454,0.8434268833087148,0.0,0.0,0.0,0.5,0.649828378990998,0.0,0.6415094339622642,0.5,0.0,0.6709427060161154,0.0,0.7471515951067402,0.875192820081335,0.0,0.0,0.0,0.5189873417721519,0.5664569732937687,0.8142610695802185,0.0,0.21212121212121204,0.8,0.0,0.8841698841698842,0.0,0.7696843565730143,0.7362580097274762,0.8595211180762512,0.0,1.0,0.9896218752820143,0.47647806738715826,0.20388751033912333,0.6281279695913842,0.6174757281553398,0.2013877416157276,0.0,0.8582089552238806,0.9671848013816926,0.2787212787212786,1.0,0.0,0.1839971801198449,0.23717155041959015,0.0,0.0,0.0,0.9289312208077662,1.0,0.9414893617021276,0.19999999999999996,0.6049237983587339,0.892116182572614,0.22764227642276436,0.9772727272727273,0.8473684210526315,0.0,0.0,0.8888888888888888,0.909433962264151,0.8341559723593287,0.8,0.18467220683287167,0.5,0.75,0.0,0.3074477747502269,1.0,1.0,1.0,0.0,1.0,0.0,0.509090909090909,0.2500000000000001,1.0,0.565880721220527,0.0,0.2857142857142856,1.0,1.0,1.0,0.8254481339994123,0.0,0.8188976377952756,0.0,0.0,1.0,1.0,1.0,0.572944297082228,0.0,1.0,0.9411764705882353,0.75,0.09999999999999998,0.8260869565217391,0.0,1.0,0.0,0.5963565191207467,0.6923076923076923,0.0,0.9466869763899467,0.45346320346320346,1.0,0.5192307692307692,0.2727272727272728,0.08333333333333337,0.9583333333333334,0.38926784902228284,0.2068081991215226,0.8571428571428572,0.0,0.8622577927548442,1.0,0.0,0.7849462365591398,0.6666666666666667,0.9335996005991014,1.0,0.6666666666666667,0.0,1.0,0.25,0.9251031418597271,1.0,0.0,0.8,0.0,0.5363546519836228,1.0,0.0,0.8235294117647058,0.0,0.0,0.8,0.0,0.8709677419354839,0.5,0.0,0.0,0.33333333333333326,1.0,0.776254807218223,1.0,1.0,1.0,0.7820186598812553,0.3377593360995853,0.49764150943396224,0.38847305389221554,0.0,0.0,0.9400151860288535,0.2503816793893129,0.7389240506329114,0.8058468799160986,0.09452736318407962,0.6864707108609548,1.0,1.0,0.0,0.6721675218416308,1.0,0.41533914798529514,0.0,1.0,0.6666666666666666,1.0,0.0,0.0,0.9117647058823529,0.0,0.7780028943560058,0.7273199558412884,0.0,0.9973417347642021,0.6995464852607709,0.9893884163629,0.8885154462242563,1.0,0.8932266370630773,1.0,0.9545454545454546,0.9964906779309295,0.9630411645552237,0.0,0.0,0.0,0.9921189692982456,0.9402004839267197,0.6499782954709883,0.0,0.0,0.0,0.9954500737825873,0.6141326406364154,0.6255522827687776,0.6875,0.0,0.0,0.0,0.0,0.0,0.5,0.9842734325854476,1.0,0.8792880258899677,1.0,0.9876250145931431,0.9459008181666388,0.0,0.25,0.8333333333333334,0.0,0.5,0.0,0.8334310850439883,0.9680851063829787,1.0,0.0,0.0,0.9411764705882353,0.0,0.49814101712919934,0.0,0.0,0.0,0.6686246708527446,0.526849702230746,0.0,0.0,0.0,0.33333333333333326,0.8463203463203464,0.0,0.5850071736011477,0.6666666666666667,0.0,0.6944015444015443,0.6000000000000001,0.7619935835260763,0.6912287633346503,0.7475113122171946,0.0,0.0,0.16355140186915895,0.9090909090909091,0.671461897356143,0.0,0.0,0.5166438668490652,0.0,1.0,0.0,1.0,0.0,0.96398891966759,0.0,0.958217270194986,0.953757225433526,0.3311928871326254,0.5367067606802156,0.0,0.0,0.21217674608022818,0.666018237082067,0.0,0.75,0.39634146341463417,0.0,0.0,0.0,0.0,0.0,0.0,0.0,1.0,0.8788899582932307,0.7789203084832905,0.0,0.7044753086419753,0.6356435643564357,0.2006079027355624,0.854679802955665,0.25,1.0,0.7052154195011338,1.0,1.0,0.8157894736842105,1.0,0.3467782851344495,0.0,0.9024390243902439,1.0,0.4220055710306406,0.0,0.8,0.0,1.0,0.0,0.1187010078387456,0.2515723270440251,0.5714285714285714,0.5316024127983217,0.11235431235431226,0.0,0.8202247191011236,0.0,0.5652173913043479,0.0,0.38888888888888884,1.0,1.0,0.0,0.5,1.0,0.0,0.75,0.0,1.0,0.5,0.8571428571428571,0.0,0.5,0.5548498845265588,0.2785714285714287,0.469090909090909,0.25,1.0,1.0,0.33333333333333337,0.6902654867256637,0.0,0.0,0.8988269794721407,0.5714285714285714,0.75,0.8,0.7560975609756098,0.8775681341719077,0.4444444444444444,0.4680290046143706,0.7375886524822696,0.0,1.0,0.14814814814814836,0.0,0.4318181818181819,0.7142857142857142,0.33333333333333337,0.0,0.0,1.0,0.1333333333333333,0.0,0.42893011577625895,0.0,0.0,0.7466216216216216,0.0,1.0,0.36363636363636365,0.0,1.0,0.0,1.0,0.3421052631578948,0.0,0.0,1.0,1.0,0.5,0.0,0.25,0.8333333333333334,0.7692307692307693,0.8264371714431067,1.0,0.0,0.0,0.0,0.6080486980047344,0.8205128205128205,0.9467756403867238,1.0,0.0,0.10307017543859653,0.0,1.0,0.7882861257801248,0.11111111111111116,0.3312095667516173,0.0,0.0,0.41463414634146345,0.47058823529411764,1.0,0.0,1.0,0.0,1.0,0.0,0.5967741935483871,0.0,0.8629356855356684,1.0,1.0,0.9558368397259798,0.056534954407294946,0.6666666666666667,0.9250052664840952,0.0,0.0,0.9940542310925236,0.8984778794632273,0.0,0.0,0.0,0.7964575790194736,1.0,0.5492087042532148,0.0,0.0,0.0,1.0,0.9358974358974359,0.524685046206085,1.0,0.0,0.0,0.0,0.0,0.0,0.5555555555555556,1.0,1.0,0.0,0.9495798319327731,0.8134382478787439,0.9010859094491637,0.0,0.5,0.9285714285714286,0.0,0.0,0.0,0.7805168986083499,0.75,runif
0.0,0.33333333333333326,0.7948518329989719,0.0,0.0,0.0,0.7857142857142857,0.7919645897173988,0.6835443037974683,0.7682854546172996,0.0,0.0,0.7619047619047619,0.0,0.0,0.0,0.840826686004351,0.7137070986996377,0.0,0.3596548865795962,0.4521965742796261,0.5,0.6278722769322591,0.0,0.43756929720476967,0.0,0.6729471316085489,0.0,0.0,0.8882722900480947,0.0,0.0,0.6371021063568527,0.8571428571428572,0.9409722222222222,0.7530810810810811,0.0,0.0,0.8196131844184146,0.0,0.5726780508121616,0.6275014064132444,0.8569307665660415,0.4048173309895957,0.0,0.8826247022305638,0.5314975085234723,0.749692091616249,0.7313432835820896,0.0,0.14297227595099937,0.33333333333333337,0.7863806823378762,0.19704231938274486,0.771054131054131,0.23237854535242908,0.0,0.0,0.5368922641649915,0.5240855691786794,0.5409444112372983,0.2103432802333406,0.553097598716259,0.8788270011066027,0.4876589379207179,0.0,0.1497395833333336,0.8298755186721991,0.7147959183673469,0.33333333333333337,0.43803680981595094,0.0,0.8648648648648649,0.6202304622696497,0.4444444444444444,1.0,0.0,0.6354021708878375,0.0,0.0,1.0,0.0,0.5,0.25515574650913,0.0,0.44444444444444453,0.6936345426218562,0.0,0.5714285714285714,0.8813559322033898,0.6666666666666667,0.7816261879619852,0.0,0.0,0.0,0.5969230769230769,0.0,1.0,0.9894736842105263,0.0,0.0,0.38640973630831643,0.5714285714285714,0.0,0.8110510046367851,0.6428571428571428,1.0,0.059982862039417384,0.0,0.9668021680216802,0.0,0.690769688357183,0.6499999999999999,0.8947368421052632,0.0,0.5516088591725867,0.9166666666666666,0.6702127659574469,0.6666666666666667,0.8,0.45833333333333337,0.0,0.23087885985748224,0.7329032258064516,0.01901889827100922,0.42873218304576133,0.75,0.6666666666666667,0.5447870778267254,0.0,0.8245640752303358,0.7777777777777778,0.0,1.0,0.875,0.5,0.5868455868455869,0.0,0.42622474799850674,0.07529843893480259,0.0,0.15430575399402535,0.33333333333333337,0.0,1.0,0.0,0.02941176470588247,0.0,0.0,0.9627527492018446,0.75,1.0,0.75,0.9285714285714286,0.0,0.32293486398802074,0.0,0.4465240641711229,0.48748123686580613,0.0,0.280755711775044,0.0,0.9879441624365483,0.6666666666666667,0.0,0.5460988459608631,0.7153886912421468,0.035573122529644285,0.39399092970521543,0.8239503468419132,0.7481259370314843,0.8,0.8214285714285714,0.15384615384615385,1.0,0.6666666666666667,0.28720166586576956,0.1923076923076923,0.5333333333333333,0.75,0.8,0.5,0.9659246083081788,0.0,0.5,0.0,0.9570708585828284,0.1372943029381415,1.0,0.4572509618136149,0.9864501679731243,0.9438696770505859,1.0,0.0,0.0,0.0,0.9563045462697455,0.9053164556962026,0.0,0.6274119393259241,0.5196078431372548,0.5590875580033827,0.0,0.6294570865436302,0.0,0.0,0.0,0.9998050848490017,0.9576827031675802,0.0,0.9473684210526315,1.0,0.9775720675944334,0.6666666666666667,0.9905660377358491,0.9884039916773791,1.0,1.0,0.9862700228832952,0.9884115214070127,0.9347826086956522,0.05830683955078053,0.9772701783244233,0.0,0.6869158878504673,0.8636363636363636,0.9600684540787222,0.5,0.0,0.9859554462319732,0.0,0.0,0.5741935483870968,0.7829759905147713,0.0,0.0,0.0,0.7037037037037037,0.875,0.7682410423452768,0.5945945945945946,0.0,0.0,0.9333333333333333,0.0,0.0,0.0,0.8571428571428572,0.8938244853737811,0.0,0.7849599417334304,0.7321788836583726,0.0,0.7364093808967562,0.0,0.0,0.0,0.6000000000000001,0.0,0.0,0.8142610695802185,0.0,0.17588440458395616,0.4285714285714285,0.5,0.8699007717750826,0.7073170731707317,0.0,0.0,0.8875285981243124,0.0,0.8269230769230769,0.8492316613511163,0.9013191708069214,0.6559028292104874,0.31917369799243533,0.9749023982152817,0.8224585436193222,0.9370797757252868,1.0,0.0,0.0,1.0,1.0,0.0,0.6495975575908965,0.25216637781629114,0.0,0.0,0.6152335029913385,0.6729776247848537,0.6571428571428571,0.0,0.8838120104438643,0.9063497694217808,0.5,0.39745075318655854,0.0,0.911690496215307,0.8148148148148149,0.0,0.8916083916083916,0.1808859721082855,1.0,0.605724838411819,0.0,0.75,1.0,1.0,0.0,1.0,0.0,0.5,0.0,0.45604435164518686,0.0,0.75,0.5,0.0,0.5,0.8464285714285714,0.8333333333333334,0.625,0.0,0.0,0.0,0.5897435897435898,1.0,0.8636363636363636,1.0,1.0,0.0,1.0,0.8571428571428571,0.0,0.78125,0.75,1.0,0.0,0.5,0.8423645320197044,0.5,0.7847667514843087,0.3626053143227479,0.9375,0.45781466113416325,0.14473684210526327,0.4947478991596639,0.0,0.2727272727272728,1.0,0.5416666666666667,0.28759595959595974,0.0,0.8571428571428572,0.09298610001597674,0.6395806028833552,1.0,0.0,0.560655737704918,0.6666666666666667,0.38737201365187723,1.0,0.6666666666666667,0.0,1.0,0.25,0.7787959781086929,0.0,0.9570474069360484,0.3125,0.0,0.2165748976422418,0.0,0.0,0.8235294117647058,0.0,0.23951285520974308,0.0,0.0,1.0,1.0,0.8571428571428572,0.75,1.0,0.0,0.473756906077348,0.0,0.8809866589883866,0.6585067319461445,0.1504664970313826,0.0,0.0,1.0,0.6470588235294118,0.0985401459854015,0.844434857635893,0.40235690235690236,0.8846153846153846,0.6372922909289023,0.6733668341708543,0.9376518218623482,0.8,0.9406021155410903,0.0,0.9998014888337469,1.0,0.6830748927746618,0.0,0.5,0.6666666666666666,1.0,0.0,0.9510912228142361,0.0,0.5,0.0,0.8985871271585557,1.0,0.9979299240972169,0.04139228598306677,0.9883536014967259,0.9818181818181818,1.0,0.0,0.0,0.0,0.9686726987335946,0.9869592084038874,0.0,0.46478873239436613,0.9041650961176028,0.8161764705882353,0.0,0.3955566097406703,0.0,0.0,0.0,0.8846153846153846,0.9537509233795246,0.0,1.0,0.9047619047619048,0.9570097106328991,0.5,1.0,1.0,1.0,0.7341772151898733,1.0,1.0,0.9076576576576576,0.9170813479230738,0.8612151690870836,0.0,0.032258064516129115,0.8333333333333334,1.0,1.0,0.0,0.9104325699745547,0.0,1.0,0.8607655502392344,0.698893499308437,0.0,0.0,0.0,0.9333333333333333,0.7142857142857143,0.6950747094631987,0.688797744168162,0.0,0.0,0.942998760842627,0.0,0.0,0.0,0.925065731814198,0.6429330499468651,0.0,0.12951511298618734,0.5141721761147842,0.6000000000000001,0.7377516141283706,0.0,0.7764705882352941,0.0,0.6077795786061588,0.0,0.0,0.6694182389937107,0.0,0.0,0.551872976722676,0.5454545454545454,0.7121212121212122,0.8288306250623068,0.28042328042328046,0.0,0.7508458192363461,0.0,0.32482426933037367,0.5381495074367394,0.7934109112891038,0.5185185185185184,0.7818181818181817,0.6673588823862563,0.43112272677774144,0.6053613375708167,0.7692307692307692,0.75,0.09285714285714286,0.33333333333333337,0.7948717948717949,0.4913793103448275,0.9577464788732395,0.19012345679012344,0.0,0.0,0.19999999999999996,0.014008355861391042,0.22654941373534343,0.2857142857142857,0.477957906712173,0.8194859533771668,0.7142857142857142,0.1791187739463601,0.4375,0.8571428571428571,0.0,0.5,1.0,0.14724770642201834,0.0,0.46752917300862507,1.0,1.0,0.0,0.5205288796102993,0.6666666666666666,0.0,0.0,0.0,1.0,0.0,0.05681818181818177,0.4285714285714285,0.453527883270038,0.3588362068965518,0.6,0.25531914893617036,1.0,0.5652173913043479,1.0,1.0,1.0,1.0,0.8333333333333334,0.75,1.0,0.33333333333333337,0.0,0.0,0.0,0.0,0.2857142857142857,0.0,0.5,0.32651413189771195,0.5,0.9766997708174179,0.0,0.2482915717539863,1.0,1.0,0.5221625251846878,1.0,0.0,0.0,0.5714285714285714,0.0,0.0,0.0,0.0,0.4444444444444444,0.1374095989480606,0.0,0.0,1.0,0.48831775700934565,0.7142857142857143,1.0,0.7142857142857142,0.33333333333333337,0.5613496932515338,0.0,1.0,0.6000000000000001,1.0,0.4047085201793721,0.11494252873563238,0.0,0.24478594950603716,1.0,1.0,0.36363636363636365,0.0,0.23148148148148162,0.6666666666666667,1.0,0.3421052631578948,0.6666666666666666,0.5,1.0,0.5,1.0,0.0,0.0,0.0,0.3846153846153846,0.0,0.7619047619047619,0.0,0.9177057356608479,1.0,0.0,0.05192307692307674,0.946812749003984,0.14892487390496423,0.08332334252487705,1.0,0.7184170471841704,0.8,0.7882861257801249,0.0,0.8730641050774358,0.0,0.2567520775623269,0.41463414634146345,0.9,0.8,0.8,1.0,0.9102410991947594,0.0,0.9166666666666666,0.0,0.8435734463276836,0.018552402025445835,1.0,0.6724137931034482,0.3798101559259168,0.8152866242038217,0.33333333333333337,0.0,0.0,0.0,0.9655437596982122,0.9896764881232546,0.0,0.646714421221339,0.5119760479041916,0.15642939150401824,0.0,0.8061337008959338,0.0,0.0,0.0,0.9538228614685844,0.9975757575757576,0.0,0.6666666666666667,1.0,0.8620689655172413,1.0,1.0,0.9695817490494296,0.888888888888889,0.7777777777777778,1.0,0.9772096710265556,1.0,0.0,0.8947077409162717,0.0,1.0,1.0,0.8959764474975466,0.0,0.0,1.0,0.0,runif
0.5714285714285714,0.0,0.7523421808230997,0.0,0.0,0.0,0.0,0.0,0.0,0.7224267782426778,0.0,0.0,0.6666666666666667,0.624550801589979,0.4,0.0,0.8390047566776436,0.0,0.0,0.0,0.0,0.0,0.7373658766654876,0.0,0.32086817088535113,0.715286789514664,0.5983193277310924,0.0,0.0,0.9039204859193816,0.0,0.07029812292970183,0.6516884045024119,0.0,0.7925983790645446,0.7604390578550195,0.0,0.11907894736842095,0.0,0.0,0.8370686178487066,0.0,0.341120785663663,0.8582273389975366,0.0,0.0,0.3631790744466802,0.6507620983106821,0.43038850912866666,0.9461165048543689,0.0,0.0,0.41563365903456306,0.8640576080150282,0.452448183511877,0.0,0.0,0.0,0.8133605600933489,0.5788715590991096,0.5595242799004307,0.24751693002257358,0.7211036903427095,0.9389104171415545,0.0,0.36062365862896084,0.2763041556145004,0.0,0.0,0.9862385321100917,0.0,0.2698412698412699,0.8571428571428572,0.08534640600082688,0.8571428571428572,0.4339622641509434,0.0,0.7400027866796711,0.0,0.8,0.0,0.6666666666666667,1.0,0.4447361512207929,0.0,0.33333333333333337,0.886489429271391,0.0,0.8571428571428571,0.8813559322033898,1.0,0.33884654106141243,0.5,0.0,0.0,0.4288860918816866,1.0,0.0,0.0,0.09011627906976738,0.2714776632302406,0.027131782945736482,0.2857142857142857,0.8836772983114447,0.9741136747326955,0.0,0.9166666666666666,0.7903173575129534,0.5714285714285714,0.990063694267516,0.5,0.0,0.8773364485981309,1.0,1.0,0.5181590482154039,0.0,0.23043547172801848,0.4494556765163298,0.6106194690265487,0.45833333333333337,0.4970760233918129,0.3476903870162299,0.7062228654124457,0.9144625773776027,0.0,0.0,0.6666666666666667,0.9460966542750929,1.0,0.6077662534783708,0.33333333333333326,0.0,0.6813655761024182,1.0,0.0,0.9596084787237423,0.0,0.3910125061824349,0.9421487603305785,0.0,0.4300283788577509,0.33333333333333337,0.37248322147651014,0.4267990074441689,0.6281186783546865,0.1976962228770427,0.33333333333333337,0.0,0.0,1.0,0.8947368421052632,0.5,0.9285714285714286,0.0,0.35245879158552973,0.0,0.40964744703021894,0.9350256477706169,0.5092952160621333,0.7422253634894992,0.0,1.0,0.0,0.4712334900380568,0.0,0.4862318251969783,0.1096502108657903,0.4617235772357724,0.8334384062539402,1.0,1.0,0.0,0.0714285714285714,0.0,0.0,0.5427291523087525,0.3076923076923077,0.0,0.75,0.8,0.5,0.0,0.0,0.9802073515551367,0.9832047026832487,0.0,0.0,0.9801560717712878,0.049286987522281556,0.5646851964563467,0.9704713504660517,0.0,0.632204934354855,0.0,0.72,0.990277725154397,0.9639197823913398,0.0,0.6248167840206926,0.6722972972972974,0.9450093380369371,0.0,0.0,0.0,0.0,0.0,1.0,0.5886664980290478,0.9221803037064081,0.7368421052631579,0.0,0.9707175861493069,0.0,1.0,0.9017945939527082,0.4666666666666667,0.7770439887228209,0.8679774011299435,0.8075973185934376,0.9782608695652174,0.10330625786523273,0.9359663506095387,0.0,0.273972602739726,0.0,0.5401358777965295,0.0,0.0,0.0,0.8125,0.0,1.0,0.7436653939604303,0.0,0.0,0.0,0.0,0.0,0.0,0.5452830188679245,0.0,0.8,0.7902097902097902,0.7596403178586365,0.5,0.0,0.8571428571428572,0.0,0.0,0.0,0.0,0.0,0.8279765514453203,0.0,0.0,0.9360986547085202,1.0,0.0,0.0,0.8259604190919674,0.0,0.0,0.4513031550068588,0.0,0.8841698841698842,0.7073170731707317,0.0,0.6779332615715824,0.0,0.0,0.7551020408163265,0.0,0.5412026726057906,0.9110835401157982,0.0,0.5529801324503312,0.0,0.7792029620324302,0.30856067732831605,1.0,0.2787212787212786,1.0,0.8130217028380634,0.7696775485679952,0.22148209825145704,0.0,1.0,0.0,0.9299897455020043,0.7655901175770203,0.7026047955839227,0.5714285714285714,0.9270501662775066,0.9007444168734492,0.22000000000000008,0.6998050682261209,0.0,0.4397641112047177,0.6000000000000001,0.993103448275862,0.665934065934066,0.0,0.8,0.18467220683287167,0.75,0.2500000000000001,0.0,0.7894308943089431,0.0,1.0,0.0,1.0,0.0,0.45604435164518686,0.0,0.2500000000000001,0.9122825513969426,0.0,1.0,0.8571428571428571,1.0,0.0,1.0,0.0,0.0,0.5323741007194244,1.0,0.0,0.0,0.0,0.36363636363636365,0.0,0.5714285714285714,1.0,1.0,0.0,0.9,0.6666666666666666,0.5,0.922077922077922,1.0,0.5206838052981861,0.8444632290786137,0.8125,0.9411764705882353,0.10940695296523528,0.0,0.0,0.6363636363636365,0.08333333333333337,0.5416666666666667,0.37746938775510186,0.0,0.8571428571428572,0.5837993289662885,0.0,0.0,0.0,0.9931972789115646,1.0,0.9063561988672121,0.33333333333333337,0.0,0.8409190853122251,0.375,0.0,1.0,0.0,0.8408227848101266,1.0,0.0,0.557988011467292,0.0,0.44999999999999996,0.8823529411764706,0.7222222222222222,0.7400468384074941,0.8,0.0,0.0,0.5,0.8571428571428572,0.75,1.0,0.5,0.7403863845446182,0.0,0.6640545144804089,1.0,0.7820186598812553,0.7968901846452867,0.0,1.0,0.0,0.7008797653958945,0.8122319597240351,0.9370932754880694,0.8854258121158911,0.5684415837721863,0.6733668341708543,1.0,0.8,0.6340579710144928,0.0,0.0,0.0,0.5952231301068511,0.65,0.625,0.6666666666666666,1.0,0.0,0.0,0.0,0.9888888888888889,1.0,0.37038689172289085,0.18207370393504063,0.9580093312597201,0.0,0.4053991066226452,0.8810754912099276,0.5,0.8616064848931466,0.0,0.6818181818181819,1.0,0.9715368290661347,0.0,0.46478873239436613,0.6753446250539653,0.964596548163446,0.3453566423249982,0.0,0.0,0.0,0.0,1.0,0.6428402133122655,0.9517859319761063,0.6875,0.0,0.9654837141468158,0.0,1.0,1.0,0.5,0.7564102564102564,0.9503429996881821,0.939347065049255,0.9771980279375514,0.49405472212751433,0.8639758581667295,0.0,1.0,0.08333333333333337,0.0,0.5,0.0,0.0,0.8292682926829268,0.0,0.0,0.7029467680608364,0.0,0.0,0.0,0.0,0.0,0.0,0.6578385305425032,0.0,1.0,0.8627974745021856,0.3988044087427608,0.33333333333333326,0.0,0.9298745724059293,0.0,0.0,0.0,0.0,0.0,0.7619935835260763,0.0,0.6995249406175772,1.0,0.47783621337340343,0.0,0.0,0.671461897356143,0.0,0.42810188989318,0.611087600507829,0.0,1.0,0.8686716791979949,0.0,0.0,0.0,0.0,0.3465807375581812,0.0,0.40986547085201785,0.8690442494574959,0.0,0.0,0.7965677063760491,0.5666145426114151,0.7692307692307692,1.0,0.35,0.0,0.46153846153846156,0.9767441860465116,0.12598425196850394,0.0,0.0,0.0,0.7060518731988472,0.012623316007213448,0.27543314082629944,0.09523809523809523,0.477957906712173,0.8713043478260869,0.0,0.36347642505277966,0.4375,1.0,0.7735042735042734,1.0,0.0,0.0,0.3076923076923077,0.25185396463205934,1.0,0.3529411764705883,1.0,0.07033426183844005,0.6666666666666666,0.8,0.0,0.5,1.0,0.6475343573160874,0.17924528301886788,0.5714285714285714,0.8419243986254296,0.0,0.8,0.21052631578947367,1.0,0.6956521739130435,0.0,1.0,1.0,0.3203883495145631,0.8333333333333334,0.5,0.0,0.33333333333333337,0.5,0.0,0.0,0.5,0.7142857142857142,0.0,1.0,0.5391812865497077,0.0,1.0,0.33333333333333326,0.0,0.2806666666666666,0.0,1.0,0.523225241016652,0.625,0.0,0.12337662337662325,0.75,0.0,0.7674418604651163,0.0,0.4444444444444444,0.7831245880026367,0.2978723404255321,1.0,1.0,0.6639344262295082,0.5714285714285714,0.532608695652174,0.4285714285714285,0.0,0.3341159896689365,1.0,0.0,0.6504593322876988,1.0,0.0,0.8546120952962737,0.0,1.0,1.0,0.0,0.18181818181818177,0.5,0.0,0.0,1.0,0.5833333333333333,1.0,1.0,0.5,0.5,0.5,0.0,0.0,0.03986135181975747,1.0,0.8278908618449545,1.0,0.0,0.9458117890382627,0.0,0.0,0.0,0.36752988047808755,0.16365873666940112,0.0,0.9528189910979229,1.0,0.8,0.0,0.11111111111111116,0.2142717114291316,0.5,0.3699248120300753,0.29268292682926833,0.0,0.8,0.8,1.0,0.0,0.0,0.9166666666666666,0.967741935483871,0.0,0.0,0.9285714285714286,0.4482758620689654,0.0,0.8146453089244852,0.0,0.45598849920632545,0.0,1.0,0.9656362820019426,0.9444133866341543,0.0,0.6506703048997509,0.6563520555877244,0.8694539872816314,0.0,0.0,0.0,0.0,0.0,0.9572519083969465,0.6132067993159914,0.8082632929310802,1.0,0.0,0.9732388823297914,0.0,1.0,0.8813559322033898,0.5555555555555556,0.8571428571428572,0.8787446504992867,0.7441537851763773,1.0,0.2544368883728645,0.9849934754240974,0.0,0.0,0.3571428571428572,0.5613437195715678,0.0,0.0,0.0,0.75,runif
0.5714285714285714,0.5555555555555556,0.0,0.0,0.0,0.0,0.7380952380952381,0.7855822550831792,0.378462440358905,0.6830099091659785,0.0,0.31818181818181823,0.0,0.0,0.0,0.0,0.7730463266261114,0.7076810686704238,0.0,0.0,0.6675752289576973,0.5,0.0,0.0,0.0,0.7068783068783069,0.5989556135770234,0.557112397197685,0.19119295885188925,0.0,0.7954545454545454,0.0,0.8759842519685039,0.0,0.0,0.0,0.0,0.0,0.8566275332852364,0.0,0.0,0.9679729100966757,0.8592808356769788,0.18064937894966226,0.4531037113739168,0.0,0.6168409031011157,0.5143389485411344,0.4748603351955307,0.946906887755102,0.0,0.33333333333333337,0.7740630013125273,0.32534188179927004,0.4190837725279182,0.2385065477848981,0.8141592920353982,0.0,0.8947309037571929,0.8157283932819145,0.9011714900916025,0.0,0.0,0.4510698787969477,0.1518324607329843,0.4531624794849136,0.0,0.5688298918387416,0.7218465539661898,0.0,0.8534241089307169,0.0,1.0,0.5434410253381372,0.0,1.0,0.0,0.9198447893569844,0.6666666666666667,0.0,0.5,0.0,0.0,0.11815252416756161,0.8202166064981949,0.0,0.6714618973561431,0.23759705762157746,0.5714285714285714,0.44067796610169496,0.25,0.6544459190444591,0.0,0.9721588315837517,0.7,0.9973190348525469,1.0,0.0,1.0,0.37335834896810494,0.3846153846153847,0.5061224489795919,0.8571428571428572,0.0,0.28985886042864606,0.6428571428571428,0.9166666666666666,0.8076420640104507,0.75,0.8316807738814994,0.7777777777777778,0.6915964727559885,0.610576923076923,0.0,0.502624142107388,0.0,0.0,0.0,0.4494556765163298,0.0,1.0,0.0408746846089153,0.9173354735152488,0.0,0.05717792666087029,0.41666666666666663,0.0,0.0,0.9340740740740741,0.0,0.0,0.7777777777777778,0.0,0.5320855614973262,0.0,0.0,0.0,0.6666666666666667,0.0,0.9444369793066381,0.0,0.037437899219304516,0.6666666666666667,1.0,0.478908188585608,0.6281186783546865,0.18892746208660693,0.33333333333333337,0.0,0.5326404676843131,0.0,0.6666666666666667,0.0,0.8571428571428571,0.0,0.3685371648376512,0.0,0.9188203418090871,0.9020764221648851,0.5092952160621333,0.41799005940113965,0.4722222222222222,0.0,0.6666666666666667,0.03644224830142051,0.7785551113649343,0.9216561955945802,0.1096502108657903,0.3652173913043478,0.9584726376913602,0.0,0.8,0.8214285714285714,0.0,0.7848521758387775,0.7916666666666666,0.35872862658576954,0.8269230769230769,0.7623239436619718,0.0,0.8,0.0,0.0,0.0,0.9803921568627451,0.9072961015109775,0.0,0.5892053403077672,0.9774057887358786,0.12914438502673786,0.5651309397383465,0.9392524494980041,0.9624726362973002,0.5203280109427266,0.7751300111908367,0.0,0.975324852283566,0.9648951784266906,0.9332603938730853,0.6264491594697374,0.0,0.9526891627317747,0.9650376331032569,0.8326783867631851,0.0,0.0,0.0,0.0,0.49267372160142087,0.9065355282035793,0.9473684210526315,1.0,0.0,0.0,0.9952832042765615,0.9949218241368604,0.6911764705882353,1.0,0.8968033761570566,0.7373435019131159,0.9782608695652174,0.15435677442015572,0.9656240568060873,0.0,0.6666666666666667,0.13494318181818177,0.9163104122889646,0.0,0.0,0.3999630519120637,0.0,0.0,0.0,0.0,0.5,0.0,0.0,0.6296296296296295,0.625,0.4213154871897318,0.5480225988700564,0.0,0.0,0.0,0.0,0.0,0.0,1.0,0.8938244853737811,0.0,0.0,0.8815840061514801,0.0,0.0,0.0,0.7152226441146012,0.9360986547085202,0.8,0.5189873417721519,0.41388426080195495,0.0,0.6666666666666667,0.20274914089347085,0.7916666666666666,0.25,0.0,0.0,0.0,0.0,0.8634815890194009,0.0,0.1284013605442178,0.9899132730015083,0.8875393612235718,0.36331679073614565,0.6502614580129191,0.6100203114421123,0.721039182282794,0.5214169478435952,0.3602693602693603,1.0,0.3076923076923076,1.0,0.9269808389435525,0.0,0.0,0.27606076479832364,0.7622448979591837,0.0,0.9290352080475537,0.8075569833256846,1.0,0.19999999999999996,0.0,0.41917525773195874,0.14754098360655743,0.0,0.16473988439306364,0.7376644736842106,0.8666666666666667,0.0,0.9559023066485753,0.17464615384615367,0.9452380952380952,0.7999133824166306,0.5,1.0,1.0,0.9072463768115941,1.0,1.0,1.0,0.5,1.0,0.0,0.8885754583921015,0.5,1.0,0.5165745856353592,1.0,0.3392857142857143,1.0,1.0,0.0,0.947945205479452,0.7,0.9358974358974359,1.0,0.0,1.0,0.8571428571428572,0.36363636363636365,0.5555555555555556,1.0,0.0,0.3907162619120812,0.75,0.9,0.6956521739130435,0.0,0.7475728155339806,1.0,0.7847667514843087,0.6934306569343065,0.0,0.08695652173913049,0.41627358490566047,0.0,0.0,0.6363636363636365,0.0,0.9583333333333334,0.0,1.0,0.0,0.5424189167598659,0.8682432432432432,0.0,0.0,0.9877450980392157,0.25,0.0,1.0,0.6666666666666667,0.414516750096265,1.0,0.0,0.014278429372769241,1.0,0.0,1.0,0.0,0.19155590304925707,1.0,0.9,0.8235294117647058,0.7757125154894671,0.7442489851150202,0.6000000000000001,0.0,0.0,0.0,0.8571428571428572,0.0,1.0,1.0,0.7427552385198395,0.0,0.9791216702663786,1.0,0.7820186598812553,0.28531390134529144,0.0,0.0,0.6470588235294118,0.7008797653958945,0.9495933326639221,1.0,0.8948428686543111,0.5684415837721863,0.8712446351931331,0.0,0.8,0.9402129402129402,0.0,0.6530713615541697,1.0,0.763767345162694,0.8,1.0,0.0,1.0,1.0,0.0,0.0,0.9888888888888889,0.9220864971937933,0.37038689172289085,0.8947040498442368,0.9971095171823146,0.7727272727272727,0.697266139657444,0.9286452947259566,0.9850746268656716,0.7547142857142857,0.5481171548117154,0.0,0.9973714012613119,0.9738171348947767,0.9300947867298578,0.46478873239436613,0.046643835025577784,0.9648951730862994,0.9878246753246753,0.5549211207911466,0.0,0.0,0.0,0.0,0.6179760266192723,0.9829294084640784,0.9375,0.9047619047619048,0.0,0.0,1.0,1.0,0.5,1.0,0.9339076997228581,0.9403488414258259,1.0,0.0,0.9340644401141976,0.0,0.35483870967741926,0.5,0.8892057026476579,0.0,0.0,0.6833171677982541,0.0,0.0,0.7509349289454001,0.0,0.0,0.0,0.0,0.9333333333333333,0.7142857142857143,0.7170626349892009,0.6557566422795533,0.0,0.0,0.0,0.0,0.0,0.0,0.8248847926267281,0.6096325953838907,0.0,0.0,0.7112815696096848,0.6000000000000001,0.0,0.0,0.0,1.0,0.47339593114240996,0.1809954751131222,0.918918918918919,0.0,0.7777777777777778,0.0,0.6146609172873383,1.0,0.0,0.0,0.33333333333333326,0.4516599781101788,0.8264142335766423,0.0,0.0,0.9660582772974704,0.7969157500850437,0.2480422681385036,0.30828872069411095,0.0,0.44999999999999996,0.8737029073572029,0.7692307692307692,1.0,0.4665300546448087,0.33333333333333337,0.7948717948717949,0.9,0.01746216530849809,0.19012345679012344,1.0,0.0,1.0,0.4348849846042384,0.6015104398045313,0.0,0.31783276450511944,0.4257142857142858,0.08743169398907114,0.7701149425287357,0.3125,1.0,0.2222222222222222,0.5,0.8571428571428572,0.14724770642201834,1.0,0.32943525385054195,1.0,0.7647058823529411,0.0,0.5201949860724234,0.6666666666666666,0.0,0.0,0.0,0.0,0.0,0.6729559748427674,0.0,0.7449765825653422,0.3239649440918707,0.3999999999999999,0.0,0.5714285714285714,0.5652173913043479,1.0,1.0,1.0,0.9411764705882353,1.0,0.5,0.96,0.0,0.5,0.0,0.5,0.0,0.0,0.0,1.0,0.6618541033434651,0.6785714285714286,0.728813559322034,0.8333333333333333,0.2482915717539863,0.8382222222222222,0.38888888888888884,0.9977409638554217,0.07712532865907107,0.0,0.27929069031032305,0.7142857142857142,0.25,0.8,0.34883720930232565,0.7889672867222578,0.2222222222222221,0.0,0.6857142857142857,1.0,0.0,0.7320261437908497,0.0,0.26923076923076916,0.7142857142857142,1.0,0.6976177077471394,0.0,0.0,0.0,0.0,0.3121044303797468,0.8546120952962737,0.0,0.0,0.0,0.0,0.36363636363636365,0.5,0.0,0.33333333333333337,1.0,0.0,0.6666666666666666,0.5,1.0,0.0,0.0,0.0,0.0,0.8333333333333333,0.7692307692307693,0.898157625383828,0.0,0.7777777777777778,0.3761677392567987,1.0,0.0,0.7543859649122807,0.8753611636943309,0.16365873666940112,0.0,0.8782033230076035,0.8509803921568627,0.8,1.0,0.0,0.3318208719668573,0.0,0.26137736608940776,0.8780487804878049,0.6983240223463687,0.0,0.8,0.0,0.0,0.0,0.9166666666666666,0.8709677419354839,0.0,0.4582602414611494,0.9305135951661632,0.2068965517241378,0.21492798804524238,0.5791855203619909,0.6666666666666667,0.34375093593698514,0.10398613518197575,0.0,0.9656362820019426,0.9443580521521991,1.0,0.6506703048997509,0.0,0.9864851533984413,1.0,0.08659598268566693,0.0,0.0,0.0,0.0,0.616028547062256,0.8075686810747456,1.0,1.0,0.0,0.0,1.0,0.9661016949152542,0.5555555555555556,1.0,0.8864915572232646,0.8896341463414634,0.9019607843137255,0.6740418523888799,1.0,0.0,0.5,0.0,1.0,1.0,0.0,0.6435845213849287,0.0,runif
0.5714285714285714,0.0,0.7499120845114009,0.8590888451642198,0.0,0.7070504855262553,0.0,0.7817362817362816,0.0,0.0,0.645282168012369,0.0,0.8455940608585932,0.0,0.4,0.0,0.8390047566776436,0.0,1.0,0.0,0.0,0.0,0.0,0.0,0.0,0.0,0.5970724191063175,0.0,0.011279003150959421,0.0,0.0,0.0,0.6446091890902435,0.33333333333333326,0.7925983790645446,0.7433668183251498,0.47531052221883774,0.765895560931851,0.0,0.0,0.781016708140775,0.965026674570243,0.8592808356769788,0.569731967748965,0.0,0.8919182083739046,0.0,0.6047381277777182,0.3603200550632366,0.9461165048543689,0.1612472617743702,0.33333333333333337,0.41563365903456306,0.5839135038018544,0.8811766018133436,0.0,0.16455696202531633,0.0,0.0,0.7947931785195936,0.89591957421644,0.23231728845474864,0.33976124885215797,0.9385790679908327,0.0,0.45019568236333796,0.386604774535809,0.0,0.0,1.0,0.9348591549295775,0.13324732768153325,0.4285714285714286,0.5944082544814797,0.8571428571428572,0.19148936170212771,0.0,0.14345114345114351,0.6666666666666667,0.0,0.0,0.0,1.0,0.9122079285901812,0.6458424507658642,0.0,0.3154743390357698,0.5575443554718166,0.0,0.6526468455402467,1.0,0.7844935389745727,0.0,0.17676225105363186,0.5,0.18103448275862088,0.78125,0.0,0.0,0.28621908127208484,0.0,0.46896551724137936,0.0,0.0,0.9289473684210526,0.6428571428571428,1.0,0.01588323674608283,0.0,0.994479953515398,0.33333333333333337,0.5824630265647999,0.655035685963521,1.0,0.0,1.0,0.0,0.8473351146111658,0.5110115714818961,0.5486725663716814,0.5,0.3593139752080149,0.0,0.7567846100996221,0.5464568254502609,0.4754224270353302,0.0,0.6666666666666667,0.7462834489593657,0.35766423357664245,0.17691599304205452,0.7777777777777778,0.0,0.0,0.375,0.5,0.584034923604615,0.0,0.15655464604500013,0.49935911935459554,0.5,0.3926925238898259,0.0,0.8228882833787465,1.0,0.0,0.10999451854558728,0.33333333333333337,0.8571428571428572,0.0,0.75,1.0,0.0,0.9285714285714286,0.0,0.6182700794351279,0.0,0.7367895251456021,0.5907759882869692,0.46529152915291516,0.6535586610334743,0.0,0.6100083731468255,0.0,0.675397358406089,0.9458053470301594,0.4626731356131154,0.0,0.772054519608663,0.8090631985368828,1.0,0.75,1.0,0.0,0.9912983425414365,0.0,0.3860935524652339,0.8269230769230769,0.28462603878116344,0.875,0.6000000000000001,0.0,0.9386431588332238,0.0,0.0,0.9342996925721464,0.0,0.4230900917816238,0.9878733518701229,0.4572509618136149,0.9053113635343241,0.9766043928782703,1.0,0.730150422952653,0.38922558922558936,0.84,0.9938839797492214,0.983310426075005,0.9285714285714286,0.9331314768220393,0.008702975856260453,0.39801321400121836,0.9877245508982035,0.21239075493808857,0.0,0.0,0.0,0.9997471402769416,0.9577160888072609,0.0,0.0,0.0,0.9866513400439088,0.0,0.967741935483871,0.0,0.0,0.836390977443609,0.9745189807592304,0.6145924245068948,0.9782608695652174,0.0,0.9776541221262264,0.0,0.525,0.0,0.9129791212215643,0.0,0.96875,0.7030800292108768,0.875,0.0,0.0,0.7527175944616395,0.9662243667068757,0.0,0.6714285714285715,0.0,0.8767123287671232,0.0,0.0,0.8660235798499465,0.8,0.8178406958894764,0.0,0.5,0.0,0.8571428571428572,0.0,1.0,0.0,0.0,0.0,0.0,0.0,0.0,0.0,0.8,0.0,0.636212311557789,0.0,0.0,0.0,0.43324250681198895,0.0,0.8841698841698842,0.7073170731707317,0.6251984126984127,0.7957291767724132,0.0,0.0,0.8298450665941832,0.9901789811840294,0.8875393612235718,0.3834995466908432,0.4226233206850579,1.0,0.6057190407746426,0.775553176928881,0.27642656688493905,0.989522700814901,0.0,1.0,0.9626141552511416,0.29792626728110594,0.8969592779628237,0.0,0.7345679012345678,0.0,0.0,0.8037163526862767,1.0,0.5714285714285714,0.7230451502634951,0.9007444168734492,0.18360655737704912,0.0,0.7514450867052023,0.08027923211169263,0.6000000000000001,1.0,0.9736263736263736,0.0,0.26521739130434796,0.7750692520775623,0.75,0.2500000000000001,1.0,0.9036144578313253,1.0,1.0,0.0,0.5,0.0,0.9471308067007247,0.8581979320531757,0.5,0.39624432957062994,1.0,0.0,0.8571428571428571,0.8333333333333334,0.9965753424657534,0.0,0.47845417236662113,0.7,0.5323741007194244,0.8982149639194835,0.0,0.0,0.8571428571428572,0.0,0.5625,0.0,0.0,0.9430014430014431,0.75,0.8571428571428572,0.0,0.0,0.9345794392523364,1.0,0.5963565191207467,0.6677299308878255,0.8125,0.16109422492401204,1.0,0.0,0.9230769230769231,0.6363636363636365,0.9166666666666666,0.5,0.3581802134317581,0.0,0.8928571428571428,0.980272523896685,0.5951008645533141,0.0,0.0,0.9152542372881356,0.6666666666666667,0.6136635558746111,1.0,0.6666666666666667,0.0,0.375,0.25,0.0,0.0,0.5587026039287346,0.75,1.0,0.24242424242424232,0.0,0.9,0.8823529411764706,0.0,0.33333333333333337,0.8,1.0,0.16129032258064502,1.0,0.8571428571428572,0.0,1.0,1.0,0.5373748211731044,0.0,0.7035368018571624,0.6153846153846154,1.0,0.7758341431810819,0.0,0.45115664243225384,0.0,0.4679459223724378,0.9707253402946112,0.0,0.0,0.7193847153766995,0.6749428291408037,1.0,0.0,1.0,0.0,1.0,0.0,0.45746716821751465,0.8,0.5,1.0,1.0,1.0,0.9458029823119699,0.0,0.0,0.9697013522308193,0.28298908162783,0.14073314534734682,1.0,0.3950953678474115,0.8939646172512062,0.9775208734746307,1.0,0.8542025356080764,0.0,0.9545454545454546,0.9954319065345392,0.9720225252244913,0.9259259259259259,0.9436619718309859,0.6410192077165398,0.5709108178364327,0.9772727272727273,0.3171719602181583,0.0,0.0,0.0,1.0,0.9513145570476186,0.0,0.0,0.0,0.9624224123469216,0.0,0.8736604624929498,0.0,0.0,0.704225352112676,0.994343891402715,0.8673372556462327,1.0,0.8021691777092032,0.9410040489852697,0.0,0.032258064516129115,0.0,0.8935837245696401,0.5,1.0,0.5604778496764558,0.9010989010989011,0.0,0.0,0.7215305192833283,0.9411764705882353,0.0,0.5839128723264664,0.0,0.7142857142857143,0.0,0.0,0.526849702230746,1.0,0.8719910011248594,0.0,0.33333333333333326,0.0,0.925065731814198,0.0,0.6666666666666667,0.0,0.0,0.0,0.0,0.0,0.0,0.0,0.47640791476407907,0.0,0.0,0.0,0.0,0.0,0.5455919395465996,0.0,0.7121212121212122,0.8377560286550297,0.14102564102564086,0.5308689024390245,0.0,0.0,0.3244641537324465,0.9496738117427772,0.7958715596330275,0.5340423817581177,0.5,0.9340659340659341,0.0,0.5066841170421614,0.3076923076923076,1.0,0.0,0.33333333333333337,0.46153846153846156,0.46096345514950177,0.4811073460776165,1.0,0.6923076923076923,0.0,0.0,0.47080381138529204,0.5497872340425531,0.05714285714285716,0.3087315130830488,0.8480130141761562,0.0,0.7417311752287121,0.25,0.0,0.8078078078078078,0.75,1.0,0.0,0.0,0.25418569254185686,0.7142857142857143,0.6785714285714285,0.0,0.07794015309672941,0.6666666666666666,0.0,0.0,0.0,1.0,0.736842105263158,0.28099173553719003,0.0,0.5517964857067926,0.6722365038560412,0.0,0.21052631578947367,0.8571428571428572,0.5652173913043479,1.0,0.33333333333333337,0.5,1.0,0.6666666666666667,0.5,0.0,0.0,0.0,0.0,1.0,0.0,0.8571428571428571,0.0,1.0,0.19244804061557996,0.2785714285714287,1.0,0.16666666666666663,1.0,0.0,0.0,0.0,0.7932816537467701,0.625,0.4494875549048316,0.12337662337662325,0.25,1.0,1.0,0.0,0.0,0.6272965879265093,0.0,1.0,1.0,0.6886792452830188,0.7142857142857143,0.0,0.7142857142857142,0.6666666666666667,0.0,1.0,1.0,0.22876988572708934,1.0,0.12804953560371535,0.0,0.0,0.0,0.0,1.0,0.18181818181818177,0.0,0.330952380952381,0.0,0.0,0.0,0.6666666666666666,0.5,1.0,0.5,0.0,0.9693595965363022,0.0,0.9190556492411467,0.8666666666666667,0.30485509973654523,0.5329457364341086,0.0,0.853069439785307,0.0,1.0,0.8503976143141153,0.6945219123505977,0.6244784422809457,0.2647058823529411,0.9528189910979229,1.0,0.8,1.0,0.0,0.8722969023962595,0.5,0.0,0.8780487804878049,0.3979274611398964,0.8,0.6000000000000001,0.0,0.9176376572489173,0.0,0.0,0.8709677419354839,0.0,0.5803929262072252,0.917989417989418,0.6681896551724138,0.6970780754436872,0.11538461538461542,0.33333333333333337,0.43749029352383906,1.0,1.0,0.9940812279906399,0.9283323059414861,1.0,0.9293411634436667,0.36014098045498244,0.6832924895487963,0.8907103825136612,0.11107717369171244,0.0,0.0,0.0,0.950185873605948,0.9375238437198448,0.0,0.0,0.0,0.9921343038271895,0.0,0.9204483818477671,0.0,0.0,0.9047619047619048,0.887719298245614,0.24534284581847,0.916083916083916,0.029908228232396028,0.9221472737492974,0.0,1.0,0.2857142857142857,1.0,0.0,0.9411764705882353,0.6718938480096501,0.8125,runif
0.0,0.0,0.7339050094383472,0.0,0.8089042169619063,0.0,0.746875,0.0,0.0,0.7010743527852714,0.0,0.2857142857142857,0.0,0.5792443203985476,0.0,0.5912076806467912,0.9827373612823674,0.983206106870229,0.0,0.6962019931293408,0.0,0.0,0.0,0.0,0.5339497524983654,0.7185167348904407,0.0,0.0,0.11764928336421732,0.9309402115773209,0.9473684210526315,0.22309997275946614,0.6446886446886447,0.8571428571428572,0.7925983790645446,0.7526361279170267,0.0,0.14360658534504822,0.9142764368438142,0.0,0.17030024861350157,0.0,0.3449655358832274,0.5743684668989546,0.4849806465681731,0.578383641674781,0.5312516399895041,0.5102091338650476,0.0,0.0,0.8497941020191286,0.33333333333333337,0.4188732394366197,0.0,0.7486614550368635,0.0,0.7344296710986704,0.0,0.0,0.0,0.6123342939481267,0.0,0.09306220095693796,0.4770360728895501,0.0,0.23380129589632836,0.825817860300619,0.749063670411985,0.0,1.0,0.5992721391023049,0.7303163017031631,1.0,0.0,0.7777777777777778,0.0,0.0,0.0,0.6666666666666667,0.4,0.0,0.6666666666666667,0.0,0.0770805985823052,0.8086021505376344,0.22222222222222232,0.0,0.842501447596989,0.5714285714285714,0.45197740112994356,0.41666666666666663,0.6649645685702377,0.0,0.0,0.0,0.0,0.78125,0.6666666666666666,0.7965026307644691,0.44767441860465107,0.0,0.35231714126186486,0.8571428571428572,0.589041095890411,0.97132322818517,0.6428571428571428,1.0,0.06704951109731483,0.15000000000000002,0.49986934935981187,0.0,0.59227588140464,0.36931818181818177,1.0,0.24609695973705836,0.285311324697033,0.5,0.8255633255633256,0.5080736012016522,1.0,0.0,0.06276766595289096,0.6650235267757114,0.7541657155900479,0.023172511387254846,0.9397217928902628,0.75,0.6666666666666667,0.4551131928181108,0.0,0.7118019465180006,0.33333333333333326,0.0,0.28301886792452835,0.0,0.0,0.5225408293821028,0.0,0.4268407481684606,0.16480680179154328,0.0,0.9808598351001178,0.0,0.7277777777777777,0.42298084929225643,0.5044345898004434,0.10999451854558728,0.33333333333333337,0.0,1.0,0.75,1.0,0.75,0.9285714285714286,0.0,0.0,0.7,0.7367735042735042,0.7206533959394219,0.5482252030294735,0.0,0.7222222222222222,0.0,0.0,0.6688390055515328,0.5067832828107142,0.9157663877832832,0.0,0.7364085667215816,0.8912220961029134,0.7586206896551724,1.0,0.19552058111380144,0.0,1.0,1.0,0.36009258131319266,0.1923076923076923,1.0,0.0,0.6000000000000001,0.0,0.0,0.0,0.0,0.9831199887466592,1.0,0.6341194877441039,0.0,0.657796852646638,0.9744331242306951,0.7158669167114737,1.0,0.7206030868416489,0.9977876106194691,0.15999999999999992,0.9954973025417471,0.0,0.9487179487179487,0.9381774611519278,0.5205988997249313,0.5083935570104892,0.9516435751154577,0.2246247148652526,0.0,0.0,0.0,0.0,0.5921775489045606,0.7638018451392888,0.7368421052631579,0.0,0.9776107037819477,0.6666666666666667,0.9952832042765615,0.7816639338418764,0.23214285714285698,1.0,0.8992991842239073,0.9955068589429823,0.0,0.35363154800562646,0.918166292822186,0.9375,0.7990867579908676,0.0,0.806414331118174,0.0,0.96875,0.6269611153036503,0.8125,0.0,1.0,0.745776976653258,0.0,0.8656716417910448,0.0,0.6425925925925926,0.0,0.0,1.0,0.0,0.0,0.0,0.7596403178586365,0.0,0.6977880658436213,1.0,0.6755718526279029,0.0,0.9008662996628686,0.0,0.0,0.0,0.0,0.7152226441146012,0.33333333333333326,0.0,0.0,0.5604555015594401,0.832666909002787,0.6666666666666667,0.46182736957115533,0.4285714285714285,0.5,1.0,1.0,0.0,0.7641665531136244,0.8725522670147887,0.0,0.0,0.0,0.5405173890697276,0.6560415122312824,0.0,0.5292368681863231,0.9184221396117307,0.5020093163139201,0.0,0.0,0.9427239427239427,0.0,0.6946068875893439,0.19394150417827305,0.9263477600607442,0.0,1.0,0.0,0.0,0.0,0.7417293233082707,0.19999999999999996,0.30846717385178934,0.4093288910042837,0.18887015177065758,0.7810300111152279,0.32530120481927716,0.7376644736842106,0.0,1.0,0.7601809954751131,1.0,0.9375,0.0,0.75,0.0,1.0,0.0,1.0,1.0,0.0,1.0,0.0,0.0,0.8885754583921015,0.0,0.0,1.0,1.0,0.7857142857142857,0.0,0.6644295302013423,0.0,0.0,0.0,0.0,0.9,0.8636363636363636,0.6497257769652651,1.0,0.0,0.572944297082228,1.0,0.0,1.0,0.75,0.0,0.0,0.0,0.6052631578947367,0.5,0.5476190476190476,0.36936687862869777,0.6875,0.2954545454545454,0.0,0.0,0.9230769230769231,0.6363636363636365,1.0,0.0,0.3138739263357111,0.4942296595499135,0.8571428571428572,0.1298545923062765,0.862257792754844,1.0,0.0,0.0,0.25,0.6793365583966828,0.33333333333333337,0.6666666666666667,0.5727874276261373,1.0,0.0,0.6364097363083163,0.0,0.991599707815924,0.5015576323987538,0.0,0.79701230228471,0.0,0.44999999999999996,0.8823529411764706,0.7222222222222222,0.23951285520974308,0.6000000000000001,0.0,0.6774193548387096,1.0,0.8571428571428572,0.75,1.0,0.5,0.7254607371794871,1.0,0.7025234849880273,1.0,0.8305343511450382,0.43333333333333335,0.9583333333333334,0.3568818514007308,0.0,0.46910356832027855,0.669664268585132,0.40235690235690236,0.0,0.7467529934864854,1.0,0.9384615384615385,1.0,0.90473061760841,0.0,1.0,1.0,0.5463917525773196,0.0,1.0,0.0,1.0,1.0,0.0,0.0,0.0,1.0,0.9871226037973061,0.0,0.0,0.1350219385719983,0.9678788894475169,0.3255813953488371,1.0,0.9047870040004324,0.9655172413793104,0.13636363636363646,0.9952323510827733,0.0,0.9473684210526316,0.9436619718309859,0.9739811832728933,0.8530254508680263,0.9847108863087711,0.32711717394732687,0.0,0.0,0.0,0.0,0.6793419223716024,0.8535225032436349,0.6875,0.0,0.9854886189311332,0.5,1.0,0.7777777777777778,0.5,1.0,0.9213634325011213,1.0,0.0,0.0,0.8734004024144869,1.0,0.7708333333333334,0.0,1.0,0.5,1.0,0.5324289953370072,1.0,0.0,0.0,0.7365705440577882,0.0,0.6000000000000001,0.0,0.9333333333333333,0.0,0.0,0.6779725609756098,0.0,0.0,0.0,0.43750740901726803,0.0,0.48583106267029974,0.9265793966989186,0.5025566106647187,0.0,0.9697804808514682,0.0,0.0,0.0,0.0,0.0,0.5357142857142858,0.0,0.0,0.918918918918919,0.9583333333333334,0.7777777777777778,0.4772896500372301,0.551872976722676,0.8181818181818181,1.0,0.775734203500445,0.0,0.0,0.588679245283019,0.0,0.6911070780399274,0.0,0.35529131985731277,0.7061403508771931,0.41666666666666674,0.590909090909091,0.4609422802365899,0.8532631059172084,0.15384615384615385,0.75,0.9314024390243902,0.6666666666666667,1.0,0.0,0.9543796925277083,0.0,0.0,0.0,0.0,0.03657362848893175,0.18705321683876075,0.0,0.7044753086419753,0.6488496397861958,0.4461538461538461,0.18508092892329342,0.75,0.0,0.7664399092970522,1.0,0.0,0.7458715596330274,1.0,0.0,0.8571428571428572,0.4626865671641791,0.0,0.0,0.6666666666666666,0.4,0.0,0.5,0.33333333333333326,0.1187010078387456,0.6729559748427674,0.5714285714285714,0.16534181240063595,0.11133004926108392,0.3999999999999999,0.8202247191011236,0.5714285714285714,0.4347826086956522,1.0,0.0,1.0,0.0,0.6666666666666667,0.75,0.36,0.0,0.0,0.0,0.5,1.0,0.7142857142857142,0.0,0.0,0.2491136406045904,0.2785714285714287,0.8321813657727398,0.0,0.8113207547169812,0.8896595208070618,0.0,0.0,0.8235294117647058,1.0,0.41788856304985333,0.7142857142857142,0.0,0.7,0.0,0.3964451313755796,0.4444444444444444,0.15551181102362233,0.7357723577235773,0.0,1.0,1.0,0.0,0.87,0.4285714285714285,0.33333333333333337,0.03686311340690296,0.0,0.0,0.2284241201524322,1.0,0.3535248041775457,0.6793924466338259,0.0,0.3918918918918918,0.0,1.0,0.18181818181818177,0.08333333333333326,0.3069767441860466,0.33333333333333337,1.0,0.6370967741935484,0.6666666666666666,0.5,1.0,0.5,0.5,0.22942286420717017,0.25,0.918918918918919,0.26923076923076916,0.3895788102475033,0.0,0.5555555555555556,0.28610540725530453,0.0,1.0,0.1468689477081988,0.9551853842020419,0.615937687237867,0.004349627174813464,0.7583333333333333,0.75,1.0,0.002400384061449823,0.0,0.8722969023962595,0.5,0.920392584514722,0.41463414634146345,1.0,0.0,0.6000000000000001,0.0,0.0,0.0,0.0,0.9767441860465116,0.934201266713582,0.8874854937521929,0.0,0.5677966101694916,0.8689046360797502,0.06929133858267733,0.6666666666666667,0.939342307036974,0.7159763313609467,0.5,0.9953688981373708,0.0,1.0,0.9333772182451521,0.7254057868736767,0.04668262653898769,1.0,0.10954280454127052,0.0,0.0,0.0,0.0,0.6132067993159914,0.3544172987306725,1.0,0.0,0.9732388823297914,1.0,1.0,0.5767016593294954,0.5555555555555556,1.0,0.8864915572232646,1.0,0.0,0.6844767568351584,0.9363757729061271,0.9,0.5,0.2857142857142857,0.8313047711781889,0.0,0.9411764705882353,0.6685210312075984,0.75,runif
0.5714285714285714,0.6928571428571428,0.0,0.8442192871358785,0.0,0.0,0.746875,0.7817362817362816,0.37839510193447523,0.0,0.0,0.0,1.0,0.0,0.0,0.0,0.0,0.700122249388753,0.0,0.0,0.0,0.0,0.0,0.0,0.0,0.7402633022490399,0.5903334194882398,0.0,0.0,0.9318922835406351,0.8955223880597015,0.2300826880168001,0.8921875,0.0,0.9409722222222222,0.0,0.0,0.0,0.9151437426525596,0.0,0.7835862844294548,0.0,0.34730435212905464,0.4846915690513298,0.4531037113739168,0.26416733010060056,0.0,0.0,0.7313432835820896,0.746811224489796,0.0,0.33333333333333337,0.2991833163190899,0.0,0.707388506767251,0.19401083147499198,0.736732570239334,0.041832449160035146,0.0,0.5341812945693911,0.7295948574811808,0.21781946072684644,0.5907060771817132,0.4672377865246585,0.1518324607329843,0.36319688598694133,0.4922547332185886,0.9962370649106302,0.9612215909090909,0.9436619718309859,0.0,0.9248986361960929,1.0,0.9293368605120388,1.0,0.0,0.0,0.0,0.0,0.0,0.5,0.0,0.0,0.238445968739458,0.3107787519339864,0.44444444444444453,0.4389501711677444,0.25700846660395116,0.5714285714285714,0.9090909090909091,1.0,0.5594127806563041,0.5,0.5248744865358284,0.5,0.0,1.0,0.0,0.9981701738334858,0.0,1.0,0.0,0.5714285714285714,0.0,0.0,0.0,0.0,0.0,0.0,0.78125,0.7777777777777778,0.5941756366043126,0.9905660377358491,1.0,1.0,0.6545842217484008,0.9166666666666666,0.21279833413423044,0.33009708737864074,0.6106194690265487,1.0,0.8160506502395619,0.7189086775293672,0.8996084015663938,0.9029859992565977,0.854483282674772,0.0,0.6666666666666667,0.5364102564102564,0.35766423357664245,0.8250436631483028,0.4444444444444444,0.0,0.6813655761024182,0.375,0.5,0.5573338735818476,0.6666666666666667,0.0,0.925836949783013,0.5,0.4958096782914302,0.33333333333333337,0.8656716417910448,0.5260545905707197,0.7231638418079096,0.02941176470588247,0.0,0.0,0.9660633484162896,0.75,0.8333333333333334,0.5,0.0,0.0,0.0,1.0,0.7367895251456021,0.9021365422396856,0.0,0.0,0.9166666666666666,0.6089676224791073,0.0,0.9302600472813238,0.579192142578379,0.532938022906344,0.5301281311324022,0.4384171716434254,0.812878237714839,0.7954627949183303,1.0,0.889795918367347,1.0,0.9912983425414365,1.0,0.7780487804878049,0.1923076923076923,0.5454545454545454,0.0,0.0,0.0,0.0,0.33333333333333326,0.0,0.0,0.09651474530831106,0.05016089343176233,0.9736147757255936,0.028329782836793993,0.9869672260745826,0.9303710490151168,0.0,0.2148695134007773,0.751230718739744,0.72,0.9933128459210712,0.9499401244625925,0.933728981206726,0.62757484704775,0.02941176470588247,0.41081025687739114,0.0,0.34154899805529715,0.0,0.0,0.0,0.9920829616413916,0.9423145778704494,0.8078896136192466,0.7368421052631579,0.0,1.0,0.0,1.0,0.739374840303211,0.23214285714285698,0.0,0.8675899559927518,0.9956802313280203,0.9347826086956522,0.3366594218292941,0.9585496154283333,0.9375,0.2500000000000001,0.4076704545454546,0.0,0.0,0.96875,0.6759133624805267,0.0,0.0,0.5741935483870968,0.0,0.9658536585365853,0.0,0.0,0.6425925925925926,0.7916666666666666,0.44626059420694797,0.0,0.0,0.0,0.9015151515151515,0.0,0.0,0.0,0.0,0.8938244853737811,0.0,0.0,0.0,0.0,0.0,0.0,0.7134296792386323,0.8,1.0,0.0,0.536264368997923,0.8486074744108546,0.6666666666666667,0.0,0.45679012345679015,1.0,0.8881735005083022,0.0,0.0,0.0,0.8757654075546719,0.0,0.8556701030927835,0.0,0.5405173890697276,0.20388751033912333,0.643376541258299,0.7478260869565218,0.6387278828553996,0.0,0.9818615751789976,0.06395550921098359,0.0,1.0,0.0,0.0,0.5488563297143461,0.4414893617021277,0.0,0.18067075369635777,0.0,0.3017408123791101,0.8551401869158879,0.0,0.0,0.4193548387096775,0.12850812407680945,0.3665943600867678,0.8473684210526315,1.0,1.0,1.0,0.0,1.0,0.682608695652174,0.859515899383009,0.75,0.2500000000000001,0.0,0.0,0.0,1.0,1.0,0.5,1.0,0.5006773232186399,0.509090909090909,0.75,1.0,0.5165745856353592,1.0,1.0,0.0,0.9617834394904459,1.0,0.505767012687428,0.7,0.5917735515258734,0.0,0.0,1.0,1.0,1.0,1.0,0.8571428571428571,0.0,0.0,0.0,0.0,0.21739130434782605,0.0,0.7971014492753623,1.0,0.7857142857142857,0.9785336856010568,0.8125,0.45390070921985815,0.6412213740458015,0.1875,1.0,0.4545454545454546,0.08333333333333337,0.5,0.6195555555555556,0.592057761732852,1.0,0.49856052071598445,0.8550968828980623,0.0,0.0,0.43508608655188463,0.0,0.9482758620689655,0.6666666666666667,0.6666666666666667,0.8571643248929296,0.375,0.25,0.0,1.0,0.6996615905245347,0.9376947040498442,1.0,0.0,0.0,0.9,0.0,0.8571428571428572,0.23951285520974308,0.0,0.0,1.0,0.0,0.8571428571428572,1.0,0.0,0.0,0.0,1.0,0.7004905887064478,1.0,0.48805646036916406,0.2469819908964972,0.9559748427672956,0.8163912756113682,0.0,0.4679459223724378,0.5578947368421052,0.0,0.8084866691701089,0.5055185055185054,0.6790939122227466,0.9493016468626225,1.0,0.7513043478260869,0.0,1.0,1.0,0.4997970504667838,0.0,0.5,0.0,1.0,1.0,0.0,0.33333333333333326,0.0,0.0,0.0,0.9797796846699723,0.9958262482609368,0.9116737818342411,0.9888320545609548,0.9286452947259566,0.0,0.318433572392246,0.547008547008547,0.6818181818181819,0.9959415454210045,0.9623057087601175,0.9314707432788614,0.46478873239436613,0.6663470011922659,0.5558317015614802,0.0,0.20976116303219106,0.0,0.0,0.0,1.0,0.9466097751730009,0.8988817090082912,0.6875,0.0,0.9927452264597713,0.0,1.0,0.6854674796747968,0.5,0.5,0.925797020743422,1.0,0.9845440494590417,0.0,0.9340046264797932,1.0,0.0,0.08333333333333337,0.0,0.5,1.0,0.3401639344262294,0.0,1.0,0.8522536687631027,0.0,0.9411764705882353,0.0,0.0,0.9333333333333333,0.7142857142857143,0.2116551126516465,0.0,0.0,0.0,0.9337979094076655,0.0,0.0,0.0,0.0,0.5623074768972276,0.0,0.0,0.0,0.0,0.0,0.0,0.0,1.0,0.0,0.0,0.6292134831460674,0.9496951219512195,0.7777777777777778,0.4772896500372301,0.551872976722676,0.0,1.0,0.0,0.0,0.4516599781101788,0.588679245283019,0.0,0.33684593023255816,0.0,0.37140625000000005,0.5185185185185184,0.45878136200716857,0.0,0.0,0.6376399060384137,0.7692307692307692,1.0,0.40582655826558267,0.33333333333333337,0.0,0.4873338870431895,0.9519782543038358,1.0,0.6923076923076923,0.05882352941176461,0.0,0.8129761612189728,0.3193493150684932,0.2857142857142857,0.7377701934015928,0.6356435643564357,0.08743169398907114,0.26368363437328957,1.0,0.5,0.5555555555555556,0.75,0.0,0.9912280701754386,1.0,0.87363100252738,0.8571428571428572,0.0,1.0,0.0,0.6666666666666666,0.0,0.0,0.0,0.0,0.0750279955207167,0.2515723270440251,0.4285714285714285,0.5204877073755746,0.459784515159108,0.3999999999999999,0.25531914893617036,0.5714285714285714,0.4347826086956522,0.0,0.17647058823529416,0.5,0.0,1.0,0.5,1.0,0.6666666666666667,0.75,0.0,0.0,0.0,0.0,0.0,0.5,0.0,0.2785714285714287,0.728813559322034,0.8333333333333333,0.8113207547169812,0.30409356725146186,1.0,0.9907407407407407,0.48234280792420325,1.0,0.0,0.5064935064935064,0.75,1.0,0.09302325581395332,0.5086928525434642,0.6666666666666667,0.7836949375410913,0.6857142857142857,1.0,1.0,0.0,0.7142857142857143,1.0,0.4285714285714285,0.33333333333333337,0.2776214593884825,1.0,1.0,0.8166666666666667,0.0,0.0,0.8947368421052632,0.0,1.0,1.0,1.0,0.9090909090909091,0.41666666666666663,0.330952380952381,0.6666666666666667,1.0,1.0,0.6666666666666666,1.0,0.0,0.0,1.0,0.7343892780992994,0.25,0.9166666666666666,0.7692307692307693,0.512803889789303,0.0,0.7777777777777778,0.0,0.0,1.0,0.7693836978131212,0.33103448275862046,0.0,0.9862637362637363,0.965902738960313,0.7831050228310502,1.0,0.002400384061449823,0.11111111111111116,0.8730641050774358,0.5,0.7589220684632192,0.41463414634146345,0.5470588235294118,0.0,0.0,0.0,0.0,1.0,0.0,0.0,0.04166666666666674,0.10257837135967351,0.8571428571428572,0.4469827586206896,0.3811993280257102,0.9245524296675192,0.0,0.09599056237679082,0.09942638623326983,1.0,0.994000836555149,0.8984778794632273,1.0,0.646714421221339,0.4115409836065572,0.6773771350042537,0.4444444444444444,0.4041995632454226,0.0,0.0,0.0,1.0,0.9975757575757576,0.562735556931788,1.0,0.0,1.0,0.0,1.0,0.576271186440678,0.5555555555555556,0.0,0.8864915572232646,0.9738675958188153,1.0,0.7174826693134412,0.9010859094491637,0.9,0.5,0.3571428571428571,0.0,0.0,0.9411764705882353,0.4262144821264894,0.0,runif
0.0,0.5555555555555556,0.7499120845114009,0.0,0.825294418842806,0.0,0.0,0.8699271592091571,0.0,0.8616071428571428,0.645282168012369,0.0,0.0,0.0,0.0,0.6333978546656989,0.832811164910282,0.7160671462829736,0.0,0.36833497055494335,0.4590177145452681,0.0,0.5824636812630448,0.7166,0.45279761904761917,0.0,0.47829398324447836,0.0,0.0,0.0,0.0,0.0,0.8689024390243902,0.2857142857142857,0.0,0.0,0.47390642948061223,0.0,0.9144555507588085,0.0,0.569420397394674,0.4371348808354443,0.8655913978494624,0.4161973994061635,0.0,0.3641088572872303,0.0,0.977968428277282,0.6284161256228296,0.49961779544412166,0.958388186137027,0.33333333333333337,0.41563365903456306,0.4509953571201425,0.7459995655636811,0.23237854535242908,0.7695876288659794,0.046526939536925216,0.8108212411238036,0.7972655126317749,0.0,0.5871976924783671,0.7211036903427095,0.5020714500150105,0.6413612565445026,0.3880292151522655,0.10839160839160833,0.0,0.8027195720017833,0.922077922077922,0.8995515695067264,0.7397714706966458,0.8378378378378378,0.016589696453391922,0.0,0.8137254901960784,0.0,0.7331518039482642,0.0,0.4,0.5,0.0,0.0,0.11815252416756161,0.31006240249609995,0.22222222222222232,0.904830734119437,0.6531096115265365,0.5714285714285714,0.9491525423728814,0.0,0.7671548840964134,0.0,0.20775142550202452,0.0,0.9982788296041308,0.78125,0.0,0.45197740112994356,0.0,0.0,0.0,0.2857142857142857,0.9364102564102564,0.8724516466283325,0.0,1.0,0.0,0.0,0.0,0.7777777777777778,0.5864424410540915,0.0,0.5,0.0,0.5181590482154039,0.0,0.5920464350145109,0.8711978971085242,0.09734513274336287,0.7142857142857142,0.0,0.36322338534465737,0.9265106151333696,0.0,0.433407738095238,0.0,0.0,0.0,0.5213675213675213,0.0,0.4444444444444444,0.0,0.0,1.0,0.5,0.8256122448979593,0.0,0.34205875855975254,0.8660351826792962,0.0,0.28234453180843455,0.6666666666666667,1.0,0.0,0.7787878787878788,0.0,0.6666666666666667,0.0,0.0,0.75,0.8333333333333334,0.5,0.8571428571428571,0.5,0.6326704062553119,0.7,0.40402063689734924,0.6944167497507479,0.9043925504998134,0.9633391132028735,0.41666666666666663,0.6052018157281316,0.8333333333333334,0.763459237737139,0.9090137752046317,0.9190077470850614,0.6794748639129042,1.0,0.0,1.0,0.8,0.7672518159806296,0.15384615384615385,0.9968354430379747,0.0,0.2755292125317528,0.0,0.0,0.875,0.0,0.0,0.0,0.0,0.0,0.7671349181846249,0.04498224385111127,0.5892053403077672,0.9801560717712878,0.12914438502673786,0.5702395681025758,0.6963618390915447,0.971830985915493,0.3129590001155238,0.9498806682577565,0.84,0.9753023662366485,0.9648951784266906,0.25,0.9331271990617337,0.6732863953525084,0.3434909130840609,0.0,0.6331349127082418,0.0,0.0,0.0,1.0,0.7377764154369504,0.0,0.7368421052631579,1.0,0.0,0.6666666666666667,0.9952832042765615,0.9880545078760845,0.0,1.0,1.0,0.98963004951568,0.0,0.6464414871474657,0.9527576197387518,0.9375,0.6869158878504673,0.0,0.9469532100108814,0.5,0.0,0.922522328634456,0.875,0.0,0.0,0.8314094262064305,0.0,0.8178913738019169,0.0,0.0,0.8767123287671232,0.0,0.5,0.8584183673469388,0.0,0.0,0.0,0.0,0.6942661756970016,1.0,0.6755718526279029,0.0,0.7994526842123044,0.7143738686852066,0.0,0.7498915464036788,0.8734177215189873,0.20774282751469075,0.25,0.6000000000000001,0.0,0.0,0.0,0.0,0.0,0.4513031550068588,0.0,0.0,0.0,0.6843135213906526,0.0,0.8855561866720414,0.0,0.498435754189944,0.13805640169008548,0.9046408137317228,0.7373397228338299,0.411187876086472,0.0,0.3167251461988303,0.9661103287088365,0.6989389920424403,0.7448559670781894,1.0,0.0,0.96640625,0.770678950530743,0.6310587598158679,0.24067796610169467,0.0,0.14491614255765184,0.9331909972422382,0.7980565302895924,0.0,0.6857142857142857,0.9157770800627943,0.4193548387096775,1.0,0.0,0.0,0.0,0.8148148148148149,1.0,0.9643817204301075,0.8423284502698535,0.682608695652174,0.0,0.5,0.75,0.0,0.9097054563013037,0.0,0.5,1.0,0.5,1.0,0.0,0.18316100443131456,0.0,1.0,0.8237822349570201,0.5,1.0,0.0,1.0,0.0,0.23654665118079732,0.0,1.0,0.881367759944173,0.0,0.0,0.0,0.36363636363636365,0.0,0.5714285714285714,1.0,0.9412587412587412,0.0,0.8571428571428572,0.21739130434782605,0.0,0.0,1.0,0.6066998364231189,0.0,0.6875,0.0,0.2103274559193954,0.0,0.0,0.8181818181818182,0.75,0.0,0.0,0.3267511177347242,1.0,0.4832920792079207,0.6381634372367313,0.0,0.0,0.5546728971962617,0.33333333333333337,0.0,0.6666666666666667,0.6666666666666667,0.6418964610414006,0.375,0.25,0.6631685849695328,0.0,0.7123417721518988,0.7476635514018692,0.0,0.4790343074968234,1.0,0.9,0.3529411764705882,0.8888888888888888,0.3667117726657646,0.8,0.0,1.0,0.0,0.8571428571428572,0.75,1.0,1.0,0.48112111530641877,1.0,0.6599902823516709,0.1446153846153846,0.980121776504298,0.9775399192840849,1.0,0.2589820359281436,0.8823529411764706,1.0,0.9495933326639221,1.0,0.5012490496361464,0.9818649818649818,0.0,1.0,0.8,0.9406021155410903,0.0,1.0,0.0,0.41533914798529514,0.44999999999999996,0.625,1.0,0.0,1.0,0.0,0.0,0.0,0.659068932172952,0.0,0.9781711304118094,0.9959158977461806,1.0,0.45239403094387987,0.3255813953488371,1.0,0.2808508971245005,1.0,0.9545454545454546,0.9973714012613119,0.973961331737015,0.2592592592592593,0.9436619718309859,0.6742480996473985,0.5400169966006798,0.0,0.4851148766297192,0.0,0.0,0.0,1.0,0.7393808422957082,0.0,0.6875,0.9047619047619048,0.0,0.5,1.0,1.0,0.0,0.9873417721518988,1.0,1.0,0.0,0.9875457278001725,0.939093193824691,1.0,0.032258064516129115,0.0,0.97339593114241,1.0,0.0,0.9204655674102813,0.8636363636363636,1.0,0.7966804979253113,0.6992522846856826,0.0,1.0,0.0,0.0,0.7142857142857143,0.0,0.648619957537155,0.2322241516872391,0.0,0.0,0.0,0.0,0.9119897959183674,0.916351606805293,0.5922845514068307,0.0,0.11801242236024856,0.4123297312963192,0.0,0.7044650324905102,0.709828674481515,0.7475113122171946,0.0,0.47783621337340343,0.0,0.0,0.0,0.0,0.0,0.6146609172873383,1.0,0.0,0.0,0.36009875382083234,0.0,0.743896484375,0.0,0.9686147186147186,0.43345153664302594,0.7916156670746634,0.3877724313614491,0.0,0.5388429752066117,0.161167374496352,0.5286335628851033,0.0,0.2925278219395867,0.7253246753246754,0.6666666666666667,0.46153846153846156,0.45977011494252884,0.9485593713620489,0.4042553191489361,1.0,0.1438356164383563,0.5384615384615384,0.47362664073894034,0.0,0.7034749034749035,0.477957906712173,0.6414492753623188,0.4863221884498481,0.7701149425287357,0.3125,0.2857142857142857,0.0,0.75,0.10000000000000009,0.7458715596330274,0.5384615384615385,0.0,1.0,0.8713692946058091,1.0,0.07033426183844005,0.6666666666666666,0.6,0.0,0.0,0.0,0.0,0.17924528301886788,0.5714285714285714,0.9316644796608459,0.5240038406144985,0.6,0.7021276595744681,0.0,0.5652173913043479,1.0,0.0,1.0,0.9425981873111783,0.0,0.5,0.0,0.33333333333333337,0.5,0.0,0.0,1.0,0.8571428571428571,0.0,1.0,0.0,0.4,0.0,0.8333333333333333,1.0,0.5784444444444444,0.0,0.0,0.523225241016652,0.0,0.0,0.13636363636363613,0.25,0.7,0.34883720930232565,0.0,0.6666666666666667,0.0,0.0,1.0,0.0,0.0,0.7142857142857143,0.1480846197827329,0.4285714285714285,1.0,0.0,1.0,1.0,0.5615057136455299,1.0,0.0,0.0,0.0,0.6153846153846154,0.0,0.0,0.0,0.6666666666666666,0.0,0.6666666666666667,1.0,0.605263157894737,0.6666666666666666,1.0,0.5,0.0,0.5,0.9693479295573536,0.25,0.04166666666666652,0.6923076923076923,0.8415284360189573,0.8580441640378549,0.0,0.8785015187310159,0.0,0.7694006309148265,0.8710407239819005,1.0,1.0,0.7757275411218895,0.0,1.0,0.8,0.6910766246362754,0.375,0.8730641050774358,0.5,0.0,0.0,0.0,0.8,0.4,0.0,0.0,0.0,0.0,0.9583333333333334,0.045038705137227186,0.4456589958158995,0.9285714285714286,0.2068965517241378,0.04703744093057072,0.0,0.33333333333333337,0.11954567250059944,0.7504332755632582,0.0,0.954162506240639,0.9443580521521991,0.5,0.9293411634436667,0.6719680199445507,0.1415058929509796,0.0,0.6841361968895854,0.0,0.0,0.0,1.0,0.6131766704416761,0.0,1.0,1.0,0.0,1.0,1.0,0.9695817490494296,0.0,1.0,0.9515079834417505,0.9772096710265556,0.0,0.5204569464090671,1.0,0.9,0.5,0.3571428571428572,0.8959764474975466,0.0,0.0,0.9779395543789985,0.8125,runif
0.0,0.0,0.0,0.0,0.0,0.6210002405870324,0.0,0.8077634011090573,0.0,0.0,0.0,0.0,0.0,0.0,0.0,0.0,0.0,0.8026140304081089,0.8,0.47607463479087675,0.4531476710787361,0.5,0.6278722769322591,0.6783710545399031,0.0,0.7210427724008741,0.0,0.0,0.3413432578951897,0.0,0.9473684210526315,0.2300826880168001,0.0,0.2857142857142857,0.7925983790645446,0.0,0.0,0.0,0.0,0.0,0.6015037593984962,0.9668494983277592,0.4537419540782016,0.38521909744931315,0.8305471124620061,0.9239153973868476,0.0,0.5890470030185425,0.5315315315315314,0.7461636828644502,0.0,0.33333333333333337,0.031136065334694374,0.9765792935288267,0.8384513452785619,0.0,0.769090909090909,0.041832449160035146,0.40556492411467104,0.5302596554668275,0.7290955631399318,0.24206257242178442,0.39040437269092565,0.0,0.1578947368421052,0.2931571731272591,0.10839160839160833,0.0,0.0862877997914493,0.9436619718309859,0.0,0.7301587301587302,0.8648648648648649,0.9240193323592222,0.2857142857142857,0.5760869565217391,0.0,0.22969187675070035,0.0,0.4,0.0,0.0,0.0,0.5531149301825993,0.3107787519339864,0.0,0.8852459016393442,0.2677366405252597,0.5714285714285714,0.36363636363636376,0.0,0.15271892655367225,0.5,0.0,0.7,0.8189655172413793,1.0,0.0851648351648352,0.735166872682324,0.2109375,1.0,0.0,0.0,0.0,0.3100339538695702,0.6428571428571428,0.9166666666666666,0.0,1.0,0.42577639751552787,0.11111111111111116,0.5845264221270075,0.6506024096385542,1.0,0.5023562676720076,0.5218345173422483,0.0,0.2459029627835635,0.8333333333333334,0.5,0.0,0.5566188197767146,0.0,0.9014778325123153,0.0,0.4213525835866262,0.75,0.6666666666666667,0.10224948875255624,0.6923076923076923,0.829518855656697,0.7777777777777778,0.0,1.0,0.875,0.0,0.4570024570024571,0.6666666666666667,0.2075631677123959,0.9245799437390709,0.0,0.0912897822445562,0.33333333333333337,1.0,1.0,0.6996996996996996,1.0,0.0,0.8571428571428572,0.9627527492018446,0.0,0.0,0.0,0.9285714285714286,0.0,0.7466135458167331,0.25,0.44283104144629293,0.0,0.0,0.4930936198202148,0.9166666666666666,0.437089439110662,0.0,0.6855144272806764,0.42482859941234086,0.9190077470850614,0.9813151275601868,0.0,0.31536900836926196,1.0,0.75,0.19642857142857162,1.0,0.8386075949367089,0.6666666666666666,0.8072139303482586,0.3076923076923077,0.27330508474576265,0.875,0.6000000000000001,0.0,0.0,0.9142857142857143,0.0,0.6124683933574796,0.0,0.0,0.9964584218727865,0.12749992051127168,0.9583505438524026,0.7691029583086648,0.0,0.21360491410442461,0.8333333333333334,0.84,0.0,0.9395007436348999,0.2049488972565896,0.0,0.0,0.4981357605000547,0.954360228198859,0.23609391021799642,0.0,0.0,0.0,1.0,0.9399861005092682,0.8982388513632988,0.7368421052631579,0.0,1.0,0.6666666666666667,0.9952830188679245,0.9866057380525646,0.8,0.0,0.0,0.98963004951568,0.9782608695652174,0.6205649821998243,0.926604482363428,0.0,0.17808219178082185,0.6818181818181819,0.44802405498281794,0.5,1.0,0.8153541061095868,0.8125,0.0,0.0,0.0,0.0,0.0,0.7916666666666666,0.0,1.0,0.0,0.0,0.0,0.0,0.0,0.0,0.0,0.0,0.0,0.6755718526279029,0.8571428571428572,0.7618943822451205,0.6891083318337233,0.0,0.7092531863822307,0.8917471772785474,0.0,0.8,0.0,0.0,0.4971980603407613,0.0,0.6666666666666667,0.0,0.0,0.25,0.8841698841698842,0.0,0.0,0.0,0.0,0.0,0.0,0.9903298689561681,0.5343374574143804,0.6453367875647668,0.9633152173913043,1.0,0.3600746268656717,0.8586043112897332,0.8661971830985915,0.0,0.0,1.0,0.0,0.9674899725564703,0.6887716654107008,0.0,0.7141119221411193,0.14491614255765184,0.3163340724316335,0.8343932748538011,0.8625954198473282,0.5714285714285714,0.734208367514356,0.0,0.07251264755480591,0.39370932754880683,0.0,0.0,0.0,1.0,0.0,0.8423284502698535,0.8,0.8500461680517082,1.0,0.2500000000000001,0.0,0.0,0.0,0.5,0.0,0.5,1.0,0.8193707767201918,0.509090909090909,0.5,1.0,0.49934469200524245,0.5,0.0,0.16666666666666663,0.84375,1.0,0.0,0.7,0.8561151079136691,0.0,0.36363636363636365,0.6192373363688104,1.0,1.0,1.0,0.0,0.0,0.3940609951845906,0.75,1.0,0.1428571428571428,0.5,0.8242894056847545,0.0,0.6066998364231189,0.6615511098931215,0.8125,0.17288651942117295,0.14473684210526327,0.0,0.34615384615384615,0.6363636363636365,1.0,0.5416666666666667,0.9045447397389527,0.25619834710743805,0.8928571428571428,0.5594860406091371,0.6524852569502948,1.0,0.0,0.8331775700934579,0.6666666666666667,0.6255468066491688,1.0,0.6666666666666667,0.9659140727750987,0.875,0.0,0.0,1.0,0.8570219966159053,1.0,0.0,0.0,0.0,0.9,0.5882352941176471,0.7222222222222222,0.3691860465116279,0.0,1.0,1.0,0.5,0.0,0.0,1.0,0.0,0.47586137820512797,1.0,0.6288623595505618,0.0,0.12535816618911177,0.8951653944020356,0.9559748427672956,0.5263157894736842,0.0,0.0,0.5746455379482902,1.0,0.6034482758620688,0.8061639344262295,0.7433808553971487,1.0,0.0,0.6476810414971522,0.0,0.6394224341548198,1.0,0.7912491890722988,0.65,0.5,0.6666666666666666,1.0,1.0,0.0,0.9117647058823529,0.0,0.7627341439369044,0.0,0.9007741027445462,0.9967272727272727,0.6252651425877918,0.9887491376107839,0.8909090909090909,0.0,0.31034693877551,0.0,0.9545454545454546,0.0,0.9623057087601175,0.21219091431857395,0.0,0.804923808134081,0.8161764705882353,0.9846756538771748,0.42156862745098045,0.0,0.0,0.0,0.9960012644223171,0.9361805131659264,0.9853851915453333,0.6875,0.0,0.9996007900155481,0.5,1.0,1.0,1.0,0.0,0.0,1.0,1.0,0.9236954967834167,0.865431023759174,0.0,0.0,0.75,0.0,1.0,1.0,0.43149946062567424,0.9545454545454546,1.0,0.0,0.0,0.0,0.0,0.4874443094370191,0.0,0.7142857142857143,0.0,0.0,0.0,0.0,0.0,0.0,0.0,0.0,0.0,0.9454545454545454,0.6666666666666667,0.12797636289902092,0.15634218289085544,0.6000000000000001,0.6771053869677723,0.6079328756674294,0.0,0.5357142857142858,0.0,0.0,0.040983606557377095,0.0,0.7777777777777778,0.4772896500372301,0.0,1.0,1.0,0.0,0.2843137254901962,0.4516599781101788,0.0,0.0,0.7275405007363771,0.9558992580206919,0.39560439560439564,0.16860143725815357,0.761676204541259,0.908695652173913,0.0,0.0,0.0,1.0,0.5373754152823921,0.33333333333333337,0.20512820512820518,0.9770114942528736,0.31078224101479923,0.0,0.6923076923076923,0.0685563612392881,0.3544973544973544,0.002201128078139991,0.3232830820770519,0.05714285714285716,0.3087315130830488,0.0,0.2006079027355624,0.0,0.3125,0.2857142857142857,0.6546546546546548,0.75,0.0,0.7458715596330274,0.25,0.8741755454084221,0.2857142857142858,0.3529411764705883,1.0,0.0,0.6666666666666666,0.6,0.0,0.0,0.0,0.28873239436619724,0.2515723270440251,0.0,0.9072640666865138,0.459784515159108,0.6,0.21052631578947367,0.0,0.13043478260869568,0.0,0.5,1.0,0.23529411764705876,1.0,0.0,0.36,0.6666666666666667,0.75,0.0,1.0,0.0,0.0,0.0,0.5,0.0,0.5142857142857142,0.2514124293785308,0.25,0.6617312072892939,0.30409356725146186,0.4999999999999999,1.0,0.8725236864771748,0.0,0.02056277056277056,0.18796992481203012,0.0,0.0,0.4883720930232558,0.7953904045155221,0.0,0.0,0.02336448598130847,0.0,1.0,0.08092485549132955,0.5714285714285714,0.87,0.7142857142857142,0.0,0.7715250422059652,1.0,0.0,0.8166666666666667,0.0,0.2607049608355092,0.8747947454844006,0.0,0.7692307692307693,1.0,0.0,0.18181818181818177,0.5,0.08565737051792799,0.6666666666666667,0.0,0.3395061728395061,0.0,0.0,1.0,0.5,1.0,0.970722781335773,0.25,0.04166666666666674,0.0,0.0,0.23809523809523803,0.7777777777777778,0.6831442463533224,0.0,0.9016393442622951,0.12948717948717947,0.8748374187093546,1.0,0.004349627174813464,0.9769759450171821,1.0,0.8,0.002400384061449823,0.0,0.3353789207091369,0.5,0.30693610049153475,0.29268292682926833,0.35865921787709487,1.0,0.6000000000000001,0.0,0.0,1.0,0.0,0.5967741935483871,0.0,0.0,0.0,0.2068965517241378,0.3849281254537533,0.00873362445414827,0.0,0.1285186280307511,0.0,0.0,0.0,0.907672104225661,0.5,0.0,0.45862295081967197,0.453971119133574,0.8888888888888888,0.01804132370233502,0.0,0.0,0.0,1.0,0.937093483874978,0.7935503780280821,1.0,0.0,1.0,1.0,0.9879828326180258,0.9661016949152542,0.888888888888889,0.0,0.0,0.9772457459438069,0.9112903225806451,0.5034816457561142,0.9381069478597924,0.0,1.0,0.7857142857142857,0.5647693817468106,0.0,1.0,0.8280206762868835,0.75,runif
0.5714285714285714,0.5555555555555556,0.0,0.9714518760195758,0.0,0.0,0.0,0.0,0.3748990306946689,0.0,0.0,0.0,0.8385093167701864,0.0,0.0,0.5441993539455467,0.0,0.0,0.33333333333333326,0.8127478045874674,0.0,0.5,0.0,0.7938227785042655,0.06845417017354005,0.0,0.6764032073310424,0.7602256699576869,0.18927015250544665,0.0,1.0,0.0,0.0,0.8328173374613003,0.0,0.7788688626476072,0.4855494839101395,0.0,0.0,0.0,0.47188055456807676,0.6279063545150501,0.0,0.2163215091244618,0.4531037113739168,0.3663602808134906,0.44749409603778534,0.7305908027651817,0.43038850912866666,0.946906887755102,0.0,0.6666666666666667,0.4188732394366197,0.42670131870247374,0.4034559417946645,0.0,0.0,0.0,0.4420483419115252,0.9691605104096709,0.2519949115300105,0.1593966571545048,0.0,0.6293308511738546,1.0,0.2338012958963286,0.33445945945945943,0.9112458654906285,0.9380733944954128,0.8616071428571428,0.879094217549535,0.0,1.0,0.7744389501711677,0.8571428571428572,0.5760869565217391,0.0,0.1760869565217391,0.0,0.6000000000000001,0.5,0.33333333333333337,0.0,0.9122079285901812,0.59139904433826,0.44444444444444453,0.6773038842345773,0.0,0.0,0.8587570621468926,0.41666666666666663,0.3309767710287116,0.0,0.2498472816127062,0.0,1.0,0.0,0.0,0.3841342052885982,0.8030018761726079,0.3846153846153847,0.4129821260583254,0.8571428571428572,1.0,0.9618421052631579,0.6428571428571428,0.0,0.7908715152581127,0.30000000000000004,0.4941860465116279,0.11111111111111116,0.6796453353893601,0.0,1.0,0.5089024714323678,0.8622129436325678,0.9166666666666666,0.22255192878338248,0.0,0.7333333333333334,0.33333333333333337,0.48994380360839984,0.0,0.7640117994100295,0.0,0.4812680115273775,0.0,0.0,0.15460852329038643,0.583941605839416,0.7009789807083213,0.4444444444444444,0.25,0.0,0.875,0.0,0.30384426923248253,0.6666666666666667,0.16281825983898002,0.924562306900103,0.5,0.8380265825636405,0.33333333333333337,1.0,0.47543713572023305,0.6826484018264842,0.36543029417138684,0.0,0.0,0.3791821561338289,1.0,1.0,0.0,0.4285714285714285,0.5,0.263367809098898,1.0,0.6645503565837538,0.5977011494252873,0.0,0.25313935681470146,0.41666666666666663,0.5626646903820818,0.6666666666666667,0.8555852247441033,0.5302274851978811,0.0,0.0,0.7286367366076663,0.0,0.5476785416815402,0.8,1.0,0.0,0.07790055248618777,0.8793103448275862,0.0,0.1923076923076923,0.0,0.75,0.8,0.5,0.9470462468678505,0.33333333333333326,0.0,0.9847302341364099,1.0,0.5334490715779938,1.0,0.2222222222222222,0.979122683556181,0.9414670678351356,0.9624726362973002,0.8810964102459476,0.7751300111908367,0.15999999999999992,0.0,0.9872073863547539,0.9311457772996234,0.9327915143177786,0.5233255633255633,0.0,0.9658201718592483,0.6557145985001915,0.0,0.0,0.0,1.0,0.0,0.8414830802057722,0.7368421052631579,0.9649122807017544,0.9707853072739759,0.0,1.0,0.9941437186659885,0.23214285714285698,0.7775826525158434,0.895484364053245,0.8033851450031295,0.0,0.3537679066774627,0.9263488872264821,0.9375,0.5,1.0,0.0,0.0,0.0,0.0,0.96875,0.0,0.0,0.0,0.908411214953271,0.0,0.0,0.0,0.0,0.4487209140953877,0.0,0.0,0.0,0.82699513672965,0.0,0.0,0.6801008968609866,0.0,0.0,0.5,0.8931087652710236,0.0,0.0,0.0,0.9803921568627451,0.7152226441146012,0.0,0.6000000000000001,0.5189873417721519,0.0,0.0,0.6666666666666667,0.0,0.0,0.5,0.0,1.0,0.7696843565730143,0.0,0.0,0.0,0.31604342581423395,0.8530815109343935,0.0,0.24974093264248698,0.5947546531302876,0.45273109243697485,0.0,0.9467949473413544,0.3465346534653466,1.0,0.3170603674540683,1.0,0.6562308164518109,0.0,0.3437566025776462,0.0,0.0,0.0,0.4790721129601614,0.9977910878892146,0.23238095238095235,0.0,0.0,0.29414564493098516,1.0,0.7747713414634146,0.8473684210526315,0.971003717472119,1.0,1.0,0.9314802844214609,0.46625766871165664,1.0,0.7892738490745135,0.75,0.2500000000000001,0.0,0.857379767827529,0.0,0.0,1.0,0.0,0.0,0.9284286666032169,0.8256880733944955,0.75,1.0,0.6280991735537189,0.0,0.8571428571428571,1.0,0.6875,0.0,0.5133333333333333,0.0,1.0,0.0,0.0,0.5170814002530577,1.0,0.36363636363636365,0.49739583333333337,1.0,1.0,1.0,0.75,1.0,0.6666666666666666,0.0,0.7354497354497355,0.0,0.826471034273582,0.0,0.8125,0.45390070921985815,0.9325153374233129,0.21074380165289253,0.34615384615384615,0.0,0.9166666666666666,0.5833333333333333,0.3581802134317581,0.27726485862665906,0.8928571428571428,0.5424189167598659,0.8322981366459627,0.0,0.0,0.3582191780821917,1.0,0.6985433818872704,0.6666666666666667,0.33333333333333337,0.2915720004327599,1.0,0.0,0.0,1.0,0.662527392257122,0.9390243902439024,1.0,1.0,0.0,0.9,0.8235294117647058,0.7757125154894671,0.0,0.0,0.0,0.25806451612903225,1.0,0.8571428571428572,0.0,0.33333333333333326,1.0,0.7237873947139123,1.0,0.9031103493471795,0.6706021251475796,0.0,0.23978599221789887,0.49764150943396224,0.789282250242483,0.6470588235294118,1.0,0.4625304820859125,0.20610687022900764,0.0,0.7201429886800628,0.17232930414897085,0.6194331983805668,0.8,1.0,0.0,0.5396543209876543,1.0,0.0,0.0,1.0,0.6666666666666666,1.0,0.0,0.9492960492960493,0.33333333333333326,0.0,1.0,0.9853572890859756,0.0,1.0,0.6061431756254645,0.930480137182052,0.9286452947259566,0.9850746268656716,0.9399514440660865,0.09302325581395332,0.13636363636363646,0.0,0.9892084203886939,0.9286946520989074,0.9436619718309859,0.9427912471170614,0.2585297221245162,0.9925465838509316,0.6022315092256741,0.0,0.0,0.0,1.0,0.0,0.913066455278108,0.6875,0.9047619047619048,0.9411177644710579,0.0,0.9794849410737669,1.0,0.5,0.7598027423622805,0.9244447670198868,0.9526735001407541,0.0,0.0,0.8611037527593819,1.0,0.0,0.8333333333333334,1.0,0.5,0.0,0.0,1.0,1.0,0.8669623059866962,0.0,0.7777777777777778,0.0,0.0,0.0,0.0,0.7058580858085809,0.0,0.0,0.0,0.942998760842627,0.0,0.0,0.85,0.0,0.0,0.6666666666666667,0.9687094982410664,0.0,0.6000000000000001,0.0,0.7027386839102321,0.0,0.0,0.6077795786061588,0.7117224880382775,0.0,0.0,0.7777777777777778,0.0,0.0,0.5454545454545454,0.0,0.8883483337387497,0.0,0.39429012345679004,0.0,0.0,0.973502722323049,0.485917961902536,0.0,0.2418016275884295,0.32737762888516664,0.6336065573770492,0.804513009440479,0.6270318663794309,0.7692307692307692,1.0,0.3091216216216216,0.6666666666666667,1.0,0.4873338870431895,0.06060993542612381,0.0,0.0,0.0,0.5555555555555556,0.9113411341134113,0.6540905480540111,0.2857142857142857,0.29899691358024694,0.8005299927728258,0.6557377049180328,0.18508092892329342,0.25,0.6952380952380952,0.5555555555555556,0.75,0.8571428571428572,0.5,1.0,0.012048192771084487,1.0,0.46341463414634154,1.0,0.07794015309672941,0.6666666666666666,1.0,0.0,1.0,0.33333333333333326,0.7368421052631579,0.28099173553719003,0.4285714285714285,0.8045112781954887,0.0,0.0,1.0,0.0,0.6956521739130435,1.0,0.5,1.0,0.25,0.0,0.5,0.75,1.0,0.5,0.0,0.5,0.5,0.7142857142857142,0.0,0.5,0.5600858369098713,0.75,0.20338983050847448,0.25,1.0,0.6969314838167298,0.1515151515151516,1.0,0.6470588235294117,1.0,0.0,0.5714285714285714,0.25,0.19999999999999996,0.7560975609756098,0.5332302936630604,0.0,0.34426229508196726,0.0,1.0,0.0,0.3793103448275863,0.7142857142857143,0.87,0.4285714285714285,1.0,0.4772727272727273,0.0,0.0,0.8206680116565792,0.0,0.0,0.8747947454844006,0.0,0.08120649651972156,1.0,0.0,0.36363636363636365,0.5,1.0,0.6666666666666667,1.0,0.11868686868686873,0.6666666666666666,0.5,1.0,1.0,0.5,0.0,0.25,0.0,0.3846153846153846,0.6122293640054127,0.0,0.0,0.0,1.0,0.6525679758308157,0.8340865074241446,0.0,0.4279250161603103,0.05820328975115985,0.0,0.0,0.8,0.7882861257801248,0.0,0.5722360764754779,0.0,0.606883752319892,0.41463414634146345,1.0,0.8,0.8,1.0,0.9255145406805201,1.0,0.0,0.9767441860465116,0.934201266713582,0.8992619926199262,1.0,1.0,0.7266302699423719,0.37269938650306733,0.6666666666666667,1.0,0.2571819425444597,1.0,0.0,0.9834539232255288,1.0,0.9358153027922156,0.7407829086160131,0.0,0.8907103825136612,0.6531042241996523,0.0,0.0,0.0,0.9702780441035475,0.0,0.5971189214590119,1.0,1.0,0.9732388823297914,0.0,0.9789220114423367,0.9661016949152542,0.5555555555555556,0.8571428571428572,0.8276923076923077,0.8859536082474226,0.0,0.7075447196701619,0.9470188769557544,0.9,0.25,0.9285714285714286,0.0,0.0,0.0,0.0,0.9375,runif
0.0,0.6928571428571428,0.7339050094383472,0.8958810068649885,0.0,0.668568385820782,1.0,0.760757994472957,0.0,0.0,0.0,0.0,0.8385307694862343,0.6812137002659718,0.0,0.0,0.7702578268876611,0.9105950653120465,1.0,0.0,0.0,0.0,0.0,0.7166,0.0,0.7402633022490399,0.5970724191063175,0.7098052613597541,0.0,0.0,0.0,0.7209244727168445,0.0,0.0,0.0,0.0,0.0,0.7673119713171241,0.8601289850432237,0.0,0.5412448132780081,0.0,0.34441035284802324,0.426172640892866,0.45575933075933084,0.0,0.0,0.5088782648623826,0.0,0.8289167828916782,0.507059800664452,0.33333333333333337,0.031136065334694374,0.0,0.0,0.0,0.7029124030136062,0.0,0.9080906148867314,0.9513062925688727,0.0,0.5871976924783671,0.5930549939344925,0.0,0.2049364248317127,0.7276347225909212,0.15233362143474505,0.9308437067773168,0.9958289885297185,0.6301369863013699,0.879094217549535,0.0,0.8378378378378378,0.6205392102024835,0.0,1.0,0.0,0.0,0.6666666666666667,0.6000000000000001,0.0,0.33333333333333337,1.0,0.11815252416756161,0.33438908515044463,0.44444444444444453,0.3288702928870295,0.26201559760594895,0.5714285714285714,0.7480719794344474,0.6666666666666667,0.0,0.5,0.5328467153284671,0.7,0.7381095004193123,0.0,0.0,0.36155747836835606,0.8671875,1.0,0.39560439560439553,0.0,0.515897435897436,0.80927291886196,0.6428571428571428,0.18181818181818188,0.7063506758007777,0.66,0.9909862142099681,0.7777777777777778,0.6810185669000592,0.0,0.2189265536723165,0.1981957721825771,0.4482758620689655,0.5,0.9144264147896989,0.23948220064724923,0.23880597014925375,0.7142857142857142,0.23566789439649127,0.3436206247647723,0.8627623919562533,0.586130196233503,0.854483282674772,0.75,0.6666666666666667,0.5196969696969698,0.8717948717948718,0.9694312796208531,0.0,0.25,0.2860962566844919,0.875,0.5,0.7064424635332253,0.6666666666666667,0.40897533689295695,0.9246315149673302,0.0,0.46113582831719435,0.0,0.8656716417910448,0.0,0.6567060458651841,0.6666666666666667,0.6666666666666667,0.8571428571428572,0.34941468605888604,0.0,0.0,0.0,0.9285714285714286,0.0,0.3533613445378153,0.0,0.6633193508749629,0.6452020202020201,0.4871291885183553,0.4930936198202148,0.41666666666666663,0.9450867052023122,0.6666666666666667,0.7182405413718855,0.9482363719651855,0.0,0.1096502108657903,0.0,0.84674548690567,0.7586206896551724,1.0,0.0,0.0,0.7893634840871022,0.16666666666666674,0.28720166586576956,0.8269230769230769,0.2826388888888888,0.75,0.6000000000000001,0.5,0.0,0.9142857142857143,0.9803921568627451,0.6230090956031298,0.9529028436018957,0.05016089343176233,0.0,0.04588659455916089,0.9872542522641926,0.9706102177110205,0.971830985915493,0.3129590001155238,0.5243393602225312,0.84,0.9621172787551381,0.0,0.9285714285714286,0.9394569328700144,0.567687777986594,0.9049178623414431,0.0,0.8323481451284142,0.0,0.0,0.0,0.9965461439992271,0.0,0.0,0.0,0.0,0.9866513400439088,0.6666666666666667,0.0,0.6648565348205768,0.0,0.989103101424979,0.0,0.14722181444509697,0.9782608695652174,0.6572969880906037,0.0,0.9375,0.40201005025125625,0.6818181818181819,0.44994559303590864,0.5,0.0,0.9936174816096928,0.8125,0.0,0.5741935483870968,0.7573967362355334,0.9189189189189189,0.0,0.6000000000000001,1.0,0.845108695652174,0.0,0.0,0.0,0.0,0.82699513672965,0.8003170106569539,0.0,0.0,1.0,0.7435897435897436,1.0,0.0,0.0,0.0,0.0,0.8917471772785474,0.20469918120327535,0.9384328358208955,1.0,0.5189873417721519,0.5823737211542873,0.0,0.0,0.6107893692978976,0.0,0.0,0.0,0.0,0.0,0.7952023173712319,0.8885041178475948,0.0,0.8269230769230769,0.0,0.5405173890697276,0.7373397228338299,0.9038350356523415,0.03667481662591676,0.22931785195936139,0.48281760223915415,0.26425642937010796,0.307179642532566,0.34593175853018376,0.0,0.63818359375,0.7362637362637363,0.0,0.0,0.0,0.0,0.9552339604438013,1.0,0.0,0.6857142857142857,0.0,0.0,0.0,0.6355748373101953,0.0,1.0,1.0,0.8125,0.9199457259158752,0.0,0.7452380952380953,0.7750692520775623,0.75,0.75,0.0,0.9127885672407475,1.0,0.0,0.0,0.0,1.0,0.0,0.5066469719350074,0.75,0.39624432957062994,0.5359116022099447,0.5,0.8616352201257862,1.0,0.0,1.0,0.7781098244303325,0.7,0.6850393700787402,0.0,0.0,0.5509391007398975,0.0,1.0,0.4274999999999999,0.0,0.0,0.7982512953367875,0.75,0.09999999999999998,0.6666666666666666,0.5,0.9495495495495495,1.0,0.7838058887677208,0.0,0.0625,0.8695652173913043,0.7617924528301887,0.3012195121951219,1.0,0.6363636363636365,0.75,0.0,0.7339463370515527,0.0,0.8928571428571428,0.9803942925607232,0.8682432432432432,1.0,0.0,0.6020255063765942,0.6666666666666667,0.9645439701422907,0.33333333333333337,0.33333333333333337,0.6874014920668279,1.0,0.25,0.7325050709939148,1.0,0.8855455568053994,0.9375,0.0,0.5,0.0,0.9,0.3529411764705882,0.6875957120980092,0.23951285520974308,0.8,1.0,0.8,0.0,0.1428571428571429,0.0,1.0,0.0,0.776254807218223,0.0,0.9574636723910172,0.0,0.830735343951203,0.8428967154728927,0.5202265372168284,1.0,0.6470588235294118,0.36496350364963503,0.5619687181230874,0.2775041050903121,0.8846153846153846,0.7466167466167466,0.9570815450643777,0.9384615384615385,1.0,0.23914823914823902,0.0,0.6413404849505739,1.0,0.763767345162694,0.8,0.5348837209302325,0.6666666666666666,1.0,0.0,0.0,0.9117647058823529,0.9888888888888889,0.817155756207675,0.9452159691432137,0.9328537170263789,0.0,0.0,0.9970872776448559,1.0,1.0,0.3111777608666457,0.854066985645933,0.9545454545454546,0.9450373634187687,0.0,0.9259259259259259,0.9436619718309859,0.0,0.9641924654979486,0.35103636497750246,0.9395146235220908,0.0,0.0,0.0,0.9960012644223171,0.0,0.0,0.0,0.0,0.9855380258899676,0.5,0.0,0.6047619047619048,0.0,1.0,0.0,0.7878758747981236,0.9826870796966662,0.9899845109296936,0.0,1.0,1.0,1.0,0.48043818466353694,1.0,1.0,1.0,0.7608695652173914,1.0,0.7539267015706806,0.7332402956530728,0.9411764705882353,0.0,0.5681756938830504,0.0,0.7142857142857143,0.0,0.0,0.0,0.0,0.8816287878787878,0.5796066641613429,0.0,0.0,0.8625954198473282,0.6781447645818693,0.6666666666666667,0.0,0.0,0.0,0.0,0.709828674481515,0.0,1.0,0.47640791476407907,0.7637956748695004,0.9090909090909091,0.0,0.0,0.8237704918032787,0.0,0.0,0.0,0.0,0.33333333333333326,0.5308689024390245,0.9807923169267707,0.0,0.9508196721311475,0.0,0.405909510618652,0.16860143725815357,0.3027505999630793,0.26404005224205496,0.0,0.8680511446797935,0.3076923076923076,1.0,0.0,0.6666666666666667,0.20512820512820518,0.0,0.290546662639686,0.0,0.6923076923076923,0.0,1.0,0.8788899582932307,0.0,0.7034749034749035,0.7377701934015928,0.0,0.4918032786885246,0.7973453749315819,0.4374999999999999,1.0,0.5555555555555556,0.2500000000000001,0.8571428571428572,0.14724770642201834,0.5384615384615385,0.23631002527379952,1.0,1.0,1.0,0.04038997214484685,0.6666666666666666,1.0,0.0,1.0,0.0,0.3900928792569659,0.2515723270440251,0.4285714285714285,0.4522673031026253,0.1291485207989186,0.6,0.25531914893617036,0.5714285714285714,0.0,0.0,0.38888888888888884,1.0,0.23529411764705876,0.5,0.5,0.6,0.33333333333333337,0.75,0.0,1.0,0.25,0.2857142857142857,0.0,0.5,0.4184224273028033,0.0,1.0,0.8333333333333333,0.2402148887183423,0.0,0.0,0.0,0.34838709677419366,0.0,0.3116883116883117,0.7142857142857142,0.25,0.7,0.04878048780487809,0.0,0.0,0.6291913214990139,0.6857142857142857,0.0,1.0,0.44966442953020136,0.7142857142857143,1.0,0.0,1.0,0.0,0.0,1.0,0.0,0.0,0.3355601948503829,0.8747947454844006,0.0,0.31746031746031755,0.0,1.0,0.0,0.5,0.32619047619047625,0.6666666666666667,0.0,0.9473684210526316,0.6666666666666666,1.0,1.0,0.5,1.0,0.0,0.0,0.0,0.6923076923076923,0.3817593092282783,0.25773195876288646,0.0,0.9416898056326855,1.0,0.9411764705882353,0.9871345029239766,0.0,0.14892487390496423,0.0,1.0,0.7963636363636364,1.0,0.0,0.11111111111111116,0.33469705825053575,0.0,0.26140245127586925,0.8780487804878049,0.3979274611398964,0.8,0.6000000000000001,1.0,0.0,1.0,0.9166666666666666,0.5967741935483871,0.8541666666666667,0.0,1.0,0.4469827586206896,0.38354071163501413,0.0,0.33333333333333337,0.08210369995892441,0.961038961038961,1.0,0.9686893739572514,0.0,1.0,0.933486622377775,0.0,0.9894100976955776,0.0,0.0,0.0,0.0,0.0,1.0,0.0,0.0,0.0,0.0,0.9627016129032258,1.0,0.0,0.6115589353612167,0.0,1.0,0.0,0.0,1.0,0.5034816457561142,0.0,0.9,1.0,0.0,0.5647693817468106,0.0,0.0,1.0,0.75,runif
0.5714285714285714,0.0,0.7499120845114009,0.8903394255874674,0.8208308248043347,0.0,0.0,0.0,0.7422760709649503,0.0,0.4946761313220941,0.0,0.8992950654582075,0.6533893135249578,0.0,0.0,0.0,0.0,0.33333333333333326,0.0,0.0,0.5,0.7373658766654876,0.0,0.0,0.6851185304703984,0.5983193277310924,0.6035140347118063,0.0,0.0,0.7954545454545454,0.0,0.0,0.0,0.7925983790645446,0.0,0.4855494839101395,0.14360658534504822,0.0,0.0,0.0,0.5578451978433703,0.3449655358832274,0.0,0.0,0.8919182083739046,0.3576231225986728,0.6681535878294997,0.3649987081216086,0.5008387982308984,0.9748231966053749,0.33333333333333337,0.41972625719623324,0.05368078990126224,0.0,0.0,0.0,0.0,0.7737089630610474,0.5804743997685855,0.5661947160998394,0.8997039668442866,0.2365414407436095,0.6333308455854916,0.4649122807017544,0.24661534377488725,0.31340057636887597,0.5772316950852558,0.9631989596879064,0.5324675324675325,0.8534241089307169,0.9206812652068127,0.8,0.8901354608160891,0.0,1.0,0.0,0.09229037703995513,0.0,0.4,0.5,0.6666666666666667,1.0,0.0,0.8202166064981949,0.5555555555555556,0.9192342992002097,0.0,0.5714285714285714,0.8813559322033898,0.6666666666666667,0.7816261879619852,0.5,0.2498472816127062,0.5,0.9990732159406858,1.0,0.7572815533980582,0.36555823051459513,0.007504690431519689,0.0,0.0,0.8571428571428572,0.9178082191780822,0.3104796963073738,0.6428571428571428,1.0,0.9020786129445375,0.625,0.5077707006369426,0.11111111111111116,0.5986029016657711,0.0,0.20128824476650564,0.24546424759871943,0.28877061156334805,0.5,0.23043547172801848,0.009763424708974844,0.6666666666666667,0.0,0.46083727211343684,0.0,0.6015783540022548,0.0,0.4816941852117732,0.0,0.0,0.6400553760959853,0.35766423357664245,0.6745999731074357,0.0,0.0,1.0,0.0,0.0,0.9626541134274826,0.6666666666666667,0.594818119423473,0.6416830142731516,0.5,0.3748391708363117,0.6666666666666667,0.8859060402684564,0.1578947368421053,0.8106350420811017,0.7158779462817468,0.6666666666666667,0.0,1.0,0.0,0.2142857142857143,0.0,0.0,0.0,0.16428922774225296,0.0,0.0,0.7220510130483248,0.5695634095634096,0.9164392584925191,0.0,1.0,0.6666666666666667,0.6755426269859028,0.0,0.532938022906344,0.9878442073927065,0.0,0.4542021755698745,1.0,0.75,0.8214285714285714,0.0,0.9910269192422732,1.0,0.5452769478280854,0.0,0.12942989214175638,0.875,0.8,0.5,0.0,0.0,0.0,0.9846237955306499,0.9754117196476446,0.0,1.0,0.0,0.003972956018679974,0.9393141117045701,1.0,0.5203280109427266,0.9775516901870692,0.76,0.0,0.9395007436348999,0.07692307692307698,0.9327805637525571,0.2543034055727553,0.7804637987324755,0.36786791994727885,0.9223612116199731,0.0,0.0,0.0,0.9987170665142697,0.5224351956342321,0.7253477588871716,0.9473684210526315,0.0,0.9707175861493069,0.6666666666666667,0.990566408553123,0.9443733022894839,1.0,0.8530060672917816,0.0,0.7247921493798555,0.9782608695652174,0.10117073170731716,0.9581719004893964,0.9375,0.0,0.0,0.4939531632296399,0.5,1.0,0.614825210512886,0.96875,0.0,1.0,0.7982023457196097,0.6727272727272728,0.794921875,0.0,0.0,0.0,0.7781893004115226,0.0,0.547945205479452,0.8,0.7902097902097902,0.6427577570613608,0.0,0.0,0.0,0.0,0.5,0.0,0.0,0.0,0.8241648845955313,0.0,0.0,0.33333333333333326,0.8,0.5189873417721519,0.0,0.0,0.6666666666666667,0.0,0.0,0.0,1.0,0.0,0.6100330305532617,0.6306667388831718,0.0,0.0,0.0,0.7907019143117593,0.5617206109009388,0.0,0.015857605177993617,0.8887056883759274,0.0,0.7834755458098961,0.21126760563380287,0.7579804560260586,1.0,0.0,0.7099948213360951,0.881315331010453,0.14694800301431787,0.0,0.0,0.0,0.9038348082595871,0.8307392996108949,0.7090336134453782,0.9428571428571428,0.6449940446997828,0.20549876630243213,1.0,0.7703962703962705,0.06024096385542177,0.7341703056768558,1.0,1.0,0.9657401422107305,1.0,0.9375,1.0,0.5,0.75,0.0,0.354673495518566,1.0,0.5,1.0,1.0,0.0,0.06201721474288224,0.8303030303030303,0.75,1.0,0.0,1.0,0.8464285714285714,0.0,0.7640449438202247,1.0,0.49969230769230755,0.7,0.75,1.0,0.8636363636363636,0.46727605118829985,0.0,0.0,0.0,1.0,1.0,0.39811721834193736,0.75,0.9,0.8260869565217391,0.5,0.7188755020080322,0.0,0.6444257847823278,0.0,0.0625,0.6832298136645962,0.0,0.0,1.0,0.0,0.9166666666666666,0.5416666666666667,0.9386347419329263,0.2854545454545454,0.5,0.13903992543110155,0.6381634372367313,0.0,0.0,0.0,0.0,0.7081036794279756,0.33333333333333337,0.6666666666666667,0.9725100748416811,1.0,0.0,0.9251031418597271,1.0,0.9606872451951077,0.75,1.0,0.2980849292256451,1.0,0.9,0.5882352941176471,0.8686493184634448,0.944372574385511,0.8,0.0,0.5454545454545454,0.5,0.1428571428571429,0.0,0.0,1.0,0.6341567291311755,0.0,0.0,1.0,0.8305343511450382,0.6,0.0,1.0,0.6470588235294118,0.5097276264591439,0.0,0.0,0.4487179487179487,0.8060836501901141,0.0,1.0,0.0,0.9910817031070196,0.0,1.0,1.0,0.6426116838487972,0.44999999999999996,0.2499999999999999,0.6666666666666666,1.0,0.0,0.0,0.0,0.0,0.9921457744266415,0.9683464168143834,0.22589448150394187,0.9764397905759162,0.792719614921781,0.6090246901901429,0.9286452947259566,1.0,0.8143261450153466,0.9874476987447699,0.8181818181818182,0.0,0.9620793937075295,0.10526315789473684,0.9436619718309859,0.10855344550290713,0.8244758654314968,0.6466568544995794,0.8178125735813515,0.0,0.0,0.0,1.0,0.6648174525826523,0.853118467252542,1.0,0.0,0.9745419407589103,0.5,1.0,1.0,1.0,0.8309859154929577,0.0,0.9397906548822057,0.9935222672064777,0.0,0.9454676778620441,1.0,1.0,0.0,0.45661914460285136,1.0,1.0,0.5659116227255847,1.0,1.0,0.0,0.707166562953744,0.9411764705882353,0.6000000000000001,0.0,0.0,0.0,0.7198599299649825,0.0,0.526849702230746,0.33333333333333326,0.9117241379310345,0.4030445139199047,0.0,0.0,0.0,0.0,0.6666666666666667,0.0,0.0,0.6000000000000001,0.7619935835260763,0.0,0.6995249406175772,0.2410714285714286,0.37326273990734604,0.7620676548840745,0.0,0.0,0.7777777777777778,0.0,0.0,1.0,1.0,0.0,0.36009875382083234,0.0,0.0,0.0,0.6373075546007877,0.7734597156398104,0.37771988967208103,0.0,0.0,0.9380281690140845,0.804513009440479,0.5666145426114151,0.3076923076923076,0.2925278219395867,0.9557926829268293,0.6666666666666667,0.46153846153846156,0.0,0.01638530287984097,0.0,0.0,0.0,0.625,0.0,0.27543314082629944,0.8095238095238095,0.0,0.6233435270132519,0.7360406091370559,0.18508092892329342,0.3125,0.0,0.5555555555555556,0.2500000000000001,0.10000000000000009,0.9798165137614678,0.8478260869565217,0.8861997940267765,0.0,0.8805970149253731,1.0,0.4220055710306406,0.0,0.6,0.0,0.5,1.0,0.09862570735650766,0.6729559748427674,0.5714285714285714,0.914996964177292,0.0,0.3999999999999999,0.21052631578947367,1.0,0.5652173913043479,0.0,0.5,0.5,0.9411764705882353,0.8333333333333334,0.75,0.6,0.33333333333333337,0.0,0.0,0.5,0.0,0.0,0.0,1.0,0.7511111111111111,0.0,0.40271084337349383,0.25,0.8245614035087719,0.5784444444444444,0.33333333333333337,0.0,0.0,1.0,0.0,0.1986062717770034,0.25,0.0,0.4883720930232558,0.5471456061577934,0.8888888888888888,0.12590639419907723,0.0,1.0,0.0,1.0,0.7142857142857143,0.8522727272727273,0.0,1.0,0.8208499647804649,0.0,0.0,0.6487334678323247,0.0,0.3822521097046413,0.0,0.0,0.0,0.0,1.0,0.18181818181818177,0.6666666666666666,0.574074074074074,0.6666666666666667,1.0,0.6370967741935484,0.0,1.0,1.0,0.0,0.0,0.2624417166238464,0.0,0.2060185185185185,0.8666666666666667,0.3142408787759904,0.5329457364341086,0.0,0.9563994374120957,1.0,1.0,0.0,0.695626183122447,1.0,0.1147125633409053,0.6725689404934688,0.0,1.0,0.7861299709020368,0.375,0.8738409942789505,0.5,0.24593796159527326,0.0,0.3191489361702129,1.0,0.8,1.0,0.0,0.0,0.0,0.9767441860465116,0.9690402476780186,0.0,1.0,0.0,0.0,0.3978895096213533,0.33333333333333337,0.38195215930024884,0.7159763313609467,0.6666666666666666,0.0,0.9075785114912337,0.0,0.9349425964085958,0.6688679032657937,0.7914891484136133,0.196078431372549,0.7028799779523218,0.0,0.0,0.0,1.0,0.662621359223301,0.40723701672122437,0.6666666666666667,0.0,1.0,1.0,1.0,0.880968506603454,0.888888888888889,0.8571428571428572,0.0,0.9016304347826087,0.9372822299651568,0.6569681145943238,1.0,0.9,0.0,0.3571428571428572,0.5613437195715678,0.0,1.0,0.47434554973821996,0.9375,runif
0.5714285714285714,0.5555555555555556,0.0,0.8903394255874674,0.0,0.6212352635871579,0.9,0.0,0.3842251840063656,0.6838205440519691,0.4676012593601089,0.5366795366795367,0.0,0.5684641473840535,0.4,0.0,0.0,0.8738277919863597,0.8,0.0,0.6675194351895923,0.0,0.0,0.6783710545399031,0.0,0.7384401114206128,0.5989556135770234,0.4570508231925554,0.0,0.8882722900480947,0.9473684210526315,0.0,0.6516884045024119,0.8328173374613003,0.9409722222222222,0.7704629184686849,0.0,0.0,0.0,0.0,0.06304323908020693,0.9668494983277592,0.5785456006428285,0.0,0.5037451150673035,0.8919182083739046,0.48953579858379226,0.0,0.0,0.8289167828916782,0.0,0.6666666666666667,0.7740630013125273,0.569777871577059,0.8432994299765284,0.2385065477848981,0.829145728643216,0.041832449160035146,0.8925284512617516,0.5304718875502008,0.49335590351248415,0.5663518299881936,0.5436029497834483,0.9305354558610709,0.1578947368421052,0.7276347225909212,0.27838908450704225,0.9079189686924494,0.0,0.84,0.879094217549535,0.2698412698412699,0.6486486486486487,0.08534640600082688,0.7777777777777778,0.0,0.0,0.2004095213718965,0.0,0.8,1.0,0.33333333333333337,1.0,0.8607948442534908,0.8123124791643517,0.22222222222222232,0.6714618973561431,0.27007541228142884,0.0,0.5308483290488433,0.6666666666666667,0.3185405807892777,0.0,0.5328467153284671,0.7,0.0,1.0,0.25,0.0,0.28125,1.0,0.0,0.8571428571428572,0.8823529411764706,0.9738814710705083,0.6428571428571428,0.0,0.8676490653568018,0.8,0.4270419088406239,0.0,0.0,0.8754448398576512,0.18542336548767424,0.1981957721825771,0.0,0.9166666666666666,0.36614119259766964,0.6666666666666666,0.6194029850746269,0.7142857142857142,0.0529541971735058,0.9080818965517241,0.9475053204067155,0.0757336265548757,0.4747474747474748,0.0,0.6666666666666667,0.5384615384615385,0.5213675213675213,0.8871024860117572,0.11111111111111105,0.0,1.0,0.0,0.5,0.4570024570024571,0.0,0.0,0.3476833829478664,0.0,0.4610778443113772,0.0,0.0,0.42105263157894735,0.4265003371544168,0.6666666666666667,0.33333333333333337,0.0,0.34932956951305594,0.0,0.0,0.5,0.0,0.0,0.55976389572061,0.7,0.7636703985024659,0.0,0.4097222222222222,0.762402088772846,0.0,0.6167327876261739,0.0,0.6920559357334126,0.0,0.9216561955945802,0.6619436439321166,0.2726264807142441,0.923348344862807,0.7126436781609196,0.8,0.0,0.0,0.8605230386052304,0.0,0.1359735973597359,0.1923076923076923,0.5567010309278351,0.875,0.8,0.5,0.0,0.0,0.9803921568627451,0.9077868427061926,0.9529028436018957,0.0,0.0,0.0,0.9863137246059841,0.9811056005806218,0.971830985915493,0.5206486887846367,0.75,0.84,0.975324852283566,0.9392737772525036,0.7435897435897436,0.9356454520244037,0.3442735042735041,0.35592399203315916,0.9702865228157057,0.8326783867631851,0.0,0.0,0.0,1.0,0.5224351956342321,0.9230120933219178,0.9473684210526315,1.0,0.96812953142213,0.6666666666666667,0.990566408553123,0.8539875851389126,0.0,0.7790863668807995,0.8530287984111222,0.41600689817355163,0.9782608695652174,0.6573024334824301,0.0,0.0,1.0,0.0,0.0,0.5,0.0,0.0,0.96875,0.0,0.5741935483870968,0.0,0.9170068027210885,0.0,0.6000000000000001,0.8571428571428572,0.0,0.36274509803921573,0.5452830188679245,0.547945205479452,0.8,0.0,0.6362799263351748,0.5,0.0,0.0,0.7435897435897436,0.8571428571428572,0.0,0.8761309508808186,0.0,0.0,0.875192820081335,0.0,0.0,0.8,0.5189873417721519,0.0,0.8142610695802185,0.6666666666666667,0.0,0.8,0.5,0.8699007717750826,0.7073170731707317,0.0,0.0,0.0,0.0,0.0,0.9884014120020171,0.6733691840074819,0.0,0.8558558558558558,1.0,0.0,0.0,0.22184646601285107,0.06619903551074091,0.3076923076923076,1.0,0.9125852448853069,0.702855128657032,0.6864085041761581,0.23935264054514482,0.7636871508379888,0.17948717948717952,1.0,0.7928639391056137,0.297773654916512,0.6857142857142857,0.9163271701660921,0.9010309278350516,0.07251264755480591,0.3989266547406083,0.0,1.0,0.0,0.7517241379310344,0.9199457259158752,0.0,0.39047619047619064,0.24786324786324776,0.75,0.0,1.0,0.8507704785077048,0.0,1.0,1.0,0.0,0.0,0.941608467132263,0.8303030303030303,0.0,0.8683405422512923,0.0,0.0,0.6196428571428572,0.0,0.34899328859060397,0.0,0.7781098244303325,0.7,0.0,1.0,0.36363636363636365,0.0,1.0,1.0,0.4375,1.0,1.0,1.0,0.75,0.0,0.8095238095238095,0.0,0.905511811023622,0.5,0.0,0.1355844155844157,0.0625,0.8469202898550725,0.3765743073047859,0.0,0.42307692307692313,0.2727272727272728,0.9166666666666666,0.0,0.0,1.0,1.0,0.5755743651753324,0.10878112712975097,0.0,0.0,0.988009592326139,0.33333333333333337,0.9365609348914858,0.0,0.6666666666666667,0.9605933642849055,0.0,0.25,0.7364255184422985,0.0,0.6293588301462317,0.31464174454828653,0.0,0.79701230228471,0.0,0.0,0.8823529411764706,0.6716232961586122,0.23951285520974308,0.8,0.0,0.6363636363636365,0.5,0.0,0.75,0.0,0.0,0.9460856720827179,1.0,0.7139501719654391,0.3305084745762712,0.8201296362981635,0.8559833024118738,0.0,0.8421052631578947,0.0,1.0,0.0,1.0,1.0,0.5803848541278709,1.0,0.8156347717323327,0.8,0.24084621643612703,0.0,0.8853661790208547,1.0,0.4020455295282086,0.0,1.0,1.0,1.0,0.0,0.0,0.0,0.9888888888888889,0.9550214592274678,0.9452159691432137,0.9763513513513513,0.0,0.7212783171521036,0.9907500327239408,0.8810754912099276,1.0,0.750857245176597,0.9803921568627451,0.9545454545454546,1.0,0.9628455757635785,0.736842105263158,1.0,0.17065586128910704,0.5473369835739174,0.9846756538771748,0.9395146235220908,0.0,0.0,0.0,1.0,0.6628088492010206,0.9866716093484085,0.9375,0.9512195121951219,0.9881957225360157,0.5,1.0,0.9428571428571428,0.0,0.7598027423622805,0.9219097995545658,0.8408082284759568,1.0,0.8625352112676057,0.0,0.0,0.75,0.0,0.0,1.0,0.0,0.0,1.0,0.0,0.7933609958506225,0.0,0.9411764705882353,0.0,0.48986849168008595,0.9333333333333333,0.0,0.7189009661835748,0.6557566422795533,0.4366578793204453,0.6074766355140186,0.0,0.5953070242267258,0.33333333333333326,0.0,0.0,0.6415879017013232,0.6666666666666667,0.0,0.691510678852451,0.0,0.0,0.6079328756674294,0.0,0.5357142857142858,0.47339593114240996,0.7057356608478803,0.0,0.640577835273825,0.7777777777777778,0.0,0.4920273348519363,0.0,1.0,0.8676743569345001,0.0,0.4516599781101788,0.0,0.0,0.0,0.9558992580206919,0.4529868254827648,0.0,0.23685171658144621,0.9345794392523364,0.7716254752851711,0.6899541194021449,0.3076923076923076,1.0,0.45584415584415583,0.6666666666666667,0.7948717948717949,0.4568965517241379,0.4397630019749835,0.20000000000000007,0.6923076923076923,0.1438356164383563,1.0,0.0,0.78125,0.7034749034749035,0.477957906712173,0.8421052631578947,0.08743169398907114,0.7973453749315819,0.4374999999999999,0.0,0.7573696145124718,0.2500000000000001,0.7,0.0,0.0,0.3902439024390244,0.0,0.0,0.0,0.04038997214484685,0.6666666666666666,0.8,0.0,1.0,1.0,0.736842105263158,0.6729559748427674,0.5714285714285714,0.7389184397163121,0.3327827001051207,0.0,0.0,1.0,0.6956521739130435,1.0,1.0,1.0,0.0,0.0,0.0,0.0,0.0,0.75,0.0,0.5,0.5,0.7142857142857142,0.0,0.0,0.5881720430107527,0.8,0.19209039548022588,0.0,0.0,0.5555555555555556,0.33333333333333337,0.0,0.0,0.0,0.0,0.5714285714285714,0.25,0.7,0.34883720930232565,0.7130907570054371,0.6666666666666667,0.0,0.37903225806451624,1.0,1.0,0.4723127035830619,0.7142857142857143,0.6057692307692308,0.2857142857142857,0.6666666666666667,0.7715250422059652,1.0,1.0,0.8166666666666667,1.0,0.0,0.11494252873563238,0.0,0.7287899860917941,0.0,1.0,0.18181818181818177,0.08333333333333326,0.3069767441860466,0.0,1.0,1.0,0.0,0.0,0.5,0.0,1.0,0.15919487648673392,0.25,0.9166666666666666,0.0,0.1226471170992669,1.0,0.0,0.8982655966865131,0.0,0.7049180327868853,0.0,0.8753611636943309,0.49899933288859233,0.0,0.7608330534094726,0.9362073596561913,1.0,0.0,0.375,0.0,0.5,0.0,0.41463414634146345,0.6000000000000001,0.8,0.8,1.0,0.0,0.0,0.9166666666666666,0.8709677419354839,0.8476425052779732,0.006295685976253629,1.0,0.0,0.34122221936081987,0.0,0.33333333333333337,0.32211471259726343,0.9142857142857143,1.0,0.9656362820019426,0.9075785114912337,1.0,0.9349425964085958,0.09640718562874273,0.468951476077367,1.0,0.0,0.0,0.0,0.0,0.9655172413793104,0.9236363636363636,0.8072233479080019,1.0,1.0,0.9848484848484849,1.0,1.0,0.8813559322033898,0.0,0.8571428571428572,0.9611829944547134,0.2327355184498039,1.0,0.5034816457561141,0.0,0.0,1.0,0.3571428571428572,0.0,0.0,0.0,0.0,0.9375,runif
0.5714285714285714,0.5555555555555556,0.0,0.0,0.0,0.0,0.0,0.8693834900731452,0.0,0.7683280957874219,0.4679558246631418,0.783677482792527,0.0,0.7509994369369369,0.0,0.0,0.0,0.0,0.33333333333333326,0.46106816862765776,0.0,0.0,0.7001684944869786,0.8148665967610392,0.0,0.7123552123552124,0.668931277763261,0.0,0.19119295885188925,0.9039204859193816,0.0,0.0,0.8759842519685039,0.01176470588235301,0.7925983790645446,0.0,0.0,0.0,0.8378152384774902,0.0,0.5726780508121616,0.0,0.8569413860504244,0.1812690465824992,0.48420538428137216,0.3663602808134906,0.0,0.7516992945515363,0.6323816973015253,0.5005341065160995,0.1336018798254448,0.33333333333333337,0.09215239335721237,0.8883865664631282,0.7462089152207645,0.0,0.8185714285714286,0.05222088835534233,0.9087701612903226,0.5753222709818979,0.7195614961576282,0.21247649596283602,0.6147057137944869,0.4827992313890783,0.6413612565445026,0.4553086731473298,0.14787510841283613,0.0,0.78125,0.4666666666666667,0.43661971830985924,0.13324732768153325,0.2857142857142857,0.620096661796111,0.2857142857142857,0.4339622641509434,0.0,0.30126771066368385,0.0,0.4,0.0,0.33333333333333337,0.5,0.0,0.0,0.22222222222222232,0.9750027774691701,0.25644402634054553,0.0,0.6142131979695432,1.0,0.6331080109305336,0.5,0.20775142550202452,0.0,0.771551724137931,0.9375,0.8011928429423459,0.0,0.10821643286573146,1.0,0.0,0.2857142857142857,0.0,0.0,0.0,1.0,0.0,0.0,0.9611273080660836,1.0,0.549203621703787,0.619349722442506,1.0,1.0,0.0,0.0,0.5702057310800882,0.864696734059098,0.8333333333333334,0.45833333333333337,0.5566188197767146,0.704076497232008,0.7687861271676301,0.0,0.9401381427475057,0.0,0.0,0.0,0.44976076555023936,0.71776,0.4444444444444444,0.0,0.07539118065433859,1.0,0.0,0.30384426923248253,0.0,0.14512606710343445,0.0,0.0,0.43066927732289073,0.6666666666666667,0.8991825613079019,1.0,0.7138047138047138,0.36543029417138684,0.33333333333333337,0.8571428571428572,0.0,0.75,0.7777777777777778,0.5,0.4285714285714285,0.0,0.09215457649704362,0.7,0.9172086893678527,0.7472722659223547,0.0,0.9329094496820872,0.9166666666666666,0.09186101856258921,0.8333333333333334,0.3172288058340931,0.7523155541360588,0.0,0.1096502108657903,0.46536585365853655,0.9560134443957329,0.0,1.0,0.04721549636803879,0.0714285714285714,0.0,1.0,0.3064876957494408,0.0,0.7377622377622377,0.75,0.8,0.5,0.0,0.0,0.0,0.6193247244612601,0.0,0.27140830613445277,1.0,0.049286987522281556,0.859002169197397,0.9266623442115122,1.0,0.0,0.5601286173633441,0.0,0.9897119237590892,0.9871957764682687,0.9311457772996234,0.9441531798495555,0.008702975856260453,0.9172953469846774,0.0,0.23722583995845137,0.0,0.0,0.0,0.9965588189289023,0.5286673566632167,0.7978445769610428,0.9473684210526315,0.9649122807017544,0.9866513400439088,0.6666666666666667,0.990566408553123,0.0,0.6911764705882353,0.0,0.0,0.0,0.8369565217391304,0.0,0.5672530717449513,0.0,0.06542056074766345,0.4076704545454546,0.960082944530845,0.0,0.0,0.9809416337533697,0.0,0.0,0.0,0.0,0.0,0.0,0.0,0.0,1.0,0.0,0.5454545454545454,0.8917910447761194,0.8,0.0,0.9408349696917955,0.0,0.0,0.0,0.0,0.5,0.9008662996628686,0.0,0.0,0.8307141436244281,0.9775561097256857,0.20705158542356827,0.9360986547085202,1.0,0.0,0.4624040404040404,0.8259604190919674,0.0,0.20274914089347085,0.45679012345679015,0.0,0.8841698841698842,0.0,0.0,0.0,0.8642113006953179,0.0,0.8155231734466707,0.0,0.9013191708069214,0.36331679073614565,0.0,0.11639676113360309,0.4006905324368527,0.9459571393324169,0.7207750952986023,0.6837944664031621,0.0,0.0,0.6603196191771505,0.7696775485679952,0.6484873716347488,0.0,0.7567039106145252,0.18067075369635777,0.931815942457385,0.7888679769214156,0.8713052576510594,0.0,0.3645418326693226,0.7270471464019851,0.9305912596401028,0.0,0.0,0.0,1.0,0.8235294117647058,0.9318681318681319,0.0,0.8826086956521739,0.7750692520775623,1.0,0.2500000000000001,1.0,0.0,0.0,1.0,0.0,0.0,0.0,0.04931960544315639,0.0,0.0,0.9436619718309859,0.47018030513176146,0.0,0.8464285714285714,1.0,0.9615384615384616,1.0,0.048352976730129726,0.0,0.5323741007194244,0.9475,0.8636363636363636,0.0,1.0,1.0,0.0,0.5714285714285714,0.0,0.0,0.0,0.9,1.0,0.0,0.9369085173501577,1.0,0.5193269668030922,0.11662726556343594,0.8125,0.9411764705882353,0.48364008179959106,0.0,1.0,0.8181818181818182,0.08333333333333337,0.5416666666666667,0.9285194351433979,0.6035087719298244,0.8928571428571428,0.5424189167598659,0.8605962933118453,0.0,0.0,0.0,0.0,0.7481851179673321,0.6666666666666667,0.6666666666666667,0.6007820136852395,0.0,0.0,0.0,0.0,0.5587026039287346,0.0,0.0,0.5545073375262055,1.0,0.9,0.8235294117647058,0.6875957120980092,0.0,0.6000000000000001,1.0,0.6363636363636365,0.0,0.8571428571428572,1.0,0.33333333333333326,0.5,0.7447852760736196,1.0,0.8066666666666666,0.6585067319461445,0.1504664970313826,0.9610231425091352,0.9559748427672956,0.04761904761904767,0.8823529411764706,0.5537634408602151,0.9320103537532356,0.17508417508417495,0.925,0.5676065676065676,0.6733668341708543,0.0,1.0,0.0,0.0,0.0,1.0,0.40064739204002064,0.44999999999999996,1.0,0.6666666666666666,1.0,0.0,0.0,0.0,0.0,0.8192429022082018,0.37038689172289085,0.15396825396825387,0.9979579488730903,0.0,0.9728682170542635,0.9716821393121972,1.0,0.0,1.0,0.0,0.9896131600500295,0.9854505407922068,0.9286946520989074,0.9436619718309859,0.4244480253300539,0.965056177048703,0.35103636497750246,0.2249116336253265,0.0,0.0,0.0,0.9954500737825873,0.6751561683973493,0.9331040664386192,1.0,0.9047619047619048,0.9830433500442347,0.5,1.0,0.0,0.5,0.0,0.0,0.0,0.7765632534962225,0.7094557097118463,0.7600984211605495,0.0,0.0,0.75,0.9722222222222222,0.0,0.0,0.9242144177449169,0.0,1.0,0.8488965230064542,0.0,0.0,0.0,0.0,0.0,0.7142857142857143,0.0,0.6623688155922038,0.44090299701595814,0.07042253521126773,0.0,0.621046849250569,0.0,0.0,0.0,0.0,0.6666666666666667,0.9692423813567318,0.0,0.0,0.6771053869677723,0.7979041916167664,0.0,1.0,0.8194444444444444,0.0,0.8955223880597015,0.640577835273825,0.0,0.0,0.5340240169531433,0.5454545454545454,0.7121212121212122,0.0,0.33333333333333326,0.4516599781101788,0.7830968015251006,0.0,0.3244641537324465,0.0,0.7916156670746634,0.24195906432748537,0.6747708995698523,0.6383495145631068,0.0,0.6123716153127917,0.0,0.625,0.0,0.6666666666666667,0.20512820512820518,0.9767441860465116,0.9543796925277083,0.0,0.0,0.05882352941176461,1.0,0.002201128078139991,0.3350168350168351,0.25482625482625487,0.7377701934015928,0.2422846614463382,0.49240121580547114,0.7417311752287121,0.43028846153846145,1.0,0.0,0.2500000000000001,0.8571428571428572,0.0,0.07692307692307698,0.25418569254185686,0.0,0.46341463414634154,0.0,0.0,0.6666666666666666,0.4,0.0,1.0,1.0,0.0,0.3930753564154785,0.5714285714285714,0.9294803302574065,0.46880189798339256,0.0,0.25531914893617036,0.0,0.4347826086956522,0.0,0.75,1.0,0.3203883495145631,1.0,0.75,0.0,0.6666666666666667,0.75,0.0,0.0,0.0,0.0,0.0,1.0,0.0,0.0,1.0,0.16666666666666663,1.0,0.8896595208070618,0.4999999999999999,1.0,0.0,0.625,0.8796706776440786,0.13636363636363613,0.75,0.0,0.4883720930232558,0.3617021276595743,0.0,0.0,0.7375886524822696,1.0,0.0,0.45390070921985815,0.5714285714285714,0.9134615384615384,0.4285714285714285,0.0,0.03686311340690296,1.0,0.0,0.8206680116565792,1.0,0.1345864661654136,0.3501144164759725,0.0,1.0,0.0,1.0,0.36363636363636365,0.5,1.0,0.33333333333333337,0.0,0.11868686868686873,0.6666666666666666,0.5,0.0,1.0,0.5,0.0,0.25,0.8381112984822934,0.8666666666666667,0.0,1.0,0.7777777777777778,0.3412553321145644,0.0,0.6888217522658611,0.718694885361552,0.0,0.14892487390496423,0.08332334252487705,0.9482612383375743,0.812874921658161,1.0,0.0,0.0,0.2142717114291316,0.5,0.7177858439201452,0.0,0.6983240223463687,0.8,0.8,1.0,0.0,0.0,0.0,0.5967741935483871,0.0,0.44494757553704756,1.0,0.4482758620689655,0.8674047507666718,0.4565217391304348,0.33333333333333337,0.0,0.6672443674176777,1.0,0.9676480021820552,0.9859911997362049,1.0,0.9297863368006747,0.35452737051499295,0.8916050786431684,0.0,0.09647729586642229,0.0,0.0,0.0,1.0,0.8333333333333333,0.9074177356385945,0.6666666666666667,1.0,0.9841915085817525,1.0,1.0,0.0,0.5555555555555556,0.0,0.0,0.18648434403487912,0.8385093167701863,0.14901538970709916,0.630591709504539,0.0,0.0,0.3571428571428572,1.0,1.0,0.0,1.0,0.0,runif
0.0,0.33333333333333326,0.0,0.8958810068649885,0.8579136690647482,0.0,0.9,0.7855822550831792,0.0,0.683688088415882,0.0,0.5714285714285714,0.8384026004179242,0.0,0.0,0.6322845266606106,0.0,0.7076810686704238,0.8,0.0,0.6721683576131727,0.0,0.5824636812630448,0.0,0.10638994190961892,0.0,0.5970724191063175,0.45866539788271676,0.0,0.0,0.9473684210526315,0.0,0.6513523195414652,0.2857142857142857,0.9409722222222222,0.7448151089930279,0.0,0.0,0.0,0.0,0.0,0.5348733429583935,0.5935000506226586,0.2274850570093928,0.0,0.578383641674781,0.0,0.5058604620706967,0.9772727272727273,0.7478923476005188,0.33679328621908133,0.0,0.41972625719623324,0.5689584432331047,0.7185884772548914,0.14913763949949288,0.7724829810103906,0.04232979664014158,0.0,0.5800140934867957,0.5185529715762274,0.0,0.3448726693951796,0.4929588362735995,0.17543859649122806,0.0,0.2763041556145004,0.8540580789277736,0.0990056818181817,0.4444444444444444,0.4545454545454546,0.0,0.8648648648648649,0.4506773040804455,0.0,0.0,0.0,0.5423476968796432,0.0,0.0,0.0,0.6666666666666667,0.25,0.6425237493822415,0.59139904433826,0.0,0.31721249047981714,0.0,0.0,0.9491525423728814,0.6666666666666667,0.2743112434847358,0.0,0.15422047538835848,0.0,1.0,0.0,1.0,0.34733828536056943,0.5,0.7142857142857142,0.0,0.2857142857142857,0.7647058823529411,0.9030520646319569,0.6428571428571428,0.16666666666666663,0.0,1.0,0.46209075244112585,0.0,0.5825242718446602,0.9079016221873365,1.0,0.8184818481848185,1.0,0.0,0.0,0.5666666666666667,0.09734513274336287,0.0,0.29957019151760333,0.31654135338345857,0.5956142419240745,0.0,0.7880434782608695,0.0,0.6666666666666667,0.0,0.5362318840579712,0.0,0.0,0.0,0.2860962566844919,0.875,0.0,0.30384426923248253,0.6666666666666667,0.11179592535524718,0.0,0.0,0.0,0.0,0.0,1.0,0.6586151368760065,0.7086397058823529,0.0,0.8571428571428572,0.4895352962043278,0.75,1.0,0.75,0.9285714285714286,0.5,0.5341151385927505,0.0,0.9178851911311667,0.9346604060578004,0.4069534209939826,0.190867435613841,0.0,0.9941738641590433,0.6666666666666667,0.4778406412069778,0.0,0.501956334611472,0.7769465809714466,0.38634593752703994,0.7911598217511743,0.7586206896551724,1.0,0.5825242718446602,0.0,1.0,0.0,0.3860935524652339,0.8269230769230769,0.6444026340545626,0.875,0.6000000000000001,0.5,0.9370732074264146,0.9142857142857143,0.0,0.9822662620205492,0.26460639606396064,0.41918522724882723,0.8033983187265248,0.11951871657754032,0.9589719245897192,0.9766043928782703,1.0,0.6293843127763366,0.48392652123995405,0.72,0.0,0.9872073863547539,0.9333333333333333,0.9327915143177786,0.5376182421850529,0.5212101838968072,0.0,0.9110415980682691,0.0,0.0,0.0,1.0,0.5229735186244491,0.9220284789117859,0.9473684210526315,1.0,0.9707853072739759,0.0,1.0,0.906500341851675,0.0,0.9925314465408805,0.0,0.9923197765753186,0.9347826086956522,0.8710325814934575,0.9262876874380535,0.0,1.0,0.0,0.0,0.0,0.0,0.8541285861877136,0.0,0.0,0.5741935483870968,0.0,0.7542662116040956,1.0,0.0,0.8571428571428572,0.6597938144329898,0.0,0.5945945945945946,0.0,0.8,0.82699513672965,0.0,0.0,0.6801726070387806,0.0,0.819047619047619,0.8571428571428572,0.0,0.7321788836583726,0.0,0.7012344419506225,0.0,0.0,0.0,0.8,0.5189873417721519,0.0,0.0,0.6666666666666667,0.21212121212121204,0.8,0.0,0.8881735005083022,0.7391304347826086,0.0,0.0,0.0,0.0,0.0,0.7738505165080007,0.7009948157489141,0.25090532850491465,0.07951070336391453,0.39583333333333326,0.6633598604600457,0.4930013782290388,0.9509043927648578,0.04279421019509122,0.41002865329512894,1.0,0.688122096881221,0.9870326345364167,0.45200235571260317,0.2866242038216561,0.0,0.14491614255765184,0.0,0.7963253623857446,0.2900552486187845,0.19999999999999996,0.9458885941644563,0.7294845360824742,0.0,0.2859848484848484,0.0,0.9115417017691659,0.6296296296296297,1.0,1.0,0.23902439024390254,0.9452380952380952,0.7750692520775623,0.75,0.2500000000000001,1.0,0.9085714285714286,0.0,1.0,0.0,1.0,1.0,0.8423191547006231,0.8256880733944955,0.5,0.39624432957062994,0.0,0.0,0.8571428571428571,0.0,0.861995753715499,0.0,0.5069056714663531,0.0,1.0,0.9,0.8636363636363636,0.0,1.0,0.8636363636363636,0.0,0.5714285714285714,0.4285714285714286,1.0,0.75,0.0,0.1428571428571428,0.5,0.8,0.5,0.5963565191207467,0.6410675381263616,0.8125,0.9453125,1.0,0.0,0.0,0.0,0.75,0.0,0.7317560301121524,0.0,0.5,0.06002475247524741,0.7266217354675653,0.0,0.0,0.30080213903743325,0.6666666666666667,0.0,0.33333333333333337,0.6666666666666667,0.768001540238737,0.875,0.0,0.0,1.0,0.0,0.0,0.0,0.0,0.0,0.0,0.8823529411764706,0.8571428571428572,0.8333333333333334,0.0,1.0,0.16129032258064502,0.0,0.8571428571428572,0.75,1.0,1.0,0.7323050919078808,0.0,1.0,1.0,0.48805646036916406,0.0,0.0,1.0,0.6470588235294118,0.7954644570431749,0.0,0.8552188552188552,1.0,0.5054027696508681,0.6749428291408037,0.9384615384615385,1.0,0.1991525423728815,0.0,0.9995665366276549,0.0,0.45746716821751465,0.8,1.0,0.6666666666666666,1.0,0.0,0.9458029823119699,0.9117647058823529,0.0,0.9830838790146554,0.0,0.7914739229024943,0.8820462370880472,1.0,0.9918895005898545,1.0,1.0,0.832386586225809,0.0,0.6818181818181819,0.0,0.9854505407922068,0.9310344827586207,0.9436619718309859,0.023818876548941104,0.5552015928322549,0.0,0.8959135055891515,0.0,0.0,0.0,1.0,0.6543189102564102,0.9493533102830068,1.0,0.9512195121951219,0.9785410562030448,0.0,1.0,1.0,0.0,0.9871794871794872,0.0,1.0,0.9978920741989882,0.9876319049856881,0.867501163559758,0.0,0.0,0.0,0.8444444444444444,0.5,0.0,0.8250347705146036,0.0,1.0,0.7966804979253113,0.0,0.9411764705882353,0.6294117647058823,0.0,0.9333333333333333,0.7142857142857143,0.0,0.6557566422795533,0.0,0.33333333333333326,0.7899305555555556,0.0,0.0,0.4742268041237113,0.0,0.617411088492396,0.6666666666666667,0.0,0.6112967695432803,0.0,0.7974172225962421,0.0,0.6995249406175772,0.0,0.37815126050420167,0.1809954751131222,0.0,0.0,0.7777777777777778,0.0,0.4957033016734509,0.0,1.0,0.8279591836734694,0.0,0.39429012345679004,0.0,0.0,0.0,0.30389800397115685,0.5469114672475494,0.10134107562560468,0.0,0.5911404335532517,1.0,0.8679563354981346,0.7692307692307692,1.0,0.6013513513513513,0.0,0.46153846153846156,0.4651162790697675,0.9577464788732395,0.4042553191489361,0.6923076923076923,0.05882352941176461,0.0,0.002201128078139991,0.78125,0.0,0.3087315130830488,0.2686099735003613,0.19148936170212771,0.0,0.4375,0.6952380952380952,0.7052154195011338,0.2500000000000001,1.0,0.14724770642201834,1.0,0.2375946173254837,0.7142857142857143,0.53125,0.0,0.5205288796102993,0.6666666666666666,0.0,0.0,0.5,0.0,0.1578947368421052,0.28099173553719003,0.0,0.0,0.0,0.0,0.25531914893617036,1.0,0.13043478260869568,1.0,0.0,1.0,0.8823529411764706,1.0,0.75,0.6,0.6666666666666667,0.75,0.0,0.0,0.5,0.8571428571428571,0.0,0.5,0.0,0.5142857142857142,0.717357910906298,0.0,1.0,0.30409356725146186,0.0,0.5833333333333334,0.7932816537467701,0.0,0.29721815519765726,0.5714285714285714,0.25,0.7,0.04878048780487809,0.0,0.8888888888888888,0.12590639419907723,0.2222222222222222,1.0,1.0,0.0,0.5714285714285714,0.4204545454545454,0.0,0.6666666666666667,0.03686311340690296,1.0,0.0,0.8,0.0,0.42893011577625895,0.3928571428571429,0.0,0.5396825396825395,0.0,1.0,0.18181818181818177,0.41666666666666663,0.574074074074074,0.6666666666666667,0.0,0.2592592592592592,0.6666666666666666,0.5,1.0,0.5,0.5,0.19673339064226947,0.0,0.8333333333333334,1.0,0.6303952373077559,0.0,0.0,0.9401587624669245,1.0,0.0,0.0,0.5657741559953434,0.49095966620305986,0.9862637362637363,0.9465615418309242,0.7963636363636364,1.0,0.6893903024483918,0.0,0.8722969023962595,0.5,0.0,0.8780487804878049,0.6056997022543598,1.0,0.6000000000000001,1.0,0.9237683848692716,1.0,0.0,1.0,0.04166666666666674,0.5557410498979781,1.0,0.22413793103448265,0.956006650963004,0.2957110609480814,0.33333333333333337,0.46259609698403303,1.0,1.0,0.0,0.9834539232255288,1.0,0.9349425964085958,0.0,0.6466194749456551,0.0,0.8422943360076638,0.0,0.0,0.0,1.0,0.9327929753461668,0.8080459159270872,0.6666666666666667,1.0,0.9732388823297914,0.0,0.9958847736625515,0.8813559322033898,0.0,1.0,0.0,0.9772457459438069,0.8679245283018868,0.8183127179362629,0.9381069478597924,0.0,0.25,0.3571428571428572,0.0,0.0,0.0,0.8402840284028403,0.0,runif
0.0,0.6928571428571428,0.0,0.0,0.0,0.0,0.75,0.0,0.0,0.7000330360092499,0.0,0.0,0.8385307694862343,0.5688410867435677,0.4,0.6333978546656989,0.0,0.700122249388753,0.33333333333333326,0.36833497055494335,0.47348388194267255,0.0,0.6278722769322591,0.0,0.0,0.0,0.0,0.4565295169946332,0.0,0.0,0.9473684210526315,0.058166116332232565,0.8737151248164464,0.33333333333333326,0.7925983790645446,0.0,0.4750626915575369,0.11907894736842095,0.8261805817907064,0.0,0.8907420276426531,0.55784519784337,0.0,0.22678598361067803,0.5097061347061347,0.05355404089581306,0.36497021723896295,0.0,0.47581009796533535,0.0,0.66748176935505,0.33333333333333337,0.2991833163190899,0.9732304634987433,0.38310891510282874,0.36620890553474805,0.0,0.0,0.900626678603402,0.4994811633470728,0.7194992883471405,0.23220671357711375,0.5732506203473946,0.5101048472876464,0.6413612565445026,0.0,0.27429328621908133,0.07138221933809219,0.0,0.5720930232558139,1.0,0.0,0.2857142857142857,0.5584430925521234,0.8571428571428572,0.5666666666666667,0.0,0.9293393275996873,0.0,0.0,0.0,0.0,0.25,0.5531149301825993,0.0,0.44444444444444453,0.7106332765176346,0.26201559760594895,0.0,0.9491525423728814,0.25,0.26882927376809973,0.0,0.0,0.0,0.0,0.9375,0.0,0.9981701738334858,0.8030018761726079,0.8461538461538461,0.0,0.0,0.8731343283582089,0.9775222164140094,0.6428571428571428,0.0,0.9254907197222593,0.0,0.5341210513624307,0.7777777777777778,0.4680279419666846,0.8754448398576512,1.0,0.1981957721825771,0.5479023168440826,0.5,0.0,0.8711978971085242,0.9111111111111111,0.7142857142857142,0.41414646338415395,0.9173354735152488,0.0,0.5999045931579665,0.4065656565656566,0.75,0.6666666666666667,0.9347985347985348,0.0,0.7042596615972084,0.11111111111111105,0.0,0.6017069701280229,1.0,0.5,0.6360475627564148,0.0,0.0,0.9416981568597208,0.5,0.9401197604790419,0.0,0.8656716417910448,0.1606994171523728,0.4745596868884542,0.03857487275649607,0.6666666666666667,0.0,1.0,0.75,0.0,0.5,0.4285714285714285,0.5,0.692948534326363,1.0,0.4161205208953954,0.0,0.5606178464273808,0.9771693915062397,0.0,0.6659278662099537,0.0,0.6971046770601337,0.6991999479640952,0.9159288441231419,0.0,0.7337550316273721,0.8089138674683047,1.0,1.0,1.0,1.0,0.7745124231899546,1.0,0.46751651052065735,0.1923076923076923,0.0,0.875,0.0,0.0,0.930463495393096,0.0,0.0,0.6241552000777945,0.0,0.5674032291451045,0.7799638487208009,0.0,0.011007911936704473,0.9392524494980041,1.0,0.5206486887846367,0.7696969696969697,0.16000000000000003,0.9490780664482039,0.9268101761252446,1.0,0.9878556557945871,0.28616074247111567,0.0,0.9766917554021712,0.0,0.0,0.0,0.0,0.9987170665142697,0.5897194640538679,0.7376572352641118,0.9473684210526315,0.0,0.9707853072739759,0.6666666666666667,1.0,0.6657433548180898,0.0,0.9634533898305084,0.8907157868710595,0.24794708029197077,0.0,0.03499437148217632,0.7570266446592784,0.0,1.0,0.9130434782608696,0.9184523027036502,0.5,0.0,0.0,0.0,0.0,0.0,0.0,0.0,0.0,0.0,0.65,0.0,0.0,0.5452830188679245,0.0,0.8,0.8200388283953743,0.6427577570613608,0.5,0.6087819778541428,0.0,0.9576379974326059,0.5,0.8120452518424635,0.6362866966411003,0.0,0.6763623165863016,0.0,0.15052660374777727,0.25,0.0,0.5189873417721519,0.0,0.0,0.6666666666666667,0.46182736957115533,0.7916666666666666,0.0,0.8841698841698842,0.0,0.6251984126984127,0.5923194531882363,0.7890918188641481,0.0,0.8357056694813028,0.7903579254930606,0.0,0.3595022959561548,0.841143764892772,0.0,0.0,0.0,0.42175759555700765,0.0,0.33333333333333326,0.0,0.0,0.9693338033133592,0.34841818562748783,0.2552476910159531,0.0,0.0,0.884087442806304,0.3390201090136419,0.8713052576510594,0.0,0.36412459720730395,0.7294845360824742,0.9305912596401028,0.12981056829511461,0.29999999999999993,0.0,0.6000000000000001,0.25,0.916083916083916,0.18580320487352686,1.0,0.6244573082489147,0.75,0.2500000000000001,0.0,0.9601990049751243,1.0,1.0,0.0,0.5,1.0,0.8210094319245446,0.0,0.75,1.0,0.5121951219512195,0.0,0.9214285714285714,1.0,0.8516645596291614,0.0,0.0,0.0,0.0,0.9652914210870989,0.0,1.0,1.0,0.8636363636363636,0.0,0.0,1.0,1.0,0.75,0.33333333333333326,1.0,0.0,0.8238341968911918,1.0,0.4585454231731516,0.7865818392134182,0.9375,0.7263999999999999,0.20025188916876568,0.0,0.0,1.0,0.9166666666666666,0.0,0.38182827241734707,1.0,0.0,0.9793044591423086,0.7509353287012293,1.0,0.0,1.0,0.25,0.7200341800668065,0.0,0.0,0.38104490500863575,0.0,0.25,0.7270707711837512,0.0,0.0,1.0,1.0,0.5151515151515151,0.0,0.0,0.5882352941176471,0.7549770290964778,0.09110629067245113,0.8,0.0,0.5454545454545454,1.0,0.0,1.0,0.33333333333333326,1.0,0.9286669638876505,1.0,0.6968226753729982,0.3305084745762712,0.7820186598812553,1.0,0.0,0.7658602150537634,0.0,1.0,0.8728221231766613,1.0,0.0,0.7467529934864854,0.6790939122227466,1.0,1.0,0.9576811594202899,0.0,0.6299751861042184,1.0,0.6020320999865127,0.0,0.4,0.6666666666666666,0.0,1.0,0.9486768464874105,0.0,0.0,0.6531032523789235,0.37038689172289085,0.9172019985724482,0.6610619469026549,0.7251695253290786,0.6111357805407538,0.9305019305019305,1.0,0.8177763868241922,0.9875,0.13636363636363646,0.9491737933412393,0.98519915111439,1.0,0.8732394366197183,0.060086053433849096,0.0,0.9928808732795443,0.0,0.0,0.0,0.0,0.8076923076923077,0.6672110459505605,0.808404685078381,1.0,0.0,0.9745419407589103,0.5,1.0,0.7175572519083969,0.0,0.9568043615013629,0.9526799730881363,0.48067889074102144,0.0,0.21197642225596125,0.7844212662080335,0.0,0.0,0.0,0.8892057026476579,1.0,0.0,0.0,0.0,0.0,0.8669623059866962,0.0,0.0,0.0,0.0,0.9333333333333333,0.0,0.0,0.6779725609756098,0.0,0.07042253521126773,0.8657718120805369,0.4465385098630481,0.33333333333333326,0.4742268041237113,0.0,0.6025683789192795,0.6666666666666667,0.11988304093567259,0.3111789481819235,0.0,0.6339524388127062,0.0,0.0,0.0,0.36363636363636365,0.7637956748695004,0.0,0.0,0.7777777777777778,0.42810188989318,0.6289484206317474,0.5454545454545454,0.7121212121212122,0.0,0.0,0.0,0.8264142335766423,0.0,0.350071225071225,0.4093499839897534,0.0,0.2480422681385036,0.2846594055750413,0.3047887323943661,0.7892486255345144,0.6351010101010102,0.7692307692307692,0.0,0.0,0.6666666666666667,0.0,0.9767441860465116,0.0,0.41666666666666663,0.0,0.0,1.0,0.7966217758502625,0.4075537988581466,0.2857142857142857,0.7377701934015928,0.5963581183611533,0.4467005076142133,0.1791187739463601,0.43028846153846145,0.2857142857142856,0.8918918918918919,0.0,0.9,0.14724770642201834,0.0,0.5193953223046206,0.0,0.4925373134328359,1.0,0.5205288796102993,0.0,0.0,0.0,0.0,0.0,0.812206572769953,0.0,0.4285714285714285,0.7567372820291108,0.2139303482587065,0.0,0.25531914893617036,1.0,0.13043478260869568,1.0,0.5,1.0,0.0,0.5,0.5,1.0,0.33333333333333337,0.75,0.0,1.0,0.0,0.7142857142857142,0.0,0.5,0.6726384364820847,0.10909090909090913,0.40271084337349394,0.8333333333333333,0.0,0.2806666666666666,1.0,0.0,0.4652605459057072,0.0,0.2835443037974683,0.0,0.25,0.7,0.7674418604651163,0.7763426240652618,0.2222222222222221,0.6291913214990139,0.02336448598130847,0.0,1.0,0.6583333333333333,0.0,0.0,0.2857142857142857,0.0,0.6976177077471394,1.0,1.0,0.22797579018157377,1.0,0.0,0.9177631578947368,0.0,0.9365079365079365,0.0,1.0,0.18181818181818177,0.08333333333333326,0.29767441860465127,0.6666666666666667,1.0,0.6370967741935484,0.6666666666666666,0.0,0.0,1.0,0.5,0.24286889742183204,0.25,0.03986135181975747,0.0,0.8673469387755102,0.8580441640378549,0.0,0.0,0.0,0.7142857142857142,0.2566171723692705,0.8753611636943309,0.33208114199849725,0.06104281475201345,0.9552238805970149,1.0,0.0,0.7861299709020368,0.11111111111111116,0.32688108000794114,0.5,0.24593796159527326,0.41463414634146345,0.0,1.0,0.4,0.0,0.852961432506887,0.0,0.0,0.5967741935483871,0.44272445820433437,0.527769742551345,0.31991051454138697,0.0,0.21547917258476867,0.43956043956043955,0.33333333333333337,0.3542811675777625,0.7159763313609467,0.5,0.9643424145015217,0.9785480582294087,1.0,0.9233637523304876,0.6921662108855062,0.0,1.0,0.08610962501823838,0.0,0.0,0.0,1.0,0.613202953366702,0.40723701672122437,0.6666666666666667,0.0,0.9732388823297914,1.0,1.0,0.5767016593294954,0.0,1.0,0.7333333333333334,0.0,0.0,0.29781596849266023,0.8727707698999565,0.0,0.25,1.0,1.0,0.0,0.0,0.0,0.0,runif
0.0,0.33333333333333326,0.7950791482838923,0.0,0.0,0.6464040977365544,0.0,0.8245923314235346,0.3842251840063656,0.0,0.48641600098568716,0.0,0.9046938289254229,0.0,0.4,0.5906004548167024,0.0,0.6921529175050303,0.33333333333333326,0.0,0.6506113296949698,0.0,0.0,0.7496233706687628,0.0,0.0,0.668931277763261,0.0,0.0,0.9049575458778417,0.8955223880597015,0.0,0.6518048606147249,0.0,0.9518348623853211,0.726424080777291,0.47531052221883774,0.11907894736842095,0.0,0.0,0.0,0.0,0.6057846945592201,0.0,0.0,0.0,0.0,0.752039570887133,0.43038850912866655,0.7477346278317152,0.34972133757961765,0.33333333333333337,0.0547882557395043,0.5638335418872524,0.4256559766763849,0.0,0.7221570926143024,0.05222088835534233,0.450974196945761,0.5527780790225211,0.7183026584867076,0.23231728845474864,0.09527089072543604,0.475577779132874,0.17543859649122806,0.5498537622972615,0.8837606837606837,0.9172366621067032,0.6981534090909091,0.0,1.0,0.13324732768153325,0.0,0.00883494026812126,1.0,0.0,0.0,0.24929098128190585,0.0,0.6000000000000001,0.0,0.6666666666666667,0.0,0.9122079285901812,0.5990716864363074,0.5555555555555556,0.0,0.0,0.5714285714285714,0.5,0.25,0.5874794561482146,0.0,0.0,0.7,1.0,0.9375,0.22157434402332365,0.39619883040935666,0.3066132264529058,0.0,0.4,0.8571428571428572,0.0,0.9289473684210526,0.6428571428571428,0.0,0.9173457508731082,0.30000000000000004,0.9696969696969697,0.33333333333333337,0.4355863662622762,1.0,0.0,0.19862737182075096,0.5438413361169102,0.5,0.5653430860327413,0.015677491601343907,0.4,0.875,0.23900163872431612,0.21289373697757086,0.0,0.055747089052234244,0.7917620137299771,0.0,0.6666666666666667,0.624380574826561,1.0,0.725921385334457,0.11111111111111105,0.25,1.0,0.875,0.5,0.646647098667871,0.6666666666666667,0.0,0.44280919184095013,0.5,0.9776278808319281,0.6666666666666667,0.0,0.0,0.8634674922600619,0.36543029417138684,0.6666666666666667,0.0,1.0,0.75,0.7777777777777778,0.75,0.0,0.0,0.0,0.7,0.0,0.5991492146596858,0.9183844148177301,0.9327768014059754,0.4722222222222222,0.8709888012855923,0.8333333333333334,0.6767586821015138,0.5664572257129048,0.9159288441231419,0.13923171860536887,0.0,0.8229748603351955,0.0,1.0,0.04721549636803879,0.15384615384615385,0.8791436464088398,0.0,0.48733208637986736,0.3076923076923077,0.7049825174825175,0.875,0.0,0.5,0.9328693938093299,0.0,0.0,0.9066877971473851,0.9529028436018957,0.3287709799675149,0.9835356880058866,0.025026923257011946,0.9047284849548206,0.975955223028157,0.939171785218942,0.0,0.38922558922558936,0.0,0.9903824517247415,0.9821462852754848,0.07692307692307698,0.8844951828089863,0.5205988997249313,0.35238004840776427,0.9512862616310892,0.635665108598671,0.0,0.0,0.0,0.9836895388076491,0.0,0.8516332833891374,0.9473684210526315,0.0,1.0,0.6666666666666667,0.994016454749439,0.8599249143694752,0.0,0.7790863668807995,0.9735696695492813,0.8076350239084424,0.9347826086956522,0.0,0.5364051970053689,0.0,0.6869158878504673,0.4076704545454546,0.9601294498381877,0.5,0.96875,0.8878571335935778,0.84375,0.0,0.0,0.724779328369249,0.0,0.0,0.6000000000000001,0.0,0.8148148148148149,0.4839962392184115,0.0,0.9027777777777778,0.0,0.9385206532180596,0.0,0.5,0.6095274390243903,0.0,0.4736842105263158,0.5,0.0,0.8508446641944788,0.0,0.0,0.8917471772785474,0.3669601677148847,0.0,1.0,0.0,0.0,0.8142610695802185,0.6666666666666667,0.0,0.40401146131805155,0.5,0.8881735005083022,1.0,0.6843135213906526,0.5583916428501037,0.0,0.0,0.0,0.0,0.7009948157489141,0.0,0.0,0.0,0.6496800374590292,0.9451046140816344,0.5308911973756152,0.7288611544461778,0.33333333333333326,0.0,0.6710963455149502,0.7498416719442685,0.2225922842076048,0.0,0.7567039106145252,0.17948717948717952,0.4581855043081602,0.7972570761599066,0.8661362850224836,0.5714285714285714,0.5463064584212749,0.41887417218543044,0.5,0.0,0.6947368421052631,1.0,1.0,0.0,0.9472527472527472,0.0,0.0,0.18467220683287167,0.75,0.0,0.0,0.35104122396940074,0.0,0.0,0.0,1.0,1.0,0.94107389377316,0.8222849083215797,0.75,0.0,0.6370967741935484,0.5,0.0,0.6000000000000001,0.6651785714285714,0.0,0.0,0.7,0.4545454545454546,0.953310371220819,0.36363636363636365,0.5338645418326693,0.8571428571428572,0.0,0.5625,1.0,0.0,0.9424107142857143,0.75,0.0,0.8095238095238095,0.0,0.8423645320197044,1.0,0.5255134995478621,0.9581455247907276,0.0,0.27373612823674465,0.13961038961038952,0.9404761904761905,0.5192307692307692,0.4545454545454546,0.08333333333333337,0.9583333333333334,0.6155018855813208,0.44280701754385954,0.0,0.12092363783674287,0.702808112324493,0.0,0.0,0.8444872412132884,0.6666666666666667,0.6764295676429567,0.0,0.33333333333333337,0.8456979156376568,1.0,0.25,0.7774094849566549,1.0,0.0,0.7476635514018692,1.0,0.7878787878787878,1.0,0.0,0.0,0.8888888888888888,0.0,0.8,0.0,0.5454545454545454,0.0,0.8571428571428572,0.75,0.0,0.0,0.4674535050071531,1.0,0.0,0.6706021251475796,0.9811928159945781,0.9622741063184277,0.0,0.7103293413173652,0.8823529411764706,0.47236551215917466,0.5394617933527462,1.0,0.8029817472481539,0.0,0.6745366284201236,0.0,1.0,0.0,0.0,0.8954359114512161,0.0,0.5872728140056289,0.65,1.0,0.6666666666666666,0.0,0.0,0.9453303435973526,0.0,0.0,0.9588390501319262,0.9452190764286051,0.2530364372469637,1.0,0.6578947368421053,0.9075220656040047,0.9775208734746307,0.0,0.0,0.30651872399445224,0.0,0.995397354777712,0.972020270754244,0.10526315789473684,0.0,0.9041650961176028,0.5469833308747603,0.984845031905196,0.5691947133855847,0.0,0.0,0.0,1.0,0.0,0.913066455278108,0.9375,0.0,0.996827425147062,0.5,0.9176282838202799,0.9259259259259259,0.0,0.7564102564102564,0.9937629937629938,0.9849874055415617,0.9972885032537961,0.7312574799110959,0.5045860339977987,0.0,0.032258064516129115,0.0,0.9722222222222222,1.0,1.0,0.9291962174940898,0.49397590361445787,0.0,0.8607655502392344,0.7093209481101858,0.0,0.0,0.5944564262321272,0.0,0.7142857142857143,0.2679949213790408,0.0,0.526849702230746,1.0,0.8729218856752449,0.0,0.33333333333333326,0.48583106267029974,0.0,0.5653739612188364,0.6666666666666667,0.0,0.691510678852451,0.0,0.0,0.7979041916167664,0.0,0.0,0.6077795786061588,0.0,0.0,0.6694182389937107,0.7777777777777778,0.0,0.5691261646940317,0.0,1.0,0.8368779682015279,0.0,0.0,0.0,0.0,0.0,0.0,0.5424433831458944,0.0,0.0,0.3864130434782608,0.0,0.6127418902496028,0.7692307692307692,0.8229994700582937,0.6077235772357723,0.6666666666666667,0.3076923076923077,0.4568965517241379,0.06060993542612381,0.0,0.6923076923076923,0.1438356164383563,0.46733668341708545,0.017078604009759135,0.3331914893617022,0.05714285714285716,0.0,0.4988147646461225,0.5409836065573772,0.7417311752287121,1.0,0.0,0.2222222222222222,0.5,1.0,0.0,0.5,0.3900589721988207,0.8571428571428572,0.5609756097560975,1.0,0.44537230340988165,0.6666666666666666,1.0,0.0,0.5,0.0,0.8096304591265397,0.5909090909090908,0.5714285714285714,0.0,0.0,0.6,0.08510638297872364,1.0,0.4347826086956522,1.0,0.5,1.0,1.0,1.0,0.0,0.75,0.0,0.0,0.0,0.5,0.0,0.8571428571428571,0.0,0.5,0.7511111111111111,0.6000000000000001,0.9418181818181818,0.16666666666666663,0.0,0.658890290037831,0.38888888888888884,0.0,1.0,0.0,0.8841772151898735,0.1986062717770034,0.75,0.8,1.0,0.8963963963963963,0.2222222222222221,0.15551181102362233,0.2642276422764227,1.0,1.0,0.15654205607476634,0.5714285714285714,0.9134615384615384,0.2857142857142857,1.0,0.75,0.0,1.0,0.5615057136455299,0.0,0.15477167076838938,0.0,0.0,1.0,0.0,1.0,0.9090909090909091,0.6666666666666666,1.0,0.6666666666666667,1.0,0.6843434343434343,0.6666666666666666,0.5,1.0,0.0,1.0,0.2625416468348406,0.25,0.2310286677908936,0.8666666666666667,0.8559622195985832,1.0,0.7777777777777778,0.5281733746130031,0.0,1.0,0.8340865074241446,0.9780600461893765,0.0,0.616892751165748,0.9538461538461538,0.812874921658161,0.0,0.0,0.0,0.0,0.5,0.0,0.29268292682926833,0.6666666666666667,1.0,0.4,1.0,0.9028235294117647,0.0,0.0,0.8709677419354839,0.8476425052779732,0.4534677419354839,0.9305135951661632,0.0,0.7087416293921452,0.27453987730061336,0.6666666666666667,0.0,0.0,0.0,0.9937850606362998,0.9840486608943922,0.0,0.9053960533080239,0.727544590409057,0.0,0.8907103825136612,0.6771843649835574,0.0,0.0,0.0,0.9289099526066351,0.0,0.9074177356385945,1.0,0.0,1.0,1.0,0.9194504699927694,0.8813559322033898,0.0,0.8571428571428572,0.9205574912891986,0.7441537851763773,0.8653846153846154,0.014267768800111713,0.4340921866216976,0.0,0.5,0.3571428571428571,1.0,0.0,0.9411764705882353,0.8543666450739061,1.0,runif
0.5714285714285714,0.0,0.6503538928210315,0.0,0.8269230769230769,0.6696078679240514,0.0,0.7914547304170906,0.0,0.7000330360092499,0.0,0.6508854354897,0.0,0.0,0.0,0.5985407089747941,0.0,0.0,0.33333333333333326,0.0,0.0,0.5,0.7373658766654876,0.0,0.0,0.0,0.5903334194882398,0.6035140347118063,0.14461216559557621,0.0,0.0,0.08221007893139043,0.0,0.33333333333333326,0.7925983790645446,0.0,0.0,0.0,0.8196131844184146,0.0,0.8991924629878869,0.9656005330667999,0.4580466984684912,0.5667247197126373,0.0,0.039880358923230386,0.3796718722582909,0.5808003383200298,0.6458423466297483,0.7562330448262499,0.42494879547449516,0.33333333333333337,0.2991833163190899,0.5791098878968919,0.4688859017948921,0.23725271663415992,0.0,0.0,0.8976115449604969,0.5619105877555183,0.3864577173270254,0.9028335301062573,0.0,0.0,0.2049364248317127,0.4481416373681567,0.4212389380530972,0.0,0.8027195720017833,0.922077922077922,1.0,0.13324732768153325,0.8648648648648649,0.08233629987623037,0.2857142857142857,1.0,0.0,0.6886969998892948,0.6666666666666667,0.6000000000000001,0.5,0.0,0.0,0.4447361512207929,0.3294810534503836,0.44444444444444453,0.4294712286158632,0.23220353028921858,0.5714285714285714,0.0,1.0,0.33884654106141243,0.0,0.0,0.0,0.999384236453202,0.9375,0.6666666666666666,0.0,0.0,0.7142857142857142,0.0,0.5714285714285714,0.0,0.3104796963073738,0.0,1.0,0.3149837133550487,0.75,0.509271018542037,0.11111111111111116,0.4630165833113977,0.655035685963521,0.9512195121951219,0.6042363433667782,0.0,0.9166666666666666,0.0,0.5080736012016522,0.0,0.7142857142857142,0.4969629853350783,0.12092534174553116,0.8008438818565401,0.0,0.4816941852117732,0.0,0.0,0.9250645994832042,0.3065693430656935,0.6252776943860703,0.4444444444444444,0.25,1.0,1.0,0.5,0.6483299965042744,0.6666666666666667,0.5698833431777909,0.0,0.0,0.43066927732289073,0.0,0.697986577181208,0.0,0.6281186783546865,0.7158779462817468,0.6666666666666667,0.0,0.34941468605888604,0.75,0.36842105263157887,0.5,0.8571428571428571,0.5,0.0,0.0,0.6546868888792317,0.5961651724363588,0.801792982636921,0.5975512800127206,0.7222222222222222,0.6676168299341578,0.8333333333333334,0.37381608919793774,0.0,0.4862318251969783,0.38820988304709725,0.28157803668243186,0.6851847287605057,0.23065338276181646,0.75,0.7333333333333334,0.0,0.0,0.0,0.3455797933409873,0.0,0.7010628875110718,0.875,0.8,0.5,0.9342140088731423,0.0,0.9802073515551367,0.984860209265552,0.8398987501977535,0.0,1.0,0.0,0.005542085209560121,0.0,0.0,0.5203280109427266,0.9775516901870692,0.16000000000000003,0.9923717879797871,0.6756756756756757,0.5657894736842106,0.5688553166763509,0.6733379632552559,0.0,0.6636263261485287,0.6359048113672381,0.0,0.0,0.0,1.0,0.5924264402811903,0.7980656035958904,0.7368421052631579,0.0,0.0,0.0,0.0,0.8444029906879486,0.7,0.0,0.9893143365983972,0.23937312532169042,0.9782608695652174,0.0913567007882512,0.7635070708927361,0.0,0.6728971962616823,0.0,0.9284208361186815,0.0,0.96875,0.0,0.875,0.0,1.0,0.7987093975380946,0.0,0.7804080061585835,0.6000000000000001,0.0,0.8148148148148149,0.0,0.5454545454545454,0.0,0.8,0.0,0.0,0.0,0.6240596116643977,0.0,0.0,0.5,0.0,0.0,0.0,0.814418272662384,0.0,0.15052660374777727,0.0,0.8,0.5189873417721519,0.5625434273248768,0.0,0.0,0.0,0.0,0.0,0.8841698841698842,0.0,0.0,0.0,0.8550102820584428,0.0,0.8357056694813028,0.9903298689561681,0.5292397660818715,0.20388751033912333,0.24422527900337387,0.035644847699286886,0.0,0.7638627642765781,0.706,0.9080267558528429,0.2943722943722943,1.0,0.0,0.9739130434782609,0.3437566025776462,0.2325383304940375,0.0,0.0,0.8850226928895613,0.7224522372424801,0.2801449025357944,0.9428571428571428,0.0,0.0,0.013605442176870763,0.0,0.8473684210526315,0.2124430955993929,1.0,1.0,0.4977973568281938,0.0,0.8826086956521739,0.24786324786324776,1.0,0.75,1.0,0.8615266589950135,1.0,0.0,1.0,0.5,1.0,0.4510644481581051,0.509090909090909,0.75,0.5655452436194895,0.47018030513176157,0.5,0.0,1.0,0.0,0.0,0.0,0.0,1.0,0.9586482881280569,0.8636363636363636,0.0,0.0,0.8636363636363636,0.0,0.8571428571428571,0.4285714285714286,0.3248058474189127,0.0,0.0,0.0,1.0,0.7050147492625369,0.0,0.5126476053467601,0.9659574468085106,0.6875,0.0,0.4274376417233562,0.16666666666666663,0.0,0.6363636363636365,0.75,0.0,0.37746938775510186,0.0,0.8928571428571428,0.5744293216161183,0.7509353287012293,0.0,0.0,0.9402390438247012,0.0,0.9169642857142857,0.6666666666666667,0.33333333333333337,0.9712976181531294,0.375,0.25,0.0,1.0,0.9411392405063291,0.5121951219512195,0.0,0.5369193844416207,0.0,0.9,0.3529411764705882,0.6875957120980092,0.9303112313937754,0.8,0.0,0.6363636363636365,0.5,0.1428571428571429,0.75,1.0,1.0,0.0,0.0,0.8970264317180616,0.6937431394072449,0.7820186598812553,0.6142208774583964,0.9583333333333334,0.789282250242483,0.8823529411764706,0.48306734137796803,0.0,0.9370932754880694,0.7648921914971373,0.5676065676065676,0.9403487672880337,0.0,0.0,0.6321752265861027,0.0,0.0,0.0,0.4452636784606394,0.44999999999999996,1.0,1.0,1.0,0.0,0.9487222873692578,0.0,0.9888888888888889,1.0,0.854220600769482,0.1614625033360022,0.97900466562986,0.803030303030303,0.5672340633078086,0.0,0.0,0.7727690977869897,1.0,0.13636363636363646,0.9964906779309295,0.9625341773389132,0.6310344827586207,0.46478873239436613,0.6891444879251074,0.0,0.7632919254658386,0.4851148766297192,0.0,0.0,0.0,0.9922220855878012,0.6527423335982931,0.8000384172109105,0.6875,0.0,0.0,0.0,0.0,0.9346022449975597,0.5,0.0,0.9994556341861731,0.6651776033308756,0.9771039603960396,0.8517364962880791,0.764242378470911,0.0,0.6774193548387096,0.75,0.9722222222222222,0.0,1.0,0.0,0.9189189189189189,1.0,0.0,0.6726035331595713,0.0,0.6294117647058823,0.5545276142416595,0.0,0.7142857142857143,0.0,0.6578385305425032,0.0,0.0,0.0,0.0,0.0,0.4741607466220923,0.0,0.0,0.6666666666666667,0.0,0.0,0.6000000000000001,0.7320836883461138,0.0,0.0,0.0,0.47490347490347506,0.05882352941176461,0.625,0.0,0.0,0.42810188989318,0.0,0.0,1.0,0.0,0.33333333333333326,0.39429012345679004,0.5418326693227091,0.0,0.3385284523378036,0.9637060877901801,0.3656449354286604,0.5491084064534391,0.6785714285714286,0.48596112311015127,0.804513009440479,0.0,0.0,0.7641759406465289,0.6013513513513513,0.33333333333333337,0.0,0.4651162790697675,0.03128103277060568,0.20000000000000007,0.0,0.0,1.0,0.0,0.796756996890271,0.8095238095238095,0.31783276450511944,0.0,0.19148936170212771,0.7417311752287121,1.0,1.0,0.0,0.75,0.9,0.0,0.07692307692307698,0.22863027806385183,0.1428571428571428,0.9024390243902439,0.0,0.07794015309672941,0.6666666666666666,1.0,0.0,0.0,0.0,0.6497991967871486,0.165289256198347,0.4285714285714285,0.542271479011377,0.3247811651071537,0.6,0.0,0.5714285714285714,0.6956521739130435,1.0,1.0,1.0,0.9425981873111783,1.0,0.75,0.0,0.33333333333333337,0.75,0.0,0.0,0.5,0.0,0.0,0.0,0.17189542483660125,0.6000000000000001,0.25141242937853103,0.25,0.07017543859649122,0.0,0.0,0.5444915254237288,0.0,0.0,0.2461368653421634,0.12337662337662325,0.25,0.7,0.7560975609756098,0.7770807193642828,0.0,0.0,0.0,1.0,0.0,0.8070175438596491,0.5714285714285714,0.6057692307692308,0.4285714285714285,0.0,1.0,1.0,1.0,0.2284241201524322,0.0,0.5843587640142194,0.3549175320708613,0.0,0.9365079365079365,0.0,0.0,0.0,0.5,0.5833333333333334,0.6666666666666667,1.0,0.9473684210526316,1.0,1.0,0.5,0.0,0.5,0.5999506416584404,0.0,0.0,0.8666666666666667,0.8266539989635515,0.0,0.5555555555555556,0.0,0.0,0.3971631205673758,0.0,0.3882915173237754,0.0,0.0,0.3452914798206278,0.8509803921568627,1.0,0.927710843373494,0.0,0.24181060154854095,0.5,0.0,0.0,0.6666666666666667,0.8,0.8,1.0,0.9147041080659088,0.0,0.9166666666666666,0.967741935483871,0.6530612244897959,0.0,1.0,0.0,0.0,0.0,0.0,0.35426828369755825,0.8643835616438356,1.0,0.9940542310925236,0.8984778794632273,0.0,0.646714421221339,0.677242220866382,0.0,0.7254901960784315,0.6547749949093871,0.0,0.0,0.0,1.0,0.9365079365079365,0.5610714158757242,1.0,0.0,0.0,0.0,0.0,0.8813559322033898,0.5555555555555556,0.0,1.0,0.0,1.0,0.06451901246044667,0.872562901644701,0.0,0.75,0.3571428571428571,0.9019686621132985,1.0,0.9411764705882353,0.0,0.8125,runif
0.5714285714285714,0.6928571428571428,0.7499120845114009,0.8903394255874674,0.818075117370892,0.0,0.0,0.760757994472957,0.3874400166910076,0.7090158416730242,0.0,0.0,0.8384924189642016,0.6812137002659718,0.0,0.5985407089747941,0.7730463266261114,0.0,0.0,0.42400676323671793,0.478460868588123,0.5,0.0,0.0,0.0,0.0,0.5989556135770234,0.7098052613597541,0.279183991052107,0.0,0.0,0.7198243950591627,0.6445705914667643,0.0,0.7988879464706437,0.7737608635263304,0.0,0.7673119713171241,0.8531874454204551,0.0,0.0,0.9656005330667999,0.5785456006428285,0.8461538461538461,0.4541359096830221,0.0,0.5312516399895041,0.748808303642605,0.7272727272727273,0.6331223356155535,0.14558346267814315,0.33333333333333337,0.0,0.9797382047406169,0.7565905096660808,0.23623917295333896,0.0,0.041832449160035146,0.7289603960396039,0.717218875502008,0.7242896102753584,0.22184179456906705,0.5925401083050762,0.6142163575252086,0.0,0.28792064289301855,0.3083185840707965,0.8116385911179174,0.9958289885297185,0.5211267605633803,0.8520016174686615,0.0,0.8648648648648649,0.9088819473094831,0.2857142857142857,1.0,0.0,0.23237476808905377,0.0,0.4,0.0,0.33333333333333337,0.0,0.25515574650913,0.8596280087527353,0.22222222222222232,0.6714618973561431,0.24471841522532778,0.0,0.36363636363636376,0.0,0.6146056036907843,0.5,0.0,0.7,0.92,1.0,0.08252427184466027,0.9894736842105263,0.8671875,0.2941176470588235,0.4652777777777777,0.0,1.0,0.9727746669241166,0.0,0.18181818181818188,0.7068084236352483,0.625,0.8015160022459292,1.0,0.5492580719785849,0.0,1.0,0.502624142107388,0.5492163009404389,0.0,0.0,0.8333333333333333,0.33333333333333337,0.7142857142857142,0.5270410431174988,0.3113856068743286,0.5965708522440748,0.5610213589883222,0.4065656565656566,0.0,0.6666666666666667,0.5196969696969698,0.0,0.887086491464192,0.7777777777777778,0.0,1.0,0.875,0.5,0.2643841166936789,0.6666666666666667,0.40897533689295695,0.0,0.0,0.10720268006700162,0.33333333333333337,0.0,0.1606994171523728,0.0,0.6666666666666667,0.6666666666666667,0.0,0.34941468605888604,1.0,0.6666666666666667,0.5,0.8571428571428571,0.0,0.4104330708661418,0.7,0.6633193508749629,0.44877460827641635,0.0,0.4930936198202148,0.4722222222222222,0.48282265552460546,0.6666666666666667,0.763459237737139,0.0,0.9190077470850614,0.0,0.6788292682926829,0.4423468090516147,0.0,0.8,0.0,0.0,0.7820443482963764,0.6666666666666666,0.0,0.8269230769230769,0.706266318537859,0.875,0.0,0.5,0.9449928616130798,0.33333333333333326,0.0,0.9828473413379074,0.8003419702748915,0.05016089343176233,0.9991197802971622,0.46354825115887066,0.9605357258955854,0.9691060844320794,0.9859154929577465,0.6444897981637245,0.75,0.16000000000000003,0.9879462320688915,0.96486447614849,0.15974282888229463,0.0,0.3974670908977478,0.8988178609445907,0.9766917554021712,0.2470508811824902,0.0,0.0,0.0,0.9766178165651244,0.0,0.0,0.7368421052631579,1.0,0.9731113956466069,0.6666666666666667,0.0,0.0,1.0,0.9913536881923805,0.9790649364663987,0.0,0.9347826086956522,0.7557260267305832,0.9180735738404123,0.0,1.0,0.0,0.0,0.5,0.0,0.0,0.96875,0.0,0.5741935483870968,0.7819048564902176,0.9192079207920792,0.7804080061585835,0.0,0.0,0.8469798657718122,0.4487209140953877,0.5452830188679245,0.0,0.0,0.82699513672965,0.7326787512588117,0.0,0.6335085874518052,1.0,0.0,0.0,0.7994526842123044,0.8693157366231531,0.0,0.0,0.0,0.0,0.0,0.8,0.5189873417721519,0.5519747920174722,0.0,0.0,0.6421052631578947,0.8,0.25,0.8841698841698842,1.0,0.0,0.7668332433703053,0.8843537414965986,0.0,0.2559115179252478,0.9891754518072289,0.7377622377622377,0.9184581171237954,0.9156217731228795,0.5296167247386758,0.798087141339001,0.9379520592982247,1.0,0.20179037672510258,0.0,1.0,0.9020182291666666,0.9674899725564703,0.6513963406245702,0.23777116120799657,0.0,0.14491614255765184,0.8232558139534883,0.800272257010618,0.8588235294117647,0.0,0.0,0.2680412371134021,1.0,0.0,0.0,1.0,1.0,1.0,0.9640190088255262,0.17434944237918215,0.9452380952380952,0.8495726495726496,1.0,1.0,1.0,0.0,0.0,1.0,0.0,0.0,1.0,0.4520597621119814,0.9630723781388478,0.0,0.9154929577464789,0.5165745856353592,0.0,0.41666666666666663,0.0,0.96875,1.0,0.0,0.7,0.5740432612312812,1.0,0.36363636363636365,1.0,0.0,0.36363636363636365,0.4274999999999999,0.0,1.0,1.0,0.0,0.09999999999999998,1.0,0.5,0.817109144542773,1.0,0.637295172474714,0.0,0.8125,0.02911443590780427,0.20025188916876568,0.0,0.0,0.6363636363636365,0.0,0.5833333333333333,0.3810672294241786,0.4700697759823722,0.5,0.9730816831683168,0.714527027027027,0.0,0.0,0.6568627450980393,0.6666666666666667,0.9380723265559522,1.0,0.0,0.9711710422777022,0.875,0.25,0.0,1.0,0.8855455568053994,0.0,0.0,0.0,0.0,0.0,0.5882352941176471,0.0,0.7442489851150202,0.8,0.0,0.6363636363636365,1.0,0.8571428571428572,0.75,1.0,0.5,0.0,1.0,0.9574636723910172,0.6420782552918538,0.12645322840279005,0.7562522014793942,0.0,1.0,0.6470588235294118,0.7153284671532847,0.8124787487249234,1.0,0.78,0.0,0.856978527607362,0.0,0.8,0.23914823914823902,0.0,0.640224109564676,1.0,0.0,0.8,1.0,1.0,0.0,0.0,0.9492960492960493,0.33333333333333326,0.0,1.0,0.82698834362208,0.876911871813547,0.9979335680391856,0.0,0.9846502936465563,0.9048603929679421,1.0,0.7614537553701051,1.0,0.13636363636363646,0.9914532147092473,0.9736902387233769,0.16499736425935696,0.0,0.0,0.964745629927043,0.9772727272727273,0.0,0.0,0.0,0.0,0.75,0.0,0.0,0.6875,0.9512195121951219,0.9798467769482262,0.5,0.0,0.0,1.0,0.9842734325854476,0.9966777408637874,0.0,0.5624999999999999,0.9917872141857209,0.764249552930509,0.0,0.75,0.75,0.0,1.0,0.0,0.0,1.0,0.0,0.7509349289454001,0.7298395609035255,0.7777777777777778,0.6294117647058823,0.0,0.0,0.7142857142857143,0.7158119658119657,0.6557566422795533,0.0,0.8333333333333334,0.8840996168582376,0.5892419396259893,0.0,0.9119897959183674,0.8625954198473282,0.0,0.0,0.12951511298618734,0.5014367816091952,0.6000000000000001,0.0,0.0,0.0,0.0,0.47490347490347506,0.6862745098039216,0.625,0.0,0.0,0.8237704918032787,0.5166438668490652,1.0,1.0,0.8281170353756754,0.2843137254901962,0.5759430427179615,0.832116788321168,0.0,0.581967213114754,0.9586223391533126,0.5469114672475494,0.8118297401879492,0.30828872069411095,0.0,0.43112272677774144,0.6861710717553965,0.7692307692307692,1.0,0.20150273224043724,0.33333333333333337,0.3076923076923077,0.9767441860465116,0.9519782543038358,0.5,0.0,0.05882352941176461,0.30909090909090897,0.43163858655136433,0.3232830820770519,0.25482625482625487,0.7377701934015928,0.7524551303758888,0.0,0.0,0.4736842105263157,0.8571428571428571,0.5555555555555556,0.2500000000000001,0.10000000000000009,0.14724770642201834,0.07692307692307698,0.8741755454084221,0.0,0.8095238095238095,0.0,0.44537230340988165,0.6666666666666666,0.4,0.0,1.0,0.0,0.0,0.7107438016528926,0.5714285714285714,0.7963393375944218,0.3934524703408919,0.0,0.0,0.0,0.4347826086956522,0.0,0.5,1.0,0.0,1.0,0.0,1.0,0.33333333333333337,0.5,0.0,1.0,1.0,0.7142857142857142,0.0,0.5,0.2709466811751905,0.0,0.9816265060240964,0.8333333333333333,1.0,0.0,0.4999999999999999,1.0,0.8939068100358423,0.0,0.2461368653421634,0.7142857142857142,0.25,0.19999999999999996,0.7560975609756098,0.8601823708206687,0.8888888888888888,0.6291913214990139,0.0,1.0,1.0,0.0,0.0,0.6057692307692308,0.7142857142857142,1.0,0.7208588957055215,1.0,1.0,0.7555555555555555,0.0,0.35972540045766577,0.3928571428571429,0.0,0.5396825396825395,1.0,1.0,0.18181818181818177,0.0,0.16666666666666674,0.6666666666666667,1.0,0.9473684210526316,0.6666666666666666,0.5,0.5,0.0,0.5,0.7365050320219579,0.25,0.0,0.3846153846153846,0.0,0.23974763406940058,0.7777777777777778,0.5232050773502579,1.0,0.7431847684984856,0.0,0.8753611636943309,0.0,0.6883394746226078,0.0,0.812874921658161,0.8,0.16666666666666652,0.0,0.32688108000794114,0.5,0.5314685314685315,0.8780487804878049,0.6931818181818181,0.8,0.4,1.0,0.6661069129582982,1.0,0.0,0.967741935483871,0.7083333333333334,0.0,0.20000000000000007,0.6681896551724138,0.33681590750006474,0.7180094786729858,0.6666666666666667,0.32211471259726343,1.0,1.0,0.965652805062897,0.9444133866341543,0.5,0.0,0.0,0.9864744792180867,0.8888888888888888,0.6293668122270742,0.0,0.0,0.0,1.0,0.0,0.0,1.0,1.0,1.0,1.0,0.0,0.0,0.888888888888889,1.0,0.9356862745098039,0.18717790146361568,0.948051948051948,0.5049644216448785,0.745014245014245,0.0,1.0,0.3571428571428572,0.0,0.0,0.0,0.0,0.9375,runif
0.0,0.33333333333333326,0.0,0.0,0.8155509065550907,0.7053637859896738,0.746875,0.0,0.0,0.7414616232096952,0.4860351222311018,0.0,0.0,0.6128152065608952,0.0,0.0,0.0,0.996206373292868,0.8,0.5290341540997022,0.0,0.0,0.0,0.6776954018455714,0.0,0.6429819452533488,0.0,0.7424600827912478,0.0,0.8885900022416499,0.0,0.7203892312682452,0.0,0.01176470588235301,0.0,0.0,0.47390642948061223,0.0,0.0,0.0,0.5437865555644581,0.0,0.8535992710337147,0.18010899182561302,0.0,0.7984420642648491,0.12824547600314695,0.5936120666037565,0.4005791505791505,0.9483960948396095,0.8501330671989354,0.0,0.4208972559647679,0.43328080275303127,0.5701519213583557,0.3431798436142486,0.0,0.0,0.7773808869593889,0.0,0.7295325358445746,0.20223577235772372,0.09555479763528862,0.5234015548151675,0.17543859649122806,0.23504043126684648,0.8259717314487632,0.8195211786372008,0.78125,0.7120669056152926,0.0,0.4920634920634921,0.8648648648648649,0.9086882050676275,0.0,0.0,0.0,0.0,0.6666666666666667,0.4,1.0,0.33333333333333337,1.0,0.8607948442534908,0.8202166064981949,0.22222222222222232,0.3288702928870295,0.4478450968144908,0.5714285714285714,0.9491525423728814,0.0,0.15949323151683448,0.5,0.5487149822328734,0.5,0.7401626731149703,1.0,0.0,0.7187944270685244,0.9814814814814815,0.0,0.4085308056872038,0.5714285714285714,0.05555555555555547,0.9032450726657376,0.0,0.16666666666666663,0.07928388746803083,0.625,0.9946793615233828,0.0,0.5917247760996729,0.8220960492074758,1.0,0.0,0.8620689655172413,0.0,0.8227965213100599,0.23948220064724923,0.0,0.7142857142857142,0.0,0.6756465517241379,0.765449945789664,0.3730109526761729,0.41666666666666663,0.0,0.6666666666666667,0.5439672801635992,0.6086956521739131,0.7526756311745335,0.7777777777777778,0.0,0.5283018867924528,0.875,0.0,0.47472094550229804,0.0,0.40630885122410554,0.0,0.5,0.46113582831719435,0.0,1.0,1.0,0.4745596868884542,0.02941176470588247,0.0,0.8571428571428572,0.4397705544933078,0.25,0.7777777777777778,0.5,0.4285714285714285,0.0,0.20874433484404165,0.0,0.5926538949147767,0.3821942446043166,0.817519620282908,0.0,0.41666666666666663,0.5629719853836785,0.0,0.7010367049593723,0.911138191567146,0.9159288441231419,0.6619436439321166,0.0,0.1285918399745991,1.0,0.6,0.8214285714285714,0.0,0.0,0.0,0.4976021484749664,0.3076923076923077,0.6361886429258903,0.0,0.6000000000000001,0.5,0.9382816325761857,0.0,0.0,0.9832288463842191,0.9753228782287823,0.5087965778271719,0.0,0.46354825115887066,0.9872249036886154,0.9809556033545206,0.9436619718309859,0.5173770312974055,0.5,1.0,0.9957436762161234,0.0,1.0,0.8970389223415483,0.4090132090132089,0.4378420949005709,0.9554297842235585,0.9233360555328706,0.0,0.0,0.0,0.9965469780020766,0.0,0.9383367942252546,0.9473684210526315,0.0,0.9750734214390602,0.0,0.9826200304149467,0.6621410484348904,1.0,0.7179312110608518,0.9386363636363636,0.0,0.0,1.0,0.7730427584450317,0.0,1.0,0.6818181818181819,0.9101271372205173,0.5,0.96875,0.6085573082391171,0.875,0.0,0.5741935483870968,0.0,0.0,0.791776798825257,0.6000000000000001,0.6425925925925926,0.0,0.0,0.5454545454545454,0.7515789473684211,0.8,0.0,0.7596403178586365,0.0,0.0,0.0,0.819047619047619,0.8571428571428572,0.8825893801565475,0.0,0.0,0.0,0.8734177215189873,0.0,0.94,0.0,0.5189873417721519,0.6005013859448883,0.9013641133263378,0.0,0.6437462235649547,0.0,0.5,0.0,0.0,0.6843365466697204,0.0,0.0,0.0,0.40452841072973755,0.0,0.8912708420905142,0.24974093264248698,0.0,0.9622799664710813,0.3537347560975611,0.749340160472973,0.4782608695652174,0.9737544483985765,0.9487179487179487,1.0,0.7452574525745257,0.0,0.8116936590721933,0.29521586931155175,0.0,0.0,0.9037861539758834,0.0,0.8571428571428571,0.0,0.7604473219540906,0.7294845360824742,0.0,0.0,0.5028901734104047,0.85,0.8484848484848485,0.8125,0.5833333333333333,0.8066150973592958,1.0,0.8408104196816208,0.5,0.0,1.0,0.8546775658492279,1.0,1.0,0.0,0.0,1.0,0.94107389377316,0.8885754583921015,0.0,0.39624432957062994,0.5552486187845305,1.0,0.9214285714285714,0.0,0.1695238095238094,1.0,0.79890560875513,0.7,1.0,1.0,0.0,0.6206896551724137,0.0,0.0,0.5263157894736842,0.8571428571428571,0.0,0.9387596899224806,0.0,0.0,0.33333333333333326,0.5,0.9470899470899471,0.0,0.7857142857142858,0.7672552166934189,0.8125,0.0,0.9219858156028369,0.0,0.9230769230769231,1.0,0.08333333333333337,0.5833333333333333,0.0,0.5541681968417186,0.8571428571428572,0.0,0.8550968828980623,0.0,0.0,1.0,0.33333333333333337,0.7130035335689047,1.0,0.6666666666666667,0.3960096103624776,0.875,0.0,0.9254697615663983,0.0,0.9606872451951077,0.0,1.0,0.5185465556396669,0.0,0.9,0.8823529411764706,0.7549770290964778,0.5,0.0,1.0,0.0,0.0,0.8571428571428572,1.0,0.33333333333333326,1.0,0.0,0.0,0.9059021606959125,0.6153846153846154,0.8404963136126595,0.08140074211502779,0.5202265372168284,0.8421052631578947,0.0,1.0,0.9556416881998278,1.0,1.0,0.0,0.0,1.0,0.6,0.9406021155410903,0.0,0.0,1.0,0.8146167557932263,0.65,1.0,0.0,1.0,0.0,0.9462414735051226,0.0,0.0,1.0,0.9717807882471946,1.0,0.0,0.4307654198662373,0.9954061094008998,0.9775208734746307,0.9558823529411765,0.8015233949945593,0.7058823529411764,0.6818181818181819,0.9968707063635937,0.0,1.0,0.8732394366197183,0.4206130532116412,0.5538118787641384,0.9403379698815956,0.8979464841319229,0.0,0.0,0.0,0.9762693156732892,0.0,0.983327897852491,0.9375,0.0,0.9857018163680951,0.0,1.0,1.0,1.0,0.5583554376657824,0.9267058662655545,0.0,0.0,0.9673471689600722,0.7823576327962992,0.0,0.0,1.0,0.8892057026476579,1.0,1.0,0.5326633165829147,1.0,1.0,0.8889256198347107,0.0,0.0,0.6000000000000001,0.5839128723264664,0.9333333333333333,0.0,0.0,0.6623056035546779,0.2322241516872391,0.07042253521126773,0.0,0.6419165168375529,0.0,0.0,0.0,0.6084225221033038,0.6666666666666667,0.9694713328369322,0.0,0.0,0.0,0.4347826086956521,0.0,0.2410714285714286,0.0,0.1809954751131222,0.040983606557377095,0.6548783024755565,0.0,0.8237704918032787,0.0,0.8181818181818181,0.0,0.0,0.36111111111111116,0.39429012345679004,0.0,0.0,0.9733284618195104,0.0,0.790623390005152,0.12216694306246545,0.0,0.6664788732394367,0.20042590504822766,0.6341374166127172,0.7692307692307692,0.75,0.7253246753246754,0.0,0.46153846153846156,0.4913793103448275,0.4397630019749835,0.5,0.0,0.0,0.625,0.09174841315637638,0.3232830820770519,0.25,0.0,0.14696918388079938,0.4918032786885246,0.0,0.75,0.5,0.0,0.2500000000000001,0.0,0.6057339449541284,1.0,0.8741755454084221,0.0,0.0,0.0,0.04105775922059851,0.6666666666666666,0.4,0.0,1.0,0.0,0.7368421052631579,0.7107438016528926,0.5714285714285714,0.3736857061665245,0.0,0.3999999999999999,0.25531914893617036,0.0,0.13043478260869568,0.0,0.38888888888888884,0.5,0.23529411764705876,0.6666666666666667,0.5,0.36,0.6666666666666667,0.0,0.0,0.0,0.2500000000000001,0.8571428571428571,0.0,0.5,0.2757890685142418,0.0,1.0,0.25,0.8113207547169812,0.30409356725146186,0.6140350877192982,0.5221625251846878,0.737417943107221,0.0,0.39050632911392413,0.7142857142857142,0.75,0.19999999999999996,0.31707317073170727,0.3617021276595743,0.4444444444444444,0.4842209072978303,0.0,1.0,1.0,0.5,0.7142857142857143,0.0,0.7142857142857142,0.0,0.6976177077471394,1.0,0.0,0.0,1.0,0.33630910866229624,0.3928571428571429,0.0,0.0,0.0,0.0,0.18181818181818177,0.08333333333333326,0.3069767441860466,0.6666666666666667,0.0,0.2592592592592592,0.6666666666666666,0.5,0.0,1.0,0.0,0.7365050320219579,0.0,0.19999999999999996,0.3846153846153846,0.7967084346362446,0.0,0.0,0.8982655966865131,0.0,0.7049180327868853,0.8921885087153002,0.8753611636943309,0.4701653486700216,0.6407415078707539,0.7698216735253773,1.0,0.8,0.7882861257801248,0.375,0.2509370684553166,0.5,0.756934306569343,0.29268292682926833,0.6056997022543598,0.0,0.6000000000000001,1.0,0.9093180880532798,0.0,0.0,0.9767441860465116,0.9690402476780186,0.5694849368318755,1.0,0.6715517241379312,0.3275590137216762,0.0,0.6666666666666667,0.3104341780951779,0.9732142857142857,1.0,0.99538533032173,0.0,1.0,0.9090423043507319,0.6186226188890369,0.47447345433368904,0.8888888888888888,0.5633967560823456,0.0,0.0,0.0,1.0,0.0,0.8080459159270872,1.0,0.0,0.9732388823297914,0.0,0.966743119266055,0.851063829787234,0.888888888888889,0.7272727272727273,0.7333333333333334,0.269524005769627,0.0,0.7808652988403211,0.7025133549347577,0.0,0.25,0.7142857142857143,1.0,0.0,0.9411764705882353,0.6830304581520349,0.8125,runif
0.5714285714285714,0.0,0.659912564151302,0.0,0.0,0.668568385820782,0.0,0.8206583427922816,0.7045790251107829,0.7682854546172996,0.0,0.0,0.0,0.0,0.4,0.6261283393932587,0.8390047566776436,0.8734177215189873,0.0,0.5785170090318881,0.0,0.5,0.7001684944869786,0.7197347136848916,0.28578416616496083,0.7149156939040207,0.0,0.0,0.08615335615892983,0.0,0.0,0.058166116332232565,0.0,0.2857142857142857,0.0,0.0,0.0,0.0,0.8886395996030548,0.0,0.0,0.0,0.0,0.8465389638659121,0.8305471124620061,0.8863718607512485,0.05420773313116001,0.6716417910447761,0.43303763672379636,0.0,0.0,0.33333333333333337,0.031136065334694374,0.0,0.0,0.14913763949949288,0.7344453269790838,0.0,0.707676850710143,0.5788446980725558,0.7183026584867076,0.9055561692256711,0.5580009568961768,0.6641663572224286,0.6413612565445026,0.45277917505030185,0.0,0.7989854153455929,0.9631989596879064,0.6390465380249717,0.4541120381406437,0.49493180980464424,0.2857142857142857,0.0,0.0,1.0,0.0,0.9241379310344827,0.0,0.4,0.0,0.0,1.0,0.6553426096088213,0.8086021505376344,0.44444444444444453,0.0,0.5888787602552417,0.5714285714285714,0.9491525423728814,0.41666666666666663,0.0,0.5,0.20775142550202452,0.30000000000000004,0.9723719676549866,0.0625,0.0,0.0,0.0,0.2941176470588235,1.0,0.0,0.8836772983114447,0.8009893017370298,0.6428571428571428,1.0,0.7945131791285638,0.6000000000000001,0.0,0.5,0.5864424410540915,0.36931818181818177,0.1270718232044199,0.19879280934260601,0.6437054631828978,0.9166666666666666,0.8622556184907728,0.0,0.6000000000000001,0.7142857142857142,0.919904567143831,0.9176766673289621,0.7854137447405329,0.9074223034734917,0.7904030710172745,0.0,0.6666666666666667,0.18981481481481488,0.583941605839416,0.0,0.11111111111111105,0.0,0.5471698113207548,1.0,0.5,0.9596084787237423,0.6666666666666667,0.6855755943733834,0.0,0.0,0.0,0.6666666666666667,0.0,0.478908188585608,0.4934541792547835,0.03857487275649607,0.6666666666666667,0.8571428571428572,0.4826368452030606,1.0,0.36842105263157887,0.0,0.0,0.0,0.6948289761603132,0.0,0.0,0.0,0.0,0.9446182728410513,0.4722222222222222,1.0,0.8333333333333334,0.941435543387692,0.9425038051750381,0.4626731356131154,0.8638049219013373,0.355513464547476,0.8094814737337552,1.0,1.0,0.889795918367347,0.0,0.8636363636363636,0.0,0.34950617283950625,1.0,0.6070422535211266,0.0,0.8,0.0,0.0,0.9142857142857143,0.0,0.6973197589860793,0.25859950859950853,0.0,1.0,0.0,0.002860930849208021,0.6966689949179894,1.0,0.21360491410442461,0.9638418079096045,0.72,0.0,0.0,0.0,0.9383343987696526,0.9764750642021496,0.5676117829090659,0.9877509560229446,0.21239075493808868,0.0,0.0,0.0,1.0,0.9384512885158761,0.7980656035958904,0.9473684210526315,0.9649122807017544,0.0,0.0,0.9009433962264151,0.8449793100955891,0.0,0.0,0.9907051568504781,0.9927414698523549,0.9347826086956522,0.1153856807388921,0.0,0.9375,1.0,0.4076704545454546,0.8967277486910995,0.0,1.0,0.9011704418567554,0.875,0.0,1.0,0.7502582142055235,0.0,0.0,0.6000000000000001,0.0,1.0,0.7781893004115226,0.5452830188679245,0.0,0.0,0.0,0.0,0.5,0.7028421209265413,0.8571428571428572,0.6452223273415327,0.0,0.9008662996628686,0.0,0.0,0.8098871531263805,0.875192820081335,0.0,0.8679245283018868,0.0,0.0,0.5434756097560975,0.0,0.0,0.46182736957115533,0.0,0.0,0.0,0.0,0.0,0.0,0.8783559264433788,0.0,0.0,0.0,0.0,0.9110835401157982,0.9905742712515273,1.0,0.0,0.783489940623739,0.30856067732831605,0.0,0.0,0.0,0.34856535600425087,0.27105763141228634,0.0,0.21739130434782605,0.7141119221411193,0.0,0.7068690765746876,0.8196265938069217,0.8712179984484096,0.9428571428571428,0.09270941467699434,0.2764900662251656,0.8870151770657673,0.0,0.16473988439306364,0.8167539267015707,1.0,0.8125,0.9594882729211087,0.7388173685358935,1.0,0.0,0.5,0.75,0.0,0.9036144578313253,0.0,0.5,0.0,0.5,0.0,0.823247102891256,0.8885754583921015,0.75,0.1428571428571429,0.8387942332896461,0.5,1.0,0.6666666666666667,0.19979577944179716,1.0,0.050015156107911296,0.29999999999999993,0.9693486590038314,0.11365120836054876,0.0,0.0,0.0,0.36363636363636365,0.572944297082228,0.0,1.0,0.8032288254562471,0.75,0.8571428571428572,0.6666666666666666,0.0,0.0,1.0,0.5076165924537146,0.26391096979332274,0.0625,0.0,0.5909090909090908,0.75,0.9230769230769231,0.0,0.75,0.5833333333333333,0.930989898989899,1.0,0.8571428571428572,0.47492191805989337,0.7320977253580454,0.0,0.0,0.0,1.0,0.0,0.0,0.0,0.8585989199056819,0.0,0.25,0.925645872715816,1.0,0.9570474069360484,0.0,0.0,0.0,1.0,0.0,0.8235294117647058,0.0,0.03864168618266994,0.8,1.0,0.0,1.0,0.1428571428571429,0.0,0.0,0.0,0.9374803644360666,0.0,0.0,0.3305084745762712,0.48805646036916406,0.8951653944020356,0.39522653721682854,1.0,0.8823529411764706,1.0,0.9707253402946112,0.0,1.0,0.5055185055185056,0.6751872354281994,1.0,0.6,0.918429003021148,0.0,0.8888685574870387,0.0,0.39899689830396623,0.65,0.0,0.0,1.0,1.0,0.0,0.9117647058823529,0.0,0.638706006665041,0.0,0.7918881201935924,0.978806907378336,1.0,0.41216005001562994,0.3255813953488371,1.0,0.318433572392246,1.0,0.6818181818181819,0.0,0.0,0.0,1.0,0.9871215878734086,0.5717856428714256,0.9878291657446338,0.3665998663994656,0.0,0.0,0.0,1.0,0.957321061619056,0.9307485740047435,0.9375,0.9047619047619048,0.0,0.0,0.8901648998822144,0.9259259259259259,0.0,0.0,0.9955724225173941,1.0,0.9696282073660325,0.49063224379558945,0.0,1.0,0.6774193548387096,0.0,0.8888888888888888,0.5,1.0,0.9351417727171243,0.9150943396226415,1.0,0.0,0.6966880481738447,0.0,0.0,0.5529610353073569,0.0,0.7142857142857143,0.6969525959367946,0.6779725609756098,0.0,0.0,0.0,0.0,0.33333333333333326,0.48583106267029974,0.9151477058453803,0.6555052196178845,0.0,0.9695167286245353,0.0,0.6000000000000001,0.6592338295687885,0.709828674481515,0.6995249406175772,1.0,0.0,0.0,0.0,0.0,0.0,0.42810188989318,0.0,0.0,0.0,0.0,0.33333333333333326,0.4516599781101788,0.7448042532624457,0.0,0.6373075546007877,0.0,0.0,0.8836515993876399,0.7912848326164204,0.6741686261336917,0.8267944716897013,0.5659294804923847,0.7692307692307692,0.0,0.3091216216216216,0.6666666666666667,0.20512820512820518,0.0,0.01638530287984097,0.5051546391752577,1.0,0.0,0.7744360902255639,0.0,0.4075537988581466,0.8095238095238095,0.7377701934015928,0.8134803921568627,0.49240121580547114,0.7417311752287121,0.2932692307692307,0.6952380952380952,0.5555555555555556,0.2500000000000001,0.10000000000000009,0.6469298245614035,0.0,0.0,0.0,0.8545454545454545,1.0,0.5201949860724234,0.6666666666666666,0.6,0.0,0.0,1.0,0.7797089733225546,0.6729559748427674,0.4285714285714285,0.0,0.45925143374584976,0.6,0.6842105263157894,0.5714285714285714,0.0,0.0,0.08823529411764708,1.0,0.9411764705882353,0.0,0.5,0.0,0.6666666666666667,0.5,0.0,1.0,0.5,0.2857142857142857,0.0,1.0,0.4827859749325718,0.6785714285714286,0.0,0.33333333333333326,1.0,0.8382222222222222,0.33333333333333337,0.0,0.1811414392059555,0.0,0.37682077264091196,0.5714285714285714,0.25,0.19999999999999996,1.0,0.7457496136012365,0.4444444444444444,0.7831245880026367,0.2642276422764227,1.0,1.0,1.0,0.7142857142857143,0.4204545454545454,0.2857142857142857,0.0,0.3341159896689365,1.0,1.0,0.6487334678323247,0.0,0.37396870554765294,0.25778863775198524,0.0,0.5396825396825395,0.0,1.0,0.36363636363636365,0.5,0.27350427350427353,0.6666666666666667,0.0,0.0,0.6666666666666666,1.0,1.0,0.0,1.0,0.22961271291274143,0.0,0.20739456961294045,0.0,0.5438938053097344,0.5551401869158878,0.7777777777777778,0.9459236326109391,0.0,0.7798041202296522,0.8807973962571196,0.33103448275862046,0.8080155138978669,0.9337304542069993,0.9528749259039716,0.0,0.75,0.0,0.375,0.0,0.5,0.933509234828496,1.0,0.7703910614525139,0.0,0.8,0.0,0.0,1.0,0.0,0.9583333333333334,0.04166666666666674,0.0,1.0,0.0,0.0,0.2410901467505241,0.6666666666666667,0.15014289797084868,0.7246653919694073,1.0,0.0,0.0,0.0,0.933486622377775,0.9583163334693322,0.7016918967052538,0.8907103825136612,0.11107717369171244,0.0,0.0,0.0,0.9965156794425087,0.936964892412231,0.5268037081821846,1.0,1.0,0.0,0.0,0.9194504699927694,0.8813559322033898,0.0,0.0,0.9543509272467903,0.9772096710265556,0.8653846153846154,0.29955663615560635,0.0,0.9,0.75,0.3571428571428572,1.0,0.0,1.0,0.9142937219730942,0.8125,runif
0.0,0.6928571428571428,0.0,0.0,0.0,0.0,0.7857142857142857,0.0,0.0,0.0,0.5017490464238424,0.31818181818181823,0.0,0.0,0.0,0.5927245894432757,0.0,0.0,0.33333333333333326,0.0,0.0,0.0,0.0,0.6912051102282465,0.0,0.7158883381163579,0.5903334194882398,0.7424600827912478,0.0,0.8886847905951506,0.0,0.0,0.0,0.8328173374613003,0.7988879464706437,0.0,0.0,0.14360658534504822,0.8582392776523702,0.0,0.23872569300786095,0.3874623046696518,0.0,0.0,0.0,0.0,0.5314975085234723,0.4497006882134955,1.0,0.0,0.062090900709873775,0.33333333333333337,0.41563365903456306,0.0,0.7564648267655271,0.34429065743944653,0.0,0.0,0.7567989433871645,0.0,0.0,0.0,0.3448726693951796,0.45513616120318323,0.1518324607329843,0.29421281891723705,0.27838908450704225,0.8116385911179174,0.9918367346938776,0.0,0.0,0.7303163017031631,0.8648648648648649,0.8901354608160891,0.33333333333333337,1.0,0.0,0.255813953488372,0.0,0.4,1.0,0.33333333333333337,0.0,0.8607948442534908,0.59139904433826,0.44444444444444453,0.39015323238734256,0.3234828496042218,0.5714285714285714,0.8587570621468926,0.6666666666666667,0.0,0.5,0.5328467153284671,0.30000000000000004,0.9973190348525469,0.9375,0.6666666666666666,0.36155747836835606,0.28621908127208484,0.0,0.39206762028608577,0.5714285714285714,0.0,0.0,0.6428571428571428,0.0,0.03533613981375183,0.0,0.8304093567251463,0.0,0.6796453353893601,0.0,0.2189265536723165,0.15579662789177884,0.547544409613375,0.0,0.5810630341880341,0.009763424708974844,0.9111111111111111,0.875,0.0,0.91130845323741,0.578300921187308,0.7142310635042081,0.4261492087415222,0.75,0.0,0.09623430962343082,0.8717948717948718,0.895783339046966,0.7777777777777778,0.0,0.28301886792452835,1.0,0.5,0.0,0.0,0.0,0.35429390032421026,0.5,0.46113582831719435,0.0,0.35164835164835184,0.1606994171523728,0.6945510360706063,0.0,0.33333333333333337,0.8571428571428572,0.4,0.75,0.0,0.75,0.9285714285714286,0.0,0.08287292817679559,0.0,0.5267665952890792,0.6748625805307642,0.407241088969969,0.5208290155440416,0.0,0.0,0.8333333333333334,0.8056492411467117,0.47137395104027,0.0,0.1096502108657903,0.0,0.941870863888392,0.41740996168582367,0.6,0.19552058111380144,0.15384615384615385,0.7898487745524074,1.0,0.33402385884706054,0.0,0.6462585034013606,0.875,0.8,0.0,0.9505896220898957,0.0,0.9803921568627451,0.9848962878431899,0.0,0.005729375968769768,0.9803577189146564,0.14419159994381237,0.9370278187705117,0.0,0.9859154929577465,0.632204934354855,0.75,0.16000000000000003,0.9777230011880117,0.96486447614849,0.0,0.0,0.4727369143427538,0.42790373212417165,0.9650376331032569,0.8334534225424601,0.0,0.0,0.0,0.9999396324825538,0.0,0.6647928408978543,0.7368421052631579,0.0,0.0,0.0,0.9913100152074734,0.0,0.19999999999999996,0.9933958985053876,0.0,0.4725943755198838,0.0,0.6515460822575803,0.5237411915438821,0.0,0.13368983957219227,0.13636363636363635,0.9450084602368867,0.0,0.0,0.8852345714319761,0.875,0.0,0.0,0.0,0.0,0.0,0.0,0.7037037037037037,0.0,0.0,0.0,0.7515789473684211,0.0,0.0,0.0,0.0,0.6234931113662456,0.0,0.0,0.5,0.0,0.0,0.0,0.0,0.9775561097256857,0.20469918120327535,0.94,0.6000000000000001,0.5189873417721519,0.0,0.8436837322023629,0.0,0.0,0.0,0.0,0.8644304682040531,0.0,0.0,0.6591974729776418,0.823529411764706,0.0,0.0,0.0,0.0,0.0,0.1676904176904176,0.6174757281553398,0.7095179233621756,0.47558853360380093,0.0,0.0,0.0,0.0,0.7837002703746621,0.21463414634146338,0.9133383571966842,0.25683060109289624,0.0,0.0,0.9033132785357173,0.0,0.0,0.19999999999999996,0.7257791566774785,0.687698272823405,0.14754098360655743,0.650294695481336,0.06024096385542177,1.0,1.0,1.0,0.0,1.0,1.0,0.8466686948585336,1.0,1.0,1.0,0.308390022675737,1.0,1.0,1.0,0.0,1.0,0.9411807368726429,0.8222849083215797,0.75,0.5650406504065042,0.0,0.5,1.0,1.0,0.11677282377919329,1.0,0.7715834301200155,0.29999999999999993,0.8188976377952756,0.0,0.8636363636363636,0.5338645418326693,1.0,0.0,0.4375,0.8571428571428571,0.0,0.7767306995288148,0.75,0.09999999999999998,0.0,0.0,0.7922077922077921,1.0,0.7836215423445547,0.0,0.0625,0.7385589094449854,0.18301435406698563,0.6296296296296295,0.5192307692307692,0.0,0.9166666666666666,0.9583333333333334,0.0,1.0,0.5,0.5042168674698796,0.6247269550021843,1.0,0.0,0.06382978723404276,0.6666666666666667,0.9364497889623318,1.0,0.6666666666666667,0.6014466546112116,0.375,0.25,0.014278429372769241,0.0,0.8706954760297096,1.0,1.0,0.4790343074968233,0.0,0.44999999999999996,0.5882352941176471,0.8686493184634448,0.4165588615782665,0.8,1.0,0.25806451612903225,1.0,0.0,0.75,1.0,0.5,0.01869158878504662,0.0,0.6844496555767258,0.0,0.0,0.9148148148148149,0.0,0.0,0.8823529411764706,0.9620622568093385,0.6632097925875553,0.17508417508417495,0.7935126582278481,0.7783378746594005,0.6739182404972508,0.5076923076923077,0.6,0.5043914680050189,0.0,0.6532745992994375,0.0,0.6830748927746618,0.0,0.0,0.6666666666666666,1.0,1.0,0.9493405030490775,0.0,0.9888888888888889,0.9927641099855282,0.30843251456064813,0.9819230769230769,0.9971095171823146,0.7727272727272727,0.9494175219782599,0.0,1.0,0.8765236064482956,0.9491525423728814,0.13636363636363646,0.9973911339802222,0.97597284305307,0.0,0.0,0.0,0.825412104439899,0.9449920508744039,0.37040636578995323,0.0,0.0,0.0,1.0,0.0,0.746558373560136,0.6875,0.0,0.0,0.0,1.0,0.0,0.5,0.9876112581188357,0.0,0.8298549107142857,0.0,0.8556283887675001,0.536863933641729,0.0,0.6774193548387096,1.0,0.9723014256619145,0.5,0.0,0.926723816623183,1.0,0.0,0.8889256198347107,0.0,0.0,0.0,0.0,0.9333333333333333,0.0,0.0,0.0,0.7229976379643548,0.0,0.0,0.0,0.0,0.9119897959183674,0.0,0.0,0.6666666666666667,0.0,0.0,0.0,0.0,0.5764883195177091,0.0,0.5357142857142858,0.47640791476407907,0.691456145330684,0.0,0.6548783024755565,0.0,0.0,0.0,0.0,0.7121212121212122,0.0,0.0,0.0,0.853064483928928,0.0,0.7289201183431953,0.543889021765128,0.0,0.0,0.0,0.0,0.4609422802365899,0.8723137909451283,0.7692307692307692,0.75,0.09285714285714286,0.6666666666666667,0.46153846153846156,0.0,0.9543796925277083,0.5051546391752577,0.25,0.0,0.6405529953917051,0.03657362848893175,0.0,0.0,0.3087315130830488,0.1694166860330003,0.0,0.0,0.43028846153846145,0.8571428571428571,0.5555555555555556,0.0,0.0,0.7458715596330274,0.0,0.8741755454084221,0.0,1.0,0.0,0.44537230340988165,0.0,0.4,0.0,1.0,0.0,0.8096304591265397,0.28099173553719003,0.4285714285714285,0.3013698630136987,0.5528017241379312,0.6,0.25531914893617036,0.0,0.0,0.0,0.38888888888888884,1.0,0.9411764705882353,1.0,0.75,0.6,0.0,0.0,0.0,0.0,1.0,0.2857142857142857,0.0,0.5,0.290143369175627,0.2785714285714287,0.9831351949129112,0.0,0.2402148887183423,0.6969314838167298,0.0,0.0,0.9487554904831625,0.0,0.9175257731958762,0.1986062717770034,0.25,0.8,0.34883720930232565,0.7123689727463313,0.8888888888888888,0.7846858638743456,0.0,0.0,0.0,0.13207547169811318,0.7142857142857143,0.52,0.7142857142857142,0.33333333333333337,0.0,1.0,1.0,0.0,1.0,0.0,0.11494252873563238,0.0,0.0,0.0,0.0,0.18181818181818177,0.41666666666666663,0.016279069767441867,0.0,0.0,1.0,0.6666666666666666,0.0,1.0,0.5,0.5,0.0,0.0,0.05855855855855874,0.6923076923076923,0.6397963512940178,0.23809523809523803,0.0,0.0,0.0,0.7851412626438786,0.12948717948717947,0.5664335664335665,0.10504083356800897,0.0,1.0,0.0,0.8,0.002400384061449823,0.375,0.3353789207091369,0.5,0.2503648113404212,0.0,0.6870967741935485,1.0,0.8,0.0,0.9146826574838212,0.0,0.9166666666666666,0.967741935483871,0.4736842105263157,0.008543773319634518,0.9181286549707602,0.2068965517241379,0.0954321528977845,0.4928940568475453,0.6666666666666667,0.427406095864424,0.880722891566265,0.33333333333333326,0.9537232462517393,0.9444133866341543,0.0,0.0,0.6971869452410214,0.7930965880831593,0.8888888888888888,0.08659598268566693,0.0,0.0,0.0,0.9988153998025666,0.0,0.45180332122470157,1.0,0.0,0.0,0.0,1.0,0.0,0.5555555555555556,1.0,0.0,0.24495449149188764,0.0,0.516506774456569,0.4344774338457219,0.0,0.0,0.0,0.8959764474975466,0.0,0.0,0.8489494258490105,0.8125,runif
0.5714285714285714,0.33333333333333326,0.7512074968006496,0.8569024985278034,0.8263232038639565,0.0,0.7912966252220248,0.0,0.3874400166910076,0.0,0.5201955081111878,0.6508854354897,0.0,0.0,0.0,0.0,0.0,0.0,0.0,0.0,0.6511485838871743,0.5,0.0,0.0,0.0,0.6034303534303533,0.5989556135770234,0.7235815368337521,0.0,0.0,0.7954545454545454,0.6996633257226887,0.6362431357697407,0.0,0.9518348623853211,0.7655945419103314,0.4855494839101395,0.14360658534504822,0.9443571204023892,0.0,0.3264099966227626,0.49490501594828806,0.46637569631884235,0.4040571998669771,0.4849806465681731,0.7984420642648491,0.33766564729867465,0.5317517784552847,0.0,0.8265975293579381,0.9930427374698282,0.6666666666666667,0.0,0.0,0.4661451485669208,0.20563380281690136,0.0,0.047020739602765205,0.0,0.0,0.0,0.5867539383181717,0.23838541412762648,0.9378766805748725,0.1518324607329843,0.0,0.39457937346004934,0.0,0.12119635890767233,0.0,0.0,0.7303163017031631,1.0,0.0,0.8571428571428572,1.0,0.0,0.07702888583218703,0.0,0.8,0.5,0.0,0.5,0.5531149301825993,0.41617819460726846,0.5555555555555556,0.6329676307915495,0.20238232913149068,0.5714285714285714,0.36363636363636376,0.6666666666666667,0.24771491380307764,0.5,0.0,0.5,0.3992606284658041,0.0625,0.8011928429423459,1.0,1.0,1.0,0.29556650246305427,0.2857142857142857,0.5366666666666666,0.0,0.0,1.0,0.9160902255639098,0.6734693877551021,0.5515863689776732,0.11111111111111116,1.0,0.0,1.0,0.4938373048479868,0.954,0.5,0.2204861488912585,0.8711978971085242,0.6106194690265487,0.45833333333333337,0.48958549376314786,0.2912009934362251,0.46808510638297873,0.020410739836714153,0.6545048399106477,0.0,0.0,0.9347985347985348,0.583941605839416,0.6917407491831927,0.11111111111111105,0.0,0.0,0.0,0.0,0.0,0.0,0.7050642479213909,0.01344157572531246,0.0,0.14799790630724952,0.6666666666666667,0.8214285714285715,0.0,0.3129459734964323,0.10378220354467393,0.33333333333333337,0.8571428571428572,0.35888275414095494,0.75,0.0,0.75,0.9285714285714286,0.0,0.0,0.0,0.8678608608249273,0.5931570208728654,0.0,0.0,0.4722222222222222,0.0,0.6666666666666667,0.320589841616603,0.5677838416981953,0.0,0.3528837257119358,0.7602040816326531,0.8206655508516294,0.663963546493667,0.6,0.8883495145631068,0.15384615384615385,0.09599999999999986,0.8333333333333334,0.5758472296933834,0.8269230769230769,0.2729323308270678,0.875,0.6000000000000001,0.5,0.9368190484300563,0.33333333333333326,0.0,0.6211475654437243,0.9570708585828284,0.8935768587632954,0.9826576448513106,0.461441213653603,0.5717173936930009,0.9304414846214986,0.0,0.6317393247470848,0.976858852146473,1.0,0.9445052650587452,0.9934235065470465,0.15974282888229463,0.5600277585010409,0.9126355163887656,0.41081025687739114,0.1990163777873275,0.34372485069253256,0.0,0.0,0.0,0.0,0.0,0.650211643729362,0.7368421052631579,0.6666666666666667,1.0,0.0,0.0,0.0,0.0,1.0,0.8968792401628223,0.8613971366104802,0.0,0.3895189506620015,0.4322248258096554,0.9375,1.0,0.8636363636363636,0.0,0.5,0.0,0.9956716741819585,0.8125,0.0,0.0,0.7806143395663045,0.9212050984936269,0.7804080061585835,0.0,0.7122877122877123,0.0,0.4213154871897318,0.0,0.7515789473684211,0.8,0.0,0.0,0.0,0.0,0.0,0.0,0.0,0.0,0.8450627781597134,0.0,0.0,0.0,0.6237826755509994,0.9444822116474054,0.6000000000000001,0.5189873417721519,0.0,0.0,0.6666666666666667,0.6421052631578947,0.36857142857142855,0.0,0.8881735005083022,0.7073170731707317,0.6253476360746921,0.6997919031403708,0.8717894207912181,0.0,0.12886115444617785,0.13197519929140833,0.5211426000899685,0.6559028292104874,0.09270334928229662,1.0,0.6057190407746426,0.7752949090252826,0.0,0.5567520372526193,1.0,1.0,0.8202103920943576,0.0,0.46915947587088513,0.5555555555555556,0.0,0.15859609609609604,0.0,0.0,0.0,0.6857142857142857,0.5504702720859926,0.9007444168734492,0.22879177377892024,0.138482677397193,0.8125,0.0,0.6296296296296297,0.0,0.0,0.8233438485804416,0.682608695652174,0.0,0.75,0.75,0.0,0.15962441314553988,0.0,1.0,1.0,0.5,0.0,0.8211324330727315,0.08486238532110102,0.75,1.0,0.5371900826446281,1.0,0.5357142857142858,1.0,0.0,1.0,0.0,0.7,0.5897435897435898,0.13049267643142493,0.8636363636363636,1.0,1.0,0.8636363636363636,0.4375,0.5714285714285714,0.0,0.0,0.0,0.8571428571428572,0.8095238095238095,0.0,0.6578947368421053,0.0,0.629995627459554,0.0,0.8125,0.18933333333333335,1.0,0.0,0.0,0.8181818181818182,0.08333333333333337,0.5416666666666667,0.3581802134317581,0.43957564575645747,0.5,0.09298610001597674,0.7320977253580454,0.0,0.0,1.0,1.0,0.6571811181787747,0.0,0.0,0.0,0.875,0.0,0.2597054886211513,0.0,0.8426395939086294,0.0,0.0,0.21657489764224203,1.0,0.9,0.3529411764705882,1.0,0.2325581395348837,0.8,1.0,0.25806451612903225,1.0,0.0,0.75,1.0,0.5,0.0,0.0,1.0,0.6947692307692308,0.8877364246491763,0.0,0.37264150943396224,0.0,0.6470588235294118,0.5047723935389133,0.4626286158027568,0.3709327548806941,0.8088694565896315,0.708885754583921,0.6749428291408037,0.7105073649754501,0.6,0.6976024748646559,0.0,0.42327698309492856,1.0,0.5760299625468164,0.8,0.4,0.6666666666666666,1.0,0.0,0.9473946666666666,0.33333333333333326,0.0,0.6165218170414837,0.9526282669130708,1.0,0.9959158977461806,0.3689009364218826,0.41596654344497963,0.9305019305019305,0.0,0.8375648971611347,0.9662921348314607,0.0,0.9667962506573724,0.9843110373059396,0.16499736425935696,0.46478873239436613,0.9399111030203735,0.5718103039232825,0.3144793152639088,0.1895791583166332,0.0,0.0,0.0,0.0,0.0,0.6510956344487855,0.6875,0.9047619047619048,1.0,0.0,0.0,0.0,0.0,1.0,0.9334267267633085,0.8802691417781442,0.0,0.0,0.42051232850426934,1.0,0.75,1.0,0.0,1.0,0.0,1.0,0.8159509202453988,1.0,0.8876033057851239,0.708893154190659,0.9411764705882353,0.6294117647058823,0.0,0.9333333333333333,0.0,0.20026926960619307,0.0,0.526849702230746,0.3037037037037037,0.0,0.0,0.0,0.0,0.0,0.0,0.0,0.0,0.6341498047568334,0.6000000000000001,0.0,0.0,0.0,0.125,0.0,0.7639902676399027,0.0,0.0,0.7777777777777778,0.8225734968237552,0.8231511254019293,0.0,1.0,0.5441795231416549,0.1696428571428572,0.0,0.7496371552975327,0.0,0.0,0.4861351264809479,0.37744569403789874,0.5301620130989314,0.8207885304659498,0.6515092120736967,0.0,0.0,0.15384615384615385,0.8229994700582937,0.9175438596491228,0.6666666666666667,0.3076923076923077,0.8545454545454545,0.12007874015748021,0.19012345679012344,0.0,0.05882352941176461,0.0,0.0,0.0,0.7142857142857143,0.0,0.8853073463268366,0.0,0.1428571428571429,1.0,0.2857142857142856,0.6453900709219857,0.5,0.0,0.7458715596330274,1.0,0.0,1.0,0.8805970149253731,1.0,0.44537230340988165,0.6666666666666666,0.8,0.0,0.0,1.0,0.8095238095238095,0.6198347107438016,0.5714285714285714,0.323037323037323,0.20142036869144775,0.3999999999999999,0.0,1.0,0.13043478260869568,0.0,0.0,0.5,0.3203883495145631,0.0,0.75,1.0,0.6666666666666667,0.75,0.0,0.0,1.0,0.0,0.0,1.0,0.6578813988849468,0.8,0.4683439314348907,0.25,1.0,0.5784444444444444,0.1515151515151516,1.0,0.07933740191804695,1.0,0.0,0.0,0.75,0.0,0.7560975609756098,0.8733719247467439,0.8888888888888888,0.0,0.2857142857142857,1.0,0.0,0.46858638743455494,0.7142857142857143,0.87,0.2857142857142857,0.0,0.2320390170699681,1.0,0.0,0.0,1.0,0.5843587640142194,0.0,0.0,0.24478594950603716,0.0,1.0,0.0,0.08333333333333326,0.29767441860465127,0.0,0.0,0.08333333333333337,0.6666666666666666,0.0,1.0,0.5,0.5,0.6362157589953803,0.0,0.0,0.26923076923076916,0.0,0.7619047619047619,0.7777777777777778,0.44121779859484767,1.0,0.619047619047619,0.7978030919446705,0.0,0.0,0.2647058823529411,0.9542577675489068,0.9201426024955437,0.8,0.0,0.0,0.5661634973534602,0.0,0.0,0.8780487804878049,0.3979274611398964,1.0,0.6000000000000001,1.0,0.9195497165433167,1.0,0.0,0.5967741935483871,0.8541666666666667,0.9311541799247903,0.9198966408268734,0.6681896551724138,0.21921533082998823,0.8346883468834688,0.0,0.4556461280268521,0.7821482602118003,1.0,0.9363982888626263,0.9785480582294087,0.5,0.646714421221339,0.8249835682465493,0.8235140771637122,0.0,0.2507061527395218,0.0,0.0,0.0,0.0,0.0,0.4572584643434038,1.0,1.0,1.0,0.0,0.0,0.0,0.0,1.0,0.8276923076923077,0.7849676455948233,0.0,0.5857618651124064,0.46182870436040757,0.9,0.5,1.0,0.0,0.0,0.0,0.9918804340015808,0.75,runif
0.0,0.0,0.7950791482838923,0.8590888451642198,0.0,0.6212352635871579,0.0,0.8109640831758034,0.0,0.7227023433604787,0.0,0.0,0.7619047619047619,0.0,0.0,0.0,0.840826686004351,0.0,0.0,0.0,0.6562370148757584,0.5,0.0,0.7166,0.45279761904761917,0.0,0.6764032073310424,0.0,0.3263363436660971,0.8885619713129828,1.0,0.0,0.8759842519685039,0.8328173374613003,0.0,0.0,0.47390642948061223,0.0,0.0,0.0,0.8351605104851858,0.9663168769030013,0.5785456006428285,0.0,0.8304919100879574,0.8826247022305638,0.0,0.7238940897585278,0.31343283582089543,0.9490903531570096,0.9727546549835706,0.33333333333333337,0.031136065334694374,0.17731329262564577,0.0,0.0,0.0,0.0,0.0,0.0,0.0,0.0,0.39117468661544696,0.5080869565217391,0.0,0.2969253657327052,0.0,0.14296351451973188,0.7302631578947367,0.924863387978142,0.875,0.49493180980464424,0.8648648648648649,0.2682926829268293,0.7777777777777778,1.0,0.0,0.27426057198728926,0.6666666666666667,0.4,0.0,0.33333333333333337,1.0,0.0,0.9574882995319813,0.33333333333333337,0.6714618973561431,0.2677366405252597,0.5714285714285714,0.8333333333333334,0.25,0.7844935389745727,0.0,0.20775142550202452,0.30000000000000004,0.2193091451292245,1.0,0.6923076923076923,0.0,1.0,0.2714776632302406,0.0,0.8571428571428572,0.9364102564102564,0.973918197984588,0.0,1.0,0.0,0.75,0.9919060052219321,0.33333333333333337,0.45626270414242664,0.6060606060606061,0.0,0.24546424759871943,0.0,0.9166666666666666,0.2170823277017967,0.4494556765163298,0.09734513274336287,0.5555555555555556,0.4258515283842794,0.0,0.993002915451895,0.6220135803504065,0.0,0.75,0.0,0.6121212121212121,0.2649572649572649,0.33861430324668085,0.11111111111111105,0.0,0.25,1.0,0.0,0.2643841166936789,0.0,0.086379441947248,0.0,0.5,0.6610078627591136,0.0,1.0,0.5454545454545454,0.0,0.7332738626226583,0.0,0.8571428571428572,1.0,0.75,0.0,0.5,0.9285714285714286,0.0,0.6278174821330402,0.0,0.39814344767568355,0.0,0.25953204476093583,0.6370745836350471,0.7222222222222222,0.8742104490035744,0.8333333333333334,0.7820900537634409,0.5630610120983479,0.532938022906344,0.635858949316336,0.35437059934741544,0.14161485795230966,0.5476785416815402,1.0,0.0,0.0,0.05717339032861313,0.0,0.0,0.0,0.0,0.0,0.6000000000000001,0.0,0.0,0.9142857142857143,0.0,0.9828897338403042,0.04498224385111127,0.0,0.9799119378967658,0.5160427807486629,0.9372455902306649,0.7135115519535502,0.0,0.8815690308668123,0.8854415274463008,0.84,0.9622882036141127,0.0,0.2049488972565896,0.8983621699032975,0.0,0.3672940007726696,0.2988958990536277,0.21274766776584664,0.0,0.0,0.0,0.9685086155674391,0.7378934362625762,0.0,0.0,1.0,0.9731113956466069,0.6666666666666667,0.9952832042765615,0.6301386902170534,0.0,0.9464668094218416,0.0,0.6675449823082135,0.8369565217391304,0.6224073517413149,0.9106836651010214,0.9375,0.6728971962616823,0.3835227272727273,0.9548320868162488,0.5,0.0,0.8475250187280305,0.84375,0.0,1.0,0.7633094808003907,0.9518213866039953,0.0,0.6000000000000001,0.0,0.875,0.0,0.8636363636363636,0.0,0.0,0.9333333333333333,0.0,0.0,0.0,0.8571428571428572,0.0,0.0,0.0,0.8704730176053304,0.0,0.0,0.8734177215189873,0.06527596697088212,0.25,0.8,0.0,0.6500022731061237,0.8486074744108546,0.6666666666666667,0.0,0.3742857142857142,1.0,0.0,0.0,0.6797829036635006,0.0,0.0,0.0,0.8298450665941832,0.9798561151079137,0.650887573964497,0.0,0.9222995143719648,0.9652777777777778,0.6347443904695813,0.9482006067087143,0.7402218330414477,0.9888441276727611,1.0,0.0,0.601898948796202,0.0,0.0,0.0,0.0,0.0,0.0,0.800272257010618,0.0,0.19999999999999996,0.7535339177130222,0.7270471464019851,0.18887015177065758,0.6344593900811172,0.5028901734104047,0.7356495468277946,1.0,1.0,0.928763440860215,0.6997767857142857,0.8,0.0,0.75,1.0,1.0,0.0,1.0,1.0,0.0,0.0,0.0,0.07240592930444667,0.9630723781388478,0.2500000000000001,1.0,0.5165745856353592,0.5,0.9642857142857143,1.0,0.9951923076923077,0.0,0.14467668190725014,0.29999999999999993,0.0,1.0,0.8636363636363636,0.008902077151335286,0.0,0.36363636363636365,0.0,1.0,1.0,1.0,0.0,1.0,1.0,1.0,0.9300291545189504,1.0,0.5111852346008451,0.45122246429435964,0.0625,0.6892612338156892,0.0,0.3653846153846154,0.0,0.6363636363636365,0.75,0.5,0.09032943676939431,0.29971590909090917,1.0,0.0,0.7343818261249454,1.0,0.0,0.7734608487746564,0.0,0.4470989761092151,0.0,0.0,0.584633220910624,0.0,0.0,0.0,0.0,0.0,0.0,1.0,0.5555555555555556,0.0,0.9,0.8235294117647058,0.0,0.9375,0.0,1.0,0.6774193548387096,0.0,0.0,1.0,1.0,0.0,0.4851860630481156,0.0,0.6954030046256499,0.0,0.5898767034393252,0.7772310445090584,0.9583333333333334,1.0,0.8823529411764706,1.0,0.6632097925875553,0.0,0.4935536362498435,0.5791730129181476,0.0,0.6194331983805668,0.6,0.0,0.0,0.40295166238288704,1.0,0.0,0.44999999999999996,0.4,0.0,1.0,1.0,0.0,0.9117647058823529,0.0,0.9811073411474398,0.0,1.0,0.9580093312597201,0.0,0.9295365068002863,0.8031178840427395,0.0,0.9052084117071703,0.875,0.9545454545454546,0.9490749173801035,0.0,0.21219091431857395,0.8732394366197183,0.7991547142664448,0.5469748168611104,0.3522727272727272,0.3171719602181583,0.0,0.0,0.0,0.75,0.7389421108377635,0.0,0.0,0.9047619047619048,0.9793179428113576,0.5,1.0,0.5983606557377048,0.0,0.9408227086841472,0.0,0.9181073076658172,0.7785090857061095,0.9856111316080747,0.7643736783181988,1.0,0.6774193548387096,0.75,0.97339593114241,1.0,1.0,0.5562770562770563,0.648936170212766,1.0,0.0,0.7455145686809244,0.9411764705882353,0.0,0.48986849168008595,0.0,0.7142857142857143,0.0,0.6606181954699035,0.0,0.0,0.8583185053380783,0.0,0.0,0.0,0.8642297650130548,0.0,0.0,0.0,0.8726957096800859,0.6000000000000001,0.0,0.709828674481515,0.6996760259179265,0.0,0.6080525883319639,0.0,0.9090909090909091,0.6551652463105384,0.7777777777777778,0.0,0.5449759670405128,0.8181818181818181,0.0,0.0,0.1696428571428572,0.0,0.0,0.0,0.32396449704142005,0.9583574320416426,0.42224442224442227,0.0,0.7605712166172107,0.6581632653061225,0.0,0.6523315251408304,0.0,0.75,0.9175438596491228,0.6666666666666667,0.20512820512820518,0.4873338870431895,0.16374687164819457,0.0,0.25,0.0,0.0,0.0,0.0,0.0,0.3087315130830488,0.1694166860330003,0.0,0.0,1.0,0.0,0.2222222222222222,0.75,0.8571428571428572,0.5653605531774778,0.25,0.0,0.0,0.8095238095238095,0.0,0.4220055710306406,0.6666666666666666,0.4,0.0,1.0,1.0,0.08591331269349867,0.6729559748427674,0.5714285714285714,0.7963393375944218,0.459784515159108,0.6,0.6842105263157894,0.5714285714285714,0.5652173913043479,1.0,0.75,1.0,0.41176470588235303,0.8333333333333334,0.75,0.0,0.6666666666666667,0.5,0.0,0.5,1.0,0.7142857142857142,0.0,0.5,0.0,0.6304347826086956,1.0,0.16666666666666663,0.06249999999999989,0.2564102564102564,1.0,0.0,0.8939068100358423,0.0,0.03620873269435576,0.18796992481203012,0.25,1.0,0.0,0.8035230352303523,0.6666666666666667,0.6666666666666667,0.06603773584905659,0.0,0.0,0.30666666666666664,0.5714285714285714,0.532608695652174,0.2857142857142857,1.0,0.0,1.0,0.0,0.8202196816857208,1.0,0.47389033942558734,0.3928571428571429,0.0,0.818880351262349,0.0,1.0,0.36363636363636365,0.0,0.5833333333333334,0.6666666666666667,0.0,0.0,0.6666666666666666,0.0,0.0,0.5,1.0,0.9693595965363022,0.0,0.05855855855855874,0.0,0.603408071748879,1.0,0.5555555555555556,0.022922636103151817,0.0,0.7431847684984856,0.15500406834825053,0.8014440433212997,1.0,0.0,0.9769124741557547,0.0,0.8,0.025924147863658265,0.0,0.5872676427043921,0.0,0.6751691827173347,0.0,0.0,0.0,0.6000000000000001,0.0,0.0,1.0,0.0,1.0,0.04166666666666674,0.0,0.917989417989418,0.6715517241379312,0.0954321528977845,0.46612466124661245,0.0,0.7727574330942526,0.6672443674176777,0.0,0.9686893739572514,0.0,0.5,0.9130691037684365,0.0,0.6993790593105417,0.0,0.06401667154642376,0.0,0.0,0.0,1.0,0.6160543973429681,0.0,0.0,1.0,1.0,1.0,1.0,0.6115589353612167,0.0,0.9047619047619048,0.0,0.23305172058520485,0.8184357541899442,0.5015680339506656,0.7098687442970449,0.9,0.75,1.0,0.8959764474975466,0.0,0.0,0.8879240162822252,1.0,runif
0.0,0.0,0.0,0.0,0.8111851147055714,0.0,0.0,0.8245923314235346,0.0,0.0,0.4946761313220941,0.6508854354897,0.8456752076546036,0.0,0.4,0.8929524035326892,0.0,0.0,0.0,0.4903779839373511,0.5755076318545361,0.0,0.5824636812630448,0.0,0.5339497524983654,0.0,0.0,0.557112397197685,0.0,0.9330563798219584,0.0,0.0,0.0,0.0,0.9409722222222222,0.0,0.0,0.0,0.8579928209667109,0.0,0.8047241784037559,0.3525933434701807,0.6089322574591857,0.9598292744162692,1.0,0.8515625,0.0,0.8263640225769254,0.0,1.0,0.217778386522394,0.6666666666666667,0.7545091699085535,0.008575543335951785,0.8525080743754904,0.0,0.8094878094878095,0.1113599601841484,0.35851291887622705,0.4938711183749708,0.7194071261682243,0.0,0.7343548171573651,0.46952510586811846,0.1518324607329843,0.0,0.3510167992926614,0.9029438822447102,0.0,0.9452054794520548,0.5992721391023049,1.0,1.0,0.0,0.0,1.0,0.0,0.9298990971853425,0.0,0.4,0.5,0.0,0.0,0.0,0.5956194834913371,0.33333333333333337,0.3288702928870295,0.0,0.0,0.5308483290488433,0.25,0.5050870449920868,0.0,0.545815516188149,0.30000000000000004,0.5830145371078808,1.0,0.3076923076923077,0.0,0.0,1.0,0.0,0.2857142857142857,0.7933333333333332,0.8983725559068024,0.0,0.0,0.02199676782187121,0.75,0.5108946423993848,0.0,0.5525115653400701,0.9584816132858838,1.0,0.5169258920402562,0.44839114082741327,0.0,0.0,0.5979740424184868,0.0,1.0,0.6011774600504626,0.0,0.9525638129658911,0.0,0.8880597014925373,0.75,0.6666666666666667,0.7545787545787546,0.3065693430656935,0.674950774306849,0.33333333333333326,0.0,1.0,1.0,0.0,0.23565816007231766,0.6666666666666667,0.1830816746739874,0.6475246207080116,0.5,0.07304442627418906,0.0,0.2997275204359672,0.0,0.0,0.7158779462817468,0.0,0.0,1.0,0.25,0.0,0.0,0.8571428571428571,0.5,0.6248939841488024,0.7,0.0,0.9011963057087956,0.0,0.7350188404035494,0.4722222222222222,0.6303673233744678,0.0,0.0,0.0,0.2728578267113452,0.5699346405228759,0.0,0.0,0.5476785416815402,1.0,0.7678571428571429,0.0,0.876899268429938,1.0,0.0,0.8269230769230769,0.0,0.0,0.0,0.0,0.0,0.33333333333333326,0.5,0.9826621808499659,0.9508234392952891,0.6190261340367195,0.835882133532264,0.0,0.0,0.9392524494980041,1.0,0.5268698989424994,0.9507712504102396,0.76,0.9896199685181021,0.9441351507007103,0.0,0.9076855279393619,0.29054054054054057,0.9543072231751477,0.36786791994727885,0.9378046610923323,0.0,0.0,0.0,1.0,0.9293317898145166,0.7385886749065824,0.9473684210526315,0.0,0.9746330419937278,0.6666666666666667,1.0,0.0,1.0,1.0,0.8842783764729579,0.9204334787350055,0.9782608695652174,0.0931902061391664,0.9220474648856714,0.0,1.0,0.6818181818181819,0.8926242868785657,0.5,0.96875,0.9720309354804535,0.0,0.0,0.0,0.0,0.0,0.794921875,0.0,0.0,0.9849056603773585,0.0,0.0,0.7515789473684211,0.8,0.82699513672965,0.0,0.5,0.9022318783330041,0.0,0.0,0.0,0.813768115942029,0.6658297641904198,0.0,0.729335088049132,0.0,0.2260600285850406,0.0,0.0,0.5189873417721519,0.0,0.8760951188986232,0.0,0.20274914089347085,0.0,0.5,0.8881735005083022,0.0,0.0,0.0,0.8779706030495902,0.0,0.8598070739549839,0.0968835782334897,0.6729241877256318,0.8532934131736527,0.9873417721518988,1.0,0.052586502226789844,0.947874116045153,0.0,0.9486404833836858,0.0,1.0,0.9269808389435525,0.7407578558225508,0.8116936590721933,0.0,0.7622448979591837,0.23627346794190573,0.5339764745705338,0.2900158074549999,0.8707983193277311,0.19999999999999996,0.9047754675780879,0.7294845360824742,0.07251264755480591,0.0,0.6626506024096386,0.9787350054525628,0.0,1.0,0.7421981004070557,1.0,1.0,0.6429980276134122,0.5,1.0,0.0,0.9260969976905312,1.0,1.0,1.0,0.5,1.0,0.0,0.8363636363636364,0.2500000000000001,1.0,0.0,0.0,0.6196428571428572,0.0,0.0,0.0,0.8354661791590493,0.29999999999999993,0.5748031496062993,1.0,0.36363636363636365,0.0,0.0,1.0,1.0,0.5714285714285714,0.4285714285714286,0.9398133247505632,0.0,0.09999999999999998,0.0,1.0,1.0,0.5,0.637295172474714,0.9946409431939979,0.9375,0.11830488522660387,0.7617924528301887,0.0,0.0,1.0,0.0,0.5,0.3775494071146246,0.25276752767527666,1.0,0.13903992543110155,0.05157131345688948,1.0,0.0,0.7965686274509804,1.0,0.7139788368207495,0.33333333333333337,0.6666666666666667,0.9724008380897334,0.875,0.0,0.0,1.0,0.6510123734533184,0.75,1.0,0.6142857142857142,0.0,0.44999999999999996,0.3529411764705882,0.0,0.944372574385511,0.0,0.0,0.5454545454545454,0.0,0.0,0.0,1.0,1.0,0.49008047913157393,1.0,0.0,1.0,0.1504664970313826,0.9607843137254902,0.37264150943396224,1.0,0.0,0.12274368231046939,0.8728221231766613,0.0,0.0,0.7467529934864854,0.0,0.6194331983805668,0.6,0.9402129402129402,0.0,0.8854680350082189,1.0,0.0,0.8,0.625,0.0,1.0,1.0,0.0,0.33333333333333326,0.5,1.0,0.9526282669130708,0.9461538461538461,0.8900602409638554,0.6636563339028558,0.0,0.9716821393121972,1.0,0.7819621402888963,0.8351648351648352,0.8181818181818182,0.9946475857794805,0.964060426422529,0.0,0.0,0.07691957373166958,0.9658937495559082,0.0,0.8085067093438385,0.0,0.0,0.0,1.0,0.9583010553847948,0.6007496800146279,1.0,0.0,0.9864626665726574,0.5,1.0,0.0,1.0,0.9873417721518988,0.935911998565194,1.0,0.9876352395672334,0.0,0.9371461871461871,0.0,0.0,0.75,0.8892057026476579,1.0,1.0,0.8654634946677604,0.0,0.0,0.0,0.0,0.0,1.0,0.0,0.0,0.7142857142857143,0.0,0.0,0.44090299701595814,0.33333333333333326,0.8663262938036667,0.0,0.33333333333333326,0.4741607466220923,0.0,0.0,0.0,0.12716729486807765,0.1294775924279662,0.0,0.6077797034469477,0.0,0.5896520963425513,0.0,0.0,0.7620676548840745,0.0,0.9698431845597105,0.0,0.0,0.0,0.0,1.0,0.0,0.2843137254901962,0.39429012345679004,0.8308873334838565,0.0,0.350071225071225,0.0,0.5565430585350905,0.39142695995487864,0.7616762045412591,0.6712250712250712,0.2353212065392587,0.6728630570663203,0.15384615384615385,0.7893379191745485,0.20150273224043724,0.6666666666666667,0.7948717948717949,0.0,0.5097497089639114,0.0,0.0,0.05882352941176461,0.46733668341708545,0.7806778340475262,0.3350168350168351,0.0,0.5263157894736843,0.24073226544622428,0.17258883248730972,0.8052287581699346,0.0,0.8571428571428571,0.7664399092970522,0.75,0.0,0.9798165137614678,1.0,0.0,0.0,1.0,1.0,1.0,0.0,0.4,0.0,0.0,0.0,0.0,0.4764150943396226,0.5714285714285714,0.3541033434650456,0.0,0.0,0.21052631578947367,1.0,1.0,1.0,0.33333333333333337,1.0,0.41176470588235303,1.0,0.0,0.0,0.6000000000000001,0.75,0.0,0.0,1.0,0.8571428571428571,0.0,0.5,0.24392023346303482,0.6,0.4437742352434295,0.0,1.0,0.0,1.0,1.0,0.543026706231454,0.0,0.2811906269791006,0.7300613496932515,0.25,1.0,0.7674418604651163,0.0,0.6666666666666667,0.1374095989480606,0.8376068376068376,0.0,1.0,0.0,0.5714285714285714,0.87,0.4285714285714285,1.0,0.7715250422059652,1.0,0.0,0.7527777777777778,0.0,0.7417105263157895,0.0,0.0,0.7692307692307693,0.0,0.0,0.0,0.0,0.5,0.6666666666666667,1.0,0.6370967741935484,0.6666666666666666,0.0,1.0,0.0,0.5,0.9559672439253591,0.25,0.22972972972972971,0.7692307692307693,0.0,1.0,0.7777777777777778,0.8856232294617563,0.0,0.0,0.0,0.695626183122447,0.6539153915391539,0.05820328975115985,0.0,0.0,0.75,0.6893903024483918,0.0,0.0,0.5,0.49606299212598437,0.8780487804878049,0.0,0.0,0.0,0.0,0.0,1.0,0.9166666666666666,0.967741935483871,0.8947368421052632,0.4502199938606364,0.4619883040935673,0.0,0.8428963500654064,0.5,0.6666666666666667,0.35466768773102797,0.6213017751479291,0.5,0.9940542310925236,0.8984778794632273,0.0,0.9233637523304876,0.6663980104085111,0.9817162570073308,0.4336283185840708,0.6258674921364022,0.0,0.0,0.0,0.9702780441035475,0.9369443846754923,0.3872855850366512,0.6666666666666667,0.0,0.9848484848484849,1.0,0.9842377842828192,0.0,0.888888888888889,1.0,0.8864915572232646,0.98125,0.8617886178861789,0.6538000822412529,1.0,0.0,0.0,0.7142857142857143,1.0,0.0,0.9411764705882353,0.9476439790575917,0.0,runif
0.5714285714285714,0.0,0.7952518807548192,0.0,0.0,0.647302498075712,0.0,0.0,0.7422760709649503,0.7400722021660651,0.0,0.5,0.0,0.624550801589979,0.0,0.5446884623186,0.0,0.0,0.0,0.36355825323210356,0.4580000293552128,0.0,0.0,0.7095149569038364,0.5289252896524173,0.0,0.7514204545454546,0.6028825119032301,0.0,0.9329847908745247,0.0,0.5839119340098511,0.6518048606147249,0.0,0.7925983790645446,0.7720958083832337,0.47390642948061223,0.0,0.0,0.0,0.739253112033195,0.9656005330667999,0.5786090886266635,0.569731967748965,0.0,0.9250199030180213,0.1293623720808188,0.5892524468001363,0.9452833009418449,0.7081206496519721,0.4574870569494226,0.0,0.0,0.8929787483855818,0.7367974940114244,0.25543478260869557,0.0,0.05222088835534233,0.7427712236872542,0.463089551057035,0.8957345971563981,0.8714624794595582,0.6147057137944869,0.0,0.631578947368421,0.6169681425485961,0.0,0.0769741207697412,0.11334097859327219,0.6231884057971013,1.0,0.9248986361960929,0.0,0.2682926829268293,0.2857142857142857,0.0,0.0,0.0,0.0,0.4,1.0,0.33333333333333337,1.0,0.25515574650913,0.0,0.44444444444444453,0.2293373045420699,0.4338664158043274,0.1428571428571428,0.7796610169491526,0.25,0.455872594558726,0.5,0.20775142550202452,0.0,0.9787546420243545,0.78125,0.11133200795228615,0.972693032015066,0.0,1.0,0.0,0.8571428571428572,0.05555555555555547,0.7995262066923304,0.0,1.0,0.01248120300751887,0.0,0.4085290482076638,0.0,0.6796453353893601,0.821969696969697,1.0,0.8128854481039234,0.4489668127739511,0.0,0.20447914879011497,0.0,0.6106194690265487,0.33333333333333337,0.6492448330683624,0.0,1.0,0.023991788906470468,0.35858585858585856,0.0,0.6666666666666667,0.8630769230769231,0.0,0.4133582818093069,0.11111111111111105,0.25,0.07539118065433859,0.375,0.0,0.0,0.6666666666666667,0.8317757009345794,0.35429390032421026,0.5,0.14799790630724952,0.33333333333333337,0.8228882833787465,0.478908188585608,0.7681017612524462,0.36543029417138684,0.6666666666666667,0.0,0.9328703703703703,0.75,0.7777777777777778,0.75,0.9285714285714286,0.0,0.43399740848720436,0.7,0.6610962282604074,0.509086428879443,0.190288778471983,0.9319546364242829,0.7222222222222222,0.0,0.0,0.2630846325167039,0.0,0.7153886912421468,0.0,0.7290969899665553,0.6140424705425352,1.0,1.0,0.0,0.15384615384615385,0.8791436464088398,0.0,0.26597697313532476,0.3076923076923077,0.0,0.0,0.6000000000000001,0.5,0.9305881625265898,0.9142857142857143,0.5,0.6203224008751471,0.9788704581358609,0.0,0.8348186268356973,0.028329782836793993,0.7481385340528725,0.9811056005806218,1.0,0.835984596190972,0.7736334405144695,0.72,0.9955143451919123,0.0,0.16666666666666663,0.6325108447222352,0.0,0.9197493895978256,0.0,0.22485631193748035,0.0,0.0,0.0,0.9997927486406749,0.9437966824620935,0.797450175452858,0.0,0.0,0.9707175861493069,0.6666666666666667,0.9811320754716981,0.0,0.23214285714285698,0.7775826525158434,0.0,0.45335437463300055,0.9782608695652174,0.0,0.572126095136957,0.0,1.0,1.0,0.0,0.5,0.96875,0.0,0.0,0.0,0.0,0.7632195318680296,0.0,0.0,0.6714285714285715,0.0,0.0,0.7691326530612245,0.5454545454545454,0.0,0.0,0.0,0.6362799263351748,0.0,0.6758184951177485,0.0,0.0,0.0,0.8120452518424635,0.8479418352733815,0.0,0.0,0.8917471772785474,0.3289448937370698,0.0,0.8,0.5189873417721519,0.4730927508705287,0.8452380952380952,0.0,0.0,0.35035460992907796,0.0,0.8666666666666667,0.7073170731707317,0.6100330305532617,0.0,0.0,0.0,0.49698054126593605,0.9901789811840294,0.7377622377622377,0.20388751033912333,0.0,0.8998516320474778,0.04677100197877304,0.7717639566038564,0.9897370109044259,0.8787878787878788,0.2943722943722943,1.0,0.481675392670157,0.8234440736979545,0.8116936590721933,0.2346850733390854,0.0,0.15859609609609604,0.7480539954675337,0.32004992693619105,1.0,0.9428571428571428,0.3644779945876654,0.0,0.9172821270310192,0.0,0.0368421052631579,0.0,0.24242424242424232,0.8189655172413793,1.0,0.9382448537378115,0.0,0.0,1.0,0.0,1.0,0.7952270977675135,0.0,1.0,0.0,0.0,0.0,0.4460026712459455,0.0,0.75,0.39624432957062994,0.5552486187845305,0.0,0.8571428571428571,0.0,0.0,1.0,0.2708255509899141,0.0,1.0,0.8974358974358975,0.36363636363636365,0.5509391007398975,0.0,1.0,1.0,1.0,0.0,0.7786647314949202,0.0,0.0,0.0,0.0,0.6501457725947521,0.5,0.7836215423445547,0.9823321554770318,0.9375,0.9511477339611536,0.7583732057416268,0.0,0.0,0.0,0.08333333333333337,0.5833333333333333,0.931477172430394,0.27193315609570823,1.0,0.11557994757536039,0.0,0.0,0.0,0.8688821752265861,0.6666666666666667,0.45788043478260865,0.0,0.33333333333333337,0.6066130127024145,0.375,0.0,0.5416012558869703,1.0,0.0,0.3125,1.0,0.2165748976422418,0.0,0.9,0.8235294117647058,0.8686493184634448,1.0,0.8,0.0,0.8709677419354839,0.5,0.8571428571428572,0.75,1.0,0.0,0.9392234621414738,1.0,0.2600806451612905,0.7252208047105004,0.0,0.9324324324324325,0.9583333333333334,1.0,0.0,0.5537634408602151,0.8122319597240351,0.2503816793893129,0.8076923076923077,0.97481449385257,0.5278969957081545,1.0,0.6,0.21292775665399244,0.0,0.885110744685592,0.0,0.763767345162694,0.65,0.55,0.0,1.0,0.0,0.9437011513332055,0.9117647058823529,0.5,0.8179339594062405,0.9717823888074869,0.8838095238095238,0.882895559724828,0.3125570082091821,0.8683536079125005,0.8810754912099276,1.0,0.9180566574882159,1.0,0.6818181818181819,0.9968663048190853,0.0,0.1724137931034483,1.0,0.8015784982935154,0.9640071985602879,0.34659090909090917,0.2249116336253265,0.0,0.0,0.0,0.8076923076923077,0.9538659456930771,0.9456950918563203,0.0,0.0,0.9451611162087764,0.5,1.0,0.0,0.5,0.7598027423622805,0.0,0.9176423178077543,1.0,0.560098192367775,0.4994677295571013,0.0,0.75,0.6666666666666667,0.0,1.0,1.0,0.0,0.0,1.0,0.0,0.7294396211523284,0.0,0.0,0.49884128980997156,0.0,0.0,0.7181886227544909,0.6606181954699035,0.0,0.0,0.0,0.5028248587570621,0.0,0.48583106267029974,0.0,0.0,0.0,0.13133760166118702,0.3016981058080709,0.0,0.0,0.709828674481515,0.7475113122171946,0.0,0.8194444444444444,0.7117224880382775,0.6241134751773051,0.6551652463105384,0.0,0.4772896500372301,0.5455919395465996,0.0,1.0,0.8885922330097087,0.0,0.4516599781101788,0.0,0.0,0.9724366041896362,0.9261285909712722,0.551156113042164,0.5340423817581177,0.6953405017921148,0.9678800856531049,0.2353212065392587,0.5666145426114151,0.7692307692307692,0.7641759406465289,0.0,0.0,0.3076923076923077,0.9767441860465116,0.48254431059617897,0.19012345679012344,0.0,0.05882352941176461,0.8266331658291457,0.8021025451862781,0.5519781144781144,0.8023166023166023,0.7377701934015928,0.0,0.6557377049180327,0.7701149425287357,0.0,1.0,0.6453900709219857,0.2500000000000001,0.9,0.75,0.5,0.0,0.1428571428571428,0.0,0.0,0.04105775922059851,0.6666666666666666,0.4,0.0,1.0,1.0,0.0,0.0,0.4285714285714285,0.46852605074569054,0.4036511156186614,0.19999999999999996,0.21052631578947367,0.5714285714285714,0.6956521739130435,0.0,0.0,1.0,0.9895833333333334,0.0,0.0,1.0,1.0,0.75,0.0,0.5,0.2500000000000001,0.2857142857142857,0.0,0.0,0.19244804061557996,0.08333333333333326,0.17796610169491522,0.0,0.2482915717539863,0.0,0.5,0.728101116990006,0.29639175257731953,0.625,0.0,0.16541353383458646,0.75,0.19999999999999996,0.46341463414634154,0.797271872060207,0.6666666666666667,0.16688481675392686,0.36448598130841114,1.0,1.0,0.46153846153846156,0.0,0.0,0.2857142857142857,1.0,0.0,1.0,0.0,0.0,0.0,0.6804347826086956,0.12585812356979387,0.0,0.0,1.0,0.0,0.36363636363636365,0.6666666666666666,1.0,0.6666666666666667,1.0,1.0,1.0,0.5,1.0,0.5,1.0,0.14841564187650458,0.25,0.0,0.3846153846153846,0.6334075723830734,0.8571428571428572,0.5555555555555556,0.0,0.0,0.44262295081967207,0.0,0.8567931456548348,0.0,0.7757275411218895,0.24194476409666288,0.0,0.8,0.0,0.375,0.5833333333333333,0.5,0.2648894887801586,0.29268292682926833,0.0,0.0,0.6000000000000001,1.0,0.9165088566827697,1.0,0.9166666666666666,0.6976744186046512,0.9375,0.0021726885008448438,0.4285714285714286,0.4482758620689655,0.0,0.0,0.33333333333333337,0.7725849802371542,0.6666666666666667,1.0,0.9953409493281649,0.0,0.5,0.656423950928102,0.4232667796360421,0.8775248019413318,0.0,0.21347501851437245,0.0,0.0,0.0,1.0,0.9841491841491842,0.5550209921257006,0.0,0.0,1.0,1.0,0.9759656652360515,0.0,0.5555555555555556,0.8571428571428572,0.0,0.2327355184498039,0.9189944134078212,0.028599066980793175,0.506817055032226,0.0,0.75,0.2857142857142857,0.0,0.0,0.9411764705882353,0.0,0.0,runif
0.0,0.0,0.7499120845114009,0.8913605794102432,0.0,0.0,0.0,0.0,0.6831448232223365,0.700764504479152,0.4676012593601089,0.5687393040501997,0.0,0.0,0.0,0.5417548157220798,0.0,0.0,0.8,0.0,0.0,0.0,0.0,0.6737297789929368,0.5363309352517985,0.0,0.0,0.0,0.0,0.0,0.0,0.2300826880168001,0.8762886597938144,0.0,0.7925983790645446,0.0,0.45185185185185184,0.11907894736842095,0.9103489771359807,0.0,0.726150607597359,0.5372400019484631,0.8535992710337147,0.5693295602960383,0.4541359096830221,0.578383641674781,0.5314975085234723,0.3234795507522781,0.9772727272727273,0.46403596403596403,0.0,0.6666666666666667,0.2991833163190899,0.5690730366768839,0.4206730355452276,0.0,0.7221570926143024,0.0,0.6984581933188376,0.9676088720584257,0.7194294469575369,0.21666470519006686,0.5930462067918417,0.927739481816021,0.0,0.4481416373681567,0.3115916341722793,0.0,0.0,0.9666666666666667,0.43312883435582805,0.4920634920634921,0.2857142857142857,0.9169796966382958,0.5,0.8125,0.0,0.5972294824882383,0.6666666666666667,0.8,0.5,0.33333333333333337,0.25,0.9122079285901812,0.8086021505376344,0.33333333333333337,0.6773038842345773,0.26201559760594895,0.1428571428571428,0.5511240029006528,0.25,0.3185405807892777,0.5,0.204192401272693,0.7,1.0,0.78125,0.0,0.0,0.7695390781563126,0.3846153846153847,0.0,0.2857142857142857,0.5,0.9486842105263158,0.0,0.9166666666666666,0.5973684210526315,0.6734693877551021,0.0,0.11111111111111116,0.4611393827242086,1.0,1.0,0.4917491749174917,0.285311324697033,0.5,0.8434028418527404,0.0,1.0,1.0,0.06906402285330204,0.8688133571854502,0.6001418775124142,0.599768297669347,0.47567175018155405,0.0,0.6666666666666667,0.44865718799368093,0.583941605839416,0.6991822117697366,0.7777777777777778,0.0,0.6017069701280229,1.0,0.5,0.8527131782945736,0.6666666666666667,0.2988882271193172,0.34813119755911537,0.5,0.31095406360424027,0.0,0.8656716417910448,0.6328059950041631,0.0,0.36543029417138684,0.6666666666666667,0.8571428571428572,0.0,0.0,0.0,0.0,0.4285714285714285,0.5,0.0,0.7,0.9184824240360882,0.5936046130659852,0.0,0.9357277882797732,0.41666666666666663,0.8438106488903889,0.0,0.9364824581518001,0.5896651270207853,0.0,0.18483829650976635,0.9970823364649588,0.5548863517335287,1.0,0.75,0.0,0.0,0.10259150414106344,1.0,0.3487861412711968,0.8269230769230769,0.0,0.75,0.8,0.5,0.0,0.9142857142857143,0.9802073515551367,0.9832288463842191,0.8001579778830964,0.45463290259025335,0.7999274290339687,0.049286987522281556,0.4397432295156374,0.0,0.7333333333333334,0.5202673690118367,1.0,0.16000000000000003,0.9903435002719552,0.9934223443942667,0.6666666666666667,0.5662405578152236,0.7479057264316079,0.2535348331329783,0.9702865228157057,0.0,0.0,0.0,0.0,0.0,0.5894302742111104,0.9221803037064081,0.7368421052631579,1.0,0.9857317670093001,0.0,0.96579476861167,0.6621410484348904,1.0,0.9691975141853553,0.9094299413958444,0.09008779493611352,0.0,0.0,0.9359663506095387,0.0,1.0,1.0,0.0,0.5,0.0,0.0,0.0,0.0,1.0,0.5065254863334155,0.9494549058473736,0.0,0.0,0.0,0.0,0.7781893004115226,1.0,0.547945205479452,0.8,0.0,0.0,0.0,0.6000000000000001,0.0,0.0,0.8571428571428572,0.0,0.0,0.0,0.0,0.875192820081335,0.0,0.25,0.0,0.0,0.0,0.0,0.0,0.0,0.8,0.25,0.8841698841698842,0.0,0.6843135213906526,0.7346293196991154,0.8569608155463523,0.0,0.7563451776649746,0.9390542907180385,0.9013191708069214,0.20388751033912333,0.7246175243393602,0.0,0.8929976396538158,0.0,0.9946452476572959,0.7036795831976554,0.3170603674540683,1.0,0.0,0.7421229733863567,0.2311281910513313,0.0,0.7567039106145252,0.0,0.6036492650785605,1.0,0.8664826634466103,0.0,0.9049666919639092,0.9010309278350516,0.23907455012853474,0.0,0.0,0.0,0.6000000000000001,1.0,0.947075208913649,0.7994541200935794,1.0,0.8408104196816208,1.0,0.75,1.0,0.96,1.0,1.0,1.0,0.0,1.0,0.94107389377316,0.8715596330275229,0.2500000000000001,0.8683405422512923,0.5371900826446281,0.0,0.6196428571428572,1.0,0.0,1.0,0.13611491108071117,0.7,1.0,0.9,0.0,0.0,0.0,0.36363636363636365,0.0,0.5714285714285714,0.0,0.7901864573110893,0.0,0.8571428571428572,0.5238095238095237,0.0,0.0,0.0,0.5126476053467601,0.971277065841803,0.6875,0.11830488522660365,0.0,0.16666666666666663,0.9230769230769231,0.5,0.75,0.5,0.5217090707964605,0.22696629213483155,0.5,0.9793044591423086,0.6381634372367313,0.0,0.0,0.0,0.33333333333333337,0.7154686699675602,1.0,0.0,0.4452588181401742,0.375,0.25,0.9252809878106696,1.0,0.0,0.31464174454828653,1.0,0.2093023255813954,0.0,0.9,0.0,0.0,0.0,0.8,1.0,0.6363636363636365,0.5,0.0,0.0,0.33333333333333326,1.0,0.7323050919078808,1.0,1.0,0.7033898305084746,0.12063377745768811,0.9591203104786546,0.49764150943396224,0.5263157894736842,0.0,1.0,0.5578947368421052,0.2775041050903121,0.8029817472481539,0.9818607372732592,0.9309355692850838,1.0,0.0,0.590621403912543,0.0,0.5341421143847488,1.0,0.41663883986070693,0.8,0.625,0.6666666666666666,1.0,0.0,0.0,0.9117647058823529,0.9888888888888889,1.0,0.854220600769482,0.15396825396825387,0.5584615384615385,0.31528279181708774,0.9230973922299095,0.8841698841698842,1.0,0.8147839983094947,0.9864864864864865,0.13636363636363646,0.9959415454210045,0.9887263330210339,0.6551724137931034,0.46478873239436613,0.0,0.5573936042317865,0.9859035506094329,0.02089534106784907,0.0,0.0,0.0,0.0,0.5584215554385759,0.9624869581712985,0.6875,0.9512195121951219,0.9851249900167718,0.0,0.8736604624929498,0.7175572519083969,1.0,0.9568043615013629,0.9767626089252707,0.663057352876447,0.0,0.7094557097118463,0.8772642197760365,0.0,0.0,0.75,0.8444444444444444,1.0,0.0,0.0,0.0,1.0,0.0,0.70912,0.9411764705882353,0.0,0.0,0.0,0.0,0.18530650444548413,0.6623056035546779,0.7245346432264737,0.33333333333333326,0.0,0.0,0.0,0.4742268041237113,0.0,0.0,0.6666666666666667,0.0,0.0,0.0,0.0,0.6079328756674294,0.7752770866319838,0.0,0.36363636363636365,0.0,0.0,0.0,0.0,0.4772896500372301,0.5410020220175242,0.0,0.7121212121212122,0.0,0.0,0.0,0.853064483928928,0.0,0.3244641537324465,0.30389800397115685,0.79578125,0.5223695111847557,0.5454545454545454,0.5926760563380282,0.45104562737642584,0.6382747372236317,0.7692307692307692,0.625,0.39634146341463417,0.6666666666666667,0.0,0.4568965517241379,0.08308902395423667,0.0,0.0,0.0,0.8367346938775511,0.8753541076487252,0.3331914893617022,0.25482625482625487,0.477957906712173,0.8452326116996776,0.0,0.7417311752287121,0.6000000000000001,1.0,0.8686868686868686,0.75,0.10000000000000009,0.6057339449541284,0.0,0.87363100252738,0.1428571428571428,0.8669527896995708,0.0,0.5201949860724234,0.6666666666666666,0.8,0.0,1.0,0.0,0.736842105263158,0.6729559748427674,0.5714285714285714,0.7586361597128757,0.11455588280886686,0.19999999999999996,0.21052631578947367,1.0,0.6956521739130435,0.0,0.0,1.0,0.9631067961165048,0.6666666666666667,0.5,0.0,0.33333333333333337,0.5,0.0,0.0,0.2500000000000001,0.2857142857142857,0.0,1.0,0.3691450461431308,0.8,0.0,0.25,0.07017543859649122,0.658890290037831,0.0,0.9966814159292036,0.8029411764705883,0.0,0.37808739708676375,0.5714285714285714,0.25,1.0,1.0,0.7770807193642828,0.8888888888888888,0.8688524590163935,0.0,1.0,1.0,1.0,0.7142857142857143,0.9090909090909091,0.7142857142857142,1.0,0.5639821554355482,1.0,1.0,0.6503026227303296,0.0,0.2402745995423342,0.12585812356979387,0.0,0.9365079365079365,0.0,1.0,0.9090909090909091,0.0,0.8333333333333333,0.6666666666666667,0.0,0.08333333333333337,0.0,0.0,1.0,1.0,0.5,0.22942286420717017,0.25,0.8381112984822934,0.8666666666666667,0.0,1.0,0.0,0.5074292692855689,0.0,0.7049180327868853,0.8340865074241446,0.0,0.0,0.7021276595744681,0.0,1.0,0.8,0.0,0.0,0.5987691085963867,0.5,0.0,0.8780487804878049,0.0,0.8,0.8,1.0,0.0,1.0,0.9166666666666666,0.967741935483871,0.34674922600619196,0.45753380293093693,0.4619883040935673,0.4469827586206896,0.8653334714882741,0.8162631905648665,0.33333333333333337,0.3220981345427999,0.18181818181818188,0.5,0.9940251935744828,0.9785480582294087,1.0,0.646714421221339,0.6616469080422942,0.4676670944811927,1.0,0.0,0.0,0.0,0.0,0.0,0.6131805157593123,0.8049945243352902,1.0,1.0,0.9933097205824478,0.0,0.9160493827160494,0.576271186440678,0.888888888888889,1.0,0.7768773635872501,0.0,0.0,0.015182767016640675,0.9451227069905801,0.0,0.0,0.7142857142857143,0.0,0.0,0.0,0.0,0.0,runif
0.5714285714285714,0.33333333333333326,0.7499120845114009,0.8442192871358785,0.817195551939246,0.0,0.8636363636363636,0.7467853610286845,0.0,0.0,0.4676012593601089,0.0,0.6666666666666667,0.5684641473840535,0.4,0.0,0.8074051955807704,0.0,0.33333333333333326,0.40879307698664746,0.5607600573043715,0.5,0.0,0.0,0.0,0.0,0.0,0.5680581592062549,0.8345255126371006,0.9052332508477683,1.0,0.08221007893139043,0.0,0.0,0.0,0.8033780857514075,0.0,0.0,0.9144555507588085,0.0,0.5303275920297197,0.0,0.0,0.8949688796680497,0.8931034482758621,0.39013412548384196,0.06554878048780499,0.0,0.3508930182211798,1.0,0.8957091297954819,0.33333333333333337,0.7762480945121951,0.9095367847411444,0.4511962665965559,0.1593096581480251,0.0,0.0,0.9132566691961941,0.7958100892232628,0.9009364940005853,0.110573752473071,0.24574143804913062,0.49262911256467834,0.4876589379207179,0.9891130788213094,0.10544692737430161,0.0,0.12617030762371828,0.29931972789115635,0.4375,0.8630653266331658,0.8648648648648649,0.0,0.4444444444444444,1.0,0.0,0.7145927871984714,0.6666666666666667,0.6000000000000001,0.0,0.6666666666666667,0.0,1.0,0.5956194834913371,0.33333333333333337,0.0,0.23220353028921858,0.1428571428571428,0.8813559322033898,0.6666666666666667,0.3012539184952978,0.5,0.6406513194834362,0.7,0.0,0.9375,0.0,0.9358974358974359,0.3066132264529058,0.25,0.4085308056872038,0.8571428571428572,0.0,0.8329683456101931,0.6428571428571428,0.0,0.801225153144143,1.0,0.509271018542037,0.33333333333333337,0.0,0.0,1.0,0.0,0.9748344370860927,0.9166666666666666,0.5646489482105919,0.9001821493624772,0.8333333333333334,0.7142857142857142,0.13969513468365002,0.0,0.9642857142857143,0.6126471241394625,0.4723831595210506,0.75,0.0,0.0,0.6923076923076923,0.520580040526849,0.33333333333333326,0.0,1.0,0.375,0.0,0.9596084787237423,0.0,0.2014928158238476,0.9733045705810974,0.0,0.9794410822356711,0.0,0.697986577181208,0.4267990074441689,0.8237918215613383,0.0,0.0,0.8571428571428572,0.3172165958836981,1.0,1.0,0.5,0.9285714285714286,0.0,0.28963073923484806,1.0,0.6527401450922121,0.5935645522880126,0.5637489717907775,0.9825559908345036,0.0,0.0,0.8333333333333334,0.9438884917798428,0.579192142578379,0.0,0.635858949316336,0.0,0.9733320188302566,0.7954627949183303,0.5,0.889795918367347,0.0714285714285714,0.0,0.16666666666666674,0.3417396879675145,0.1923076923076923,1.0,0.0,0.0,0.5,0.0,0.33333333333333326,0.9802073515551367,0.9942965779467681,0.04498224385111127,0.0,1.0,0.0,0.7018956833754837,0.7491427064099183,1.0,0.22032618392870873,1.0,0.72,0.9824146989124153,0.0,1.0,0.6328958212884258,0.9126355163887656,0.3933454126173611,0.1990163777873275,0.717565335253505,0.0,0.0,0.0,1.0,0.5888289678306109,0.8443425143407628,0.7368421052631579,0.9649122807017544,0.0,0.0,0.9811328171062458,0.9047789314446812,0.0,0.9691975141853553,0.9044715447154472,0.37290653700702336,0.9782608695652174,0.6224166170796194,0.7591055732186273,0.9375,0.6728971962616823,1.0,0.933244897085883,0.5,0.0,0.0,0.96875,0.0,0.0,0.7987428259087183,0.9116117850953206,0.6666666666666667,0.0,0.7857142857142856,0.7916666666666666,0.0,0.0,0.8584183673469388,0.0,0.9015151515151515,0.7596403178586365,0.5,0.0,0.8571428571428572,0.0,0.5,0.8596178019055253,0.8737296488902485,0.0,0.0,0.0,0.371274387712744,0.25,0.0,0.5189873417721519,0.6384866146399288,0.8486074744108546,0.6666666666666667,0.0,0.0,0.0,0.0,0.7391304347826086,0.0,0.0,0.8753894651955574,0.0,0.0,0.0,0.0,0.8707738542449286,0.7536493061812939,0.6514896008993817,0.0,0.0,0.1919850885368125,1.0,0.9553008595988539,1.0,0.9338959212376934,0.9879831764470258,0.36134629455419676,0.21739130434782605,0.0,0.0,0.9358368103847937,0.800272257010618,1.0,0.0,0.5989225031081642,0.7270471464019851,1.0,0.8145489486773683,0.0,0.0,0.6296296296296297,0.4568965517241379,0.25709112854556426,0.7575471698113208,0.8826086956521739,0.18467220683287167,0.0,1.0,0.0,0.748995983935743,1.0,0.0,0.0,1.0,0.0,0.947287372660507,0.8222849083215797,0.2500000000000001,0.0,0.5165745856353592,0.0,0.8609625668449198,0.0,0.10830172777075431,1.0,0.8797216699801192,0.7,0.6311584553928096,0.955264593562466,0.0,1.0,0.8571428571428572,0.0,0.49739583333333337,1.0,0.0,0.8121224325412807,0.75,0.0,1.0,0.5,0.7054491899852724,1.0,0.0,0.0,0.9375,0.0,0.9772727272727273,0.75,0.0,0.8181818181818182,0.08333333333333337,0.0,0.29146615335258264,0.0,0.8928571428571428,0.0,0.6524852569502948,1.0,0.0,0.5154433742942544,0.6666666666666667,0.7083333333333333,0.33333333333333337,0.6666666666666667,0.8564814814814815,0.375,0.0,1.0,0.0,0.8408227848101266,0.9376947040498442,0.0,0.8127681049709816,0.0,0.9,0.8823529411764706,1.0,0.3691860465116279,0.0,1.0,0.8,0.5,0.8571428571428572,0.75,1.0,0.5,0.5867630118336999,1.0,0.8975597609561753,0.651307596513076,0.0,0.971612330893768,0.0,0.0,0.8823529411764706,1.0,0.5394617933527462,0.18032786885245888,0.4935536362498435,0.0,1.0,0.9493016468626225,0.0,0.918429003021148,0.0,0.0,1.0,0.4452636784606394,0.0,0.4,0.0,0.0,0.0,0.0,0.33333333333333326,0.9888888888888889,1.0,0.0,0.8166449106943869,1.0,1.0,0.0,0.9305019305019305,0.0,0.318433572392246,1.0,0.6818181818181819,0.9979208270670513,0.0,1.0,0.46478873239436613,0.9272188808990132,0.5470205530090195,0.3048616516877787,0.5798940832724616,0.0,0.0,0.0,1.0,0.6176769169483032,0.9480417418191188,0.6875,0.9047619047619048,0.0,0.0,1.0,1.0,0.0,0.9568043615013629,0.940045719035744,0.7733116656038508,1.0,0.9592327159049827,0.7660465231500978,1.0,0.6774193548387096,1.0,0.9722222222222222,1.0,1.0,0.0,1.0,1.0,0.8607655502392344,0.7202505219206681,0.7777777777777778,0.6945010183299389,0.0,0.9333333333333333,0.7142857142857143,0.0,0.0,0.44090299701595814,0.8333333333333334,0.8655555555555555,0.5334136788189213,0.33333333333333326,0.0,0.8165137614678899,0.0,0.6666666666666667,0.11801242236024856,0.1466209598432907,0.6000000000000001,0.0,0.0,0.32258064516129037,0.0,0.0,0.7729549248747913,0.040983606557377095,0.6551652463105384,0.7777777777777778,0.4772896500372301,0.0,0.0,0.0,0.8368779682015279,0.33333333333333326,0.39429012345679004,0.7495773967640667,0.0,0.9684439608269858,0.0,0.0,0.2480422681385036,0.3120972196648868,0.0,0.8396624472573839,0.6214989247882763,0.7692307692307692,0.7893379191745485,0.8461538461538461,0.33333333333333337,0.7948717948717949,0.4651162790697675,0.03128103277060568,0.41666666666666663,0.25,0.0,1.0,0.49718892542696513,0.5519781144781144,0.0,0.0,0.1694166860330003,0.5081967213114753,0.6923076923076923,0.0,1.0,0.7052154195011338,0.0,0.9,0.6469298245614035,0.0,0.2280701754385963,1.0,1.0,1.0,0.7362637362637363,0.6666666666666666,1.0,0.0,0.5,0.33333333333333326,1.0,0.4764150943396226,0.5714285714285714,0.0,0.3339666764104062,0.19999999999999996,0.25531914893617036,0.8571428571428572,0.6666666666666667,0.0,0.7777777777777778,1.0,0.0,1.0,0.5,1.0,0.0,0.0,0.0,0.5,0.0,0.2857142857142857,0.0,0.5,0.6143790849673203,1.0,0.25141242937853103,0.16666666666666663,0.0,0.5658548707753479,1.0,0.14814814814814836,0.0,0.0,0.0,1.0,0.75,0.7,0.0,0.7392825896762905,0.0,0.4680290046143706,0.0,0.0,0.0,0.0,0.5714285714285714,0.0,0.4285714285714285,1.0,0.75,1.0,0.0,0.6678571428571428,1.0,0.16440217391304357,0.8546120952962737,0.0,1.0,0.0,1.0,0.18181818181818177,0.6666666666666666,0.0,0.6666666666666667,0.0,0.9473684210526316,1.0,0.5,0.5,0.5,0.5,0.20505321309610847,0.25,0.0,0.8666666666666667,0.808369854773567,1.0,0.0,0.1404399323181048,0.0,0.7798041202296522,0.7978030919446705,0.9465732866433216,1.0,0.5611158432708688,0.9394937229882692,0.7831050228310502,1.0,0.002400384061449712,1.0,0.2142717114291316,0.0,0.671866874674987,0.41463414634146345,1.0,0.0,0.4,1.0,0.0,1.0,0.9166666666666666,1.0,0.04166666666666674,0.0,1.0,0.0,0.6443568613400215,0.49343629343629347,0.0,0.11954567250059944,1.0,1.0,0.9671315263802999,0.0,1.0,0.656423950928102,0.8565410819059082,0.7069041753521572,0.16666666666666674,0.6547749949093871,0.0,0.0,0.0,1.0,0.9366852886405959,0.5433006837922749,1.0,1.0,0.0,0.0,1.0,0.8813559322033898,0.0,1.0,0.7936132465996452,0.0,0.916083916083916,0.5206972457361705,0.8727707698999565,0.9,0.75,0.7857142857142857,0.8845789971617787,0.0,0.0,0.0,0.9375,runif
0.5714285714285714,0.33333333333333326,0.7503740377030004,0.0,0.0,0.0,0.75,0.9117647058823529,0.0,0.7229988350807123,0.4676012593601089,0.0,0.0,0.0,0.4,0.6322845266606106,0.878290054760643,0.0,0.8,0.36765799813282873,0.4589025033710501,0.0,0.6278722769322591,0.0,0.0,0.7200693131695022,0.5983193277310924,0.5675638560834935,0.0,0.0,0.0,0.0,0.0,0.0,0.0,0.0,0.0,0.0,0.0,0.0,0.0,0.5296053511705685,0.0,0.0,0.8305471124620061,0.05355404089581306,0.5314975085234723,0.5895121567805491,0.38557312252964426,0.4937354988399071,0.0,0.6666666666666667,0.7740630013125273,0.1960784313725491,0.3921937321937322,0.23725271663415992,0.7033621949848194,0.04232979664014158,0.7315616853082163,0.5306996668253212,0.0,0.24963699318664134,0.39117468661544696,0.6633412745681952,0.0,0.3880292151522655,0.386604774535809,0.9255398361876396,0.0990056818181817,0.3004587155963303,1.0,0.0,0.0,0.5584430925521234,1.0,1.0,0.0,0.6757335617905332,0.0,0.4,0.5,0.33333333333333337,0.0,0.5531149301825993,0.8123124791643517,0.0,0.0,0.2245547824035855,0.5714285714285714,0.0,1.0,0.5589557399723375,0.5,0.6494504586397818,0.0,0.7470190779014309,0.0,0.0,0.9965392717424014,0.9405940594059405,1.0,0.0,0.5714285714285714,0.8836772983114447,0.31534939279315155,0.0,0.16666666666666663,0.782041033839595,0.6734693877551021,0.9956382669380633,0.7777777777777778,0.4563106796116505,0.0,0.020242914979757054,0.6266882766072394,0.44839114082741316,0.0,0.0,0.0,0.6106194690265487,0.0,0.2256088876228456,0.9025613660618997,0.9339423752635277,0.00299282850527971,0.4673003802281369,0.75,0.6666666666666667,0.646031746031746,0.583941605839416,0.7165879863258993,0.33333333333333326,0.0,1.0,0.375,0.5,0.9074195666447801,0.6666666666666667,0.2694916747423134,0.03378042722305019,0.0,0.0,0.33333333333333337,0.9,0.42105263157894735,0.7681017612524462,0.31361760660247595,0.0,0.0,1.0,0.75,0.36842105263157887,0.0,0.9285714285714286,0.0,0.6082030364831181,0.0,0.39721554415300153,0.5991553544494721,0.9277294260218134,0.9261404779145547,0.7222222222222222,0.0,0.0,0.6821727019498608,0.5481633060491116,0.9157663877832832,0.915374677002584,0.5708369787109944,0.5082704653015322,1.0,0.5,0.04721549636803879,0.0,0.7868601986249045,0.8333333333333334,0.33499329630339025,1.0,0.6020671834625322,0.0,0.0,0.5,0.0,0.9142857142857143,0.5,0.0,0.04936159010135588,0.5073295896691694,1.0,0.0,0.9863457428860646,0.9704713504660517,0.0,0.632204934354855,0.7736334405144695,1.0,0.9954676250385114,0.0,0.0,0.8990749619006592,0.0,0.43531178376669577,0.0,0.6320758617837995,0.0,0.0,0.0,0.9987170665142697,0.9259602808722995,0.922999732405673,0.9473684210526315,1.0,0.9746330419937278,0.6666666666666667,1.0,0.9849046023993271,0.4666666666666667,0.8979591836734694,0.981583416890053,0.4532711995009724,0.8369565217391304,0.10423171612877924,0.8457941920816712,0.9375,0.06542056074766345,0.6818181818181819,0.9440137812230835,0.0,0.0,0.9837450638258793,0.96875,0.0,0.5741935483870968,0.748353728205978,0.0,0.0,0.0,0.65,0.8148148148148149,0.0,0.5452830188679245,0.7515789473684211,0.0,0.0,0.0,0.5,0.6004737465455982,1.0,0.0,0.8571428571428572,0.7849857944197567,0.7321788836583726,0.0,0.7275020757488664,0.0,0.18588724471077422,0.8,0.8,0.5189873417721519,0.0,0.0,0.0,0.17588440458395616,0.0,0.0,0.0,0.0,0.0,0.0,0.0,0.0,0.10307414104882451,0.7744216587534094,0.0,0.0,0.9892708126365984,0.14878048780487796,0.884456985967053,0.7652052909722005,0.3031026252983293,0.8518270197787462,0.0,1.0,0.9479128186183967,0.0,0.2797307404637248,0.2422571064913025,0.6923076923076923,0.14491614255765184,0.7604079740380156,0.3368877984335189,0.0,0.5714285714285714,0.9468473163105784,0.27626137303556675,0.21088435374149672,0.0,0.8473684210526315,1.0,0.6296296296296297,0.4568965517241379,0.0,0.13001083423618642,0.0,0.605724838411819,0.75,0.75,0.0,0.9566003616636528,1.0,1.0,1.0,0.0,0.0,0.8196982883666957,0.8885754583921015,0.5,0.0,0.4039634146341464,0.5,0.0,0.8333333333333334,0.9777397260273972,1.0,0.8797219703838017,0.0,0.9818664307828394,0.975,0.0,1.0,0.0,0.8636363636363636,0.0,0.8571428571428571,1.0,0.42525399129172703,0.0,0.0,0.8095238095238095,0.0,0.92,1.0,0.48187182373205095,0.0,0.0625,0.5537190082644627,0.75,0.0,1.0,0.8181818181818182,0.08333333333333337,0.0,0.6195555555555556,1.0,1.0,0.11557994757536039,0.0,1.0,0.0,1.0,1.0,0.743421052631579,0.33333333333333337,0.6666666666666667,0.8411680123880101,0.375,0.25,0.8014766201804757,1.0,0.7092580849714649,0.31464174454828653,0.0,0.0,0.0,0.9,0.8823529411764706,0.8686493184634448,0.7400468384074941,0.0,0.0,0.6774193548387096,0.0,0.1428571428571429,0.0,1.0,1.0,0.9536258012820513,0.0,0.6345629656550973,1.0,0.980121776504298,0.9633580705009277,0.9583333333333334,0.368421052631579,0.0,0.0,0.5977605512489234,0.3275862068965518,1.0,0.5154336662716552,0.9309355692850838,1.0,0.0,0.0,0.0,0.6732147780534878,1.0,0.4020455295282086,0.8,0.0,0.0,0.0,0.0,0.0,0.9117647058823529,0.5,0.0,0.0,1.0,0.9580093312597201,1.0,0.9867752169093759,0.8810754912099276,0.0,0.847031882411418,0.984375,0.8181818181818182,0.9964906779309295,0.0,0.0,0.8732394366197183,0.5223499626463022,0.5364072712418302,0.0,0.3955566097406703,0.0,0.0,0.0,0.9922220855878012,0.9543494109711311,0.9624869581712985,0.9375,0.9512195121951219,0.9804053613711903,0.5,1.0,1.0,0.5,0.8571428571428571,0.9945141065830722,0.8621671714660277,0.7831541218637992,0.20867071524966252,0.8635606901422661,1.0,0.0,0.75,1.0,0.0,0.0,0.9115577889447236,1.0,0.0,0.8522536687631027,0.6850760586542415,0.0,0.0,0.0,0.9333333333333333,0.7142857142857143,0.0,0.6578385305425032,0.3431276169670491,0.0,0.0,0.0,0.33333333333333326,0.48583106267029974,0.9298745724059293,0.0,0.6666666666666667,0.12951511298618734,0.30499609679937534,0.0,0.6077797034469477,0.0,0.0,0.5357142857142858,0.47783621337340343,0.6371933827723901,0.0,0.0,0.0,0.0,0.0,0.0,0.0,0.0,0.0,0.39429012345679004,0.0,0.0,0.6938253562294483,0.3407378790805484,0.0,0.0,0.75941110696981,0.3007390562819786,0.44331704872854827,0.6334469451564745,0.3076923076923076,0.625,0.45584415584415583,0.6666666666666667,0.7948717948717949,0.4913793103448275,0.11830985915492953,0.4042553191489361,0.6923076923076923,0.1438356164383563,0.7744360902255638,0.8129761612189728,0.0,0.09523809523809523,0.3087315130830488,0.8447594701371137,0.0,0.7692793931731985,0.25,0.0,0.5363247863247862,0.0,0.9,0.14724770642201834,0.23076923076923073,0.46752917300862507,0.8571428571428572,1.0,1.0,0.5201949860724234,0.0,0.4,0.0,1.0,0.33333333333333326,0.2648376259798433,0.6729559748427674,0.0,0.11182108626198084,0.3860003104144032,0.6,0.08510638297872364,1.0,0.4347826086956522,0.0,0.5294117647058824,1.0,1.0,1.0,0.5,1.0,0.33333333333333337,0.75,0.0,0.0,0.5,0.0,0.0,0.5,0.33644859813084105,0.8,1.0,0.8333333333333333,0.06249999999999989,0.0,1.0,0.5221625251846878,0.29457364341085257,0.625,0.2873900293255133,0.13636363636363613,0.75,0.7,0.04878048780487809,0.7754266211604095,0.6666666666666667,0.1374095989480606,0.9391891891891891,0.0,1.0,0.6909090909090909,0.7142857142857143,0.87,0.4285714285714285,0.33333333333333337,0.24233128834355844,1.0,1.0,0.8676470588235294,0.0,0.36284829721362233,0.11494252873563238,0.0,0.20279720279720292,1.0,1.0,0.18181818181818177,0.6666666666666666,0.0,0.6666666666666667,1.0,0.6370967741935484,0.6666666666666666,1.0,1.0,0.5,0.0,0.04838511605059548,0.0,0.5076923076923077,0.26923076923076916,0.8688261163734776,0.8571428571428572,0.5555555555555556,0.4188454568987834,0.0,0.8360655737704918,0.2435897435897436,0.8648960739030023,0.799281006590773,0.9679068108879115,0.0,0.0,1.0,0.025604096655464925,0.0,0.3312095667516173,0.5,0.0,1.0,0.7777777777777778,0.0,0.4,1.0,0.0,1.0,0.9166666666666666,0.0,0.045038705137227186,0.5982238162332949,0.75,0.0,0.33938486171009485,0.0,0.6666666666666667,0.4273517786561266,0.6666666666666667,0.33333333333333326,0.99538533032173,0.0,0.5,0.9130691037684365,0.11240228185083456,0.1409682235018127,0.0,0.7624727028389047,0.0,0.0,0.0,1.0,0.9891771446761102,0.8082632929310802,1.0,1.0,0.9655172413793104,1.0,0.966743119266055,0.9661016949152542,0.5555555555555556,0.8571428571428572,0.9543509272467903,0.2453428458184702,0.7412587412587412,0.3079207743643878,0.8944576405384006,0.9,0.75,0.7142857142857143,0.8959764474975466,1.0,0.0,1.0,0.9375,runif
0.0,0.0,0.7503740377030004,0.9705882352941176,0.0,0.0,0.75,0.7914547304170906,0.0,0.7531028368794326,0.46847906445325616,0.0,0.8992950654582075,0.0,0.4,0.0,0.0,0.6918148124882216,0.0,0.7276062927120122,0.0,0.5,0.7373658766654876,0.725816469972866,0.5339497524983654,0.6885819879400895,0.0,0.6035140347118063,0.6123228785225283,0.0,0.8955223880597015,0.0,0.8921875,0.01176470588235301,0.0,0.0,0.7410125722052328,0.14360658534504822,0.9443571204023892,0.0,0.24022438541494806,0.9698773355416386,0.5840140023337222,0.9539329363835788,1.0,0.39013412548384196,0.3796718722582909,0.5846800289325417,0.9793103448275862,0.022727272727272707,0.9527904161622908,0.6666666666666667,0.41501361338000775,0.0,0.0,0.23623917295333896,0.0,0.0,0.5128977927488698,0.8207093787776041,0.3887753612611299,0.13739647483542172,0.2255665902724726,0.9566533242214195,0.4876589379207179,0.9779347960828065,0.4325086805555556,0.9046973803071364,0.9631989596879064,1.0,0.5992721391023049,0.6706030150753768,1.0,0.016589696453391922,0.4444444444444444,0.0,0.0,0.8846764799322249,0.6666666666666667,0.6000000000000001,0.5,0.6666666666666667,0.0,0.898932013545194,0.34441693196557,0.22222222222222232,0.6714618973561431,0.23759705762157746,0.0,0.9183804627249357,0.6666666666666667,0.94858934169279,0.0,0.2498472816127062,0.0,0.8292971057294743,0.78125,0.25,0.0,0.0,0.5038759689922481,0.3313253012048193,0.0,1.0,0.9711250748055057,0.0,0.0,0.9267235718975706,0.6000000000000001,0.8219948849104859,0.0,0.5964669685760707,0.4979919678714859,1.0,0.5023562676720076,0.0,0.5,0.0,0.8841405508072174,0.4,0.7142857142857142,0.06229290921139807,0.0,0.902315484804631,0.6317077148915349,0.4407106991116262,0.75,0.6666666666666667,0.7476851851851851,0.3065693430656935,0.6871209846892825,0.7777777777777778,0.0,1.0,1.0,0.5,0.6381080475229769,0.0,0.25470056875209124,0.8955262145878733,0.0,0.4352507152537268,0.6666666666666667,0.697986577181208,0.5,0.7793821356615178,0.10378220354467393,0.0,0.0,0.3284936479128856,0.0,0.7380952380952381,0.75,0.0,0.0,0.16641954007494686,0.0,0.7367895251456021,0.0,0.0,0.0,0.0,1.0,0.8333333333333334,0.3143699002719853,0.0,1.0,0.0,0.9082544410169131,0.6523743259697339,0.8142956441149212,0.0,0.05054479418886204,1.0,0.7845303867403315,1.0,0.4407431133888533,1.0,0.6003445305770887,0.75,0.8,0.0,0.0,0.0,0.0,0.6120866349709457,0.8169209431345353,0.0,0.9857253932494667,0.1289124500031743,0.0,0.9704713504660517,0.0,0.22159915534029395,0.955032542239169,0.76,0.9903469736005621,0.9935688231906316,0.9333333333333333,0.0,0.9772371690646379,0.5043059140644631,0.0,0.6345731293196437,0.0,0.0,0.0,0.0,0.9249966340328134,0.7576111739122104,0.7368421052631579,0.0,0.9866513400439088,0.0,0.9952830188679245,0.9102302701931988,0.0,0.7495271548230209,0.8689995513683266,0.0,0.8369565217391304,0.04296157185840355,0.9619976147192664,0.0,0.5,1.0,0.9262213830540477,0.5,0.0,0.0,0.0,0.0,0.0,0.7236851226492635,0.8843537414965986,0.0,0.0,0.65,0.7916666666666666,0.0,0.5480225988700564,0.875,0.0,0.9333333333333333,0.0,0.5,0.0,0.0,0.7435897435897436,0.0,0.9910171730515192,0.0,0.0,0.8166491438870532,0.8734177215189873,0.2237486560745432,0.9512195121951219,0.0,0.5189873417721519,0.5726305792972461,0.0,0.6666666666666667,0.20274914089347085,0.40401146131805155,0.0,0.0,0.0,0.6797433547204399,0.7359620526720633,0.8537654132273514,0.0,0.3073384681215233,0.9901789811840294,0.5839363241678727,0.9323794590356723,0.8727540500736377,0.7192513368983957,0.0,0.7684049772733434,0.9572072072072072,0.12397072278133581,0.9487179487179487,1.0,0.7827092001849283,0.0,0.0,0.30607853684776765,0.3846153846153847,0.0,0.5893153628284011,0.8294281500901196,0.2801449025357944,0.0,0.5489414221969049,0.9006622516556292,0.5,0.9219421207325345,0.8473684210526315,0.9787350054525628,1.0,0.9411764705882353,0.7601809954751131,0.0037061260082843495,1.0,0.0,0.0,0.0,1.0,0.888652783680408,1.0,0.0,1.0,1.0,0.0,0.8210094319245446,0.42660550458715596,0.0,0.8684654300168634,0.49934469200524245,0.0,0.9308176100628931,0.8333333333333334,1.0,0.0,0.4830287206266318,0.0,0.9633333333333334,0.8974358974358975,0.36363636363636365,0.0,0.0,0.36363636363636365,0.49739583333333337,0.0,1.0,1.0,0.0,0.0,0.8260869565217391,0.0,0.8517034068136273,0.0,0.5502695101945161,0.5347792106291522,0.9375,0.3625154130702837,0.4604700854700854,0.1875,1.0,0.8181818181818182,0.08333333333333337,0.0,0.2689561100858542,0.22696629213483155,1.0,0.0,0.0,1.0,0.0,0.8383428107229894,1.0,0.6448336252189142,1.0,0.6666666666666667,0.8583547947280715,0.875,0.25,0.7270707711837512,0.0,0.5773263433813893,0.7476635514018692,0.0,0.4978551602321474,1.0,0.9,0.8823529411764706,0.9019908116385911,0.23951285520974308,0.0,0.0,0.8,0.5,0.8571428571428572,0.75,0.0,1.0,0.4674535050071531,0.0,0.7114198358633268,0.1446153846153846,0.0,0.0,0.0,1.0,0.8823529411764706,0.5040530582166545,0.0,1.0,0.0,0.9818649818649818,0.9309355692850838,0.9384615384615385,0.0,0.0,0.0,0.6336303985897562,1.0,0.5463917525773196,0.44999999999999996,0.0,0.6666666666666666,1.0,1.0,0.0,0.0,0.0,0.6675436498445348,0.854220600769482,0.14821492967904804,1.0,0.6119111545032951,0.0,0.9775208734746307,0.0,0.3019138213560616,0.8333333333333334,0.8181818181818182,0.995397354777712,0.9919463048009378,0.9310344827586207,0.0,0.9858287667196983,0.5534713290785993,0.0,0.48773699773873713,0.0,0.0,0.0,0.0,0.957321061619056,0.937166158356783,0.6875,0.0,0.9851414818405174,0.0,1.0,1.0,0.0,0.7258335080729713,0.9367088607594937,0.0,0.7818405916187346,0.0,0.9345155047481885,0.0,0.0,0.8333333333333334,0.8888888888888888,1.0,0.0,0.0,0.0,0.0,0.0,0.6726035331595713,0.7777777777777778,0.0,0.0,0.9333333333333333,0.7142857142857143,0.0,0.6623056035546779,0.44090299701595814,0.0,0.8729218856752449,0.0,0.33333333333333326,0.0,0.0,0.6304168386297977,0.0,0.9687094982410664,0.0,0.6000000000000001,0.6006222432262129,0.7027386839102321,0.32258064516129037,0.2410714285714286,0.0,0.6371933827723901,1.0,0.0,0.7777777777777778,0.0,1.0,0.5454545454545454,0.0,0.0,0.0,0.0,0.7487191998048305,0.0,0.0,0.9637060877901801,0.5577724836212032,0.39142695995487864,0.3274733495417992,0.0,0.804513009440479,0.0,0.7692307692307692,0.7085124677558039,0.9314024390243902,0.6666666666666667,0.46153846153846156,0.4913793103448275,0.01638530287984097,0.41666666666666663,0.25,0.0,0.497716894977169,0.4409828167656977,0.7910353535353536,0.5054945054945055,0.0,0.8534507242260722,0.7142857142857142,1.0,0.25,0.5,0.5555555555555556,1.0,0.0,0.06578947368421051,1.0,0.0,0.8571428571428572,0.0,0.0,1.0,0.6666666666666666,1.0,0.0,0.5,0.33333333333333326,0.812206572769953,0.2515723270440251,0.5714285714285714,0.8111212768120362,0.3247811651071537,0.0,0.6842105263157894,0.8571428571428572,1.0,1.0,0.5,1.0,0.4259818731117825,0.6666666666666667,0.0,0.0,0.6000000000000001,0.5,0.0,1.0,0.5,0.7142857142857142,0.0,0.5,0.9660130718954248,0.10909090909090913,0.9290465631929047,0.25,0.8113207547169812,0.2716202783300199,1.0,1.0,0.1333333333333332,1.0,0.2811906269791006,0.05521472392638038,0.75,0.7,0.0,0.0,0.6666666666666667,0.4680290046143706,0.8821138211382114,0.0,1.0,0.1542553191489361,0.5714285714285714,0.909710391822828,0.7142857142857142,1.0,0.75,1.0,1.0,0.23452380952380947,1.0,0.15477167076838938,0.0,0.0,1.0,0.0,0.0,0.18181818181818177,0.6666666666666666,0.330952380952381,0.6666666666666667,1.0,0.11868686868686873,0.0,0.5,1.0,0.0,0.0,0.23586299529885835,0.0,0.918918918918919,0.6666666666666666,0.49893348846228436,0.2093023255813954,0.0,0.956368754398311,0.0,0.6031746031746033,0.0,1.0,0.615937687237867,0.7757275411218895,0.3997231621039681,0.7963636363636364,0.0,0.023363738198111772,1.0,0.3312095667516173,0.5,0.9274714356681569,1.0,0.7777777777777778,0.8,0.8,0.0,0.0,0.0,0.0,0.5967741935483871,0.6530612244897959,0.0,0.9181286549707602,0.206896551724138,0.653257071746518,0.8708661417322835,0.0,0.1199155334571379,0.9142857142857143,0.6666666666666667,0.9940542310925236,0.9785480582294087,1.0,0.0,0.9577037976315846,0.2066653897720746,0.0,0.6547749949093871,0.0,0.0,0.0,0.0,0.937093483874978,0.5423037716615697,1.0,0.0,0.9921343038271895,0.0,0.9898770788141721,0.8936170212765957,0.0,0.7272727272727273,0.7973826714801444,0.0,0.8,0.5368868288914639,1.0,0.0,0.25,0.9285714285714286,1.0,0.0,0.0,0.0,0.0,runif
0.5714285714285714,0.0,0.7546115311200207,0.8958810068649885,0.0,0.6714252523427214,0.8636363636363636,0.8699271592091571,0.0,0.6627779803135254,0.0,0.0,1.0,0.0,0.0,0.0,0.0,0.9055555555555556,0.0,0.0,0.0,0.0,0.7373658766654876,0.0,0.0,0.0,0.778125,0.0,0.0,0.0,0.8333333333333334,0.0,0.6445705914667643,0.33333333333333326,0.7925983790645446,0.7710663683818046,0.0,0.0,0.0,0.0,0.2550105789574919,0.0,0.8535992710337147,0.0,0.0,0.3641088572872303,0.0,0.5781157751086421,0.47054346171411177,0.0,0.8985461853678908,0.33333333333333337,0.031136065334694374,0.0,0.7371968104627498,0.1593096581480251,0.8271111998402876,0.0,0.7168857431749243,0.5783279617150112,0.5543041029766693,0.5607419486343252,0.0,0.0,0.4649122807017544,0.2969253657327052,0.2917594654788417,0.0,0.1732636295743093,0.0,0.9237187127532778,0.49493180980464424,0.8378378378378378,0.7744389501711677,0.8571428571428572,1.0,0.0,0.09418859649122813,0.0,0.6000000000000001,1.0,0.6666666666666667,1.0,0.238445968739458,0.33129102844638947,0.22222222222222232,0.6329676307915495,0.0,0.1428571428571428,0.9491525423728814,0.6666666666666667,0.0,0.0,0.6494504586397818,0.7,0.9725385130609511,0.0,0.1043689320388349,0.995982694684796,0.7695390781563126,0.7448648648648649,0.0,0.8571428571428572,0.7345132743362832,0.7661380077907624,0.0,1.0,0.9173457508731082,0.10000000000000009,0.0,0.11111111111111116,0.5844613452414178,0.0,0.4736842105263158,0.8135778811935395,0.6175869120654396,0.0,0.2688115144459732,0.4494556765163298,0.16666666666666663,0.2222222222222222,0.2336613676507695,0.21289373697757086,0.8522978125627132,0.0,0.41666666666666663,0.0,0.0,0.0,1.0,0.8250436631483028,0.33333333333333326,0.0,1.0,0.0,0.0,0.9577219942980322,0.0,0.5747286085017729,0.9798907103825136,0.5,0.15069860279441116,0.0,0.0,0.2727272727272726,0.0,0.7158779462817468,0.33333333333333337,0.8571428571428572,0.9627527492018446,0.0,1.0,0.5,0.8571428571428571,0.5,0.6935115215971639,1.0,0.4031971580817052,0.5083006901697444,0.0,0.9317787627673926,0.7222222222222222,0.908471393524548,0.8333333333333334,0.11604288132405516,0.530227485197881,0.9190077470850614,0.7054590315616326,0.36616522396840046,0.800644997029619,0.23065338276181646,1.0,0.7333333333333334,0.0,1.0,0.5,0.8308851952068033,0.0,0.7110445205479452,0.75,0.0,0.5,0.0,0.0,0.9803921568627451,0.9330675262979301,0.7949755162869917,0.5819672785633869,0.0,0.12914438502673786,0.5700172210640805,0.0,0.9850746268656716,0.8812639950582967,0.9507712504102396,0.76,0.9812790827995865,0.0,0.0,0.0,0.9764787928738984,0.14039439936088793,0.0,0.7146286020867747,0.0,0.0,0.0,0.996513300660766,0.7378934362625762,0.0,0.0,1.0,0.0,0.6666666666666667,1.0,0.9860270516280482,0.19999999999999996,0.0,0.8889456506314743,0.36185422451953475,0.9347826086956522,0.058312635994595685,0.7869827779020353,0.0,0.2500000000000001,0.6818181818181819,0.9185208596713021,0.5,0.0,0.6543872479145233,0.84375,0.0,1.0,0.7674534161490684,0.7176470588235294,0.0,0.7916666666666666,0.7857142857142856,0.8767123287671232,0.0,0.5945945945945946,0.0,0.0,0.9333333333333333,0.0,0.0,0.0,0.0,0.8938244853737811,0.0,0.0,0.0,0.0,0.8394929237373399,0.0,0.20705158542356827,0.0,1.0,0.0,0.0,0.0,0.6666666666666667,0.21212121212121204,0.42279942279942284,0.0,0.8841698841698842,0.7073170731707317,0.0,0.0,0.0,0.0,0.19450778229404198,0.0,0.8912708420905142,0.0,0.4331232803763202,0.0,0.34704151177199505,0.7681876942542014,0.6020408163265305,0.0,0.9487179487179487,1.0,0.6553927680798005,0.0,0.5616202858063823,0.22422680412371165,0.7345679012345678,0.0,0.7265473700519016,0.7276655612501255,0.7026047955839227,0.6857142857142857,0.0,0.0,1.0,0.6341212744090441,0.6157894736842104,0.4397641112047177,0.0,0.0,1.0,0.2785714285714287,0.9375,0.7750692520775623,0.75,1.0,0.0,0.0,1.0,0.0,0.0,1.0,0.0,0.7816091954022989,0.5066469719350074,0.0,0.8758700696055685,0.0,0.0,1.0,0.0,0.14632983794089605,0.0,0.8759296822177147,0.7,1.0,0.0,0.36363636363636365,1.0,1.0,0.8636363636363636,0.0,1.0,0.4285714285714286,0.8497925311203319,0.0,0.8571428571428572,0.8095238095238095,0.5,0.0,0.0,0.6063644735495753,0.0,0.6875,0.9210977701543739,0.6412213740458015,0.0,1.0,0.6363636363636365,0.08333333333333337,0.5416666666666667,0.37746938775510186,0.21439006574141706,0.8928571428571428,0.593872870249017,0.862257792754844,0.0,0.0,0.4658264663111972,0.6666666666666667,0.8504297994269341,0.33333333333333337,0.6666666666666667,0.6443295048299993,0.875,0.0,0.9254697615663983,0.0,0.9570474069360484,0.9376947040498442,1.0,0.889795918367347,0.0,0.44999999999999996,0.5882352941176471,0.46153846153846145,0.9303112313937754,0.8,1.0,0.8709677419354839,0.5,0.8571428571428572,0.75,1.0,1.0,0.9392234621414738,1.0,0.6950068712780577,0.6420782552918537,0.8327904451682953,0.9174368453481208,0.9583333333333334,1.0,0.8823529411764706,0.5040530582166545,0.5663807570389707,1.0,1.0,0.5675285675285676,0.6774996112579692,0.0,0.8,0.4872389791183296,0.0,1.0,1.0,0.818121824061242,0.44999999999999996,1.0,0.6666666666666666,1.0,0.0,0.0,0.0,0.9888888888888889,0.9690934572545549,0.854220600769482,0.9071257005604484,0.0,0.7727272727272727,0.7956117596195418,0.0,0.9850746268656716,0.9092661108305593,0.8812392426850257,0.8181818181818182,0.9914532147092473,0.0,0.0,0.0,0.9863493645257472,0.5718103039232825,0.0,0.574883099532398,0.0,0.0,0.0,0.9960012644223171,0.7368638269218237,0.0,0.0,1.0,0.0,0.5,1.0,1.0,0.5,0.0,0.976252439817827,0.7669490552609225,0.935031847133758,0.8986954346029862,0.5042479739490242,0.0,0.35483870967741926,1.0,0.8935837245696401,1.0,0.0,0.7121946994630175,0.6703296703296703,0.0,0.0,0.7195780484741932,0.9411764705882353,0.0,0.5681756938830504,0.9333333333333333,0.7142857142857143,0.0,0.6623056035546779,0.0,1.0,0.8729218856752449,0.0,0.0,0.0,0.0,0.6651028509563335,0.0,0.0,0.0,0.0,0.8922180801491146,0.0,0.0,0.0,0.6077795786061588,0.0,0.0,0.0,0.7777777777777778,0.0,0.6105194522929798,0.8181818181818181,0.7121212121212122,0.8291807853298784,0.33333333333333326,0.0,0.0,0.0,0.0,0.0,0.7930197268588771,0.0,0.0,0.5889710062535531,0.1681717840658239,0.0,0.7692307692307692,0.0,0.7134146341463414,0.33333333333333337,0.20512820512820518,0.4873338870431895,0.9485593713620489,0.19012345679012344,1.0,0.0,0.7692307692307692,0.0193519351935193,0.27543314082629944,0.7142857142857143,0.31783276450511944,0.0,0.7142857142857144,0.0,0.0,0.0,0.6546546546546548,0.5,0.8571428571428572,0.5653605531774778,0.5,0.7736486486486487,0.0,0.8095238095238095,1.0,0.4220055710306406,0.0,1.0,0.0,0.5,1.0,0.6923076923076923,0.2515723270440251,0.5714285714285714,0.802092500244451,0.0,0.19999999999999996,0.6842105263157894,1.0,0.0,1.0,1.0,1.0,0.9425981873111783,1.0,0.0,1.0,0.33333333333333337,0.75,0.0,0.5,0.5,0.2857142857142857,0.0,1.0,0.7511111111111111,0.07608695652173902,0.0,0.25,0.658096699923254,0.5784444444444444,0.5,0.7236002834868887,0.0,0.0,0.02056277056277056,0.7142857142857142,0.75,0.0,0.7674418604651163,0.9042457091237579,0.0,0.0,0.6822429906542056,1.0,0.0,0.0,0.5714285714285714,1.0,0.4285714285714285,1.0,0.0,1.0,0.0,0.6487334678323247,1.0,0.5843587640142194,0.8546120952962737,0.0,0.0,0.0,0.0,0.18181818181818177,0.0,0.5833333333333334,0.0,0.0,0.3421052631578948,0.0,0.5,0.5,0.0,0.5,0.22931937172774852,0.25,0.05533371363377049,0.3846153846153846,0.0,0.23809523809523803,0.5555555555555556,0.5447219983883966,0.0,0.3971631205673758,0.7978030919446705,0.8735059760956175,0.49095966620305986,0.0,0.9637975618766161,0.8509803921568627,0.8,0.92,0.0,0.8329177057356609,0.0,0.30138504155124657,0.0,0.6931818181818181,0.8,0.0,1.0,0.0,0.0,0.9166666666666666,0.8709677419354839,0.7083333333333334,0.527769742551345,0.0,0.2068965517241378,0.31501974231088936,0.0,0.6666666666666667,0.7881871327806329,0.8191780821917808,0.41666666666666663,0.9671722277355319,0.0,0.0,0.0,0.9577037976315846,0.7066164679634666,0.196078431372549,0.6841361968895854,0.0,0.0,0.0,1.0,0.616028547062256,0.0,0.0,1.0,0.0,1.0,1.0,0.9695817490494296,0.5555555555555556,0.0,0.9611829944547134,0.0,0.9495798319327731,0.048055423188299584,0.7482172243554581,0.0,1.0,0.7857142857142857,1.0,0.0,0.0,0.6716351170070056,1.0,runif
0.5714285714285714,0.33333333333333326,0.7950791482838923,0.0,0.0,0.0,0.75,0.8254319893664156,0.7422760709649503,0.0,0.4679558246631418,0.5392265193370165,0.0,0.725900805426028,0.4,0.0,0.9875846501128668,0.9131545338441891,0.0,0.5815960837539842,0.0,0.5,0.0,0.7669290221938594,0.28578416616496083,0.722052067381317,0.0,0.6030888030888031,0.0,0.8885959129861569,0.7954545454545454,0.22309997275946614,0.0,0.2857142857142857,0.9409722222222222,0.7469699033092742,0.0,0.14360658534504822,0.0,0.0,0.16693510184746574,0.55784519784337,0.6057554312861879,0.0,0.4541359096830221,0.9239153973868476,0.13170731707317063,0.5068328716528163,0.38557312252964426,0.6983695652173914,0.0,0.33333333333333337,0.0,0.5689584432331047,0.0,0.0,0.0,0.07946763147693503,0.7212177831510689,0.0,0.0,0.5667891430603295,0.39448988809153407,0.4427278401997503,0.1578947368421052,0.3880292151522655,0.11418803418803403,0.8510796723752792,0.7685088633993744,0.029535864978903037,1.0,0.7301587301587302,0.8648648648648649,0.9296020011613884,1.0,0.021739130434782483,0.0,0.5895045285029301,0.6666666666666667,0.0,1.0,0.6666666666666667,0.5,0.5351962217474417,0.2833137944509574,0.5555555555555556,0.7626195241271959,0.2826717493991877,0.8571428571428571,0.0,0.0,0.17444674965421858,0.5,0.204192401272693,0.5,0.0,0.78125,0.0,0.735166872682324,0.0,1.0,0.0,0.5714285714285714,0.5294117647058822,0.9486842105263158,0.6428571428571428,0.0,0.3090167648391481,0.5714285714285714,0.9649973074851912,0.0,0.5917652501487013,1.0,1.0,0.29152915291529147,0.5218345173422483,0.5,0.8928270042194093,0.5110115714818961,0.9402985074626866,0.0,0.1835500180570605,0.0,0.0,0.0,0.6527881040892194,0.75,0.6666666666666667,0.6088709677419355,0.043062200956938024,0.899780304988369,0.11111111111111105,0.0,0.11024182076813649,1.0,0.5,0.47472094550229804,0.0,0.39873181648638567,0.31833727966324643,0.0,0.655688622754491,0.33333333333333337,0.9065934065934066,0.7272727272727273,0.0,0.10999451854558728,0.6666666666666667,0.8571428571428572,1.0,0.75,0.8947368421052632,0.5,0.0,0.0,0.0,0.7,0.0,0.6047590719809639,0.5002070081674131,0.46764909049044434,0.7222222222222222,0.8379868708971554,0.0,0.0,0.47137395104027,0.9159288441231419,0.18483829650976635,0.7407407407407407,0.48581063553826187,0.7586206896551724,0.8,0.19552058111380144,0.0,0.08264900662251673,0.0,0.0,0.0,0.6656410256410257,0.875,0.6000000000000001,0.5,0.0,0.33333333333333326,0.9803921568627451,0.9932750018077953,0.09651474530831106,0.6535598948988922,0.0,0.11951871657753987,0.9384004308603743,0.9439145582271974,0.9624726362973002,0.0,0.0,1.0,0.0,0.9866880566591364,0.9487179487179487,0.9051903615330303,0.7480932733183296,0.34894852080044814,0.36786791994727885,0.5321252059308071,0.0,0.0,0.0,0.9776659326832338,0.6018513444168216,0.9375400210551449,0.0,1.0,0.9731054067598419,0.6666666666666667,0.0,0.0,0.0,0.9925314465408805,0.9805513784461153,0.9891167413213886,0.9347826086956522,0.13278565533798492,0.649759736068278,0.9375,0.23115577889447236,1.0,0.5549163409599931,0.0,1.0,0.0,0.875,0.0,0.0,0.7489334711928614,0.0,0.0,0.0,0.65,0.8476890756302521,0.7724679797653643,0.0,0.34615384615384603,0.8,0.0,0.9442764578833693,0.5,0.0,1.0,0.8938244853737811,0.0,0.8825893801565475,0.0,0.0,0.0,0.9803921568627451,0.0,0.9360986547085202,0.0,0.5189873417721519,0.0,0.906093906093906,0.6666666666666667,0.46182736957115533,0.0,0.0,0.8881735005083022,1.0,0.0,0.7411980941844074,0.0,0.0,0.0,0.9428216283405843,0.7009948157489141,0.0,0.6203433754454163,0.9245388485187256,0.38568104906937406,0.5016153070806447,0.16371158392435015,0.8865853658536585,0.0,1.0,0.5904572564612325,0.9880573248407644,0.02598366740905722,0.0,0.0,0.9263024142312579,0.7052994037121021,0.0,0.0,0.6857142857142857,0.7507785674359179,0.41917525773195874,0.3777777777777779,0.0,0.0,0.9115417017691659,0.8148148148148149,0.47058823529411764,0.0,0.8801916932907348,1.0,0.8466686948585336,0.0,0.0,1.0,0.9564625850340136,1.0,1.0,0.0,1.0,0.0,0.8275976540887462,0.42660550458715596,0.75,1.0,0.5483870967741935,1.0,1.0,1.0,0.861995753715499,1.0,0.048352976730129726,0.7,0.0,0.9,0.0,0.5934204976803037,1.0,1.0,0.0,0.8571428571428571,0.0,0.7773955773955774,0.75,0.0,0.5238095238095237,0.5,0.9232,0.5,0.6829203657082283,0.9690402476780186,0.9375,0.8387286639199529,0.16792929292929282,0.18181818181818188,1.0,1.0,0.9166666666666666,0.0,0.527575587905935,0.27726485862665906,0.0,0.12570579494799394,0.7106149957877,1.0,0.0,0.5332950631458094,0.6666666666666667,0.9318763872289568,0.0,0.6666666666666667,0.7249640632486822,0.0,0.25,0.929864830400408,0.0,0.6773446545735238,0.31464174454828653,0.0,0.34388009991673607,0.0,0.9,0.3529411764705882,0.0,0.2619663648124193,0.8,1.0,0.5454545454545454,1.0,0.8571428571428572,1.0,0.0,0.5,0.7058237929318069,1.0,0.0,1.0,0.8305343511450382,0.889372649910944,0.9583333333333334,0.5263157894736842,0.0,0.7954644570431749,0.673721340388007,1.0,0.8084866691701089,0.7087071835675187,0.9309355692850838,0.9384615384615385,0.8,0.6476810414971522,0.0,0.536,0.0,0.4598930481283422,0.0,0.0,0.6666666666666666,1.0,0.0,0.0,0.33333333333333326,0.9888888888888889,1.0,0.0,1.0,0.0,1.0,0.9995261181788357,0.9818181818181818,0.9850746268656716,0.0,0.1952117863720071,0.8181818181818182,0.0,0.9885507257741983,0.9473684210526316,0.8732394366197183,0.10555796786799843,0.5570208157863072,0.6437731849496555,0.0,0.0,0.0,0.0,1.0,0.655917749262772,0.9493533102830068,0.0,0.9047619047619048,0.9910281754393587,0.5,0.0,0.0,0.0,0.9871794871794872,1.0,1.0,0.9908759124087592,0.5988796469190291,0.5403259108668722,1.0,0.0,0.6666666666666667,0.45661914460285136,0.5,1.0,0.0,0.9189189189189189,0.0,0.8889256198347107,0.720558239398819,0.0,0.0,0.0,0.9333333333333333,0.7142857142857143,0.7748344370860927,0.0,0.44090299701595814,0.96,0.0,0.4018052821217637,0.33333333333333326,0.0,0.9298745724059293,0.5939668980245596,0.0,0.9689540937056318,0.0,0.6000000000000001,0.0,0.9503688799463448,0.7764705882352941,0.5357142857142858,0.0,0.18590704647676148,0.0,0.6551652463105384,0.7777777777777778,0.4772896500372301,0.0,0.0,1.0,0.8277585151947787,0.0,0.0,0.0,0.0,0.7291204730229119,0.30389800397115674,0.42629617078956283,0.0,0.2893577981651374,0.9379932356257046,0.1499999999999999,0.8636759358836482,0.3076923076923076,0.0,0.45584415584415583,0.33333333333333337,0.20512820512820518,0.4568965517241379,0.16374687164819457,0.0,0.25,0.1438356164383563,0.8367346938775511,0.0,0.0,0.7142857142857143,0.3087315130830488,0.3894919669995658,0.09836065573770492,0.7692793931731985,0.4736842105263157,1.0,0.0,0.0,1.0,0.7458715596330274,0.0,0.8741755454084221,0.8571428571428572,0.0,0.0,0.5201949860724234,0.6666666666666666,0.0,0.0,0.5,1.0,0.2648376259798433,0.4745417515274949,0.5714285714285714,0.49673202614379075,0.1291485207989186,0.8,0.25531914893617036,1.0,0.13043478260869568,0.0,0.0,0.5,0.3203883495145631,0.6666666666666667,0.5,0.5,0.33333333333333337,0.75,0.0,0.0,0.2500000000000001,0.2857142857142857,0.0,0.0,0.39708900914349676,1.0,1.0,0.0,0.8245614035087719,0.658890290037831,0.8070175438596491,0.0,0.9487554904831625,0.0,0.32481363152289666,0.7142857142857142,0.25,0.7,0.04878048780487809,0.7702996092053843,0.2222222222222221,0.7083333333333334,0.2857142857142857,0.0,1.0,0.0,0.0,0.4318181818181819,0.2857142857142857,0.0,0.0,1.0,1.0,0.6467159829634612,1.0,0.7936950760217604,0.11494252873563238,0.0,0.8083916083916084,1.0,1.0,0.0,0.0,0.5308641975308642,0.6666666666666667,0.0,0.0,0.6666666666666666,1.0,0.0,0.0,0.5,0.2625416468348406,0.25,0.792,0.26923076923076916,0.20577249575551793,0.23809523809523803,0.5555555555555556,0.39062904478384686,0.0,0.0,0.1468689477081988,0.8634114863411486,0.0,0.0,0.0,0.7963636363636364,0.8,0.002400384061449823,0.0,0.5229938995776631,0.5,0.4048414023372289,0.0,0.8180574555403557,1.0,0.6000000000000001,1.0,0.0,1.0,0.9166666666666666,1.0,0.0,0.6979569892473119,0.0,0.22413793103448276,0.12538278325961216,0.6395348837209303,0.6666666666666667,0.0,0.0,0.41666666666666663,0.0,0.9860087609024367,1.0,0.9233637523304876,0.6186226188890369,0.47513668315542834,0.0,0.0,0.0,0.0,0.0,1.0,0.9366852886405959,0.9482691124657457,0.0,1.0,1.0,1.0,0.0,0.0,0.0,1.0,1.0,0.9772457459438069,0.8653846153846154,0.0,0.522810901367158,0.9,1.0,0.3571428571428572,0.5613437195715678,0.0,1.0,0.0,0.8125,runif
0.0,0.0,0.0,0.9705882352941176,0.0,0.7068076090461056,0.0,0.8724973656480506,0.3748990306946689,0.0,0.0,0.0,0.0,0.6225160892180199,0.4,0.893999065482945,0.8074051955807704,0.7202811767768811,1.0,0.0,0.0,0.0,0.7373658766654876,0.7282975238462279,0.0,0.7272727272727273,0.5970724191063175,0.0,0.0,0.0,0.8333333333333334,0.0,0.6370244501085622,0.8571428571428572,0.7925983790645446,0.7877843438840768,0.0,0.0,0.0,0.0,0.2289260969976905,0.9720655737704919,0.24428217717906753,0.9541713732451186,0.8986682107701216,0.5338541666666667,0.37225829092823304,0.6325672926186585,0.3278015116661189,1.0,0.8989576022251683,0.33333333333333337,0.4205021977466782,0.5811903012490817,0.4188588810028575,0.0,0.0,0.11247978101281575,0.36891630834423883,0.9789695673823262,0.5587397086763775,0.6222222222222222,0.0,0.47886661018544674,0.1578947368421052,0.990709773318469,0.27838908450704225,0.9054336468129571,0.12521499828001392,0.0,0.5992721391023049,0.0,1.0,0.08534640600082688,0.6666666666666667,1.0,0.0,0.9488497970230041,0.0,0.4,1.0,0.33333333333333337,0.0,0.6115626437662937,0.8545091592296853,0.5555555555555556,0.3170193332318466,0.0,0.1428571428571428,0.9090909090909091,0.6666666666666667,0.9708302169035153,0.0,0.9721588315837517,0.6000000000000001,0.0,0.0,1.0,0.34733828536056943,0.0,0.7448648648648649,0.0,0.0,0.7701149425287356,0.30486862442040186,0.0,0.18181818181818188,0.014026602176541947,1.0,0.8226751592356688,0.7777777777777778,0.5945532329310285,0.0,1.0,0.49446040213377107,0.44839114082741327,0.0,0.8532124125874125,0.5979740424184868,0.1333333333333333,0.875,0.0,0.7189735336194564,0.8164179104477612,0.0,0.0,0.75,0.6666666666666667,0.795275590551181,1.0,0.9725400457665904,0.11111111111111105,0.0,0.5471698113207548,1.0,0.0,0.9577219942980322,0.6666666666666667,0.0,0.6441144853533997,0.5,0.6580908445706175,0.33333333333333337,0.29999999999999993,0.6328059950041631,0.8331085637221848,0.18892746208660693,0.0,0.8571428571428572,0.3284936479128856,0.75,0.0,0.5,0.0,0.0,0.0,0.0,0.4094817083782939,0.8945978391356543,0.6446221968290244,0.7216523948433237,0.0,0.0,0.8333333333333334,0.9422371638141809,0.626956244011498,0.9743906201789572,0.5497395187298437,0.0,0.0,1.0,1.0,0.04721549636803879,0.0714285714285714,0.0,0.8333333333333334,0.467035500230521,0.0,0.6642929806714141,0.0,0.6000000000000001,0.5,0.0,0.0,0.0,0.9068216825269555,0.8169209431345353,0.8474355103097231,0.9838200095739589,0.0,0.0,0.9706102177110205,1.0,0.7333110878323492,0.751230718739744,0.16000000000000003,0.9490780664482039,0.9934235065470465,1.0,0.0,0.29054054054054057,0.9537323453948158,0.6864609126282277,0.922465413999587,0.0,0.0,0.0,0.0,0.7426870253619252,0.0,0.9473684210526315,0.0,1.0,0.6666666666666667,0.990566408553123,1.0,0.8214285714285714,1.0,0.9811080499154956,0.9213257494069441,0.9782608695652174,0.11501621426855646,0.7869827779020353,0.9375,1.0,0.13636363636363635,0.0,0.0,0.0,0.6630825330252315,0.875,0.0,0.0,0.0,0.0,0.0,0.7916666666666666,0.0,0.85875,0.44626059420694797,0.0,0.0,0.0,0.0,0.8003170106569539,0.5,0.9091477577273539,0.8571428571428572,0.7435897435897436,1.0,0.0,0.0,0.0,0.8677907450128919,0.8734177215189873,0.7152226441146012,0.33333333333333326,0.6000000000000001,0.0,0.0,0.0,0.6666666666666667,0.20274914089347085,0.7608247422680412,0.0,0.8841698841698842,1.0,0.0,0.0,0.0,0.0,0.5397225725094578,0.9096648858669257,0.4983811285846439,0.8134969325153374,0.9137903861308116,0.5,0.09979633401221977,0.5471610966315859,0.2714078374455733,0.9793706293706294,0.9427239427239427,1.0,0.9636313159355914,0.9780380673499268,0.2375789184737852,0.0,0.0,0.9263024142312579,0.5551394090719934,1.0,0.7026047955839227,0.6857142857142857,0.04063419728472406,0.41917525773195874,0.14754098360655743,0.7249123392886958,0.0,0.9616564417177914,0.0,1.0,0.7162253903598099,0.0,0.9375,0.0,0.75,1.0,1.0,1.0,0.0,0.5,0.0,0.0,0.0,0.8196982883666957,0.9963768115942029,0.75,0.39681703204047225,0.0,0.0,0.9285714285714286,0.0,1.0,0.0,0.9616087751371115,1.0,0.6191275167785235,0.0,0.8636363636363636,0.5170814002530577,0.0,0.8636363636363636,0.0,0.0,0.4285714285714286,0.3768183951196622,0.0,0.09999999999999998,0.0,0.5,0.7866666666666666,1.0,0.7857142857142857,0.0,0.9375,0.11830488522660387,0.7617924528301887,0.0,0.9230769230769231,1.0,0.08333333333333337,0.9583333333333334,0.0,0.41490044958253036,0.8928571428571428,0.08704928525709421,0.019230769230769273,1.0,0.0,0.794044665012407,1.0,0.9721898547347161,0.0,0.6666666666666667,0.8995791442599953,1.0,0.0,0.929864830400408,1.0,0.0,0.75,1.0,0.5005020080321285,0.0,0.44999999999999996,0.0,0.8888888888888888,0.777490297542044,0.0,1.0,0.25806451612903225,0.5,0.1428571428571429,0.75,0.0,1.0,0.49922077922077923,0.0,0.7598414795244386,1.0,0.8305343511450382,0.8559833024118738,0.0,0.04761904761904767,0.8823529411764706,1.0,0.0,0.9370932754880694,0.0,0.7084673097534834,0.09798994974874387,1.0,0.8,0.0,0.0,0.0,1.0,0.7272727272727273,0.0,0.0,0.0,1.0,0.0,0.0,0.0,0.0,0.9280027691242645,0.854220600769482,0.9809968847352025,1.0,0.8124149196841819,0.0,0.8810754912099276,1.0,0.8905793943235998,0.23692810457516356,0.13636363636363646,0.9686726987335946,0.9922453345342979,1.0,0.0,0.0,0.9658937495559082,0.9287838029166077,0.8085067093438385,0.0,0.0,0.0,0.0,0.735224920519262,0.0,0.9375,0.0,1.0,0.5,1.0,1.0,1.0,1.0,0.9913530509973469,1.0,1.0,0.0,0.5180986926622838,1.0,0.75,1.0,0.0,0.0,0.0,0.6945521698984303,0.8571428571428572,1.0,0.0,0.0,0.9411764705882353,0.0,0.5948144382308084,0.0,0.7142857142857143,0.2679949213790408,0.0,0.0,0.0,0.0,0.6180207026348807,0.33333333333333326,0.4742268041237113,0.925065731814198,0.5566251415628539,0.6666666666666667,0.0,0.0,0.0,0.8930694866790723,0.7027386839102321,0.46820809248554907,1.0,0.37815126050420167,0.0,0.0,0.0,0.7777777777777778,0.0,0.6105194522929798,0.5454545454545454,1.0,0.8871487793643482,0.28042328042328046,0.0,0.0,0.0,0.0,0.5997438360550753,0.37771988967208103,0.3877724313614491,0.2909057706355004,0.0,0.7694444444444444,0.8987250420976666,0.7692307692307692,1.0,0.7110655737704918,0.33333333333333337,0.46153846153846156,1.0,0.0,0.0,0.25,0.05882352941176461,0.497716894977169,0.8990134719422934,0.18765957446808512,1.0,0.31311329170383595,0.6356148821357569,0.20668693009118555,0.0,0.43028846153846145,0.8571428571428571,0.7052154195011338,0.0,0.0,0.0,1.0,0.22863027806385183,1.0,0.8095238095238095,0.0,1.0,0.6666666666666666,0.6,0.0,1.0,0.33333333333333326,0.812206572769953,0.6729559748427674,0.5714285714285714,0.6055638350720318,0.0,0.19999999999999996,0.21052631578947367,0.0,1.0,1.0,0.7777777777777778,0.0,0.0,0.0,0.75,0.6,0.6000000000000001,0.75,0.0,1.0,0.5,0.0,0.0,0.5,0.24392023346303482,0.5142857142857142,0.9766997708174179,0.8333333333333333,0.8113207547169812,0.5658548707753479,0.5757575757575758,0.9966814159292036,0.5470588235294118,0.0,0.42375366568914963,0.7300613496932515,0.75,0.8,0.34883720930232565,0.8982456140350877,0.0,0.1374095989480606,0.2844036697247707,0.0,1.0,0.39072847682119205,0.5714285714285714,1.0,0.2857142857142857,1.0,0.2776214593884825,0.0,0.0,0.6706349206349207,0.0,0.30315789473684207,0.0,0.0,0.818880351262349,1.0,0.0,0.9090909090909091,0.6666666666666666,0.16666666666666685,0.6666666666666667,0.0,0.11868686868686873,1.0,1.0,0.5,0.0,0.0,0.5959866764156309,0.0,0.05855855855855874,0.7692307692307693,0.44933043792978644,1.0,0.0,0.3053395541731466,0.0,1.0,0.7707602339181286,0.3670886075949368,0.6539153915391539,0.05820328975115985,0.0,1.0,1.0,0.025924147863658265,0.0,0.22072861874147687,0.0,0.7220367278797997,0.0,0.799081515499426,0.0,0.6000000000000001,1.0,0.0,0.0,0.0,0.8709677419354839,0.8421052631578947,0.8024455680528325,0.9181286549707602,0.0,0.8292314390350091,0.0,0.33333333333333337,0.46504881532639264,0.0,1.0,0.9621014552074441,0.9785480582294087,1.0,0.0,0.6444343670422437,0.9828480255285201,0.8125,0.6336997227761296,0.0,0.0,0.0,0.0,0.9236363636363636,0.0,1.0,0.0,1.0,1.0,1.0,0.9695817490494296,0.888888888888889,1.0,1.0,0.9751243781094527,0.8617886178861789,0.6345160822048486,0.7482172243554581,0.9,1.0,1.0,0.0,1.0,0.0,0.587981908248977,0.8125,runif
0.0,0.0,0.0,0.0,0.8579136690647482,0.0,0.75,0.0,0.3748990306946689,0.0,0.645282168012369,0.6508854354897,0.8456570875040361,0.6811834422091498,0.0,0.6336870382807254,0.0,0.8026140304081089,0.0,0.36424452596871415,0.478460868588123,0.5,0.6278722769322591,0.7222963951935915,0.0,0.7200693131695022,0.668931277763261,0.4570508231925554,0.0,0.8878504672897196,0.0,0.22309997275946614,0.6445705914667643,0.2857142857142857,0.9409722222222222,0.7452026997220874,0.0,0.0,0.0,0.0,0.0,0.9656005330667999,0.45218963439132187,0.5739045127534336,0.8305471124620061,0.3641088572872303,0.5033831628638867,0.5919668473063435,0.31911196911196904,0.9461165048543689,0.06978289765175028,0.6666666666666667,0.7740630013125273,0.5645554564377043,0.3921937321937322,0.25082146768893765,0.6890173410404625,0.0,0.8894158611994957,0.4062447681232213,0.6761757105943151,0.23822042467138516,0.39448988809153407,0.4535726228959983,0.0,0.28792064289301855,0.2917594654788417,0.8364677023712184,0.11372324159021407,0.19138755980861244,0.43803680981595094,0.7397714706966458,0.2857142857142857,0.0,0.7142857142857143,0.5272727272727272,0.0,0.20827232796486095,0.6666666666666667,0.4,0.5,0.6666666666666667,1.0,0.0,0.025711159737418,0.22222222222222232,0.9041990668740281,0.27007541228142884,0.1428571428571428,0.36363636363636376,0.25,0.0,0.5,0.6494504586397818,0.7,0.0,0.0,0.25,0.34733828536056943,0.9862068965517241,1.0,0.30619684082624554,0.2857142857142857,0.0,0.31388390185517656,0.6428571428571428,1.0,0.8482545045045045,0.8,0.0,0.33333333333333337,0.4563106796116505,0.35007849293563587,0.2165242165242166,0.24702503077554383,0.2932511491851233,0.9166666666666666,0.3861099117991734,1.0,0.33333333333333337,0.8888888888888888,0.5507675733907891,0.7393342709798407,0.9437974683544303,0.3660126281485505,0.5,0.75,0.0,0.7297435897435898,0.3065693430656935,0.7300491887526613,0.33333333333333326,0.0,1.0,0.875,0.0,0.9074195666447801,0.0,0.535813274981765,0.4539279649655912,0.0,0.2895807535821687,0.33333333333333337,0.9,1.0,0.4745596868884542,0.0,0.33333333333333337,0.8571428571428572,0.35888275414095494,0.75,1.0,0.75,0.0,0.0,0.2185550935550934,0.0,0.8732830734276567,0.5923517012947908,0.7782658403032674,0.0,0.4722222222222222,0.0,0.6666666666666667,0.28777393310265265,0.4703533639448991,0.532938022906344,0.6619436439321166,0.27648362177375874,0.8125673586055011,1.0,0.0,0.0535714285714286,0.0,0.0,0.0,0.49397590361445776,0.8269230769230769,0.0,0.875,0.0,0.0,0.0,0.9142857142857143,0.0,0.9280986762936221,0.04936159010135588,0.5087965778271719,0.0,0.0,0.9586466165413534,0.9849218346376839,1.0,0.8815690308668123,0.48843464228079625,1.0,0.9557133739539087,0.8984592068704218,0.6428571428571429,0.6249021030773764,0.5138159539884972,0.43657418814369486,0.6864609126282277,0.0,0.0,0.0,0.0,0.0,0.7332942525005626,0.0,0.7368421052631579,0.0,1.0,0.0,0.990566408553123,0.9884583190879832,0.4666666666666667,0.9925314465408805,0.8966390851617702,0.9878106137806695,0.9782608695652174,0.02227236970703428,0.0,0.0,0.33333333333333337,0.9130434782608696,0.9268594153052451,0.5,0.0,0.0,0.84375,0.0,0.0,0.0,0.0,0.801731078904992,0.0,0.65,0.0,0.4487209140953877,0.0,0.8884615384615384,0.8,0.82699513672965,0.7326787512588117,0.0,0.6756041426927503,0.0,0.6796116504854368,0.0,0.7996276354853319,0.689869428185502,0.0,0.7534419564480858,0.8917471772785474,0.14877516993715534,0.9360986547085202,0.8,0.5189873417721519,0.0,0.8355365011313565,0.0,0.46182736957115533,0.8,0.0,0.8881735005083022,1.0,0.0,0.0,0.0,0.0,0.10307414104882451,0.9894695403995669,0.5343374574143804,0.6560415122312824,0.9340693515782926,0.0,0.0,0.8640098099325567,0.3016864459712679,0.9788833214030065,0.4363636363636364,1.0,1.0,0.7043478260869566,0.2729992520568437,0.2422571064913025,0.6923076923076923,0.0,1.0,0.31931672369546615,0.856353591160221,0.5714285714285714,0.9468473163105784,0.41917525773195874,0.23907455012853474,0.0,0.6157894736842104,0.8406676783004552,0.6296296296296297,1.0,0.9424242424242424,0.8179848320693391,0.9452380952380952,0.0,0.0,0.2500000000000001,1.0,0.0,1.0,0.5,1.0,1.0,0.0,0.07730015082956254,0.18316100443131456,0.0,0.9122825513969426,0.524390243902439,0.0,0.5357142857142858,1.0,0.15625,1.0,0.8797216699801192,0.7,0.6071586389748123,1.0,0.36363636363636365,0.5072068562524348,0.0,1.0,1.0,0.5714285714285714,0.0,0.38888888888888884,0.75,1.0,0.8095238095238095,0.0,0.0,1.0,0.0,0.37882096069868976,0.0625,0.8469202898550725,0.0,0.3798387096774194,0.42307692307692313,0.4545454545454546,0.0,0.9583333333333334,0.9382035928143713,0.6035087719298244,1.0,0.0,0.06908171861836565,1.0,0.0,0.8357519788918206,1.0,0.7033150488910089,0.33333333333333337,0.6666666666666667,0.971057167480609,1.0,0.0,0.1921798321988284,0.0,0.9147727272727273,0.7476635514018692,0.0,0.4790343074968233,0.0,0.9,0.8823529411764706,0.7222222222222222,0.03864168618266994,0.6000000000000001,1.0,0.25806451612903225,0.5,0.8571428571428572,0.75,0.0,1.0,0.7464424320827943,0.0,1.0,0.6964504283965728,0.8201296362981635,0.0737347294938917,0.0,0.0,0.6470588235294118,0.5671609245529874,0.47889750215331617,0.0,1.0,0.5791730129181476,0.6745366284201236,1.0,0.0,0.0,0.0,0.0,0.0,0.39848234905971647,0.8,0.6511627906976745,1.0,0.0,1.0,0.0,0.9117647058823529,0.0,0.9676750932449233,0.0,1.0,0.9968361846730724,1.0,0.984591810675066,1.0,1.0,0.9105393027053895,0.0,0.8181818181818182,0.9667962506573724,0.9705491781509133,0.6296296296296297,0.46478873239436613,0.2837584699706298,0.5473369835739174,0.7298075815186083,0.014063472308649683,0.0,0.0,0.0,0.0,0.7386530868628859,0.0,0.6875,0.0,0.9997465990930915,0.0,1.0,1.0,0.5,0.9871794871794872,0.939557210031348,1.0,1.0,0.6172033992377616,0.0,0.0,0.6774193548387096,1.0,0.8935837245696401,1.0,0.0,0.0,0.7297297297297297,1.0,0.0,0.0,0.0,0.6294117647058823,0.0,0.9333333333333333,0.0,0.6795580110497237,0.0,0.3431276169670491,0.07042253521126773,0.9376770538243626,0.620301934266394,0.0,0.48583106267029974,0.0,0.5335176226675882,0.0,0.11988304093567259,0.503491976969986,0.6000000000000001,0.7377516141283706,0.709828674481515,0.0,0.5357142857142858,0.8194444444444444,0.7620676548840745,0.0,0.640577835273825,0.0,0.4772896500372301,0.53934611048478,1.0,1.0,0.8662477558348294,0.0,0.0,0.0,0.0,0.0,0.9496738117427772,0.36444308445532425,0.5367067606802156,0.38596491228070184,0.5307722461779694,0.7904824131547425,0.0,0.3076923076923076,0.75,0.09285714285714286,0.6666666666666667,0.7948717948717949,0.45977011494252884,0.11830985915492953,0.5,0.6923076923076923,0.0,1.0,0.7750547045951861,0.3232830820770519,0.09523809523809523,0.3087315130830488,0.6483848477806182,0.0,0.0,0.0,1.0,0.3911111111111111,0.0,1.0,0.7072769180111953,0.07692307692307698,0.0,1.0,0.6785714285714285,0.0,0.0,0.6666666666666666,0.6,0.0,0.5,1.0,0.0,0.17924528301886788,0.5714285714285714,0.9281026252983293,0.3327827001051207,0.19999999999999996,0.21052631578947367,1.0,0.0,0.0,1.0,1.0,0.0,0.8333333333333334,0.0,1.0,0.6666666666666667,0.75,0.0,0.0,0.0,0.0,0.0,0.5,0.5548498845265588,0.75,0.0,0.16666666666666663,0.0,1.0,1.0,0.0,0.5691756272401434,0.0,0.24445851804939833,0.1986062717770034,0.25,0.8,0.4883720930232558,0.4791808873720136,0.6666666666666667,0.4842209072978303,0.44594594594594594,0.0,0.0,0.2698412698412699,0.5714285714285714,0.0,0.4285714285714285,0.0,0.7715250422059652,0.0,0.0,0.8524590163934427,1.0,0.21645021645021656,0.0,0.0,0.0,1.0,1.0,0.18181818181818177,0.08333333333333326,0.32619047619047625,0.33333333333333337,0.0,0.11868686868686873,1.0,0.5,1.0,0.0,0.0,0.0,0.0,0.0,0.26923076923076916,0.34360527253295337,0.0,0.7777777777777778,0.3773067331670823,1.0,0.540983606557377,0.1468689477081988,0.6936110834246985,0.799281006590773,0.08332334252487705,0.9658263305322129,1.0,0.0,0.025604096655464925,0.375,0.18719866999168744,0.5,0.7696750902527075,0.8780487804878049,0.0,0.8,0.4,0.0,0.0,1.0,0.0,1.0,0.045038705137227186,0.5982238162332949,0.20000000000000007,0.0,0.34040687930278735,0.0,0.6666666666666667,0.7766320889496241,0.0,0.6666666666666666,0.9643441297417179,0.9283323059414861,1.0,0.6506703048997509,0.21783224170716253,0.46003325942350326,0.75,0.2477386150966937,0.0,0.0,0.0,0.0,0.9236363636363636,0.0,1.0,0.0,1.0,0.0,1.0,0.9695817490494296,0.5555555555555556,1.0,0.8787446504992867,0.9752628324056896,0.8846153846153846,0.33594263807125313,0.0,0.0,0.5,1.0,1.0,0.0,0.0,0.0,1.0,runif
0.5714285714285714,0.6928571428571428,0.0,0.0,0.0,0.6205436720142603,0.7912966252220248,0.0,0.6831448232223365,0.8279352226720648,0.4860351222311018,0.5687393040501997,0.8992950654582075,0.0,0.4,0.5445302968686458,0.8074051955807704,0.6912326803631151,0.33333333333333326,0.4236422509846012,0.4785655110437115,0.5,0.0,0.7076209988916131,0.5291604272736348,0.0,0.47829398324447836,0.7603911980440098,0.0,0.8902217375499818,0.8955223880597015,0.7115858509420416,0.8737151248164464,0.8571428571428572,0.0,0.0,0.45324147677088844,0.0,0.8001036068121479,0.0,0.3698763036623819,0.6275014064132445,0.8569413860504244,0.8660268896384626,0.48090948090948105,0.3663602808134906,0.12604248623131387,0.0,0.9625513776830568,0.9452482735942125,0.3021162349968415,0.33333333333333337,0.7740630013125273,0.41480815981397323,0.8086765723007941,0.25082146768893765,0.0,0.046526939536925216,0.47539236008291386,0.0,0.5676423474588612,0.22184179456906727,0.09527089072543604,0.4688519614538281,0.6413612565445026,0.3635735811150177,0.1497395833333336,0.9214795587280986,0.7163265306122448,0.84,0.06625766871165617,0.9248986361960929,0.6486486486486487,0.9296020011613884,1.0,0.625,0.0,0.12809793968348748,0.0,0.4,1.0,0.6666666666666667,1.0,0.5531149301825993,0.23748079877112138,0.22222222222222232,0.0,0.2661444210103443,0.0,0.8333333333333334,0.0,0.6016447843024095,0.0,0.204192401272693,0.0,0.0,0.0625,1.0,0.6884753901560624,0.0,0.9615384615384616,0.3664965986394557,0.8571428571428572,1.0,0.0,0.6428571428571428,1.0,0.03410874839446276,0.0,0.462661426165076,0.0,0.0,0.0,0.20128824476650564,0.818805765271105,0.0,0.0,0.5713249835201053,0.2084115659031167,0.46902654867256655,0.0,0.192396999285544,0.7351619401828606,0.9509689469997665,0.5860313380455737,0.8575148809523809,0.0,0.6666666666666667,0.618942731277533,0.35766423357664245,0.9515119222059412,0.33333333333333326,0.0,1.0,0.375,0.0,0.7064424635332253,0.0,0.46560793040663573,0.3116769861341241,0.5,0.10720268006700162,0.0,1.0,0.16625310173697294,0.6996996996996996,0.36543029417138684,0.0,0.0,1.0,0.25,0.0,0.5,0.9285714285714286,0.0,0.062019168779816725,0.0,0.5989275946451706,0.8963010727475234,0.2167771567225617,0.9377416073245168,0.41666666666666663,0.0,0.0,0.008875739644970682,0.0,0.0,0.1096502108657903,0.7330081300813008,0.4798844116230535,0.0,0.5,0.19642857142857162,0.15384615384615385,0.0,0.6666666666666667,0.0,0.0,0.0,0.875,0.8,0.0,0.0,0.0,0.0,0.9833181077967986,0.8178436431271374,0.026275389050264275,0.9833782152474696,0.46354825115887066,0.303138114254772,0.33509513742071884,0.0,0.2148695134007773,1.0,0.72,0.9854331065759637,0.9382200339183491,0.2049488972565896,0.0,0.5686274509803921,0.9203995027647992,0.9704277415947896,0.0,0.0,0.0,0.0,0.9861398757368169,0.0,0.851660957973142,0.0,0.0,0.9731113956466069,0.0,0.0,0.6383297422484415,0.0,0.8775510204081632,0.8613680065928029,0.8363208884294075,0.9347826086956522,0.13939420418798265,0.9239889637344336,0.9375,0.0,0.4076704545454546,0.7551358058734318,0.0,0.0,0.936568389257338,0.875,0.0,0.0,0.0,0.0,0.0,0.6000000000000001,0.7122877122877123,0.0,0.7691326530612245,0.5454545454545454,0.875,0.8,0.9015151515151515,0.0,0.5,0.633405792020195,0.8571428571428572,0.6755718526279029,0.5,0.7411825838439388,0.8295388728001782,0.0,0.0,0.8917471772785474,0.0,0.0,0.6000000000000001,0.5189873417721519,0.0,0.8479257115291847,0.6666666666666667,0.6444444444444444,0.7608247422680412,0.0,0.0,0.0,0.6843365466697204,0.0,0.8653714111334334,0.0,0.801500223914017,0.8505561172901921,0.8912708420905142,0.9110835401157982,0.4849514563106797,0.3350970017636685,0.06984459577440216,0.0,0.9806797853309481,1.0,0.34593175853018376,0.0,0.9126934984520124,0.0,0.811253267299491,0.23935264054514482,0.4,0.14491614255765184,0.7940552016985138,0.0,0.7115085536547434,0.0,0.5446496331899824,0.41917525773195874,0.9172821270310192,0.584732824427481,0.0,1.0,1.0,1.0,0.15263157894736845,0.9959521973785659,0.39047619047619064,0.8500461680517082,0.0,0.2500000000000001,0.0,0.7661835748792271,1.0,1.0,1.0,1.0,0.0,0.8196982883666957,0.509090909090909,0.0,0.1428571428571429,0.4931129476584022,0.0,1.0,0.0,0.9554140127388535,0.0,0.14532984977139118,0.0,0.5449999999999999,0.140068886337543,0.8636363636363636,0.5959510754955715,0.0,1.0,0.4375,1.0,1.0,0.0,0.75,0.9,0.0,0.0,1.0,1.0,0.0,0.0,0.0625,0.9574844995571302,0.4078947368421053,0.0,0.5192307692307692,0.2727272727272728,1.0,0.5416666666666667,0.6267859946616423,0.4950544015825916,1.0,0.9793162576358375,0.9777777777777777,0.0,0.0,0.7771395749569213,0.6666666666666667,0.9660056657223796,0.33333333333333337,0.6666666666666667,0.9641716566866267,0.375,0.0,0.7972072357981593,0.0,0.0,0.5,1.0,0.5,0.0,0.0,0.5882352941176471,0.7222222222222222,0.0,0.0,0.0,1.0,0.0,0.0,0.75,1.0,1.0,0.712253606990449,0.0,0.9422628653397884,1.0,0.0,0.9775399192840849,0.49764150943396224,1.0,0.0,0.0985401459854015,0.8728221231766613,0.2775041050903121,0.82,0.9493790880652194,0.0,0.0,0.0,0.6486486486486487,0.0,0.0,1.0,0.0,0.44999999999999996,0.625,0.6666666666666666,1.0,1.0,0.0,0.0,0.0,1.0,0.8269697972302311,0.9796395193591455,1.0,0.0,0.8650192162637836,0.36711478800413655,0.0,0.3303836847563081,1.0,0.6818181818181819,1.0,0.9631243043265881,0.21219091431857395,0.0,0.48946580129805284,0.9654560284028211,0.9772727272727273,0.02089534106784907,0.0,0.0,0.0,1.0,0.0,0.9273311703917327,0.0,0.0,0.9943603443158208,0.0,0.0,0.6530014641288433,0.0,0.9367088607594937,0.9592833876221498,0.9848095587635592,0.9787685774946921,0.44094170765137464,0.939093193824691,1.0,0.0,0.08333333333333337,0.7777777777777778,0.5,0.0,0.9424460431654677,1.0,1.0,0.7539267015706806,0.0,0.0,0.0,0.4807758207113976,0.9333333333333333,0.0,0.23096393165998752,0.6557566422795533,0.3431276169670491,0.33333333333333326,0.9451371571072319,0.0,0.33333333333333326,0.8463203463203464,0.8165137614678899,0.5507287796513289,0.6666666666666667,0.13133760166118702,0.1294775924279662,0.6000000000000001,0.0,0.7027386839102321,0.7754524886877828,0.0,0.0,0.7057356608478803,0.0,0.640577835273825,0.7777777777777778,0.8237704918032787,0.5794422310756973,0.0,0.0,0.0,0.0,0.4516599781101788,0.8519553072625698,0.0,0.945273631840796,0.485917961902536,0.7975789151087955,0.9538090313684936,0.6734050445103859,0.6738255033557047,0.21217674608022818,0.5176217631111527,0.7692307692307692,1.0,0.0,0.6666666666666667,0.7948717948717949,0.4883720930232559,0.4811073460776165,0.5,0.0,0.05882352941176461,0.446969696969697,0.0,0.19381313131313127,0.2857142857142857,0.0,0.6898254856766546,0.644808743169399,0.26368363437328957,0.4375,0.0,0.0,0.2500000000000001,0.0,0.9912280701754386,0.0,0.8741755454084221,1.0,0.6543778801843319,1.0,0.07033426183844005,0.0,0.4,0.0,0.5,0.33333333333333326,0.2648376259798433,0.2515723270440251,0.5714285714285714,0.0,0.051948051948052076,0.0,0.7021276595744681,1.0,0.4347826086956522,1.0,0.0,1.0,0.0,0.0,0.75,0.8,1.0,0.75,0.0,0.5,0.5,0.0,0.0,1.0,0.0357142857142857,0.4,0.12429378531073432,0.0,0.0,0.6969314838167298,0.0,0.7628012048192772,0.0,0.0,0.8551650692225772,0.5714285714285714,0.0,0.0,0.04878048780487809,0.3600348280365694,0.6666666666666667,0.6282722513089005,0.6653225806451614,1.0,1.0,0.6886792452830188,0.7142857142857143,0.696969696969697,0.4285714285714285,0.6666666666666667,0.7715250422059652,1.0,0.0,0.552342524097736,1.0,0.12263556116015106,0.9839816933638444,0.0,0.2206366630076837,0.0,1.0,0.18181818181818177,0.5,1.0,0.6666666666666667,1.0,0.0,0.6666666666666666,0.0,0.5,0.5,0.0,0.0,0.0,0.0,0.7692307692307693,0.6200338464018051,0.8580441640378549,0.0,0.0,0.0,0.0,0.0,0.0,0.14892487390496423,0.7966101694915255,0.7274068609369236,0.6543110394842868,0.8,0.33333333333333326,0.0,0.21152715153891388,0.0,0.5322872661436331,0.0,0.0,1.0,0.8,0.0,0.0,0.0,0.0,0.967741935483871,0.7083333333333334,0.0,0.9285714285714286,0.6715517241379312,0.0,0.6453382084095064,0.0,0.09559383105285224,1.0,1.0,0.963296212397231,0.9075785114912337,0.5,0.0,0.156848355460671,0.9838558287966961,0.8907103825136612,0.08610962501823838,0.0,0.0,0.0,0.950185873605948,0.0,0.5667248908296942,0.0,0.0,1.0,0.0,0.0,0.576271186440678,0.0,0.9047619047619048,0.7936132465996452,0.7446598101265822,1.0,0.0,0.8788143935251012,0.9,0.25,0.3571428571428572,0.766109785202864,0.0,0.0,0.9868108678448958,0.8125,runif
0.5714285714285714,0.0,0.7339050094383472,0.0,0.0,0.6205436720142603,0.8636363636363636,0.7817362817362816,0.3842251840063656,0.7527443342776204,0.0,0.0,0.0,0.0,0.0,0.593064746844397,0.7591698841698842,0.7202811767768811,0.8,0.36833497055494335,0.4589025033710501,0.0,0.5824636812630448,0.0,0.0,0.602774922918808,0.0,0.0,0.0,0.0,0.9473684210526315,0.24107490588082559,0.0,0.2857142857142857,0.0,0.0,0.4750626915575369,0.11907894736842095,0.0,0.0,0.41815246384950167,0.0,0.8569307665660415,0.8463215258855585,0.5035834509718753,0.2591496426766766,0.17654986522911043,0.0,0.7294117647058823,0.5587841456882698,0.9549314913373343,0.33333333333333337,0.0,0.0,0.0,0.0,0.6948002049180328,0.0,0.7320638995863643,0.5765621812742232,0.7159175196558374,0.21013045011164677,0.0,0.9377901578458682,0.631578947368421,0.28792064289301855,0.0,0.14296351451973188,0.0,0.5534883720930233,1.0,0.0,0.8571428571428572,0.9293368605120388,0.0,0.5760869565217391,0.0,0.6682692307692308,0.6666666666666667,0.4,1.0,0.6666666666666667,0.5,0.5351962217474417,0.15023041474654386,0.44444444444444453,0.904830734119437,0.2700754122814285,0.8571428571428571,0.6666666666666667,1.0,0.645077720207254,0.5,0.204192401272693,0.6000000000000001,0.0,1.0,0.0,0.0,0.8030018761726079,0.4285714285714285,0.5061224489795919,0.2857142857142857,0.8836772983114447,0.48275862068965525,0.0,0.16666666666666663,0.34619461522153916,0.8,0.498164656528579,0.0,0.5844653430860327,0.3538461538461537,1.0,0.6266882766072394,1.0,0.0,0.5824246483590089,0.051010886469673555,0.46902654867256655,0.7142857142857142,0.4303623561737936,0.30489423151978756,0.0,0.044256884704864,0.8557981927710844,0.75,0.0,0.646031746031746,0.0,0.41507138221933815,0.7777777777777778,0.0,0.0,0.0,0.5,0.0,0.6666666666666667,0.2664445924938932,0.3101147584734453,0.5,0.14071856287425144,0.0,0.697986577181208,0.5260545905707197,0.7381671701913393,0.04768282882400243,0.33333333333333337,0.8571428571428572,1.0,0.75,0.0,0.0,0.9285714285714286,0.0,0.543295199114302,1.0,0.7427161245433989,0.9021365422396856,0.640380926281173,0.0,0.0,0.9903724347605777,0.0,0.31983921906402524,0.6918116376724655,0.9190077470850614,0.6268043409545886,0.3329680765578201,0.0,0.616717080056463,1.0,0.5795918367346938,0.0,0.8776737033412554,0.5,0.27091043671354564,1.0,0.6087570621468927,0.0,0.0,0.5,0.0,0.0,0.0,0.9937731472060559,0.25859950859950853,0.03551022773367296,0.7818444995864351,0.11951871657753987,0.858103010767437,0.9612315259059238,0.0,0.21360491410442461,0.0,0.72,0.9445052650587452,0.9053164556962026,0.07692307692307698,0.9339112171158022,0.02941176470588247,0.552121218030597,0.0,0.19444403766456275,0.0,0.0,0.0,1.0,0.5806471681905084,0.9230120933219178,0.9473684210526315,1.0,1.0,0.6666666666666667,0.9952832042765615,0.8535480101278972,0.0,0.7790863668807995,0.9906684611933603,0.8740683322401764,0.9782608695652174,0.10320777841326922,0.0,0.0,0.17808219178082185,0.8636363636363636,0.44802405498281794,0.5,0.0,0.8990221045125802,0.96875,0.0,1.0,0.7574686700109526,0.0,0.0,0.6000000000000001,0.7857142857142856,1.0,0.4213154871897318,0.5452830188679245,0.0,0.0,0.0,0.0,0.0,0.6492605085625325,1.0,0.6452223273415327,0.8571428571428572,0.8120452518424635,0.6891083318337233,0.0,0.7122713162935077,0.0,0.20705158542356827,0.9360986547085202,0.0,0.0,0.0,0.0,0.6666666666666667,0.0,0.0,0.0,0.0,0.0,0.6797433547204399,0.5898348389451593,0.0,0.0,0.4183420818064769,0.0,0.8809869375907112,0.88860103626943,0.8608695652173912,0.7478260869565216,0.0,0.0,0.9366197183098592,0.5110220440881762,1.0,0.0,0.48645533141210373,0.0,0.0,0.0,0.0,0.0,0.7052994037121021,0.765601727733095,0.8700417536534446,0.0,0.0,0.9007444168734492,0.8754098360655738,0.6603053435114504,0.16473988439306364,0.4397641112047177,0.0,0.75,0.0,0.0,0.8,0.8500461680517082,0.5,0.2500000000000001,0.0,0.17557932263814624,1.0,1.0,0.0,1.0,0.0,0.8475242336913806,0.08486238532110102,0.75,1.0,0.5530085959885387,1.0,0.0,0.0,0.9957537154989384,1.0,0.25280681378242353,1.0,0.5917735515258734,1.0,0.0,0.0,0.0,0.36363636363636365,0.5555555555555556,0.5714285714285714,1.0,0.0,0.0,0.0,0.5238095238095237,0.0,0.7477477477477477,0.5,0.6066998364231189,0.271563342318059,0.9375,0.0,0.9961832061068703,0.0,1.0,0.4545454545454546,1.0,0.0,0.2801494897225816,0.43957564575645747,0.0,0.11836485661988994,0.8550968828980623,1.0,0.0,0.8751425313568986,0.25,0.6252597552528284,1.0,0.0,0.0,1.0,0.25,0.17919075144508667,1.0,0.2534246575342466,0.31464174454828653,1.0,0.8326530612244898,0.0,0.9,0.0,1.0,0.03864168618266994,0.8,1.0,1.0,1.0,0.0,0.0,1.0,0.0,0.9372822299651568,1.0,0.6984894561044918,1.0,1.0,0.091748331202954,0.0,1.0,0.0,0.5697775839511556,0.844434857635893,1.0,0.4935536362498435,0.7461673493270918,0.08567874358575667,0.6864707108609548,0.6,0.2515942028985507,0.0,0.8881777563096245,1.0,0.45746716821751465,0.44999999999999996,0.0,0.0,1.0,0.0,0.0,0.0,0.0,1.0,0.0,0.9789301073605396,0.7031007751937985,1.0,0.9454310025897151,0.9048603929679421,0.5,0.2808508971245005,0.0,0.6818181818181819,0.9451393362631475,0.9887883193741936,0.10526315789473684,1.0,0.5914612676056339,0.5372855444199083,0.0,0.3171719602181583,0.0,0.0,0.0,0.9960012644223171,0.5709442616412405,0.9890370329304801,1.0,0.9512195121951219,0.9997465990930915,0.5,1.0,0.9346022449975597,0.0,0.7564102564102564,0.994714986787467,0.9816443688865893,1.0,0.19662017167381984,0.0,0.0,0.0,1.0,0.45661914460285136,1.0,0.0,0.9265700483091788,1.0,0.0,0.0,0.698893499308437,0.0,0.0,0.4790262687388255,0.9333333333333333,0.7142857142857143,0.21471730686232204,0.648619957537155,0.0,0.0,0.0,0.0,0.0,0.4742268041237113,0.9187657430730478,0.6368421052631579,0.6666666666666667,0.11642387218045114,0.1466209598432907,0.0,0.6006222432262129,0.0,0.0,0.125,0.0,0.0,0.0,0.0,0.7777777777777778,0.4772896500372301,0.0,0.0,0.0,0.0,0.0,0.0,0.0,0.0,0.973502722323049,0.0,0.80707453528244,0.7925987296326982,0.2846594055750413,0.0,0.23076923076923084,0.6617984560817859,0.7692307692307692,1.0,0.9078590785907859,0.6666666666666667,0.3076923076923077,0.4873338870431895,0.23679353080777,0.0,0.0,0.0,0.7692307692307692,0.014008355861391042,0.3350168350168351,0.2857142857142857,0.31783276450511944,0.852882703777336,0.49240121580547114,0.0,0.0,1.0,0.6502057613168725,0.2500000000000001,0.8571428571428572,0.14724770642201834,0.3076923076923077,0.8741755454084221,1.0,0.3529411764705883,1.0,0.4220055710306406,0.6666666666666666,0.4,0.0,0.5,1.0,0.2648376259798433,0.0,0.4285714285714285,0.9079491725768322,0.32345180816389885,0.8,0.21052631578947367,1.0,0.5652173913043479,0.0,0.0,0.0,0.0,1.0,0.5,0.0,0.33333333333333337,0.5,0.0,0.0,0.5,0.0,0.0,0.5,0.3691450461431308,0.6785714285714286,0.6829268292682926,0.0,1.0,0.8896595208070618,1.0,0.14814814814814836,0.8279569892473119,0.625,0.8796706776440786,0.5064935064935064,0.0,0.7,0.0,0.8177474402730376,0.2222222222222221,0.16688481675392686,0.6857142857142857,0.0,0.0,0.6909090909090909,0.0,0.0,0.7142857142857142,1.0,0.2320390170699681,0.0,1.0,0.0,0.0,0.33046107331821617,0.11494252873563238,0.0,0.0,0.0,1.0,0.9090909090909091,0.08333333333333326,0.29767441860465127,0.0,0.0,0.6370967741935484,0.6666666666666666,0.0,1.0,0.5,1.0,0.22931937172774852,0.25,0.9190556492411467,0.7692307692307693,0.47046109510086465,0.0,0.0,0.9460953697304768,0.0,0.44262295081967207,0.17842942345924462,0.8656139220109571,1.0,0.0,0.3661263275572946,0.0,0.8,0.6893903024483918,1.0,0.0,0.0,0.0,1.0,0.770391061452514,0.0,0.0,1.0,0.0,0.0,0.0,1.0,0.04166666666666674,0.06375248367868303,0.5132275132275133,0.22413793103448265,0.12045344910757372,0.28235294117647036,0.0,0.09607474894845469,0.0,1.0,0.9646901973720381,0.9786198357262356,0.0,0.9349425964085958,0.36014098045498244,0.6626745186263481,0.0,0.06401667154642376,0.0,0.0,0.0,1.0,0.6132067993159914,0.7909801704135551,0.6666666666666667,1.0,1.0,1.0,1.0,0.8813559322033898,0.0,0.8571428571428572,0.9543509272467903,0.7441537851763773,1.0,0.34906406538360146,0.0,0.0,1.0,1.0,0.5647693817468106,0.0,0.0,0.8819855884707766,0.9375,runif
0.5714285714285714,0.6928571428571428,0.7144264208759941,0.631578947368421,0.8314280839447193,0.6216995151533347,0.7912966252220248,0.0,0.7205068043172219,0.6596464836404664,0.0,0.0,0.0,0.0,0.4,0.5988818360129113,0.8339773865750679,0.7076810686704238,0.33333333333333326,0.36765799813282873,0.4588935209946734,0.5,0.6278722769322591,0.0,0.5363309352517985,0.6572460688482787,0.0,0.5673486200741453,0.0,0.9313561348959579,0.9473684210526315,0.0,0.6447453255963894,0.0,0.0,0.7873316020126603,0.47531052221883774,0.0,0.0,0.0,0.6342823939570017,0.6390425476916712,0.3449655358832274,0.0,0.8305471124620061,0.578383641674781,0.0,0.57790563086296,0.33688537068046887,0.6983695652173914,0.217778386522394,0.33333333333333337,0.26154972097703766,0.0,0.35239451397736643,0.0,0.0,0.046526939536925216,0.7130685024263628,0.0,0.7191249634182031,0.5851592500564715,0.7405941455352094,0.4483170385849691,0.4649122807017544,0.2969253657327052,0.31467793030623026,0.8725099601593626,0.717119928666964,1.0,0.6418181818181817,0.492360097323601,0.8378378378378378,0.0,0.4444444444444444,0.5094339622641508,0.0,0.9305654974946314,0.0,0.4,0.5,0.6666666666666667,0.0,0.11815252416756161,0.0,0.22222222222222232,0.0,0.0,0.0,0.9491525423728814,0.0,0.26882927376809973,0.5,0.6494504586397818,0.5,0.8184281842818428,0.0625,0.09670329670329691,0.0,0.7695390781563126,0.9615384615384616,0.0,0.2857142857142857,0.5320754716981132,0.8724516466283325,0.6428571428571428,1.0,0.31217436609934013,0.0,0.5143364628266938,1.0,0.07146695325094043,0.821969696969697,0.0,0.24307526009998648,0.5181590482154039,0.9166666666666666,0.6079390758789409,0.8719671519223591,0.09734513274336287,0.0,0.0,0.7174959871589086,0.8698481561822126,0.91618703064189,0.41666666666666663,0.75,0.0,0.9187214611872146,0.0,0.741906575557298,0.4444444444444444,0.0,1.0,0.0,0.0,0.9577219942980322,0.6666666666666667,0.21445544554455442,0.4900158916603331,0.0,0.6955598797098885,0.6666666666666667,0.8571428571428572,0.8111888111888111,0.7681017612524462,0.7332738626226584,0.0,0.0,0.34941468605888604,0.75,0.6666666666666667,0.5,0.9285714285714286,0.0,0.0,0.7,0.6527401450922121,0.4262362076011442,0.8017887607920178,0.9641168626500182,0.7222222222222222,0.6587460508165354,0.8333333333333334,0.939851689096402,0.30163886018012687,0.4626731356131154,0.0,0.6978211382113821,0.9610226320201174,0.23065338276181646,0.6,0.0535714285714286,0.0714285714285714,0.8807463493780422,0.0,0.4920877025738799,1.0,0.5899333826794966,0.875,0.0,0.0,0.0,0.33333333333333326,0.9803921568627451,0.9257069819459978,0.25894639840270306,0.5674032291451045,0.778125910813174,0.0,0.01948404616429078,0.953982266990942,0.9420289855072463,0.5206486887846367,0.375,0.0,0.992379088769601,0.9934235065470465,1.0,0.9818181818181818,0.9139938080495356,0.9072847682119205,0.9516105803850031,0.23902361072270373,0.0,0.0,0.0,0.999792181120266,0.5286673566632167,0.6949157077869949,0.7368421052631579,0.0,0.9628775651371916,0.6666666666666667,0.9009079831767619,0.9862875551509209,1.0,0.9891071594823573,0.0,0.0,0.8369565217391304,0.6070559051862741,0.0,0.0,1.0,0.6818181818181819,0.0,0.0,0.96875,0.6664453388358837,0.84375,0.0,0.0,0.7573967362355334,0.0,0.8888888888888888,0.7916666666666666,0.7122877122877123,0.0,0.7777777777777778,0.5452830188679245,0.0,0.0,0.0,0.0,0.5,0.6821872410936205,1.0,0.8938244853737811,0.5,0.8120452518424635,0.6362866966411003,0.0,0.7149480468236222,0.0,0.3611268136423591,0.33333333333333326,0.0,0.5189873417721519,0.564331931413782,0.8479257115291847,0.6666666666666667,0.0,0.36857142857142855,0.0,0.0,1.0,0.6797433547204399,0.0,0.0,0.0,0.846938775510204,0.8443524875387943,0.5433409873708381,0.0,0.8922330097087379,0.4133126934984519,0.06260691070817637,0.7673483255433834,0.2099048868481469,0.8726296958855098,0.4363636363636364,1.0,0.0,0.26980728051391867,0.25328154299491046,0.0,0.0,0.17948717948717952,0.703985783193704,0.0,0.8700417536534446,0.6857142857142857,0.9152649451156913,0.4193548387096775,0.9948586118251928,0.6450648055832502,0.29999999999999993,1.0,1.0,1.0,0.7081490840176878,0.7992565055762082,0.682608695652174,0.0,0.0,0.2500000000000001,1.0,0.908133971291866,1.0,1.0,1.0,1.0,0.0,0.0,0.0,0.0,0.0,0.0,0.0,0.9214285714285714,1.0,0.8322211630123928,1.0,0.8801436969301111,0.7,0.931460195828012,0.11095603628750872,0.36363636363636365,0.6192373363688104,1.0,1.0,1.0,0.5714285714285714,0.0,0.9399355405801347,0.75,0.0,0.5238095238095237,0.0,0.7472924187725631,1.0,0.6338538521266499,0.9738005050505051,0.0,0.8534432018834609,0.17002518891687646,0.04261363636363624,0.42307692307692313,0.8181818181818182,0.75,0.5416666666666667,0.25466624485922174,0.5541681968417186,0.8928571428571428,0.7193688118811881,0.8674596431605778,1.0,0.0,1.0,0.6666666666666667,0.5657237936772046,0.6666666666666667,0.6666666666666667,0.9699074074074074,1.0,0.0,1.0,1.0,0.0,0.3125,0.0,0.7974022306932091,1.0,0.0,0.3529411764705882,0.9019908116385911,0.9375,0.0,0.0,0.6363636363636365,0.5,0.8571428571428572,0.75,1.0,1.0,0.0,1.0,0.2600806451612905,0.20461834509300836,0.8579402232625135,1.0,0.9583333333333334,0.6666666666666667,0.8823529411764706,0.5097276264591439,0.6537149355572403,0.0,0.6635777598710717,0.0,0.8712446351931331,0.0,0.6,0.0,0.0,0.9004015277641759,0.0,0.6139189288604429,0.65,0.0,1.0,0.0,1.0,0.0,0.33333333333333326,0.9888888888888889,0.9809417040358744,0.0,0.9775223586220968,0.8819533326769715,1.0,0.6158838270256377,0.9716821393121972,0.9558823529411765,0.7534438684939289,0.0,0.0,0.9968825626480002,0.988842754158494,1.0,0.0,0.9306559242289123,0.964596548163446,0.9878246753246753,0.10634051046842463,0.0,0.0,0.0,0.8076923076923077,0.5628741261668552,0.8622349481504411,0.6875,0.0,0.9775804622146604,0.5,0.9360560305621248,1.0,1.0,0.9688328912466844,0.0,0.0,0.7641311933007676,0.9145950280673617,0.0,0.0,0.75,1.0,0.0,0.0,1.0,0.7313340355660203,0.6703296703296703,1.0,0.8669623059866962,0.699086884338683,0.7777777777777778,1.0,0.48913409136782604,0.9333333333333333,0.0,0.6956353804557744,0.6756861981701383,0.0,0.0,0.0,0.0,0.33333333333333326,0.4742268041237113,0.8165137614678899,0.605804496890448,0.6666666666666667,0.11988304093567259,0.3016981058080709,0.6000000000000001,0.6077797034469477,0.0,0.6720302375809935,0.125,0.36363636363636365,0.6866413329435838,0.9090909090909091,0.6548783024755565,0.7777777777777778,0.0,0.605025347145691,0.0,0.0,0.7760331802695897,0.0,0.4516599781101788,0.0,0.0,0.9686147186147186,0.8625592417061612,0.37452471482889726,0.0,0.7616762045412591,0.5926760563380282,0.2353212065392587,0.0,0.3076923076923076,0.7641759406465289,0.7083333333333333,0.33333333333333337,0.0,0.0,0.01746216530849809,0.0,0.0,0.05882352941176461,0.8125,0.06457445434586095,0.4075537988581466,0.7034749034749035,0.477957906712173,0.2610015174506828,0.7360406091370559,0.0,0.7254901960784315,0.978021978021978,0.17257683215130037,1.0,1.0,0.6057339449541284,0.5,0.0,0.8571428571428572,0.0,0.0,0.5201949860724234,0.0,0.4,0.0,0.5,0.33333333333333326,0.0,0.17924528301886788,0.5714285714285714,0.0,0.0,0.0,0.25531914893617036,0.0,0.13043478260869568,0.0,0.7777777777777778,0.5,0.3203883495145631,1.0,0.0,0.8,0.33333333333333337,0.75,0.0,0.0,1.0,0.8571428571428571,0.0,0.0,0.360233918128655,0.2785714285714287,0.7940542869452822,0.16666666666666663,1.0,0.0,0.33333333333333326,0.0,0.5773115773115773,0.0,0.0,0.0,0.25,0.0,0.0,0.302063789868668,0.0,0.7836949375410913,0.6822429906542056,0.0,0.0,0.5738636363636365,0.0,1.0,0.4285714285714285,1.0,0.7715250422059652,0.0,0.0,0.6503026227303295,0.0,0.6901950013732491,0.5789473684210527,0.0,1.0,0.0,1.0,0.0,0.6666666666666666,0.5,0.6666666666666667,1.0,1.0,1.0,0.5,0.5,0.5,0.0,0.6742791892663431,0.25,0.0,0.6923076923076923,0.8577654516640254,0.8608247422680413,0.5555555555555556,0.0,0.0,1.0,0.5157894736842106,0.695047523761881,0.0,0.6080726891490477,0.8750686938999817,0.8509803921568627,0.75,0.0,1.0,0.0,0.5,0.0,1.0,0.7652849740932642,0.8,0.4,0.0,0.0,1.0,0.9166666666666666,1.0,0.04166666666666674,0.4582602414611494,0.4441087613293052,0.0,0.22270211555371644,0.5791855203619909,0.6666666666666667,0.3434123975486597,0.0,0.0,0.9931962551681531,0.9786198357262356,1.0,0.9203682878830475,0.8560770045594805,0.8820942696166003,1.0,0.21347501851437245,0.0,0.0,0.0,1.0,0.6168046899934487,0.45683280514741176,1.0,0.0,0.9732388823297914,1.0,0.904,1.0,0.888888888888889,1.0,0.0,0.26963512677798385,0.9008620689655172,0.4772480198788631,0.0,0.0,0.75,0.7142857142857143,0.0,1.0,0.9411764705882353,0.6465610221521614,1.0,runif
0.0,0.0,0.6503538928210315,0.0,0.8044907778668805,0.0,0.9,0.8217142857142857,0.6831448232223365,0.0,0.0,0.0,0.0,0.0,0.4,0.5437867198758453,0.9827373612823674,0.0,0.0,0.0,0.0,0.5,0.0,0.0,0.5365624687905723,0.0,0.5983193277310924,0.7099220992209923,0.26728902165795365,0.0,0.7954545454545454,0.0,0.0,0.0,0.0,0.6756709039548023,0.0,0.0,0.8292492022397495,0.0,0.23245492371705978,0.9668086474322912,0.0,0.8582130826084771,0.4513995189153728,0.8919182083739046,0.48953579858379226,0.5846814964610718,0.43038850912866655,0.8261733679865464,0.0,0.6666666666666667,0.41972625719623324,0.5480556717041992,0.7606261399579802,0.2385065477848981,0.0,0.0,0.0,0.5128721859114015,0.6984597156398105,0.0,0.39448988809153407,0.6641140344226248,0.0,0.0,0.27838908450704225,0.0,0.7816761363636364,0.0,0.0,0.0,0.8378378378378378,0.5944082544814797,0.0,0.5909090909090908,0.0,0.5511414171360807,0.0,0.4,0.5,0.0,0.0,0.0,0.23748079877112138,0.44444444444444453,0.0,0.2381074496730351,0.1428571428571428,0.6666666666666667,0.6666666666666667,0.0,0.0,0.20775142550202452,0.7,0.19620500782472605,1.0,0.0,0.7536864279265724,0.0,1.0,0.0,0.2857142857142857,0.25,0.97132322818517,0.6428571428571428,0.0,0.9378619153674833,0.30000000000000004,0.49257688229056196,0.0,0.0,0.9678714859437751,0.0,0.816655562958028,0.0,0.9166666666666666,0.215291571551392,0.051010886469673555,0.4,0.875,0.4981835413046912,0.3445981905268761,0.937888198757764,0.9059293044469784,0.43298585256887556,0.75,0.6666666666666667,0.5811623246492986,0.0,0.0,0.7777777777777778,0.0,0.5283018867924528,0.875,0.5,0.14313854235062373,0.6666666666666667,0.40018016472203155,0.9243325705568268,0.0,0.0,0.33333333333333337,1.0,0.18181818181818177,0.6343054489639295,0.7158779462817467,0.0,0.0,0.0,0.75,0.33333333333333337,0.75,0.9285714285714286,0.0,0.018535643922640732,0.0,0.0,0.49241800869871866,0.8174345967779814,0.4407353652636672,0.41666666666666663,0.0,0.8333333333333334,0.7012041444973396,0.0,0.5155173718870638,0.04027439699048463,0.9103678929765886,0.0,1.0,0.0,0.19552058111380144,0.0,0.0,0.0,0.0,0.1923076923076923,0.0,0.75,0.8,0.5,0.0,0.9142857142857143,0.9803921568627451,0.9851600244035155,0.8003419702748915,0.6695309307385604,0.9830367349242862,0.04588659455916089,0.9040424121935057,0.6966689949179894,0.0,0.6293843127763366,0.8581436077057794,0.0,0.9623012860701821,0.0,1.0,0.0,0.5215858756004741,0.754546144793288,0.5778321108394457,0.5392008294783857,0.0,0.0,0.0,0.9859378094672212,0.0,0.6390529005599956,0.7368421052631579,0.6666666666666667,0.9946967950195988,0.0,0.994016454749439,0.6184675553004071,0.0,0.8979591836734694,0.9000530222693531,0.4725943755198838,0.9782608695652174,0.8566012303544885,0.22938144329896892,0.9375,0.75,0.3835227272727273,0.0,0.5,0.0,0.9948248972068623,0.84375,0.0,0.0,0.782336578581363,0.0,0.7804080061585835,0.0,0.8571428571428572,0.7859195402298851,0.7724679797653643,0.0,0.0,0.0,0.0,0.0,0.5,0.6940990516332982,1.0,0.0,0.0,0.0,0.0,0.0,0.0,0.0,0.0,0.0,0.8,0.5189873417721519,0.40755650511638364,0.0,0.6666666666666667,0.0,0.0,0.25,0.0,1.0,0.0,0.0,0.8499196338573024,0.0,0.0,0.9900723696418631,0.0,0.918530588061028,0.37635869565217406,1.0,0.0,0.7739242714267915,0.3766963032288253,0.5567520372526193,0.2787212787212786,1.0,0.7837002703746621,0.51617144359716,0.9263477600607442,0.29032258064516125,0.0,0.0,0.0,0.25070993914807316,0.8724727838258165,0.19999999999999996,0.7298791900629573,0.21958141184817304,0.18887015177065758,0.138482677397193,0.06024096385542177,0.31218274111675126,1.0,0.0,0.0,0.16666666666666663,0.9375,0.7750692520775623,0.5,0.2500000000000001,1.0,0.9601990049751243,0.0,0.5,1.0,0.5,0.0,0.045702245150039955,0.43582510578279265,0.75,1.0,0.5165745856353592,0.0,0.5357142857142858,1.0,0.2071917808219178,0.0,0.15339739190116675,0.7,0.0,1.0,0.0,0.6206896551724137,0.0,1.0,0.0,0.5714285714285714,1.0,1.0,0.75,1.0,0.8095238095238095,0.0,0.6000000000000001,1.0,0.0,0.9737426782468188,0.0,0.9322268326417704,0.44256756756756743,0.1095041322314051,0.34615384615384615,0.4545454545454546,0.08333333333333337,0.9583333333333334,0.357917911621324,0.0,1.0,0.48873902532128766,0.5881435257410297,1.0,0.0,0.6833631484794276,0.6666666666666667,0.0,1.0,0.0,0.3925307906237584,1.0,0.25,0.6451918522027476,1.0,1.0,0.9375,0.0,0.0,0.0,0.0,0.0,0.7757125154894671,0.8333333333333334,0.0,0.0,0.16129032258064502,0.5,0.1428571428571429,0.75,1.0,0.5,0.631106120157215,0.0,0.0,0.7252208047105004,0.8404963136126595,0.950207468879668,0.5202265372168284,0.0,0.8823529411764706,0.7184115523465704,0.0,0.8552188552188552,0.7935126582278481,1.0,0.09452736318407962,1.0,0.0,0.5043914680050189,0.0,0.0,1.0,0.0,0.0,0.20000000000000007,0.6666666666666666,1.0,0.0,0.0,0.9117647058823529,0.9888888888888889,0.9932578209277239,0.7240816326530612,1.0,1.0,0.0,0.8662289549939478,0.8031178840427395,0.0,0.8603600672918739,1.0,0.9545454545454546,0.9741844637409058,0.0,1.0,0.0,0.8026200873362446,0.8200359928014397,0.728414801279123,0.7220301214077147,0.0,0.0,0.0,1.0,0.0,0.6030950660731349,0.6875,0.9047619047619048,0.9968821791926485,0.0,0.8716814159292036,0.8106995884773662,0.0,0.8571428571428571,0.30434782608695654,0.9889392027317943,1.0,0.9674023195586082,0.4899045984554036,1.0,0.25,0.0,0.0,1.0,0.0,1.0,0.601123595505618,0.0,0.0,0.7314244810307802,0.0,0.6842105263157895,0.0,0.9333333333333333,0.7142857142857143,0.7364374199060231,0.0,0.0,0.0,0.0,0.0,0.33333333333333326,0.48583106267029974,0.9265793966989186,0.0,0.0,0.0,0.0,0.6000000000000001,0.0,0.0,0.6996760259179265,0.0,0.37815126050420167,0.7637956748695004,0.9090909090909091,0.0,0.7777777777777778,0.0,0.0,0.0,0.0,0.6882494004796164,0.0,0.39429012345679004,0.7487191998048305,0.0,0.6930656934306569,0.9558992580206919,0.0,0.8836515993876399,0.2987327618337683,0.9341434731477851,0.804513009440479,0.5659294804923847,0.7692307692307692,0.8229994700582937,0.45584415584415583,0.6666666666666667,0.46153846153846156,0.45977011494252884,0.9540310721820856,0.5051546391752577,0.0,0.0,0.0,0.7931834839970682,0.3331914893617022,0.0,0.3087315130830488,0.8447594701371136,0.4461538461538461,0.1428571428571429,0.43028846153846145,0.0,0.0,0.5,0.0,0.14724770642201834,0.8181818181818181,0.2375946173254837,1.0,0.6,0.0,0.5201949860724234,0.6666666666666666,0.6,0.0,0.0,0.33333333333333326,0.0,0.2515723270440251,0.4285714285714285,0.0,0.3239649440918707,0.19999999999999996,0.21052631578947367,0.8571428571428572,0.0,1.0,0.08823529411764708,1.0,1.0,0.8333333333333334,0.5,0.36,0.5,0.75,0.0,0.0,0.0,0.7142857142857142,0.0,0.5,0.9496996996996997,0.8,0.8101604278074865,0.0,0.0,0.658890290037831,1.0,0.728101116990006,0.0,0.0,0.0,0.1986062717770034,0.75,0.8,1.0,0.0,0.6666666666666667,0.7846858638743456,0.038461538461538436,0.0,1.0,0.0,0.0,0.4204545454545454,0.7142857142857142,1.0,0.6976177077471394,0.0,1.0,0.2284241201524322,0.0,0.7617105425781733,0.8747947454844006,0.0,0.20279720279720292,1.0,1.0,0.9090909090909091,0.5,0.5,0.6666666666666667,1.0,0.2592592592592592,1.0,1.0,1.0,0.5,0.5,0.22942286420717017,0.0,0.74,0.3846153846153846,0.8224739540267902,0.23809523809523803,0.0,0.0,0.0,0.7049180327868853,0.0,0.36752988047808755,0.14892487390496423,0.9548713622943905,0.0,0.0,0.0,0.002400384061449823,0.0,0.23647711511789193,0.0,0.6871227364185111,0.41463414634146345,0.2927669345579794,0.8,0.8,1.0,0.0,1.0,0.9166666666666666,0.967741935483871,0.7048022598870056,0.6959660412047801,0.9285714285714286,0.4469827586206896,0.0,0.6032757051865332,0.0,0.4378307904825467,0.7163958641063515,0.0,0.9686891203067642,0.0,1.0,0.0,0.4963773069036229,0.4788356068063563,0.010928961748634003,0.613299347260734,0.0,0.0,0.0,0.75,0.0,0.35235892510633293,1.0,1.0,1.0,0.0,0.9197247706422018,0.5767016593294954,0.0,0.8571428571428572,0.9611829944547134,0.24564183835182263,0.916083916083916,0.8106314075611458,0.24302745269605175,0.9,0.5,1.0,0.0,0.0,0.0,1.0,1.0,runif
0.5714285714285714,0.0,0.7950791482838923,0.0,0.0,0.0,0.0,0.7817362817362816,0.7045790251107829,0.0,0.4676012593601089,0.0,0.0,0.6244318599691108,0.4,0.89310763220976,0.8125,0.7160671462829736,0.0,0.0,0.0,0.5,0.7373658766654876,0.0,0.5291604272736348,0.0,0.0,0.5680581592062549,0.0,0.0,0.8955223880597015,0.07029812292970183,0.890795631825273,0.0,0.7925983790645446,0.0,0.0,0.0,0.8638052001650847,0.0,0.22526934378060726,1.0,0.0,0.9534736508941288,0.8931034482758621,0.9427491223332434,0.0,0.6397359608759546,0.35018963337547393,0.0,0.9905204101373574,0.6666666666666667,0.03521446976203735,0.5929892891918209,0.8925225685573156,0.34429065743944653,0.0,0.0,0.5141768562821194,0.4620924382183199,0.3900193607017266,0.0,0.0,0.9821930646672915,0.2049364248317127,0.977730514199925,0.23287671232876705,0.8708876474239603,0.9690067214339059,1.0,0.8520016174686615,0.0,0.8378378378378378,0.1049327354260089,0.2857142857142857,0.358490566037736,0.0,0.7170744751972189,0.0,0.8,0.0,0.33333333333333337,0.0,0.23938525657723375,0.0,0.0,0.9041990668740281,0.0,0.5714285714285714,0.8813559322033898,0.6666666666666667,0.9429565217391305,0.0,0.6494504586397818,0.0,0.0,0.0,0.6666666666666666,0.0,0.3066132264529058,0.0,0.3313253012048193,0.5714285714285714,0.0,0.0,0.6428571428571428,0.0,0.3574004120879122,1.0,0.9899613899613899,0.7777777777777778,0.6816110743974123,1.0,0.20128824476650564,0.4920285871357889,0.2744463017133305,0.0,0.0,0.8841405508072174,1.0,0.8888888888888888,0.5604743083003954,0.0,0.7915039825081993,0.4325634151371417,0.793731778425656,0.0,0.0,0.9310938845822567,0.8717948717948718,0.9759036144578314,0.33333333333333326,0.0,0.5471698113207548,1.0,0.5,0.0,0.0,0.18814595295425085,0.9416107837160469,0.0,0.9774130402047885,0.0,0.8228882833787465,0.5454545454545454,0.6911665542818611,0.631578947368421,0.6666666666666667,0.0,0.9702823179791976,0.25,0.2142857142857143,0.5,0.8571428571428571,0.0,0.6300186300186301,0.25,0.7354527938342967,0.9350256477706169,0.9023403889175701,0.9721464194975064,0.7222222222222222,0.0,0.0,0.35811293781272346,0.5614706452237939,0.2706342811097041,0.0,0.3615384615384616,0.4542021755698745,1.0,1.0,0.1964285714285715,0.0,0.06605744125326363,0.16666666666666674,0.29026239768897455,0.3076923076923077,0.0,0.875,0.8,0.5,0.0,0.33333333333333326,0.0,0.6187823051621131,0.0,0.0,0.8348186268356973,0.023427083994667086,0.0,0.9393141117045701,0.0,0.8379071034051838,0.5243393602225312,0.84,0.9791702412661336,0.0,0.0,0.8990763643774955,0.2543034055727553,0.46631009066597096,0.0,0.9377847380410023,0.0,0.0,0.0,1.0,0.9381353137329148,0.8075777042727099,0.0,0.9649122807017544,0.0,0.0,0.9009433962264151,0.0,0.0,0.0,0.0,0.4757488801791714,0.9782608695652174,0.6516297496848551,0.9288282693531446,0.9375,0.0,0.4076704545454546,0.0,0.5,0.0,0.9509196219896352,0.84375,0.0,0.0,0.7436653939604303,0.0,0.0,0.0,0.0,1.0,0.7691326530612245,0.0,0.9007731958762887,0.8,0.0,0.6362799263351748,0.5,0.9165255503536209,0.8571428571428572,0.8938244853737811,0.0,0.0,0.0,0.0,0.8241790605212782,0.0,0.22960777507809782,0.0,0.0,0.5189873417721519,0.0,0.0,0.6666666666666667,0.0,0.7608247422680412,0.25,0.8644304682040531,0.0,0.0,0.0,0.8576772574016194,0.0,0.2773539928486295,1.0,0.0,0.9323794590356723,0.6281279695913842,1.0,0.11062641772814519,0.7698015322434699,0.21469575200918478,0.20844327176781008,1.0,1.0,0.4201591511936338,0.9416799651820688,0.8116936590721933,0.25010508617065985,1.0,0.0,0.5892206128682629,0.2978435672514619,0.314151190164792,0.0,0.0,0.9069439548819175,0.0,0.9199048834241967,0.5028901734104047,1.0,1.0,1.0,0.960438222763238,0.0,0.9375,0.14663827198052937,1.0,0.2500000000000001,0.0,0.8561673068715322,0.0,1.0,0.0,0.0,0.0,0.07288685365388281,0.0,0.5,0.9436619718309859,0.0,0.5,0.8571428571428571,0.6666666666666667,1.0,0.0,0.8758549931600548,0.0,0.0,0.0,0.8636363636363636,0.0,0.8571428571428572,0.36363636363636365,0.5625,0.8571428571428571,0.0,0.0,0.75,0.09999999999999998,0.4347826086956522,0.5,0.9437751004016064,1.0,0.9047619047619048,0.9642562551553479,0.0625,0.18933333333333335,0.0,0.0,1.0,1.0,0.75,0.9583333333333334,0.9205607476635514,0.0,0.8571428571428572,0.0,0.7106149957877,0.0,0.0,0.9088618227635448,0.6666666666666667,0.9709321208184476,0.33333333333333337,0.6666666666666667,0.8656888953110324,0.875,0.25,0.0,0.0,0.01951077460687245,1.0,0.0,0.8055555555555556,0.0,0.9,0.8235294117647058,0.8686493184634448,0.0,0.8,0.0,0.8709677419354839,0.0,0.1428571428571429,0.75,1.0,1.0,0.9374803644360666,1.0,0.7134839757790578,1.0,0.980121776504298,0.9262135922330097,0.9583333333333334,0.0,0.0,0.5537634408602151,0.8122319597240351,0.0,0.875,0.5877031987414787,0.0,1.0,0.6,0.90473061760841,0.0,0.4843798743259503,1.0,0.43786671754996886,0.65,0.625,0.6666666666666666,1.0,0.0,0.0,0.33333333333333326,0.0,0.7780028943560058,0.30843251456064813,0.1952850105559465,0.8891572732152442,0.29969614584999205,0.0,0.9716821393121972,0.0,0.9343817645984925,1.0,0.9545454545454546,1.0,0.0,0.0,0.8732394366197183,0.08093127642451536,0.825412104439899,0.0,0.8085067093438385,0.0,0.0,0.0,1.0,0.9571598733331397,0.9457486440585109,0.0,0.9047619047619048,0.0,0.0,0.8736604624929498,0.0,0.0,0.0,0.0,0.9279595015576324,0.9806923340568948,0.9592327159049827,0.945595686631155,1.0,0.75,0.08333333333333337,0.0,1.0,0.0,1.0,0.8571428571428572,1.0,0.0,0.7069045771916214,0.0,0.0,0.0,0.0,0.7142857142857143,0.718819737168361,0.0,0.7245346432264737,0.33333333333333326,0.0,0.47987488942246936,0.33333333333333326,0.48583106267029974,0.91736066623959,0.5916590284142987,0.0,0.0,0.0,0.6000000000000001,0.8050628829409868,0.0,0.0,0.0,0.0,0.7729549248747913,0.0,0.0,0.7777777777777778,0.4772896500372301,1.0,0.0,0.7121212121212122,0.0,0.2843137254901962,0.39429012345679004,0.8308873334838565,0.0,0.0,1.0,0.0,0.39142695995487864,0.3120972196648868,1.0,0.2353212065392587,0.5570308990166226,0.7692307692307692,0.0,0.9557926829268293,0.6666666666666667,0.20512820512820518,0.4568965517241379,0.496648460774578,0.41666666666666663,0.25,0.0,0.5697674418604652,0.8021025451862781,0.7853191489361703,0.0,0.31311329170383595,0.8475482221705787,0.1641337386018238,1.0,1.0,0.5,0.5555555555555556,1.0,0.8571428571428572,0.4642857142857143,0.5,0.20768374164810688,0.0,0.0,1.0,0.7362637362637363,0.6666666666666666,0.8,0.0,1.0,0.33333333333333326,0.08910103420843296,0.17924528301886788,0.0,0.9329063738944801,0.0,0.6,0.21052631578947367,0.0,1.0,1.0,1.0,1.0,0.0,0.0,0.75,0.0,0.0,0.5,0.0,0.0,0.0,0.0,0.0,0.5,0.360233918128655,0.0,1.0,0.8333333333333333,1.0,0.6906063618290258,1.0,1.0,0.0,0.0,0.25027322404371577,0.05521472392638038,0.25,0.8,1.0,0.7261055634807418,0.4444444444444444,0.08333333333333326,0.14102564102564108,1.0,0.0,0.7481481481481482,0.7142857142857143,1.0,0.4285714285714285,1.0,0.3341159896689365,1.0,1.0,0.0,1.0,0.7348364978902953,0.8546120952962737,0.0,1.0,0.0,0.0,0.36363636363636365,0.41666666666666663,1.0,0.6666666666666667,1.0,0.3421052631578948,0.6666666666666666,1.0,0.5,0.0,0.0,0.2264733521278025,0.25,0.918918918918919,1.0,0.8331377151799687,1.0,0.5555555555555556,0.3303737352880446,0.0,0.39311043566362713,0.05192307692307674,0.33410942956926637,0.0,0.0,0.7109874252731396,1.0,0.8,0.4339622641509435,0.0,0.21621621621621623,0.0,0.7754809660253786,0.29268292682926833,0.0,1.0,0.8,1.0,0.0,1.0,0.0,0.5967741935483871,0.4736842105263157,0.0,0.4285714285714286,0.4482758620689655,0.6096798436795432,0.39788950962135317,0.0,0.7845997184701547,0.6672443674176776,0.0,0.9671315263802999,0.0,0.5,0.9130691037684365,0.6567302112660922,0.7940487464486866,0.0,0.7028799779523218,0.0,0.0,0.0,0.9988153998025666,0.9369465268498177,0.5418877304938226,0.0,1.0,0.0,0.0,0.9194504699927694,0.0,0.0,0.0,0.0,0.2327355184498039,1.0,0.5112078903548096,0.9216715367811853,0.9,1.0,0.3571428571428572,0.0,0.0,0.0,0.9735378138625771,1.0,runif
0.5714285714285714,0.0,0.0,0.0,0.0,0.0,0.746875,0.0,0.0,0.0,0.0,0.0,0.0,0.6128152065608952,0.4,0.0,0.835000704523038,0.0,0.33333333333333326,0.0,0.0,0.0,0.0,0.0,0.0,0.0,0.0,0.0,0.21866970239063266,0.9330563798219584,0.0,0.0,0.8782178217821782,0.2857142857142857,0.0,0.0,0.0,0.0,0.0,0.0,0.0,0.0,0.0,0.8582273389975366,0.8313890689133723,0.26416733010060056,0.0,0.7487038483231376,0.9625513776830568,0.7075778707577871,0.20986058535684615,0.33333333333333337,0.2586450112470928,0.9797382047406169,0.2832405975111396,0.0,0.6713215948188626,0.0,0.8589556592765462,0.9675098877179943,0.698107979734009,0.5662184189079054,0.5930462067918417,0.0,0.631578947368421,0.726010781671159,0.797752808988764,0.9172366621067032,0.9380733944954128,0.4545454545454546,1.0,0.13324732768153325,0.0,0.04887790034233541,0.8571428571428572,1.0,0.0,0.6413043478260869,0.0,0.8,0.0,0.33333333333333337,1.0,0.0,0.3107787519339864,0.22222222222222232,0.904830734119437,0.24686045490471575,0.1428571428571428,0.0,0.6666666666666667,0.6371822033898304,0.0,0.17676225105363186,0.0,0.6212700841622035,0.78125,0.0,0.7536864279265724,0.33333333333333337,1.0,0.0,0.8571428571428572,0.8888888888888888,0.7995262066923304,0.6428571428571428,0.0,0.9236148466917697,0.0,1.0,0.0,0.45626270414242664,0.6063401939910102,1.0,0.8135778811935395,0.5181590482154039,0.0,0.44168239062705705,0.0,0.9111111111111111,0.33333333333333337,0.5116353203697801,0.7598576934479693,0.7430754536771729,0.12376187072398659,0.35858585858585856,0.0,0.6666666666666667,0.5196969696969698,0.6086956521739131,0.0,0.11111111111111105,0.0,0.5283018867924528,0.875,0.0,0.8202608202608203,0.6666666666666667,0.40630885122410554,0.3476833829478664,0.0,0.9401197604790419,0.6666666666666667,0.0,1.0,0.4265003371544168,0.36543029417138684,0.33333333333333337,0.0,0.0,0.75,0.7777777777777778,0.5,0.8571428571428571,0.5,0.6567248397888034,0.25,0.969615155813847,0.689395822973645,0.8930210662586795,0.7635275155422518,0.9166666666666666,0.43416856492027334,0.0,0.0,0.4912463271302645,0.0,0.1096502108657903,0.9503739837398374,0.6104675652906488,0.0,1.0,0.1964285714285715,0.0,0.9931245225362872,0.6666666666666666,0.722466960352423,0.3076923076923077,0.6371199999999999,0.875,0.0,0.0,0.0,0.9142857142857143,0.0,0.9846237955306499,0.9788704581358609,0.0,0.8043492103922567,0.11951871657754032,0.7450911885961848,0.9811056005806218,0.9436619718309859,0.8346292956805421,0.5,0.72,0.9377647852484821,0.9441351507007103,0.0,0.6274034109425354,0.8137254901960784,0.7562621178590314,0.9702865228157057,0.9375044690740079,0.0,0.0,0.0,1.0,0.49280509007509354,0.7349760680730366,0.9473684210526315,0.0,0.9707175861493069,0.6666666666666667,1.0,0.9872933828676035,0.19999999999999996,1.0,0.9775652455827525,0.8076350239084424,0.0,0.873584622315663,0.7394637467005141,0.0,0.7487437185929648,0.8636363636363636,0.805037847465174,0.0,0.0,0.673291658713495,0.0,0.0,0.0,0.0,0.0,0.0,0.0,0.6425925925925926,0.0,0.0,0.0,0.0,0.0,0.0,0.7596403178586365,0.5,0.0,1.0,0.0,0.5,0.0,0.0,0.0,0.0,0.0,0.3676985704818706,0.0,0.0,0.0,0.4895142164308365,0.9013641133263378,0.0,0.21212121212121204,0.7608247422680412,0.0,0.0,0.0,0.0,0.0,0.0,0.0,0.0,0.0,0.0,0.9110835401157982,0.9235118057864982,0.4521224086870682,0.4327129563350035,0.945239963102494,0.9157894736842105,0.9138606108065779,0.34593175853018376,1.0,0.0,0.9693338033133592,0.2311281910513313,0.0,0.0,0.0,0.9121725731895224,1.0,0.8661362850224836,0.6857142857142857,0.9260984875636156,0.0,0.8870151770657673,0.8442345209980491,0.5028901734104047,1.0,1.0,1.0,0.0,0.0,0.0,0.14663827198052937,0.75,1.0,1.0,0.2806799336650082,1.0,1.0,0.0,0.0,0.0,0.07730015082956254,0.509090909090909,0.0,0.9122270281675282,0.0,0.0,0.0,0.0,0.6101190476190477,0.0,0.4169570267131242,0.0,0.8275862068965517,0.8963044677330392,0.0,0.6167859466493169,0.8571428571428572,0.8636363636363636,0.0,1.0,1.0,1.0,0.75,1.0,1.0,0.0,0.9470899470899471,0.5,0.0,0.45063963311609934,0.6875,0.9453125,0.13325471698113223,0.0,0.42307692307692313,0.5,0.9166666666666666,0.5833333333333333,0.40374865570748186,0.559735638027453,0.8571428571428572,0.5665680473372782,0.0,0.0,0.0,0.48538529672276354,0.33333333333333337,0.0,0.0,0.6666666666666667,0.40159821594499157,0.875,0.0,0.9298827129015809,1.0,0.9922349763673194,0.3125,0.0,0.2093023255813954,1.0,0.44999999999999996,0.8235294117647058,0.7222222222222222,0.0,0.6000000000000001,0.0,0.16129032258064502,0.0,0.8571428571428572,0.75,1.0,1.0,0.48381444249746375,1.0,1.0,0.012987012987012991,0.9811704834605598,0.0,0.9559748427672956,0.7103293413173652,0.0,0.6989247311827957,0.8728221231766613,0.2775041050903121,0.82,0.4934389700420896,0.5278969957081545,0.0,0.8,0.5043914680050189,0.0,1.0,1.0,0.43786671754996886,0.65,1.0,1.0,0.0,1.0,0.0,0.9117647058823529,0.0,0.9917844232665133,0.945054945054945,0.8871085214857976,0.8497340425531915,0.526340545625588,0.8825660250200076,0.9775208734746307,0.9558823529411765,0.9222268589357197,1.0,0.6818181818181819,0.9209302325581395,0.9625966566586551,0.0,0.46478873239436613,0.806234121555599,0.8272801420141054,0.984845031905196,0.7618902994593938,0.0,0.0,0.0,1.0,0.6652401529001163,0.8029493870615366,0.9375,0.0,0.9878502775145526,0.5,1.0,1.0,0.5,1.0,0.9994539249146758,1.0,0.0,0.9741078615508452,0.7823369998405866,0.0,0.7708333333333334,1.0,0.7777777777777778,0.5,0.0,0.682953914491949,0.0,1.0,0.0,0.0,0.0,0.0,0.0,0.9333333333333333,0.0,0.0,0.0,0.0,0.0,0.0,0.6061838893409277,0.33333333333333326,0.0,0.91736066623959,0.0,0.6666666666666667,0.0,0.0,0.0,0.0,0.0,0.0,0.0,0.0,0.0,0.9090909090909091,0.6548783024755565,0.0,0.0,0.5708140831607456,1.0,0.0,0.0,0.0,0.39429012345679004,0.0,0.0,0.0,0.0,0.0,0.8690442494574959,0.761676204541259,0.0,0.0,0.6123716153127917,0.7692307692307692,0.7641759406465289,0.0,0.33333333333333337,0.0,0.9770114942528736,0.015652574234635064,0.0,0.6923076923076923,0.0,0.4,0.9157137587606049,0.3331914893617022,0.7,0.477957906712173,0.0,0.644808743169399,0.7973453749315819,0.75,0.0,0.5555555555555556,0.2500000000000001,0.8571428571428572,0.4642857142857143,0.0,0.3839605734767023,1.0,1.0,0.0,0.4220055710306406,0.0,0.8,0.0,1.0,0.33333333333333326,0.0,0.2515723270440251,0.5714285714285714,0.9280457098586093,0.31796897863623064,0.19999999999999996,0.0,0.8571428571428572,0.5652173913043479,1.0,0.0,1.0,1.0,0.0,0.5,0.36,0.0,0.75,0.0,0.5,0.5,0.2857142857142857,0.0,0.5,0.6726384364820847,0.19565217391304357,1.0,0.0,0.0,0.2564102564102564,0.0,0.728101116990006,0.9617067833698031,0.0,0.23495883470550982,0.5714285714285714,0.25,0.19999999999999996,0.7674418604651163,0.3836477987421383,0.4444444444444444,0.0,0.3333333333333335,1.0,1.0,0.2857142857142857,0.7142857142857143,0.4900000000000001,0.2857142857142857,0.0,0.6976177077471394,1.0,0.0,0.6487334678323247,0.0,0.3822521097046413,0.11494252873563238,0.0,0.9365079365079365,0.0,0.0,0.36363636363636365,0.08333333333333326,1.0,0.33333333333333337,1.0,0.052631578947368474,0.6666666666666666,0.5,0.5,0.0,0.5,0.9623918277051207,0.25,0.8378378378378378,0.6923076923076923,0.8668108108108108,0.7634069400630914,0.7777777777777778,0.529728609902631,0.0,0.0,0.05192307692307674,0.0,0.10504083356800897,0.9548713622943905,0.24194476409666288,0.812874921658161,0.8,0.33333333333333326,0.0,0.8320447442013489,0.5,0.753880266075388,0.29268292682926833,0.6056997022543599,0.8,0.4,0.0,0.0,1.0,0.0,0.9767441860465116,0.9690402476780186,0.0,0.4285714285714286,0.22413793103448265,0.0,0.0,0.6666666666666667,0.7767464961430411,0.9142857142857143,1.0,0.9646712305863545,0.8981937447423889,0.0,0.646714421221339,0.6298688524590164,0.7659939455095863,1.0,0.6336997227761296,0.0,0.0,0.0,0.9655172413793104,0.6132067993159914,0.5558351456764383,1.0,0.0,0.9732388823297914,1.0,1.0,0.9661016949152542,0.5555555555555556,1.0,1.0,0.7381983096268812,0.0,0.81246001903484,0.7098687442970449,0.0,1.0,1.0,0.769385295299317,0.0,0.0,0.587981908248977,0.0,runif
0.0,0.0,0.0,0.0,0.0,0.668568385820782,0.0,0.0,0.37839510193447523,0.7002810460629734,0.0,0.0,0.0,0.0,0.4,0.0,0.0,0.0,1.0,0.6197532224303184,0.0,0.5,0.7373658766654876,0.710497674878797,0.0,0.6767111493758073,0.5970724191063175,0.0,0.0,0.890632603406326,0.0,0.0,0.0,0.8571428571428572,0.0,0.0,0.7285450412048877,0.7673119713171241,0.8196131844184146,0.0,0.6340140763816776,0.5655512321660183,0.8552603969952579,1.0,0.0,0.9713541666666666,0.37225829092823304,0.5137170651055933,0.3217838196286471,0.9283536585365854,0.0,0.33333333333333337,0.4205021977466782,0.5791098878968919,0.0,0.0,0.0,0.06690292096219941,0.77334794720738,0.798855034228269,0.5606872635561161,0.12077294685990325,0.5470769536687214,0.0,0.4876589379207179,0.6030456852791879,0.3804034582132564,0.8667520819987188,0.7448275862068965,0.9714285714285714,1.0,0.8630653266331658,0.0,0.0,0.4444444444444444,0.0,0.0,0.053459119496855556,0.0,0.0,1.0,0.0,1.0,0.6115626437662937,0.0,0.22222222222222232,0.37747476071849995,0.09742120343839544,0.8571428571428571,0.7140102827763496,1.0,0.8313931656027037,0.5,0.0,0.6000000000000001,0.8421468034727703,0.0,0.25,0.937799043062201,0.09540636042402828,0.34702702702702726,0.39206762028608577,0.2857142857142857,1.0,0.0,0.0,1.0,0.02164855072463756,0.0,0.5489040773037945,0.0,0.5857187576084311,0.9591121495327103,1.0,0.6142697881828316,0.27805642633228855,0.0,0.25129907621247105,0.4123861566484518,0.6106194690265487,0.875,0.053646344729090356,0.2951786333680195,0.5715229600264289,0.0,0.4261492087415222,0.75,0.0,0.9163346613545816,0.0,0.7654723127035831,0.7777777777777778,0.0,0.5283018867924527,0.375,0.0,0.9577219942980322,0.6666666666666667,0.31412625933173866,0.6188786920644713,0.0,0.7657681235278723,0.6666666666666667,1.0,0.4736842105263158,0.7380250552689758,0.7158779462817468,0.33333333333333337,0.0,0.9766907419566645,0.75,1.0,0.5,0.4285714285714285,0.0,0.19326686813341998,0.0,0.5848388899236355,0.0,0.41241814780168373,0.7423721964033138,0.4722222222222222,0.0,0.8333333333333334,0.30523917995444183,0.28583184748319845,0.974150311153662,0.9878442073927065,0.3939909297052153,0.5708128696000803,0.0,1.0,0.19552058111380144,0.0714285714285714,0.07402386117136661,0.8333333333333334,0.0,0.1923076923076923,0.0,0.75,0.8,0.0,0.0,0.9142857142857143,0.0,0.9832047026832487,0.8178436431271374,0.837978227420493,0.9834074898034854,0.023832935337360195,0.0,0.6963618390915447,1.0,0.7333110878323492,0.9977943203749655,0.84,0.9562516450761537,0.8982278481012659,0.07692307692307698,0.0,0.6722972972972974,0.9207054101370682,0.5778321108394457,0.5392008294783858,0.0,0.0,0.0,0.9998073449729079,0.0,0.0,0.0,0.0,0.9746330419937278,0.0,0.0,0.6321503296356243,0.0,1.0,0.889875284967145,0.988989786345211,0.9347826086956522,0.0941750857083381,0.9361593852573726,0.9375,0.2500000000000001,0.13636363636363635,0.9193709111390321,0.5,0.0,0.9819863499048969,0.8125,0.0,0.0,0.0,0.0,0.0,0.6000000000000001,0.0,0.0,0.36274509803921573,1.0,0.0,0.0,0.0,0.0,0.5,0.0,0.0,0.0,1.0,0.9917071861110283,0.0,0.0,0.8568627450980393,0.875192820081335,0.0,0.9444822116474054,0.8,0.0,0.0,0.8479257115291847,0.0,0.0,0.0,0.0,0.0,0.0,0.6797829036635006,0.7965459934552058,0.8792634785340601,0.0,0.3187350835322196,0.7738505165080007,0.883441258094357,0.9612839990198481,0.0,1.0,0.12668350168350184,0.49876634591660496,0.2714078374455733,0.879942487419123,0.2787212787212786,0.0,0.9717755169018707,0.893312101910828,0.0,0.0,0.0,0.17948717948717952,0.9302325581395349,0.7940302057319539,0.7115085536547434,0.0,0.7479177119919718,0.0,0.9934426229508196,0.3083987310068458,0.5838150289017342,0.866751269035533,0.8666666666666667,0.993103448275862,1.0,0.7002262443438914,0.0,0.0,0.0,0.0,1.0,0.0,0.0,1.0,0.0,0.5,0.0,0.8193707767201918,0.0,0.0,0.0,0.524390243902439,1.0,0.8571428571428571,1.0,0.9620733249051833,1.0,0.0,1.0,0.9630872483221476,0.0,0.36363636363636365,1.0,0.0,0.36363636363636365,0.5263157894736842,0.5714285714285714,1.0,0.0,0.0,0.9,0.0,0.0,1.0,1.0,0.6353569046030688,0.982232441471572,0.8125,0.457516339869281,0.0,0.0,0.34615384615384615,0.2727272727272728,0.08333333333333337,0.9583333333333334,0.2689561100858542,0.47788697788697787,0.5,0.5424189167598659,0.6831501831501832,1.0,0.0,0.9877450980392157,0.6666666666666667,0.959262630860264,1.0,0.6666666666666667,0.25232140646279555,0.375,0.0,0.973595125253893,1.0,0.7092580849714649,0.75,0.0,0.7974022306932091,1.0,0.9,0.8235294117647058,0.8888888888888888,0.9303112313937754,0.6000000000000001,0.0,0.8709677419354839,0.5,0.8571428571428572,0.75,0.33333333333333326,1.0,0.0,0.0,0.8525512253917236,0.3429833169774289,0.830735343951203,0.674074074074074,0.0,0.04761904761904767,0.8823529411764706,0.0,0.668842253238277,0.9375487900078064,0.6470588235294119,0.5791730129181474,0.8233830845771144,0.0,1.0,0.5044359949302915,0.0,0.4908129473346865,1.0,0.0,0.0,0.2499999999999999,0.6666666666666666,1.0,1.0,0.0,0.9117647058823529,0.0,1.0,0.854220600769482,0.9736728528269314,1.0,0.6636563339028557,0.0,0.3255813953488371,1.0,0.8603600672918739,1.0,0.9545454545454546,0.9703009766792904,0.9772848819207927,0.10526315789473684,0.0,0.7258869566953502,0.9644821547492786,0.9261340276826093,0.7205600974082449,0.0,0.0,0.0,1.0,0.0,0.0,0.0,0.0,0.9867221891731113,0.0,0.0,0.6530014641288433,0.0,0.7341772151898733,0.9763368162261832,1.0,0.9075386597938144,0.89233607907743,0.9400827488773399,1.0,0.35483870967741926,0.5,0.8935837245696401,1.0,0.0,1.0,0.7371428571428571,1.0,0.0,0.0,0.0,0.0,0.5541258741258741,0.0,0.0,0.6208358570563296,0.648619957537155,0.0,0.0,0.0,0.0,0.33333333333333326,0.0,0.0,0.0,0.6666666666666667,0.9694713328369322,0.0,0.6000000000000001,0.6619402696750762,0.7027386839102321,0.46820809248554907,0.125,0.37815126050420167,0.0,0.0,0.671461897356143,0.0,0.0,0.0,0.0,0.0,0.0,0.36111111111111116,0.5759430427179615,0.7487191998048305,0.0,0.967741935483871,0.43640661938534264,0.7916156670746634,0.9538090313684936,0.6681884587289993,0.9428026692087702,0.7694444444444444,0.8711950817213975,0.7692307692307692,0.36801375752364573,0.4665300546448087,0.6666666666666667,0.46153846153846156,0.4651162790697675,0.01638530287984097,0.0,0.25,0.05882352941176461,0.5488721804511276,0.49718892542696513,0.19381313131313127,0.5054945054945055,0.3407671721677076,0.0,0.7142857142857143,0.48921568627450973,0.0,1.0,0.2222222222222222,1.0,0.9,0.6057339449541284,0.23076923076923073,0.0,1.0,0.0,0.0,0.0,0.6666666666666666,0.0,0.0,0.0,1.0,0.8076923076923077,0.0,0.5714285714285714,0.576902320561252,0.17792207792207793,0.8,0.21052631578947367,1.0,1.0,0.0,1.0,0.0,0.41176470588235303,0.0,0.0,0.96,0.6000000000000001,0.5,0.0,0.0,1.0,0.0,0.0,1.0,0.2135179153094463,0.4,0.8244401437655515,0.0,1.0,0.0,0.0,0.5663716814159292,0.0,0.0,0.9566395663956639,0.0,0.75,0.8,0.0,0.7983257229832572,0.8888888888888888,0.6304347826086957,0.0,0.0,0.0,0.8131868131868132,0.0,1.0,0.7142857142857142,1.0,0.6976177077471394,1.0,0.0,0.6708961141950833,0.0,0.12779631689531568,0.0,0.0,0.7272727272727273,0.0,1.0,0.36363636363636365,0.6666666666666666,0.5833333333333335,0.33333333333333337,1.0,0.3421052631578948,1.0,0.5,0.5,1.0,0.0,0.20505321309610847,0.0,0.0,0.0,0.3809397632927044,1.0,0.7777777777777778,0.31363400725764634,0.0,0.6976744186046513,0.5656966490299824,0.36752988047808755,1.0,0.0,0.10448916408668729,0.8509803921568627,0.0,0.33333333333333326,1.0,0.5751022793687901,0.5,0.6516853932584269,0.41463414634146345,0.2927669345579794,0.8,0.8,0.0,0.0,1.0,0.0,0.967741935483871,0.7083333333333334,0.8029099164172944,0.9285714285714286,0.0,0.8539763637301956,0.7462797619047619,0.33333333333333337,0.4647177567890137,0.8030095759233926,0.0,0.9646728304323337,0.9285721037060841,0.0,0.0,0.6682596713991698,0.8555069046817111,0.004424778761061843,0.613299347260734,0.0,0.0,0.0,0.950185873605948,0.0,0.0,0.0,0.0,0.9933097205824478,0.0,0.0,0.6115589353612167,0.0,0.7777777777777778,0.9611829944547134,0.9772187004754358,1.0,0.056928435193631,0.9216715367811853,0.9,1.0,1.0,1.0,0.0,0.0,0.9850612488795937,0.75,runif
0.0,0.0,0.7878309335810497,0.0,0.8160747663551402,0.0,0.0,0.7817362817362816,0.0,0.0,0.0,0.0,0.8455940608585932,0.6539057052016973,0.4,0.5437867198758453,0.8125,0.7056896038129282,0.0,0.0,0.6564677055971428,0.0,0.0,0.6736274584250892,0.32086817088535113,0.6575255102040816,0.6661002548853017,0.7237337798241943,0.0,0.0,0.0,0.0,0.8689024390243902,0.33333333333333326,0.0,0.0,0.47531052221883774,0.0,0.8378152384774902,0.0,0.0,0.4672506630233867,0.46637569631884235,0.8555771791457544,0.45395808448257136,0.3641088572872303,0.0,0.0,0.37726053474084975,0.0,0.9633078270489537,0.33333333333333337,0.2991833163190899,0.16547661549446657,0.4256559766763849,0.2385065477848981,0.0,0.0,0.708769307424016,0.5665004931886646,0.6985328916232845,0.23244897959183675,0.5907060771817132,0.5005846585594013,0.1518324607329843,0.28792064289301855,0.22184684684684686,0.8797745773324984,0.9380733944954128,0.0,0.03521126760563398,0.0,0.8571428571428572,0.0,0.5,0.5094339622641508,0.0,0.22645055203194764,0.6666666666666667,0.4,0.0,0.33333333333333337,0.0,0.4447361512207929,0.5990716864363074,0.5555555555555556,0.4389501711677444,0.24854428440085807,0.0,0.0,1.0,0.7561388653683319,0.5,0.5328467153284671,0.0,0.8181246066708622,0.0625,0.060439560439560336,0.0,0.0,0.0,0.5,0.0,0.0,0.3273248668578451,0.0,1.0,0.027558379120879106,0.625,0.8015160022459292,0.0,0.5824630265647999,1.0,1.0,0.8897058823529412,0.0,0.0,0.5679965923612098,0.21313923105636423,0.5486725663716814,0.33333333333333337,0.23566789439649127,0.917514401274666,0.5593395252837978,0.567870225013082,0.4812680115273775,0.0,0.0,0.4769711163153786,0.35766423357664245,0.0,0.0,0.0,0.0,0.875,0.5,0.8527131782945736,0.6666666666666667,0.16885630740084856,0.49103173386478605,0.5,0.3754404378139291,0.0,0.0,1.0,0.8331085637221848,0.18856203179243558,0.33333333333333337,0.8571428571428572,1.0,0.75,0.7777777777777778,0.0,0.8571428571428571,0.5,0.4202158096950871,0.0,0.7448543875641702,0.5977368250889105,0.5404861017859541,0.28217496163122124,0.41666666666666663,0.5244119184526921,0.8333333333333334,0.9185135437653906,0.0,0.4626731356131154,0.5497395187298437,0.36187290969899655,0.9606556317082633,0.7126436781609196,0.75,0.1964285714285715,0.0,1.0,0.0,0.0,0.0,0.0,0.0,0.8,0.0,0.0,0.9142857142857143,0.0,0.9803582904884319,0.04498224385111127,0.4230900917816238,0.9834307714244974,0.04588659455916089,0.9049452954048139,0.7830504582767264,0.0,0.835984596190972,0.8220810166799046,0.16000000000000003,0.9475338430209349,0.9499401244625925,0.9487179487179487,0.9820143884892086,0.029411764705882137,0.5597322597856138,0.5778321108394457,0.0,0.0,0.0,0.0,1.0,0.0,0.6390529005599956,0.9473684210526315,0.6666666666666667,1.0,0.0,1.0,0.0,0.0,0.9913536881923805,0.0,0.22262049649055526,0.8369565217391304,0.0,0.9581719004893964,0.9375,0.17808219178082185,0.6818181818181819,0.7932222860425043,0.5,0.0,0.8279840923094157,0.96875,0.0,0.0,0.7525362860990573,0.0,1.0,0.0,0.0,0.5555555555555556,0.0,0.0,0.0,0.0,0.8200388283953743,0.6427577570613608,0.5,0.6404593639575972,0.8571428571428572,0.6291262135922331,0.0,0.0,0.8252173540622725,0.0,0.0,0.8734177215189873,0.0,0.94,0.6000000000000001,0.5189873417721519,0.0,0.0,0.0,0.0,0.43324250681198895,1.0,0.0,0.0,0.6843135213906526,0.0,0.8705979941180907,0.0,0.0,0.23846918489065583,0.4650349650349651,0.9184581171237954,0.43956043956043966,0.29644268774703564,0.4221690044474854,0.0,0.28370098039215663,0.0,1.0,1.0,0.0,0.6373809523809524,0.24153804494990516,0.23546881629189642,0.0,0.0,0.6040061633281972,0.8123779349854607,0.8712179984484096,0.5714285714285714,0.09270941467699434,0.6833156216790648,0.22764227642276436,0.7747713414634146,0.29999999999999993,0.866751269035533,1.0,0.0,0.0,0.23452157598499046,0.682608695652174,0.18467220683287167,1.0,0.2500000000000001,1.0,0.354673495518566,1.0,0.5,0.0,0.0,1.0,0.4460026712459455,0.8363636363636364,0.75,1.0,0.0,0.0,0.9285714285714286,0.0,0.9957537154989384,1.0,0.8244182532487156,0.0,0.931460195828012,0.140068886337543,0.36363636363636365,0.0,0.0,0.0,0.5625,0.0,0.0,0.3228758169934641,0.0,0.9,0.0,0.5,0.8365758754863813,1.0,0.6184789202305127,0.9784910655195235,0.8125,0.9169960474308301,0.45346320346320346,0.0,0.5192307692307692,0.2727272727272728,0.9166666666666666,0.5833333333333333,0.6155018855813208,1.0,0.5,0.9793162576358375,0.5951008645533141,0.0,0.0,0.8502747252747253,0.6666666666666667,0.0,0.33333333333333337,0.6666666666666667,0.0,0.875,0.25,1.0,1.0,0.2534246575342466,0.75,1.0,0.21657489764224203,0.0,0.0,0.8823529411764706,0.9019908116385911,0.6666666666666667,0.8,1.0,0.8709677419354839,0.5,0.8571428571428572,0.0,1.0,1.0,0.9464437819420783,0.0,0.8394629305312318,0.651307596513076,0.830735343951203,0.0,0.49764150943396224,0.0,0.8823529411764706,0.9620622568093385,0.0,0.0,0.0,0.5314512134720157,0.9701492537313433,0.8156347717323327,0.0,0.90473061760841,0.0,1.0,0.0,0.0,0.44999999999999996,0.625,0.0,1.0,1.0,0.0,0.9117647058823529,0.0,0.9773601025202905,0.5046153846153847,0.838030229156509,1.0,0.9037102473498233,0.8611460118027794,0.8885154462242563,0.5,0.9105393027053895,0.6714285714285714,0.13636363636363646,0.9450373634187687,0.9625957950025341,0.9473684210526316,0.8732394366197183,0.5223499626463022,0.8201932922108733,0.742430613961312,0.0,0.0,0.0,0.0,0.9954500737825873,0.0,0.6030950660731349,0.9375,0.9047619047619048,0.9996166263115416,0.0,1.0,0.0,0.0,0.9892010903753408,0.0,0.7571704626875394,0.7758426060312853,0.7088421142515583,0.941910236027883,1.0,0.5416666666666667,0.75,0.7784114052953157,1.0,0.0,0.40423031727379555,1.0,0.0,0.0,0.7162930563149261,0.0,1.0,0.0,0.0,0.7142857142857143,0.0,0.0,0.0,0.0,0.8973880597014925,0.5004803337633464,0.33333333333333326,0.4741607466220923,0.91736066623959,0.6149150107732823,0.0,0.0,0.6164948453608248,0.0,0.0,0.5764883195177091,0.6995249406175772,0.2410714285714286,0.6077795786061588,0.7639902676399027,0.0,0.0,0.0,0.0,0.5586242834809796,0.0,0.0,0.0,0.0,0.4516599781101788,0.5827067669172932,0.0,0.0,0.6032929481205344,0.40986547085201785,0.8836515993876399,0.3218627267626707,0.5266875981161695,0.0,0.6613239510033881,0.3076923076923076,0.0,0.9557926829268293,0.33333333333333337,0.0,0.0,0.0638680342603366,0.0,0.0,0.0,0.7692307692307692,0.0,0.3331914893617022,0.05714285714285716,0.7377701934015928,0.23224893917963219,0.0,0.18508092892329342,0.4375,1.0,0.5555555555555556,0.5,0.0,0.18274613105037874,0.5384615384615385,0.625748502994012,0.0,0.0,0.0,0.4220055710306406,0.6666666666666666,0.6,0.0,1.0,0.0,0.07502799552071682,0.4764150943396226,0.5714285714285714,0.48855989232839847,0.2867203219315897,0.0,0.21052631578947367,1.0,0.5652173913043479,0.0,1.0,1.0,0.13541666666666652,0.0,0.0,0.0,1.0,0.0,0.0,1.0,1.0,0.0,0.0,1.0,0.19244804061557996,0.07608695652173902,0.973718224903059,0.0,1.0,0.658890290037831,0.0,0.7628012048192772,0.0,0.625,0.8796706776440786,0.0,0.25,0.19999999999999996,0.04878048780487809,0.7123689727463313,0.8888888888888888,0.6272965879265093,0.0,1.0,0.0,0.25806451612903225,0.7142857142857143,0.17391304347826086,0.0,0.33333333333333337,0.0,1.0,1.0,0.6487334678323247,0.0,0.12321981424148598,0.0,0.0,0.0,0.0,1.0,0.18181818181818177,0.6666666666666666,0.0,0.0,0.0,0.9811827956989247,1.0,0.5,1.0,0.0,0.5,0.22961271291274143,0.0,0.0,0.8666666666666667,0.30654873917952585,0.2093023255813954,0.0,0.0,0.0,0.7049180327868853,0.05752961082910324,0.6945219123505977,0.7451552959915052,0.0,0.922700296735905,0.9362073596561913,0.8,0.002400384061449712,0.0,0.8329177057356609,0.5,0.6802284082798002,0.0,0.0,0.0,0.8,0.0,0.0,1.0,0.0,1.0,0.04166666666666674,0.470826799329476,0.9181286549707602,0.4482758620689655,0.7021972884525479,0.09125766871165641,0.0,0.7766320889496241,0.0,0.33333333333333326,0.940340509356972,0.8981937447423889,1.0,0.9233637523304876,0.31347140267653995,0.4906883708097669,0.010928961748634003,0.0,0.0,0.0,0.0,1.0,0.0,0.41454475645299227,1.0,1.0,1.0,0.0,0.9797541576283442,0.0,0.0,1.0,0.0,0.0,0.7630662020905923,0.02859906698079351,0.9222292412437706,0.9,1.0,0.0,0.8935230618253189,0.0,0.0,0.8125854993160055,0.9375,runif
0.0,0.6928571428571428,0.7878309335810497,0.8462225397392391,0.8079874706342991,0.0,0.7380952380952381,0.0,0.0,0.7682854546172996,0.0,0.0,0.9,0.0,0.4,0.5417548157220798,0.0,0.871705069124424,0.33333333333333326,0.0,0.0,0.5,0.7001684944869786,0.7252860020523736,0.0,0.6268948655256725,0.0,0.0,0.005841837654610549,0.0,0.0,0.0,0.8737151248164464,0.0,0.9409722222222222,0.0,0.47390642948061223,0.0,0.9435897435897436,0.0,0.5260583572271883,0.5348733429583935,0.6217777895042348,0.0,0.4513995189153728,0.3641088572872303,0.0,0.7242536016892525,0.38636363636363646,0.9490903531570096,0.0,0.6666666666666667,0.7863806823378762,0.5627954845141994,0.7176773964076115,0.0,0.0,0.05222088835534233,0.7569302772110884,0.0,0.5655545800409716,0.903367992766727,0.5964771415667185,0.5049698037242074,0.4876589379207179,0.2454134538686522,0.10839160839160833,0.10505529225908372,0.6981534090909091,0.0,1.0,0.9206812652068127,0.8648648648648649,0.9240193323592222,0.8571428571428572,0.0,0.0,0.22808320950965844,0.0,0.0,0.0,0.0,0.0,0.0,0.5990716864363074,0.22222222222222232,0.7044104410441044,0.26503838945650227,0.8571428571428571,0.0,0.6666666666666667,0.0,0.0,0.5487149822328734,0.6000000000000001,0.0,1.0,0.7596153846153846,0.3841342052885982,1.0,0.3846153846153847,0.35231714126186486,0.2857142857142857,0.5320754716981132,0.0,0.0,1.0,0.3805422197119458,0.0,0.9795698924731183,0.0,0.6908003436653228,0.6144578313253011,0.0,0.15579662789177884,0.6603773584905659,0.0,0.8190625095803059,0.0,0.6194029850746269,0.5,0.48326830970279444,0.7362342751082698,0.9629225736095965,0.49952563626613866,0.4338289962825279,0.75,0.6666666666666667,1.0,0.859375,0.0,0.11111111111111105,0.0,0.6017069701280229,0.0,0.5,0.2990196078431373,0.6666666666666667,0.2110501029512697,0.4931684604228683,0.0,0.6610078627591136,0.6666666666666667,0.9,1.0,0.7231638418079096,0.36543029417138684,0.33333333333333337,0.8571428571428572,0.0,0.0,0.8888888888888888,0.5,0.8571428571428571,0.0,0.0,0.0,0.8664090433023944,0.0,0.8930714033643101,0.9476929619391877,0.7222222222222222,0.9903829930825038,0.6666666666666667,0.4289363678588016,0.5653645032297754,0.0,0.635858949316336,0.7652630672522174,0.809147583482501,0.5476785416815402,0.6,0.0,0.0714285714285714,0.7769271383315733,1.0,0.4323875103882229,0.8269230769230769,0.0,0.75,0.0,0.5,0.0,0.9142857142857143,0.0,0.9848134586504227,0.9506988173859622,0.6535598948988923,0.0,0.049286987522281556,0.9370976516456614,0.68933554258819,0.9436619718309859,0.0,0.875,1.0,0.9621172787551381,0.0,1.0,0.9388878887019574,0.0,0.5003654354303704,0.9891561514195584,0.0,0.0,0.0,0.0,0.9688845401174169,0.494480891097401,0.6949157077869949,0.9473684210526315,0.6666666666666667,0.996157915251406,0.6666666666666667,1.0,0.9869440554777622,0.0,0.0,0.0,0.41637180355843306,0.0,0.8564094504688564,0.9579467992414535,0.0,0.0,0.6818181818181819,0.9416135223825151,0.0,0.0,0.6239619251129134,0.8125,0.0,0.0,0.7831072490958688,0.6842105263157895,0.794921875,0.0,0.6296296296296295,1.0,0.0,0.5454545454545454,0.0,0.0,0.9333333333333333,0.0,0.5,0.6399455597141885,0.0,0.6415094339622642,0.5,0.0,0.0,0.0,0.8278633858682298,0.875192820081335,0.7802197802197802,0.9360986547085202,0.0,0.0,0.5818271985893761,0.0,0.0,0.0,0.3742857142857142,0.0,0.8699007717750826,0.0,0.6253476360746921,0.0,0.8757555272785112,0.0,0.36957506568814,0.7274180655475619,0.7286277197190338,0.0,0.6136995827538247,0.0829545454545455,0.6194289951798295,0.9481553482885914,0.2189638318670577,0.989522700814901,0.3170603674540683,1.0,0.9500177242112726,0.702855128657032,0.5642910408011078,0.0,0.0,0.18067075369635777,0.9037861539758834,0.0,0.7116835805360395,0.9428571428571428,0.9041177471499064,0.7270471464019851,1.0,0.667662434652726,0.29999999999999993,0.12959719789842372,1.0,0.0,0.8492063492063492,1.0,0.8,0.8500461680517082,0.75,0.0,0.0,0.728110599078341,1.0,1.0,0.0,0.5,0.0,0.028795505091887885,0.8222849083215797,0.0,0.0,0.5561719833564494,1.0,0.8333333333333334,0.0,0.375,0.0,0.8001988071570576,1.0,0.0,1.0,0.8636363636363636,0.0,0.0,0.36363636363636365,1.0,0.5714285714285714,0.0,0.0,0.0,0.0,0.4347826086956522,0.0,0.8741573033707866,0.5,0.7847667514843087,0.3168030813673569,0.0,0.6892612338156892,0.6923076923076923,0.0,0.9230769230769231,0.0,1.0,0.5,0.4718384697130711,0.4907749077490775,0.8928571428571428,0.9803942925607232,0.6524852569502948,1.0,0.0,0.0,0.33333333333333337,0.0,0.0,0.0,0.3832056627557453,0.875,0.25,0.0,1.0,0.2534246575342466,0.7476635514018692,0.0,0.5555555555555556,1.0,0.9,0.5882352941176471,0.8757396449704142,0.0,0.6000000000000001,1.0,0.0,0.5,0.8571428571428572,1.0,1.0,1.0,0.0,0.0,1.0,0.0,1.0,0.9713902548055431,0.9583333333333334,1.0,0.6470588235294118,0.5047723935389133,0.4730762549939206,0.0,0.5524245458446574,0.708885754583921,0.6751872354281994,0.6194331983805668,0.6,0.0,0.0,0.6602085214678598,0.0,0.7162762397322787,0.8,0.625,0.6666666666666666,1.0,0.0,0.0,0.9117647058823529,0.0,1.0,0.9526282669130708,1.0,0.0,0.1451708473237211,0.999434758032958,0.8885154462242563,0.9558823529411765,0.0,1.0,0.0,0.9450373634187687,0.0,1.0,0.9436619718309859,0.7976627259138469,0.5470205530090195,0.9890156918687589,0.0,0.0,0.0,0.0,0.9922220855878012,0.6560663561914574,0.6280181875195986,0.9375,0.9047619047619048,0.9927888226751465,0.5,0.9769041769041769,1.0,0.0,0.0,0.0,0.877345789256766,0.0,0.9674133273300315,0.9409130488866775,0.0,0.35483870967741926,0.75,0.9723014256619145,0.5,1.0,0.6582098061573547,1.0,0.0,0.8607655502392344,0.6850760586542415,0.9411764705882353,0.6842105263157895,0.0,0.9333333333333333,0.0,0.0,0.6860158311345647,0.0,0.0,0.7904599659284497,0.0,0.33333333333333326,0.48583106267029974,0.0,0.5896956753870795,0.6666666666666667,0.0,0.0,0.6000000000000001,0.7927819358112393,0.9069412662090007,0.0,0.125,0.0,0.0,0.9090909090909091,0.0,0.0,0.0,0.5410020220175242,0.0,1.0,0.0,0.36111111111111116,0.4516599781101788,0.7830968015251006,0.0,0.9733576642335766,0.30389800397115685,0.46107465862741637,0.0,0.2893577981651374,0.5924464487034948,0.0,0.6523315251408304,0.3076923076923076,0.75,0.7096491228070176,0.6666666666666667,0.7948717948717949,0.4651162790697675,0.9543796925277083,0.0,0.25,0.05882352941176461,1.0,0.0,0.18765957446808512,0.8,0.477957906712173,0.14696918388079927,0.7475728155339806,0.0,0.3125,0.0,0.2222222222222222,0.5,0.0,0.9798165137614678,0.7272727272727273,0.87363100252738,0.0,0.4626865671641791,1.0,0.07033426183844005,0.0,0.0,0.0,0.0,0.33333333333333326,0.08591331269349867,0.6838085539714867,0.5714285714285714,0.34682941351592733,0.32345180816389885,0.8,0.25531914893617036,0.5714285714285714,0.0,1.0,0.38888888888888884,0.0,0.0,0.8333333333333334,0.75,0.75,0.6666666666666667,0.5,0.0,0.0,1.0,0.0,0.0,0.0,0.39708900914349676,0.20000000000000007,0.9766997708174179,0.0,0.2402148887183423,0.8896595208070618,0.33333333333333326,0.0,0.48234280792420325,0.0,0.37808739708676375,0.16541353383458646,0.0,1.0,0.7560975609756098,0.3297297297297299,0.0,0.6282722513089005,0.0,0.0,1.0,1.0,0.7142857142857143,0.4900000000000001,0.2857142857142857,1.0,0.6976177077471394,1.0,1.0,0.8206680116565792,0.0,0.2601615424700362,0.0,0.0,0.8083916083916084,0.0,1.0,0.18181818181818177,0.41666666666666663,0.9651162790697675,0.33333333333333337,0.0,0.2592592592592592,0.0,1.0,0.0,0.0,0.0,0.6362157589953803,0.0,0.35,0.0,0.8536363636363636,0.8580441640378549,0.5555555555555556,0.8062678062678063,1.0,0.6948640483383686,0.7978030919446705,0.703971119133574,1.0,0.0,0.9665294924554184,0.0,0.8,0.025604096655464925,0.11111111111111116,0.3312095667516173,0.5,0.2576503693281742,0.8780487804878049,0.0,0.8,0.0,1.0,0.0,1.0,0.0,0.967741935483871,0.8541666666666667,0.701821994276161,0.0,0.4482758620689654,0.11730580137659796,0.46612466124661245,0.6666666666666667,0.0,0.6213017751479291,0.0,0.9703235879441724,0.0,1.0,0.933486622377775,0.0,0.7995751593152568,1.0,0.0,0.0,0.0,0.0,1.0,0.9366852886405959,0.6969223907225692,1.0,1.0,1.0,1.0,1.0,0.9661361327463597,0.0,0.0,0.0,0.0,0.0,0.8066125715378851,0.9222292412437706,0.0,0.5,0.0,0.8889970788704966,0.0,0.0,0.6994864269992662,0.75,runif
0.5714285714285714,0.0,0.7512074968006496,0.8958810068649885,0.0,0.668568385820782,0.7723553477498539,0.0,0.0,0.7527198145175673,0.6514026272266641,0.0,0.0,0.6238110912839347,0.0,0.0,0.0,0.9131545338441891,1.0,0.6234869717613525,0.0,0.0,0.0,0.0,0.32086817088535113,0.0,0.0,0.7098052613597541,0.8245322245322245,0.0,0.0,0.70024611181981,0.8915401301518439,0.33333333333333326,0.0,0.0,0.0,0.0,0.0,0.0,0.8991924629878869,0.0,0.0,0.0,1.0,0.22718707940780614,0.06549240094878295,0.584792734158305,0.9607295432139337,1.0,0.8989200339764591,0.6666666666666667,0.7762480945121951,0.6073888541014403,0.0,0.0,0.0,0.1113599601841484,0.8102809509107749,0.5977710084648956,0.7170838270142179,0.0,0.5383753501400561,0.0,0.17543859649122806,0.9570726661494698,0.11418803418803403,0.0769741207697412,0.8001300390117034,0.5631067961165048,1.0,0.8630653266331658,0.0,0.6466843025601937,0.33333333333333337,1.0,0.0,0.935049504950495,0.6666666666666667,0.8,0.0,0.0,0.0,0.0,0.6405589478628464,0.0,0.2475292410916673,0.6531096115265365,0.1428571428571428,0.7480719794344474,0.0,0.20222676664394457,0.5,0.0,0.0,0.33585705632949703,0.78125,1.0,1.0,0.0,0.0,0.0,0.5714285714285714,0.7400881057268722,0.8983725559068024,0.0,1.0,0.007769353177946359,0.6734693877551021,0.0,0.11111111111111116,0.46219794655512136,0.6063401939910102,1.0,0.0,0.4482758620689655,0.9166666666666666,0.8673890303353268,0.8841405508072174,0.01492537313432818,0.0,0.0,0.0,0.5906934718771177,0.39150170218131386,0.6483433734939759,0.75,0.0,0.7918307086614174,0.0,0.0,0.11111111111111105,0.0,0.11024182076813649,0.375,0.0,0.0,0.0,0.20030216284987268,0.9416981568597208,0.5,0.0,0.6666666666666667,1.0,0.42105263157894735,0.0,0.03857487275649607,0.33333333333333337,0.0,1.0,0.75,1.0,0.5,0.9285714285714286,0.0,0.2789390720307039,0.0,0.42108883238150807,0.679483310194966,0.9174425822470516,0.0,0.9166666666666666,1.0,0.0,0.9368512110726643,0.5495785270629991,1.0,0.38820988304709725,0.27136326339233396,0.6686588115189926,0.23065338276181646,0.75,1.0,0.0,1.0,0.5,0.26036576853273763,0.1923076923076923,1.0,0.875,0.6000000000000001,0.0,0.9482979004416706,0.0,0.0,0.9854135265230709,0.9809201141226819,0.639248012703018,0.0,0.14419159994381237,0.0,0.0,0.939171785218942,0.31763656353413305,0.0,0.84,0.9490780664482039,0.6782778864970646,0.07692307692307698,0.9920218828356507,0.28616074247111567,0.0,0.0,0.0,0.0,0.0,0.0,1.0,0.0,0.0,0.7368421052631579,0.0,0.9746330419937278,0.0,0.9956550076037367,0.7525744110593877,0.8666666666666667,0.0,0.8585092675190802,0.23937312532169042,0.9347826086956522,0.033146353901071124,0.5764021092710212,0.9375,0.0,0.8636363636363636,0.9273448509838718,0.5,0.0,0.9949693390869861,0.84375,0.0,0.0,0.7804808491115822,0.9325544344131704,0.0,0.6000000000000001,0.6841750841750842,0.0,0.0,0.5,0.875,0.0,0.0,0.7360807317558162,0.0,0.0,0.0,0.9576379974326059,1.0,0.9833774083868531,0.0,0.0,0.0,0.0,0.0,0.0,0.0,0.5189873417721519,0.6601644079093534,0.0,0.0,0.6437462235649547,0.7608247422680412,0.5,0.0,0.0,0.0,0.0,0.0,0.0,0.8624410686223154,0.0,0.0,0.0,0.9551066217732884,0.0,0.6571626724204362,0.7728648154693656,0.9530864197530864,0.9548472775564409,0.9487179487179487,1.0,1.0,0.9377805293298251,0.0,0.0,0.3846153846153847,0.23627346794190573,0.9335339410567307,0.7963538940042497,0.8661362850224836,0.19999999999999996,0.732747908209759,0.0,0.0,0.6591084110550183,0.0,0.0,0.8484848484848485,1.0,1.0,0.7470575647335759,0.0,0.763614237906906,1.0,1.0,1.0,1.0,1.0,1.0,0.0,0.5,1.0,0.0,0.9166666666666666,0.5,0.4189868522815158,1.0,0.0,0.8616352201257862,0.0,0.6738197424892705,1.0,0.0,0.0,0.023809523809523725,0.8904037755637126,0.8636363636363636,1.0,0.0,0.0,0.0,0.8571428571428571,0.4285714285714286,0.9420056383407169,0.0,1.0,0.0,0.0,0.0,0.0,0.482313249727372,0.797153738224093,0.9375,0.0,0.7617924528301887,0.3653846153846154,1.0,1.0,0.0,0.5416666666666667,0.0,0.23789473684210505,0.5,0.0,0.7514698022447889,1.0,0.0,0.8422522103303862,0.25,0.0,0.0,0.0,0.6521927606386821,0.375,0.0,0.0,0.0,0.6510123734533184,0.9390243902439024,1.0,0.0,1.0,0.9,0.8823529411764706,0.0,0.09110629067245113,0.6000000000000001,0.0,1.0,1.0,0.8571428571428572,0.75,1.0,0.5,0.5894125242091672,0.0,0.7093110249608923,0.1446153846153846,0.830735343951203,0.0,0.9559748427672956,1.0,0.0,0.500788110785859,0.5619787717968157,1.0,0.8338220918866079,0.5675285675285676,0.9438656507541595,0.0,0.0,0.9576811594202899,0.0,1.0,1.0,0.4452636784606394,0.0,1.0,1.0,1.0,1.0,0.9473946666666666,0.0,0.0,1.0,0.9762225284572922,0.9173592970790786,0.0,0.6119111545032951,0.0,0.0,0.0,0.4071652679247616,0.21702127659574466,0.9545454545454546,0.9672131147540983,0.9641292498219399,0.10526315789473684,0.8732394366197183,0.0,0.0,0.0,0.0,0.0,0.0,0.0,1.0,0.0,0.0,0.6875,0.0,0.9764993547510697,0.0,1.0,0.7175572519083969,1.0,0.0,0.9526799730881363,0.740815663944457,0.9085603112840467,0.5940989951271829,0.5303924748621471,1.0,0.35483870967741926,1.0,0.97339593114241,1.0,0.0,1.0,0.5030674846625767,0.0,0.0,0.725744063608037,0.7777777777777778,0.0,0.5556794425087107,0.9333333333333333,0.0,0.0,0.6779725609756098,0.33710580607132334,0.0,0.0,0.5512037978975923,0.0,0.0,0.0,0.6530329974313376,0.6666666666666667,0.9689922480620154,0.0,0.0,0.0,0.0,0.0,0.0,0.2455357142857143,0.6911054276783177,0.8955223880597015,0.0,0.0,0.8237704918032787,0.626559356136821,0.0,0.0,0.0,0.0,0.0,0.0,0.0,0.350071225071225,0.43345153664302594,0.0,0.5340423817581177,0.0,0.5255187885586091,0.0,0.0,0.7692307692307692,0.7893379191745485,0.7134146341463414,0.6666666666666667,0.7948717948717949,0.4651162790697675,0.06606519208381834,0.0,0.25,0.25356633380884475,0.6818181818181819,0.017078604009759135,0.3350168350168351,0.0,0.3407671721677076,0.0,0.5409836065573772,0.2826797385620915,0.4736842105263157,0.2857142857142856,0.0,0.2500000000000001,0.8571428571428572,0.6057339449541284,0.43333333333333335,0.36842105263157887,0.0,0.8095238095238095,0.0,1.0,0.6666666666666666,0.8,0.0,0.0,0.0,0.0,0.28099173553719003,0.0,0.47487239890066757,0.37322515212981744,0.19999999999999996,0.21052631578947367,0.0,0.0,0.0,1.0,1.0,0.3203883495145631,0.0,0.75,1.0,0.6000000000000001,0.0,0.0,0.0,0.5,0.8571428571428571,0.0,1.0,0.19244804061557996,0.8,0.0,0.25,0.07017543859649122,0.2716202783300199,1.0,0.4509966777408638,0.5470588235294118,0.0,0.3943037974683544,0.05521472392638038,0.25,0.0,0.34883720930232565,0.0,0.8888888888888888,0.4842209072978303,0.0,0.0,0.0,0.09803921568627438,0.0,0.17391304347826086,0.2857142857142857,0.0,0.0,1.0,0.0,0.0,1.0,0.6582334664891256,0.9177631578947368,0.0,0.7692307692307693,0.0,0.0,0.18181818181818177,0.0,0.23148148148148162,0.33333333333333337,1.0,0.6843434343434343,0.6666666666666666,0.5,0.5,0.5,0.5,0.20675803402646487,0.0,0.0567734682405846,0.6923076923076923,0.7721573713791613,0.7619047619047619,0.7777777777777778,0.947198710197501,0.0,1.0,0.8340865074241446,0.8753611636943309,0.0,0.0,0.22698838248436115,0.8509803921568627,0.8,1.0,0.0,0.9178789300797747,0.0,0.0,0.41463414634146345,1.0,0.8,0.6000000000000001,0.0,0.8503662364841298,0.0,0.0,0.9767441860465116,0.9690402476780186,0.527769742551345,0.0,0.206896551724138,0.8065762613006707,0.1226190476190474,0.6666666666666667,0.1199946090029651,0.328054298642534,0.0,0.9364723467862481,0.8984778794632273,0.0,0.9233637523304876,0.6780202847220624,0.0,0.0,0.08610962501823838,0.0,0.0,0.0,0.9611197511664075,0.0,0.0,1.0,0.0,0.9655172413793104,0.0,0.9879828326180258,0.6115589353612167,0.888888888888889,0.0,0.7333333333333334,0.0,0.9495798319327731,0.2979919103697607,0.46182870436040757,0.9,1.0,1.0,0.8778462362710956,0.0,0.0,0.9920338385618611,1.0,runif
0.5714285714285714,0.33333333333333326,0.0,0.0,0.8012524719841794,0.6465135195781443,0.0,0.0,0.0,0.0,0.0,0.0,0.9625468164794008,0.0,0.4,0.6598963780983191,0.8390047566776436,0.0,0.33333333333333326,0.0,0.6722345554653653,0.5,0.5824636812630448,0.7095149569038364,0.0,0.0,0.4424184261036468,0.7603911980440098,0.01523027152775236,0.8902217375499818,1.0,0.0,0.0,0.8714859437751004,0.7988879464706437,0.0,0.0,0.11907894736842095,0.794801366651035,0.0,0.0,0.541125988729773,0.34730435212905464,0.22678598361067814,0.8304919100879574,0.26416733010060056,0.12950432730133754,0.7347537440172919,0.4748603351955307,0.82861562258314,0.8394102486355367,0.6666666666666667,0.028892222813725166,0.5627954845141993,0.3232479896919517,0.0,0.0,0.046526939536925216,0.706582411795682,0.0,0.5667590836130163,0.21895656279508957,0.39040437269092565,0.49695413282369805,0.6413612565445026,0.7406454043194375,0.0,0.9214795587280986,0.7660728117738188,0.0,0.0,0.0,0.8571428571428572,0.016589696453391922,0.7777777777777778,1.0,0.0,0.0,0.0,0.4,1.0,0.6666666666666667,0.0,0.5531149301825993,0.8086021505376344,0.44444444444444453,0.37747476071849995,0.0,0.5714285714285714,0.0,0.0,0.6583465589381042,0.5,0.20775142550202452,0.0,0.9642857142857143,0.78125,0.0,0.39619883040935666,1.0,0.0,0.2516431924882627,0.2857142857142857,0.0,0.9027860106698281,0.0,1.0,0.0056022408963584125,0.75,0.8024035774175517,1.0,0.5844653430860327,0.6441281138790036,0.0,0.5089024714323678,0.8622129436325678,0.5,0.0,0.8711978971085242,0.5,0.0,0.0,0.7718057520037719,0.5916503587736465,0.0,0.47507440476190466,0.75,0.6666666666666667,0.0,1.0,0.0,0.0,0.0,0.0,0.0,0.0,0.7064424635332253,0.0,0.16268454167866087,0.35026229757469785,0.0,0.5284757118927973,0.0,0.0,0.4267990074441689,0.6501547987616099,0.0,0.0,0.0,1.0,0.75,1.0,0.5,0.4285714285714285,0.0,0.05491593170265463,0.7,0.6115160349854228,0.43472727272727285,0.2414789669250882,0.9377416073245168,0.41666666666666663,0.538562487381385,0.6666666666666667,0.1854599406528189,0.8711058615089325,0.4626731356131154,0.1096502108657903,0.9181138211382114,0.4812534253199653,0.5476785416815402,0.5,0.0,0.0,0.9931245225362872,0.8333333333333334,0.6489273927392739,0.3076923076923077,0.0,0.875,0.8,0.0,0.0,0.0,0.0,0.9072961015109775,0.8001579778830964,0.06293491500291293,1.0,0.14419159994381248,0.7520967427345426,0.9706102177110205,0.33333333333333326,0.21360444397861844,0.7696969696969697,0.0,0.0,0.0,0.0,0.0,0.3974670908977478,0.9172953469846774,0.9702865228157057,0.9223852831748657,0.0,0.0,0.0,0.0,0.0,0.8363041847907604,0.0,0.0,0.0,0.6666666666666667,0.9913100152074734,0.9887197686342739,0.0,0.9891071594823573,0.9796206440229378,0.0,0.9782608695652174,0.1118187385180649,0.7419831461377608,0.9375,0.13368983957219227,0.0,0.9369385997292974,0.5,1.0,0.6246900509848717,0.0,0.0,0.0,0.0,0.0,0.791776798825257,0.7916666666666666,0.0,0.0,0.0,0.0,0.0,0.0,0.9385206532180596,0.0,0.5,0.6863452733638566,0.8571428571428572,0.0,0.5,0.0,0.636607192178092,0.0,0.7223779766931261,0.8734177215189873,0.20705158542356827,0.0,0.8,0.5189873417721519,0.0,0.8479257115291847,0.6666666666666667,0.0,0.0,0.0,0.8841698841698842,0.0,0.0,0.7012903833474615,0.8371095571095571,0.0,0.0,0.774216380182002,0.5607160135462023,0.36331679073614565,0.9889547964818981,0.6008064516129032,0.026652062796641007,0.9478443350619672,0.44506258692628653,0.704231830726771,0.9506561679790027,1.0,0.518047788510422,0.7498416719442685,0.23717155041958993,0.0,0.4,0.17948717948717952,0.9692307692307692,0.0,0.7026047955839227,0.0,0.7322708491441099,0.41917525773195874,0.8870151770657673,0.8509823182711198,0.16473988439306364,1.0,1.0,0.0,0.0,0.0,0.7452380952380953,0.0,0.75,0.0,0.0,0.7952270977675135,1.0,0.5,1.0,1.0,0.0,0.8210094319245446,0.8885754583921015,0.75,0.39624432957062994,0.0,0.5,0.0,0.0,0.9951923076923077,1.0,0.2708255509899141,0.0,1.0,0.8974358974358975,0.0,0.5509391007398975,1.0,0.0,1.0,0.5714285714285714,0.4285714285714286,0.944300518134715,0.0,0.9,0.33333333333333326,1.0,0.7836411609498681,1.0,0.5659340659340659,0.20484429065743925,0.0,0.08695652173913049,0.9143576826196473,0.75,0.0,0.8181818181818182,0.9166666666666666,0.5416666666666667,0.0,0.8325832583258326,0.5,0.11557994757536039,1.0,1.0,0.0,0.0,0.6666666666666667,0.0,0.33333333333333337,0.6666666666666667,0.0,0.0,0.0,0.7312333290994539,0.0,0.6785955435516543,0.3125,0.0,0.7878787878787878,0.0,0.0,0.8823529411764706,0.6875957120980092,0.2941176470588235,0.0,0.0,1.0,1.0,0.0,0.75,0.33333333333333326,0.0,0.712253606990449,1.0,0.9422628653397884,0.6799999999999999,0.0,0.9593576808298991,0.5202265372168284,1.0,0.6470588235294118,0.0,0.5394617933527462,0.0,0.18181818181818177,0.5445065883022089,0.0,0.6194331983805668,0.0,0.23914823914823902,0.0,1.0,1.0,0.29621066152858067,0.65,0.4,1.0,1.0,1.0,0.0,0.0,0.0,0.9282263630089717,0.8269697972302311,0.9790233837689133,1.0,0.6995464852607709,0.8492874845105328,0.8810754912099276,0.5,0.3019138213560616,1.0,0.0,0.0,0.0,0.0,0.0,0.2679283346942698,0.9654560284028211,0.9780313837375179,0.7618902994593938,0.0,0.0,0.0,0.0,0.0,0.9428861882537776,0.0,0.0,0.0,0.5,1.0,1.0,0.0,0.9688328912466844,0.982957669048928,0.0,0.9853720050441361,0.3679788766202592,0.7646123655513327,1.0,0.6774193548387096,0.25,0.9722222222222222,1.0,1.0,0.7143676512761685,0.0,1.0,0.8488965230064542,0.0,0.0,1.0,0.49884128980997156,0.0,0.0,0.0,0.0,0.0,0.0,0.9407831900668577,0.0,0.33333333333333326,0.9119897959183674,0.8165137614678899,0.0,0.6666666666666667,0.0,0.6896755162241888,0.6000000000000001,0.7927819358112393,0.709828674481515,0.0,0.0,0.37815126050420167,0.7117008443908324,0.0,0.640577835273825,0.7777777777777778,0.0,0.0,0.8181818181818181,1.0,0.0,0.0,0.0,0.9585635359116023,0.0,0.593698175787728,0.2898953215124974,0.37140625000000005,0.2418016275884295,0.7284514243973703,0.0,0.2353212065392587,0.6523315251408304,0.7692307692307692,0.8229994700582937,0.7110655737704918,0.6666666666666667,0.20512820512820518,1.0,0.0,0.0,0.0,0.05882352941176461,0.7692307692307692,0.0,0.18765957446808512,0.25482625482625487,0.3087315130830488,0.5915264544901683,0.49240121580547114,0.7973453749315819,0.3088942307692307,0.8380952380952381,0.0,0.5,0.0,0.06578947368421051,0.5384615384615385,0.0,1.0,1.0,1.0,0.04038997214484685,0.0,0.6,0.0,0.5,0.33333333333333326,0.1578947368421052,0.6729559748427674,0.4285714285714285,0.46852605074569054,0.0,0.6,0.08510638297872364,1.0,0.5652173913043479,0.0,0.08823529411764708,1.0,0.6666666666666667,0.6666666666666667,0.5,0.6,1.0,0.0,0.0,0.0,0.5,0.8571428571428571,0.0,1.0,0.24392023346303482,0.6000000000000001,0.9290465631929047,0.8333333333333333,1.0,0.8896595208070618,0.33333333333333326,1.0,0.8279569892473119,0.0,0.2811906269791008,0.0,0.25,0.0,0.34883720930232565,0.38364779874213817,0.8888888888888888,0.16688481675392686,0.8008474576271186,0.0,1.0,1.0,0.5714285714285714,0.4900000000000001,0.0,0.6666666666666667,0.2320390170699681,1.0,0.0,0.552342524097736,1.0,0.13526315789473686,0.11494252873563238,0.0,0.7272727272727273,0.0,1.0,0.18181818181818177,0.5,0.0,0.6666666666666667,1.0,1.0,0.6666666666666666,0.0,0.5,1.0,1.0,0.0,0.25,0.0,0.26923076923076916,0.5284196323157362,0.8580441640378549,0.0,0.0,1.0,0.41945672773215414,0.9871345029239766,0.3174971031286208,0.14892487390496423,0.9508998776865281,0.6762931034482759,0.0,0.8,0.0,0.0,0.8722969023962595,0.5,0.8079640333975594,0.29268292682926833,0.0,0.8,0.8,0.0,0.0,0.0,0.0,0.8709677419354839,0.7083333333333334,0.0031119770525518398,1.0,0.2068965517241378,0.0,0.0,0.0,0.12840265558693498,0.961038961038961,0.0,0.0,0.0,0.0,0.0,0.2784676167630872,0.9873674504379899,0.8907103825136612,0.6336997227761296,0.0,0.0,0.0,0.0,0.0,0.5563454875136891,0.0,0.0,0.0,1.0,1.0,1.0,0.0,1.0,0.9543509272467903,0.23209339137316987,0.948051948051948,0.15249048485851402,0.7197069448664708,0.9,0.0,0.3571428571428572,0.9019686621132985,0.0,1.0,0.6841993411964722,0.0,runif
0.0,0.33333333333333326,0.0,0.631578947368421,0.8601297764960346,0.6457986688851913,0.9,0.8095238095238095,0.6831448232223365,0.7682854546172996,0.0,0.0,0.0,0.6539057052016973,0.4,0.0,0.8390047566776436,0.0,0.33333333333333326,0.0,0.6510542343234671,0.0,0.0,0.0,0.3704175349232076,0.9372384937238494,0.5983193277310924,0.5575868372943327,0.0,0.8885583240361968,0.9473684210526315,0.2300826880168001,0.0,0.0,0.0,0.8135628156240339,0.0,0.0,0.8328905801263642,0.0,0.0,0.5291864234241475,0.0,0.48279672509920135,0.0,0.9239153973868476,0.5033831628638867,0.7294346159903407,0.7272727272727273,0.9554097482592394,0.20986058535684615,0.33333333333333337,0.2586450112470928,0.5493758424661549,0.8349908785970694,0.2385065477848981,0.0,0.041832449160035146,0.9066979833157852,0.7942400644468314,0.8869911504424779,0.22946175637393762,0.611869031377899,0.0,0.2049364248317127,0.7388418257681122,0.8819444444444444,0.8344549125168237,0.7654918667699457,0.33333333333333337,1.0,0.492360097323601,0.2857142857142857,0.6216554250234511,0.2857142857142857,0.0,0.0,0.17071759259259256,0.0,0.8,1.0,0.6666666666666667,0.0,0.8542674013268863,0.0,0.22222222222222232,0.9192342992002097,0.18554476806903986,0.5714285714285714,0.9090909090909091,0.25,0.660506863780359,0.0,0.5487149822328734,0.6000000000000001,0.9646450129347514,1.0,0.25,0.39619883040935666,0.2109375,0.7142857142857142,0.4,0.8571428571428572,0.5320754716981132,0.8095572733661279,0.6428571428571428,0.0,0.0,0.8,0.44198250728862964,0.5,0.5845264221270075,0.875,0.3750000000000001,0.5075283144570286,0.8620977852068533,0.0,0.34150194060835826,0.0,0.6106194690265487,1.0,0.5144566301096709,0.8923525454137698,0.0,0.02816236626809332,0.6474164133738601,0.75,0.6666666666666667,0.6571428571428573,0.0,0.0,0.7777777777777778,0.25,1.0,0.875,0.0,0.4570024570024571,0.0,0.0,0.9243325705568268,0.0,0.05750885799945504,0.6666666666666667,1.0,1.0,0.490092879256966,0.0,0.0,0.8571428571428572,0.0,0.75,1.0,0.5,0.4285714285714285,0.0,0.0,0.25,0.8278972935461485,0.8951641791044777,0.2418442000644182,0.0,0.41666666666666663,0.6529689963215974,0.8333333333333334,0.6975642760487145,0.0,0.4626731356131154,0.9813151275601868,0.7290969899665551,0.11925820256776032,0.5476785416815402,0.8,0.7672518159806296,0.0,0.0,0.8333333333333334,0.1514900662251657,1.0,0.6175471115230151,0.875,0.6000000000000001,0.5,0.0,0.0,0.5,0.9352960472363457,0.0,0.0,0.9767009213323884,0.014466948586690509,0.9864234100803375,0.967456694868318,1.0,0.21360444397861844,0.48843464228079625,0.84,0.0,0.0,0.16666666666666663,0.6316220746166739,0.0,0.5664648968114008,0.44913830348999084,0.5392008294783859,0.0,0.0,0.0,0.0,0.9399861005092682,0.6922099171095155,0.7368421052631579,0.0,1.0,0.0,0.0,0.599056281200848,0.0,0.0,0.8770958197405356,0.18487541993281065,0.9782608695652174,0.0,0.0,0.9375,0.2500000000000001,0.13636363636363635,0.0,0.0,0.0,0.9035555072306187,0.8125,0.0,0.5741935483870968,0.0,0.9633986928104575,0.801731078904992,0.6000000000000001,0.8571428571428572,0.5555555555555556,0.7777777777777778,0.5454545454545454,0.0,0.0,0.0,0.6427577570613608,0.5,0.0,0.8571428571428572,0.0,0.5,0.0,0.8235621124652556,0.0,0.0,0.0,0.32659394395335717,0.8679245283018868,0.8,0.5189873417721519,0.0,0.8142610695802185,0.6666666666666667,0.0,0.0,0.25,0.0,0.7073170731707317,0.0,0.0,0.8252637528259231,0.0,0.2559115179252478,0.7762636512998936,0.0,0.3834995466908432,0.0,1.0,0.0,0.9372768995410505,0.9553990610328639,0.9685534591194969,0.34593175853018376,1.0,0.0,0.6435643564356436,0.8116936590721933,0.23628509719222457,0.4,0.14491614255765184,0.915037657611915,0.7996848113127183,0.9964705882352941,0.5714285714285714,0.5959933222036728,0.0,0.0,0.459807073954984,0.32530120481927716,0.911690496215307,1.0,0.4374999999999999,0.916083916083916,0.7408829174664107,0.8826086956521739,0.605724838411819,1.0,0.0,1.0,0.8507704785077048,1.0,1.0,1.0,1.0,0.0,0.949470697369857,0.0,0.0,0.9436619718309859,0.0,0.5,1.0,0.0,0.96875,0.0,0.7781098244303325,1.0,0.9280575539568345,0.9,0.36363636363636365,0.5509391007398975,1.0,0.8636363636363636,0.4375,1.0,0.0,0.7970328282828283,0.75,1.0,0.1428571428571428,1.0,1.0,1.0,0.6066998364231189,0.4880382775119617,0.0,0.03540252182347192,0.9143576826196473,0.0,1.0,0.8181818181818182,0.08333333333333337,0.9583333333333334,0.36557575757575755,1.0,0.0,0.11557994757536039,0.7343818261249454,1.0,0.0,0.9181308411214953,0.6666666666666667,0.0,1.0,0.33333333333333337,0.9649876661096523,1.0,0.0,0.36791194129419613,0.0,0.6996615905245347,1.0,0.0,0.0,1.0,0.0,0.8235294117647058,0.7549770290964778,0.0,0.0,1.0,1.0,1.0,0.8571428571428572,1.0,0.33333333333333326,0.0,0.7090103397341212,1.0,1.0,1.0,0.0,0.14018250471994975,0.5202265372168284,0.8428745432399513,0.8823529411764706,0.9620622568093385,0.0,0.0,0.4487179487179487,0.9905994550408719,0.8785560602438441,0.6194331983805668,0.8,0.9406021155410903,0.0,0.0,1.0,0.38698078115313084,0.44999999999999996,0.0,0.6666666666666666,1.0,0.0,0.0,0.0,0.5,0.9387810140237325,0.0,0.982884195193008,0.9934672150979917,0.6904395942207193,0.9942546746056617,0.9727545766590389,1.0,0.31034693877551,0.022522522522522403,0.9545454545454546,0.0,0.0,0.1724137931034483,0.46478873239436613,0.7962003454231433,0.8163405861796291,0.6437731849496555,0.6730708412397217,0.0,0.0,0.0,0.0,0.9361805131659264,0.6033605812897366,0.6875,0.0,0.9997397759333826,0.0,0.0,0.6637663144810442,0.0,0.0,0.9383846794338052,0.780607476635514,0.9870910304918763,0.49976038338658146,0.0,1.0,0.0,1.0,0.0,0.0,0.0,0.9435093696763203,0.9680851063829787,0.0,0.8889256198347107,0.0,0.9411764705882353,1.0,0.49650303070672086,0.9333333333333333,0.7142857142857143,0.19869339941428255,0.6756861981701383,0.0,0.0,0.0,0.5167187212934043,0.33333333333333326,0.0,0.8165137614678899,0.0,0.6666666666666667,0.0,0.6164948453608248,0.0,0.0,0.0,0.6996760259179265,0.5357142857142858,0.37815126050420167,0.6866413329435838,0.0,0.6548783024755565,0.7777777777777778,0.4772896500372301,0.0,0.0,0.0,0.6139240506329113,0.0,0.39429012345679004,0.7508458192363461,0.0,0.0,0.263435849642746,0.0,0.5185185185185184,0.7864768683274022,0.928214052643028,0.804513009440479,0.6938666366425537,0.7692307692307692,0.75,0.0,0.33333333333333337,0.0,0.45977011494252884,0.35687973997833145,0.4042553191489361,0.0,0.0685563612392881,1.0,0.3902478535558076,0.39982876712328774,0.05714285714285716,0.7377701934015928,0.0,0.6307692307692307,0.7973453749315819,1.0,0.7806122448979592,0.0,0.0,1.0,0.6057339449541284,0.0,0.4461732548359967,0.2857142857142858,0.0,0.0,0.04038997214484685,0.0,0.8,0.0,0.5,0.33333333333333326,0.8096304591265397,0.17924528301886788,0.5714285714285714,0.9079491725768322,0.3679581649631566,0.6,0.25531914893617036,1.0,0.4347826086956522,1.0,0.38888888888888884,0.0,0.8823529411764706,0.6666666666666667,0.0,0.6,0.6666666666666667,0.75,0.0,0.5,1.0,0.2857142857142857,0.0,0.5,0.0,0.6000000000000001,0.7858681602757431,0.33333333333333326,1.0,0.5555555555555556,0.38888888888888884,1.0,0.8279569892473119,0.625,0.24445851804939833,0.0,0.75,0.8,0.7560975609756098,0.6901535682023487,0.2222222222222221,0.1374095989480606,0.0,0.0,1.0,0.5466666666666666,0.0,0.1480846197827329,0.7142857142857142,1.0,0.7715250422059652,0.0,0.0,0.8166666666666667,1.0,0.0,0.8747947454844006,0.0,0.20723226703755215,0.0,1.0,0.36363636363636365,0.08333333333333326,0.6851851851851851,0.6666666666666667,0.0,0.5833333333333333,0.6666666666666666,0.5,0.0,1.0,1.0,0.25403594273530317,0.25,0.8336221837088388,0.7692307692307693,0.5284196323157362,0.0,0.0,0.9857549857549858,0.0,0.6525679758308157,0.0,0.2911084043848964,1.0,0.7021276595744681,0.0,0.0,0.8,0.6893903024483918,0.0,0.22072861874147687,0.5,0.6313489896231568,1.0,0.7868325973504616,1.0,0.6000000000000001,1.0,0.0,0.0,0.9166666666666666,0.8709677419354839,0.0,0.006144067796610253,1.0,0.22413793103448265,0.3818915829665117,0.6451327433628318,0.6666666666666667,0.1285186280307511,0.0,0.0,0.0,0.0,0.5,0.656423950928102,0.0,0.5335733687069674,0.4444444444444444,0.5636149840416597,0.0,0.0,0.0,0.0,0.9885173927727119,0.3619700197692942,1.0,0.0,1.0,0.0,0.0,0.5767016593294954,0.0,0.0,0.7768773635872501,0.0,1.0,0.015167258572292397,0.0,0.9,0.5,0.0,0.0,1.0,0.0,0.912643546820545,0.75,runif
0.0,0.6928571428571428,0.0,0.0,0.8374164810690423,0.0,0.0,0.0,0.3748296228986825,0.6627779803135254,0.4676012593601089,0.6727004063538973,0.8385093167701864,0.0,0.0,0.6333978546656989,1.0,0.8734177215189873,0.0,0.5385562093765626,0.0,0.0,0.0,0.7204646133454253,0.0,0.7181708784596872,0.0,0.0,0.11935658286023243,0.932561710168891,0.0,0.0,0.8737151248164464,0.8571428571428572,0.9409722222222222,0.0,0.0,0.0,0.0,0.0,0.0,0.6334427090169314,0.5935309154412695,0.0,0.5037451150673035,0.581754735792622,0.47902097902097895,0.43731318747010983,0.36499870812160873,0.0,0.0,0.33333333333333337,0.2889201877934272,0.872968549047118,0.8821847252504187,0.14913763949949288,0.8181094844048377,0.1493276716206653,0.0,0.9735294117647059,0.7465760477808671,0.20332278481012656,0.05327126971812779,0.9167959127816805,0.9382716049382716,0.3874907017108852,0.3510167992926614,0.8278529980657641,0.6981534090909091,0.8908045977011494,0.0,0.0,0.8571428571428572,0.0,0.4444444444444444,0.4339622641509434,0.0,0.5754646840148698,0.6666666666666667,0.0,0.0,0.33333333333333337,0.0,0.0,0.8202166064981949,0.22222222222222232,0.37747476071849995,0.2599856982327101,0.1428571428571428,0.45197740112994356,0.6666666666666667,0.6866716306775875,0.0,0.6494504586397818,0.30000000000000004,0.9994008388256441,0.0,0.25,0.735166872682324,0.7695390781563126,0.7731958762886598,0.4652777777777777,0.5714285714285714,0.7647058823529411,0.0,0.6428571428571428,1.0,0.0,0.6000000000000001,0.0,0.7777777777777778,0.0,0.0,0.4736842105263158,0.24609695973705836,0.9619952494061758,0.0,0.4105971876424589,0.015677491601343907,0.20000000000000007,0.7142857142857142,0.0,0.28373086507653966,0.7567846100996221,0.5481660178737868,0.4816941852117732,0.75,0.0,0.7462834489593657,0.35766423357664245,0.0,0.33333333333333326,0.25,0.6017069701280229,0.375,0.0,0.584034923604615,0.0,0.05859841158800061,0.9230590242767394,0.5,0.36110865137695924,0.33333333333333337,1.0,0.7272727272727273,0.7308048103607769,0.10999451854558728,0.33333333333333337,0.8571428571428572,1.0,0.0,0.7777777777777778,0.0,0.4285714285714285,0.0,0.6235769024567158,1.0,0.9168331017714484,0.5815346143722031,0.4050990021419989,0.6535586610334742,0.9166666666666666,0.551257253384913,0.8333333333333334,0.6752039891205803,0.9433148259303722,0.5155173718870638,0.7054590315616326,0.0,0.8101120667187908,0.663963546493667,0.5,1.0,1.0,0.9930240283468055,1.0,0.3339712918660287,0.8269230769230769,0.0,0.0,0.6000000000000001,0.5,0.9344245281359391,0.0,0.9851745576279293,0.9942270686337396,0.0,0.5912511657160208,1.0,0.7482608695652174,0.983134447096261,0.991022472555894,1.0,0.6323290398602252,0.4038585209003215,0.76,0.9878155497587279,0.96486447614849,0.6557288864981172,0.9328642584954401,0.5196078431372548,0.41555995557058,0.3676646706586827,0.0,0.0,0.0,0.0,0.996513300660766,0.494480891097401,0.8362148493037693,0.0,0.9649122807017544,0.9750734214390602,0.6666666666666667,0.9009079831767619,0.6121533966667279,0.0,0.9932191291934332,0.0,0.8632832729155877,0.0,0.0,0.9587652180468131,0.9375,0.7123287671232876,0.6818181818181819,0.483461890443195,0.5,0.0,0.8472939059614565,0.8125,0.0,0.0,0.0,0.0,0.8178913738019169,0.0,0.0,0.0,0.36274509803921573,0.5945945945945946,0.8434268833087148,0.8,0.82699513672965,0.0,0.0,0.6756041426927503,1.0,0.4736842105263158,0.0,0.8929843727734764,0.0,0.0,0.0,0.875192820081335,0.14877516993715534,0.33333333333333326,0.0,0.0,0.0,0.8486074744108546,0.0,0.0,0.40401146131805155,1.0,0.8699007717750826,0.0,0.0,0.0,0.0,0.0,0.0,0.8522072936660269,0.690585533869116,0.0,0.7650743931088488,0.32785714285714274,0.4248072990404279,0.7825016063396872,0.19895459000326698,0.0,0.0,1.0,0.0,0.7712808273667462,1.0,0.2331210191082802,0.7778337531486146,0.15859609609609604,0.0,0.9969673995451099,0.8678347393467445,0.0,0.0902509652509651,0.8971918134221799,0.22000000000000008,0.0,0.6157894736842104,0.9115417017691659,1.0,1.0,0.0,0.19765583377730422,0.9375,0.0,0.0,0.2500000000000001,0.0,0.15962441314553988,1.0,1.0,0.0,0.0,1.0,0.02546789860222698,0.8885754583921015,0.0,0.39624432957062994,0.4931129476584022,0.0,0.6196428571428572,0.0,0.9951923076923077,0.0,0.8754289636238847,0.29999999999999993,1.0,0.0,0.36363636363636365,0.8323353293413174,1.0,0.8636363636363636,0.49739583333333337,0.8571428571428571,0.4285714285714286,0.0,0.75,0.8571428571428572,0.21739130434782605,0.0,0.0,1.0,0.0,0.0,0.6875,0.0,0.9788135593220338,0.0,0.0,0.4545454545454546,0.08333333333333337,0.0,0.0,0.4700697759823722,0.8928571428571428,0.9845023166640038,0.5881435257410297,1.0,0.0,0.9152542372881356,0.6666666666666667,0.0,0.33333333333333337,0.33333333333333337,0.2915720004327599,0.375,0.0,0.7270707711837512,0.0,0.2823228634039445,0.9376947040498442,1.0,0.23250345781466109,0.0,0.9,0.3529411764705882,1.0,0.33333333333333337,0.6000000000000001,1.0,1.0,0.5,0.8571428571428572,0.0,0.33333333333333326,0.0,0.48112111530641877,1.0,1.0,0.0,0.5527488855869241,0.7829236739974127,1.0,0.8163912756113682,0.8823529411764706,0.4679459223724378,0.9743214692020152,0.8973727422003284,1.0,0.0,0.6749428291408037,0.7105073649754501,0.0,0.9921953675730111,0.0,1.0,1.0,0.4452636784606394,0.8,0.625,0.0,1.0,0.0,0.9449801510406302,0.0,0.9888888888888889,1.0,0.0,0.0,1.0,1.0,0.914026936974987,0.9775208734746307,1.0,0.8109681719294275,0.03571428571428559,0.8181818181818182,0.9924556492706974,0.9771104529696719,0.643473260494537,0.9436619718309859,0.9598591549295774,0.0,0.34659090909090917,0.0,0.0,0.0,0.0,0.9762693156732892,0.6142061281337048,0.937166158356783,0.0,0.9512195121951219,0.9910610388236538,0.5,0.9270024406478811,0.7037037037037037,0.0,0.9871794871794872,0.0,0.9666054058899995,0.0,0.7971353861764822,0.9460125970606859,1.0,1.0,0.75,0.4722222222222222,1.0,1.0,0.8250347705146036,0.9680851063829787,0.0,0.8876033057851239,0.0,0.0,0.650632911392405,0.0,0.0,0.0,0.1818609022556391,0.6623056035546779,0.2322241516872391,1.0,0.8731818181818182,0.0,0.0,0.48583106267029974,0.9151477058453803,0.6499244712990937,0.0,0.9689540937056318,0.0,0.0,0.0,0.709828674481515,0.0,1.0,0.0,0.0,0.0,0.6694182389937107,0.0,0.0,0.5708140831607456,0.0,1.0,0.0,0.0,0.4516599781101788,0.0,0.0,0.726938625505329,0.485917961902536,0.33937198067632857,0.0,0.3307277126372604,0.6380566801619434,0.3125278644672316,0.0,0.3076923076923076,0.0,0.3091216216216216,0.33333333333333337,0.0,0.9767441860465116,0.5895104155651899,0.0,0.6923076923076923,0.05882352941176461,0.0,0.8946100917431192,0.3423351866560761,0.25482625482625487,0.7044753086419753,0.8388079918726719,0.0,0.7417311752287121,0.0,0.5,0.22222222222222232,0.75,0.0,0.06578947368421051,0.5,0.0,1.0,0.46341463414634154,1.0,0.44537230340988165,0.6666666666666666,0.0,0.0,1.0,0.0,0.08591331269349867,0.7107438016528926,0.5714285714285714,0.4515288220551379,0.35690235690235694,0.19999999999999996,0.3882352941176471,1.0,0.5652173913043479,1.0,0.7777777777777778,1.0,0.9895833333333334,0.0,0.0,0.5,1.0,0.75,0.0,0.0,0.5,0.0,0.0,1.0,0.12978524743230613,0.2785714285714287,0.0,0.8333333333333333,0.0,0.6969314838167298,0.0,0.0,0.0,0.625,0.27531645569620267,0.1986062717770034,0.75,0.7,1.0,0.8864915572232646,0.0,0.6272965879265093,0.0,0.0,0.0,0.0,0.7142857142857143,0.26923076923076916,0.4285714285714285,1.0,0.5639821554355482,1.0,0.0,0.22876988572708934,1.0,0.36185758513931887,0.8747947454844006,0.0,0.2297297297297296,1.0,1.0,0.0,0.6666666666666666,0.330952380952381,0.33333333333333337,0.0,1.0,0.0,0.5,1.0,1.0,1.0,0.9623918277051207,0.25,0.8381112984822934,0.6923076923076923,0.6356603258396287,0.5329457364341086,0.7777777777777778,0.0,0.0,1.0,0.8807973962571196,0.8080459770114942,0.49095966620305986,0.5569620253164556,0.953826049077973,0.8997724089635855,1.0,0.7882861257801248,0.0,0.8746277546158427,0.0,0.6199999999999999,0.8780487804878049,0.0,0.0,0.6000000000000001,1.0,0.9235634431513222,0.0,0.9166666666666666,1.0,0.04166666666666674,0.8993862279644629,1.0,1.0,0.6976744186046511,0.11538461538461542,0.33333333333333337,0.9072164948453608,1.0,1.0,0.9636067926706553,0.9444133866341543,1.0,0.9275863956001861,0.727544590409057,0.6742003032709942,0.0,0.0,0.0,0.0,0.0,1.0,0.6131805157593123,0.5971189214590119,0.0,1.0,0.9732388823297914,1.0,0.8566878980891719,0.576271186440678,0.0,1.0,0.0,0.737874097007224,0.0,0.024857244249443466,0.9222292412437706,0.9,0.5,0.7857142857142857,0.7804295942720764,0.0,0.0,0.8837209302325582,0.75,runif
0.0,0.0,0.7499120845114009,0.0,0.0,0.0,0.746875,0.8254319893664156,0.3842251840063656,0.0,0.0,0.6727004063538973,0.8385093167701864,0.6539057052016973,0.0,0.0,0.0,0.0,0.33333333333333326,0.36424452596871415,0.4590177145452681,0.0,0.0,0.7608026450803784,0.0,0.0,0.5983193277310924,0.5675638560834935,0.2080527920142029,0.0,0.0,0.0,0.0,0.2857142857142857,0.9409722222222222,0.7406168169915623,0.4750626915575369,0.11907894736842095,0.0,0.0,0.4548858105578435,0.0,0.34730435212905464,0.8582273389975366,0.45395808448257136,0.9250199030180213,0.0,0.4422766634594034,0.9749935104265813,0.7566103443828196,0.9685325743200506,0.33333333333333337,0.2586450112470928,0.5627954845141994,0.8111893049638713,0.23364223532715522,0.1410256410256412,0.0,0.911992893100385,0.5113607629230936,0.7171276438396688,0.23114097123998112,0.39040437269092565,0.6639108009708737,0.1578947368421052,0.0,0.4405594405594405,0.0,0.0,0.9077669902912622,0.9348591549295775,0.9248986361960929,0.2857142857142857,0.9293368605120388,0.2857142857142857,0.4339622641509434,0.0,0.13708889612504083,0.0,0.4,0.0,0.33333333333333337,0.5,0.25515574650913,0.0,0.44444444444444453,0.0,0.0,0.5714285714285714,0.5511240029006528,1.0,0.0,0.5,0.0,0.7,0.82217634915954,0.9375,0.2716346153846153,0.34733828536056943,0.8030018761726079,1.0,0.4085308056872038,0.0,0.0,0.0,0.0,1.0,0.027558379120879106,0.75,0.0,0.33333333333333337,0.45848136537791717,0.0,0.5,1.0,0.4489668127739511,0.0,0.4064505027163894,0.4494556765163298,0.5486725663716814,1.0,0.5055211419337463,0.0,0.7168758716875874,0.05483405483405546,0.433407738095238,0.75,0.0,0.7297435897435898,0.35766423357664245,0.0,0.4444444444444444,0.0,0.5471698113207546,0.875,0.5,0.0,0.0,0.2664445924938932,0.9219452030658092,0.0,0.0,0.33333333333333337,0.8214285714285715,1.0,0.5324324324324323,0.7372086793463702,0.0,0.8571428571428572,1.0,0.25,0.8947368421052632,0.5,0.8571428571428571,0.0,0.05805096957470457,0.7,0.0,0.0,0.0,0.7875935312575428,0.7222222222222222,0.673467207861568,0.0,0.6922446750409612,0.0,0.0,0.9878442073927065,0.6978211382113821,0.0,0.663963546493667,1.0,0.8214285714285714,0.15384615384615385,0.8776737033412554,0.6666666666666667,0.5572181601768406,1.0,0.6115107913669066,0.75,0.8,0.0,0.9380509942461234,0.0,0.0,0.9302173438976521,0.0,0.6695309307385604,0.8190482390469371,0.5200534759358288,0.7450911885961848,0.0,0.0,0.21360491410442461,0.5393939393939393,1.0,0.9377647852484821,0.9055316999242233,0.6666666666666667,0.9345738401085444,0.02941176470588236,0.9456908918794953,0.9658201718592483,0.5291717778727276,0.0,0.0,0.0,0.996663594685083,0.49114391486282116,0.7978445769610428,0.7368421052631579,0.9649122807017544,0.9857317670093001,0.6666666666666667,1.0,0.0,0.4666666666666667,0.0,0.8602550248541172,0.8262439594286017,0.8369565217391304,0.10351826129585717,0.9581174548888491,0.9375,0.056074766355140304,0.4076704545454546,0.9460953697304768,0.5,0.0,0.8047501092816552,0.84375,0.0,0.0,0.8542004743477718,0.0,0.0,0.0,0.6425925925925926,0.8148148148148149,0.4839962392184115,0.0,0.0,0.8,0.82699513672965,0.7596403178586365,0.0,0.0,0.0,0.0,0.5,0.7847937439617929,0.8464923539550406,0.0,0.0,0.9795918367346939,0.14877516993715534,0.25,1.0,0.5189873417721519,0.5202261306532664,0.0,0.0,0.20274914089347085,0.0,0.0,0.8881735005083022,1.0,0.6253476360746921,0.5897716894977169,0.0,0.0,0.8017222097964661,0.0,0.5617206109009388,0.8887739265390584,0.7275516465534875,1.0,0.4221690044474854,0.7810092390803892,0.9746359793330202,0.8933591856519632,1.0,0.0,0.0,0.702855128657032,0.8142431627403195,0.2422571064913025,0.7293187347931873,0.0,0.8294689603590126,0.3368877984335189,0.8656562177058216,0.5714285714285714,0.7489543114543114,0.27626137303556675,0.14754098360655743,0.15286259541984748,0.5838150289017342,0.12959719789842372,0.0,1.0,1.0,1.0,0.8826086956521739,0.8500461680517082,1.0,0.2500000000000001,1.0,0.7661835748792271,1.0,1.0,0.0,0.0,0.0,0.4520597621119814,0.0,0.75,0.0,0.33149171270718236,1.0,0.7452830188679245,1.0,0.15625,1.0,0.0,0.7,0.9818020417221482,0.9566367001586462,0.36363636363636365,0.5674080798910577,1.0,1.0,0.4375,0.0,0.0,0.0,0.0,0.0,0.0,1.0,0.0,1.0,0.0,0.0,0.6875,0.012024048096192397,0.7659574468085106,0.0,0.42307692307692313,0.6363636363636365,0.9166666666666666,0.5,0.36991408656184155,0.23789473684210505,0.8571428571428572,0.12092363783674287,0.8646408839779005,1.0,0.0,0.8597807270628968,0.0,0.0,0.6666666666666667,0.6666666666666667,0.8440447253281478,0.875,0.25,0.2597054886211513,0.0,0.5587026039287346,0.9375,0.0,0.5813953488372092,0.0,0.9,0.8235294117647058,0.7222222222222222,0.9250585480093677,0.0,1.0,1.0,0.0,0.8571428571428572,0.75,1.0,0.0,0.4940458902120244,1.0,0.0,0.0,0.12063377745768811,0.0,0.9583333333333334,0.0,0.0,0.9618768328445748,0.8797320908561445,0.2775041050903121,0.7586206896551724,0.0,0.05880946688979194,0.7105073649754501,0.8,0.9402129402129402,0.0,0.8990570719602977,1.0,0.3895126050420168,0.44999999999999996,0.0,0.6666666666666666,1.0,1.0,0.9486389572318484,0.0,0.0,0.983390327308256,0.0,1.0,0.8,0.0,0.8518197231970348,0.0,0.0,0.30879918742005885,0.8345588235294117,0.0,0.9490749173801035,0.9885509951224103,0.6551724137931034,1.0,0.42806968249508304,0.964596548163446,0.977281109389983,0.7220301214077147,0.0,0.0,0.0,0.9954500737825873,0.6751561683973493,0.8020846031939535,0.6875,1.0,0.985632183908046,0.5,1.0,0.0,0.5,0.0,0.9425795053003534,0.9836170119188987,0.7611070648215587,0.20840193017314823,0.941910236027883,1.0,0.6774193548387096,0.08333333333333337,0.9722222222222222,1.0,1.0,0.82607519610495,0.8113207547169812,0.0,0.0,0.7162930563149261,0.0,0.0,0.0,0.9333333333333333,0.7142857142857143,0.3110997529602181,0.0,0.0,0.33333333333333326,0.9375736160188457,0.5002314145212612,0.0,0.0,0.0,0.0,0.6666666666666667,0.11559266227657561,0.3016981058080709,0.0,0.0,0.709828674481515,0.0,0.0,0.37815126050420167,0.6371933827723901,0.6241134751773051,0.0,0.0,0.0,0.0,0.0,1.0,0.8915507470376095,0.3125,0.0,0.0,0.0,0.332846715328467,0.0,0.3656449354286604,0.8690442494574959,0.2893577981651374,0.9355704697986578,0.0,0.0,0.7692307692307692,0.7641759406465289,0.907103825136612,0.6666666666666667,0.0,0.4651162790697675,0.5895104155651899,0.4042553191489361,0.6923076923076923,0.0,1.0,0.8078922244616527,0.3350168350168351,0.09523809523809523,0.3087315130830488,0.8364101107639875,0.09836065573770492,0.1428571428571429,0.0,1.0,0.7735042735042734,0.75,0.8571428571428572,0.9912280701754386,0.07692307692307698,0.8741755454084221,0.0,0.46341463414634154,0.0,0.07794015309672941,0.0,0.4,0.0,1.0,1.0,0.07502799552071682,0.0,0.4285714285714285,0.0,0.0,0.3999999999999999,0.21052631578947367,0.0,0.0,0.0,0.5,1.0,0.0,1.0,0.0,0.6,1.0,0.75,0.0,1.0,0.0,0.0,0.0,0.0,0.18478540221022877,0.6000000000000001,0.0,0.16666666666666663,0.0,0.6969314838167298,0.0,1.0,0.29457364341085257,0.625,0.27531645569620267,0.12337662337662325,0.25,1.0,0.7674418604651163,0.5262798634812287,0.4444444444444444,0.16688481675392686,0.0,0.0,0.0,0.14814814814814836,0.7142857142857143,0.26923076923076916,0.4285714285714285,0.0,0.2776214593884825,1.0,1.0,0.0,1.0,0.16842105263157903,0.8747947454844006,0.0,0.0,1.0,0.0,0.36363636363636365,0.08333333333333326,0.5833333333333335,0.6666666666666667,0.0,0.6843434343434343,0.6666666666666666,1.0,0.5,0.0,1.0,0.22942286420717017,0.25,0.7475728155339805,0.0,0.0,0.7634069400630914,0.5555555555555556,0.8935340022296544,0.0,0.5573770491803278,0.0,0.0,1.0,0.6163011387600168,0.0,0.9201426024955437,0.8,0.7882861257801248,0.0,0.0,0.0,0.7560795873249816,1.0,0.792003402807316,0.8,0.8,0.0,0.7031523642732049,0.0,0.0,1.0,0.04166666666666674,0.6706633405756284,0.4441087613293052,0.6681896551724138,0.0,0.9614299153339605,0.6666666666666667,0.09607474894845469,0.8,1.0,0.9646712305863545,0.9786198357262356,1.0,0.9349425964085958,0.14168667890945041,0.8816277836691411,1.0,0.613299347260734,0.0,0.0,0.0,1.0,0.9369684842421211,0.5563454875136891,1.0,1.0,0.9921343038271895,1.0,1.0,0.0,0.5555555555555556,0.0,0.7184668989547037,0.7441537851763773,0.6153846153846154,0.3313300068548838,0.9222292412437706,0.9,1.0,1.0,1.0,0.0,0.0,0.7103882476390345,1.0,runif
0.5714285714285714,0.5555555555555556,0.6605170128148476,0.8569024985278034,0.0,0.0,0.0,0.7947740881872618,0.37839510193447523,0.0,0.4676012593601089,0.0,0.8522727272727273,0.5822176651530687,0.0,0.0,1.0,0.0,0.0,0.0,0.0,0.5,0.0,0.0,0.0,0.0,0.0,0.0,0.0,0.9330563798219584,0.0,0.2300826880168001,0.6518048606147249,0.8571428571428572,0.9409722222222222,0.7706466069142126,0.0,0.0,0.8601289850432237,0.0,0.5412448132780081,0.9679729100966757,0.0,0.1794871794871794,0.4541359096830221,0.05355404089581306,0.43862503279979004,0.9613028055465979,0.0,0.9460116731517509,0.0,0.33333333333333337,0.4188732394366197,0.5626523936961048,0.4287578155446736,0.0,0.727779674519176,0.0,0.38502991277343934,0.0,0.7465760477808671,0.21227863046044881,0.0,0.9183161665920286,0.1992982456140352,0.2338012958963286,0.31340057636887597,0.8763683193818417,0.6728362877997915,0.8634361233480176,0.65625,0.4920634920634921,0.8378378378378378,0.08534640600082688,0.6666666666666667,1.0,0.0,0.20427728613569318,0.6666666666666667,0.6000000000000001,0.5,0.6666666666666667,1.0,0.0,0.0,0.22222222222222232,0.22950819672131162,0.2831689732327838,0.0,0.0,0.0,0.6128395811200487,0.5,0.204192401272693,0.30000000000000004,0.19137818419333774,0.78125,0.0,0.995982694684796,0.3066132264529058,0.0,0.3256379100850547,0.0,0.5294117647058822,0.0,0.6428571428571428,0.16666666666666663,0.8925014645577035,1.0,0.41288343558282203,0.5,0.5917652501487013,0.6499999999999999,1.0,0.49446040213377107,0.0,0.9166666666666666,0.0,0.5110115714818961,0.0,1.0,0.041546058232589944,0.0,0.297872340425532,0.0,0.4493898061737257,0.0,0.6666666666666667,0.32730923694779124,0.0,0.0,0.7777777777777778,0.0,0.25,0.0,0.0,0.0,0.6666666666666667,0.0,0.9243325705568268,0.0,0.7922606924643585,0.0,1.0,0.0,0.6281186783546865,0.10347903657448698,0.33333333333333337,0.8571428571428572,0.4,0.75,0.7380952380952381,0.5,0.9285714285714286,0.5,0.004272795154733444,0.25,0.0,0.5948462395908465,0.8807947019867549,0.9385418758786905,0.0,0.5092653871608207,0.8333333333333334,0.5268741159830268,0.911138191567146,0.532938022906344,0.9891568931179464,0.0,0.9475317913287273,1.0,1.0,0.0535714285714286,0.0,0.15116279069767435,0.875,0.49760214847496653,0.1923076923076923,0.0,0.75,0.8,0.0,0.9427299220161829,0.9142857142857143,0.9851745576279293,0.9352960472363457,0.9870656204190739,0.5912511657160208,0.0,0.7482608695652174,0.9821940056105123,0.991022472555894,0.0,0.6328829966755253,0.48392652123995405,0.76,0.9938839797492214,0.9441351507007103,0.0,0.9327915143177786,0.0,0.5153605348331299,0.574712643678161,0.22462471486525248,0.0,0.0,0.0,0.0,0.5921775489045606,0.9221803037064081,0.0,0.0,1.0,0.0,0.990566408553123,0.6310774281940827,0.7,0.9925314465408805,0.9843368300043109,0.988588412284886,0.9347826086956522,0.6205298931890693,0.9352172407824131,0.9375,0.0,0.0,0.9202785708106238,0.0,0.96875,0.0,0.875,0.0,0.0,0.7629534281416231,0.9322916666666666,0.0,0.0,0.0,0.7916666666666666,0.4839962392184115,0.0,0.547945205479452,0.0,0.9333333333333333,0.6362799263351748,0.0,0.0,1.0,0.0,0.0,0.0,0.0,0.0,0.0,0.0,0.0,0.0,0.0,0.0,0.0,0.8142610695802185,0.0,0.0,0.35035460992907796,0.5,0.8881735005083022,0.7073170731707317,0.0,0.0,0.870627261761158,0.0,0.7551020408163266,0.9893468737554759,0.0,0.24974093264248698,0.34051724137931016,0.0,0.0,0.5055124756026798,0.0,0.9854955680902499,0.3170603674540683,1.0,0.17107583774250446,0.9780380673499268,0.2311281910513313,0.0,0.764279743661187,0.0,0.46738572162300973,0.0,0.868449662970211,0.0,0.0,1.0,0.0,0.7705299941758882,0.0,1.0,1.0,1.0,0.7646720368239356,0.8014123949835626,0.682608695652174,0.24786324786324776,0.75,1.0,1.0,0.8579686209744013,1.0,0.0,1.0,1.0,0.0,0.04931960544315639,0.0,0.0,0.39624432957062994,0.5371900826446281,0.0,0.8333333333333334,1.0,0.6644295302013423,1.0,0.06817513958272081,0.29999999999999993,0.4545454545454546,0.8963044677330392,0.0,1.0,0.8571428571428572,0.0,0.572944297082228,0.0,0.0,0.0,0.75,0.09999999999999998,0.8095238095238095,0.5,0.6501457725947521,1.0,0.5636653024101863,0.3202247191011237,0.8125,0.1568322981366458,0.42743764172335597,0.9404761904761905,0.0,0.6363636363636365,0.0,0.5,0.0,0.25619834710743805,0.8571428571428572,0.5772782015254918,0.0,0.0,0.0,0.7598870056497176,0.6666666666666667,0.0,1.0,0.6666666666666667,0.6883680555555556,0.0,0.0,0.32704614348265404,1.0,0.0,0.9375,0.0,0.48962655601659744,0.0,0.9,0.0,0.7222222222222222,0.75,0.6000000000000001,1.0,0.6363636363636365,0.5,0.8571428571428572,1.0,1.0,1.0,0.0,1.0,0.0,0.7252208047105004,0.980121776504298,0.9633580705009277,0.0,0.0,0.8823529411764706,0.0725190839694656,0.9528231101106734,0.0,0.6470588235294119,0.798810703666997,0.9698492462311558,1.0,1.0,0.0,0.0,0.0,1.0,0.5463917525773196,0.0,1.0,0.6666666666666666,1.0,1.0,0.9449801510406302,0.9117647058823529,0.9888888888888889,0.9722222222222222,0.993788282146181,0.0,0.0,0.6578947368421053,0.9515430884254314,1.0,0.0,0.8079997963132702,0.0,0.8181818181818182,0.9954319065345392,0.9630464371988081,0.0,0.9436619718309859,0.8856455613740573,0.9919099542736546,0.728414801279123,0.32711717394732687,0.0,0.0,0.0,0.0,0.640750507714225,0.9837632684540601,0.0,0.0,0.9997465990930915,0.0,1.0,0.5983606557377048,0.5,0.9871794871794872,0.9993935718617344,1.0,0.9593613933236574,0.9580064785544238,0.8717130933396668,1.0,0.6774193548387096,0.08333333333333337,0.8666666666666667,0.0,1.0,0.0,0.9268292682926829,0.0,0.8607655502392344,0.7328718911309244,0.9411764705882353,0.0,0.0,0.0,0.7142857142857143,0.6174636174636174,0.0,0.4366578793204453,0.0,0.7874149659863945,0.43806252960682124,0.0,0.0,0.8248847926267281,0.0,0.0,0.0,0.0,0.6000000000000001,0.0,0.0,0.0,0.0,0.0,0.0,0.0,0.6551652463105384,0.0,0.4772896500372301,0.5668639053254438,0.0,0.7121212121212122,0.8883483337387497,0.08994708994708978,0.4516599781101788,0.7495773967640667,0.0,0.32769400514895164,0.9583574320416426,0.0,0.2480422681385036,0.3120762323621039,0.2550623052959502,0.775,0.8885418699980481,0.15384615384615385,1.0,0.43085106382978733,0.33333333333333337,1.0,0.4568965517241379,0.06060993542612381,0.0,0.6923076923076923,0.0,0.54983922829582,0.024541284403669872,0.3390105433901054,0.25482625482625487,0.29899691358024694,0.843020594965675,0.5409836065573772,0.18508092892329342,0.3125,0.5,0.2222222222222222,0.75,1.0,0.6057339449541284,0.5,0.3467782851344495,0.7142857142857143,0.7647058823529411,0.0,0.07794015309672941,0.6666666666666666,1.0,0.0,0.5,1.0,0.039473684210526105,0.0,0.5714285714285714,0.3433527740391805,0.2130090829182537,0.0,0.9058823529411765,1.0,0.4347826086956522,0.0,0.0,1.0,1.0,0.6666666666666667,0.5,0.96,0.0,0.0,0.0,1.0,0.2500000000000001,0.0,0.0,0.5,0.6578813988849468,1.0,0.20338983050847448,0.33333333333333326,0.8113207547169812,0.8896595208070618,0.6140350877192982,0.9977409638554217,0.0,0.0,0.24944812362030888,0.18796992481203012,0.25,1.0,0.34883720930232565,0.7986486486486487,0.4444444444444444,0.0,0.8821138211382114,1.0,1.0,0.0,0.0,0.4900000000000001,0.7142857142857142,0.33333333333333337,0.03686311340690296,1.0,0.0,0.0,0.0,0.0,0.8747947454844006,0.0,0.07192575406032486,0.0,0.0,0.9090909090909091,0.5,0.0,0.33333333333333337,0.0,1.0,1.0,0.5,0.0,0.5,0.5,0.6742791892663431,0.25,0.22972972972972971,0.3846153846153846,0.7927481672280563,1.0,0.0,0.0,0.0,0.0,0.8205128205128205,0.3349573690621195,1.0,0.1147125633409053,0.9355453852021358,1.0,0.0,0.025604096655464925,0.0,0.2509370684553166,0.0,0.927,0.41463414634146345,0.0,0.8,0.8,0.0,0.9160970469834923,1.0,0.9166666666666666,0.8709677419354839,0.8435734463276836,0.8885524252419834,0.0,1.0,0.7220973327662678,0.3872340425531916,0.0,0.9254848587955087,0.0,0.41666666666666663,0.9940783807062877,0.8984778794632273,0.5,0.9358153027922156,0.45862295081967197,0.12204548833060802,0.7254901960784315,0.09408000669162109,0.0,0.0,0.0,0.0,0.9236363636363636,0.8039243976338191,0.0,0.0,1.0,0.0,1.0,0.576271186440678,0.5555555555555556,1.0,1.0,0.9752730269936122,1.0,0.4990482949962899,0.9451227069905801,0.9,0.0,0.3571428571428571,1.0,1.0,0.9411764705882353,0.0,0.8125,runif
0.5714285714285714,0.0,0.0,0.0,0.8490313961255845,0.0,0.0,0.7961060032449973,0.0,0.0,0.0,0.6727004063538973,0.8992950654582075,0.6225160892180199,0.0,0.6598963780983191,0.0,0.0,0.0,0.0,0.0,0.0,0.0,0.7282975238462279,0.0,0.6527777777777777,0.5903334194882398,0.7605788204341153,0.08654338997752631,0.9038408400110527,1.0,0.7198243950591627,0.8759842519685039,0.0,0.0,0.0,0.0,0.0,0.0,0.0,0.5397658457811869,0.0,0.8569307665660415,0.8463215258855585,0.4529248214577768,0.3641088572872303,0.5033831628638867,0.43695323832453536,0.0,0.7474571734475375,0.9806802721088436,0.6666666666666667,0.0,0.42670131870247374,0.3772348168071785,0.0,0.0,0.046526939536925216,0.0,0.5210519190414946,0.9006538861643633,0.5867539383181717,0.39448988809153407,0.49835815196639943,0.17543859649122806,0.2868460764587526,0.4405594405594405,0.9490373725934315,0.09872159090909094,0.33766233766233766,0.65625,0.9248986361960929,1.0,0.042654827469933765,0.8571428571428572,1.0,0.0,0.2148131573058849,0.0,0.4,0.0,0.6666666666666667,1.0,0.4447361512207929,0.6458424507658642,0.5555555555555556,0.3897105525814355,0.2836661970663794,0.5714285714285714,0.6142131979695432,0.6666666666666667,0.6422602882807604,0.5,0.8585827733659133,0.7,0.825873520069304,0.0625,0.0,0.7998799879987999,0.37335834896810494,0.2941176470588235,0.3256379100850547,0.5714285714285714,0.0,0.9289473684210526,0.6428571428571428,1.0,0.42805907172995783,0.6734693877551021,0.0,0.0,0.6810518982932776,0.36931818181818177,0.5,0.5003379748546708,0.2809822361546499,0.0,0.44989229940764675,0.21313923105636423,0.6106194690265487,0.7142857142857142,0.4933619926665824,0.0,0.956989247311828,0.9162107566703139,0.4407106991116262,0.75,0.0,0.7462834489593657,0.0,0.6921981563366559,0.7777777777777778,0.0,1.0,1.0,0.0,0.3622337623240761,0.0,0.1324853228962819,0.5048632917209158,0.0,0.4148736786865582,0.0,0.8228882833787465,1.0,0.6501547987616099,0.10999451854558728,0.6666666666666667,0.8571428571428572,0.0,0.25,0.8690476190476191,0.75,0.0,0.0,0.638460609476269,0.0,0.0,0.9944936557337802,0.0,0.762402088772846,0.4722222222222222,0.5881844606803363,0.6666666666666667,0.45633999071063647,0.911693470257702,0.41291348118991744,0.6911447084233262,0.0,0.0,0.663963546493667,1.0,0.05054479418886204,0.0714285714285714,0.7831679015797568,1.0,0.432252701579385,0.1923076923076923,1.0,0.875,0.6000000000000001,0.5,0.0,0.33333333333333326,0.9802073515551367,0.7879817774242535,0.09651474530831106,0.45463290259025335,0.8148670957245735,0.045652479280797964,0.8704055766793409,0.9674827777035666,1.0,0.3142449011107802,0.0,0.72,0.9475338430209349,0.983310426075005,0.2049488972565896,0.620907478400183,0.001585081585081527,0.508839754024236,0.9516105803850031,0.23682633534417308,0.0,0.0,0.0,0.9985005372091101,0.0,0.0,0.9473684210526315,1.0,0.9746330419937278,0.6666666666666667,1.0,0.0,0.0,0.9913536881923805,0.0,0.0,0.9347826086956522,0.23172629892166907,0.975686802904409,0.9375,0.6869158878504673,0.13636363636363635,0.9550682961897915,0.0,0.0,0.8776316565430206,0.96875,0.0,1.0,0.0,0.0,0.794921875,0.0,0.0,0.875,0.0,0.0,0.0,0.8,0.9333333333333333,0.8003170106569539,0.0,0.6942018310007367,0.0,0.0,0.0,0.0,0.0,0.0,0.0,0.9795918367346939,0.0,0.9444822116474054,1.0,0.5189873417721519,0.5439760867362448,0.8355365011313565,0.6666666666666667,0.6421052631578947,0.3742857142857142,0.0,0.0,0.0,0.0,0.0,0.0,0.0,0.5126329787234043,0.0,0.8912708420905142,0.9184581171237954,0.9011009344065131,0.0,0.0,0.78280389290092,0.0,0.8871989860583016,1.0,1.0,0.9025259067357513,0.0,0.2496651486739887,0.0,0.6307692307692307,0.18067075369635777,0.0,0.2900158074549999,1.0,0.6857142857142857,0.7535339177130222,0.7270471464019851,0.0,0.7810300111152279,0.6157894736842104,0.971003717472119,0.6296296296296297,1.0,0.7495473747736874,1.0,0.8,0.0,0.75,1.0,0.0,0.9108527131782945,1.0,0.5,0.0,1.0,0.0,0.45604435164518686,0.8581979320531757,0.75,1.0,0.5359116022099447,1.0,0.8616352201257862,1.0,0.9615384615384616,1.0,0.9533275713050994,0.7,0.9818664307828394,0.14750000000000008,0.0,0.6497257769652651,1.0,0.36363636363636365,0.572944297082228,0.8571428571428571,0.0,0.9446411329256518,0.75,0.8571428571428572,0.5238095238095237,0.0,0.0,0.0,0.8075221904618625,0.1917215102182197,0.6875,0.0,0.0,0.0,0.42307692307692313,0.2727272727272728,0.08333333333333337,0.5833333333333333,0.3791821561338289,0.23789473684210505,1.0,0.5464857200729187,0.0,1.0,0.0,0.8103033220991815,0.25,0.534804753820034,1.0,0.6666666666666667,0.9687772714050228,0.375,0.0,0.6921965317919077,0.0,0.5587026039287346,0.7476635514018692,0.0,0.5369193844416207,0.0,0.9,0.8823529411764706,0.6875957120980092,0.2325581395348837,0.8,1.0,1.0,0.0,0.8571428571428572,0.75,0.0,0.5,0.5151329243353784,0.0,0.0,1.0,0.0,0.90732462173315,0.0,0.38847305389221554,0.6470588235294118,0.7945922372437855,0.9618973561430794,0.0,0.5465962608819752,0.0,0.07895910780669146,0.7105073649754501,1.0,0.0,0.0,0.6556982782180922,1.0,0.7602442398511664,0.0,1.0,0.6666666666666666,1.0,0.0,0.0,0.33333333333333326,0.9888888888888889,0.6695478723404256,0.0,0.8323443564165891,0.8823737445183194,0.911468330134357,0.9207499320713703,0.9597711216208326,1.0,0.318433572392246,0.0,0.6818181818181819,0.9450373634187687,0.9737075628695847,0.21219091431857395,0.46478873239436613,0.8058022744251682,0.5534713290785993,0.9403379698815956,0.2249116336253265,0.0,0.0,0.0,0.9922220855878012,0.0,0.0,1.0,0.9512195121951219,0.9706786236082422,0.5,1.0,0.0,0.0,0.9842734325854476,0.0,0.0,0.9984360337816703,0.0,0.8548101782555451,1.0,0.032258064516129115,0.5,1.0,0.5,0.0,0.6399501661129567,1.0,0.0,0.0,0.0,0.0,0.6842105263157895,0.0,0.9333333333333333,0.7142857142857143,0.0,0.0,0.0,0.33333333333333326,0.8755115227223778,0.6950510604870386,0.0,0.48583106267029974,0.0,0.0,0.0,0.0,0.0,0.0,0.0,0.7027386839102321,0.6995249406175772,0.5357142857142858,0.0,0.6862745098039216,0.6292134831460674,0.9698431845597105,0.7777777777777778,0.8237704918032787,0.5340240169531433,1.0,0.0,0.0,0.0,0.0,0.0,0.0,0.9733576642335766,0.0,0.7898739243546128,0.8279213607245417,0.3274733495417992,0.6084402871437894,0.7904824131547425,0.0,0.15384615384615385,0.0,0.9601063829787234,0.6666666666666667,0.3076923076923077,0.4913793103448275,0.09394057350460627,0.0,0.25,0.1438356164383563,0.0,0.8129761612189728,0.5497872340425531,0.7142857142857143,0.3087315130830488,0.1694166860330003,0.5409836065573772,0.18508092892329342,0.0,0.8571428571428571,0.6453900709219857,0.0,1.0,0.9798165137614678,1.0,0.0,1.0,0.8095238095238095,1.0,0.07033426183844005,0.0,0.6,0.0,0.5,1.0,0.07502799552071682,0.4764150943396226,0.5714285714285714,0.5272180451127819,0.13019349032548366,0.3999999999999999,0.21052631578947367,0.5714285714285714,0.4347826086956522,0.0,0.7777777777777778,1.0,0.3203883495145631,0.0,0.5,0.8,0.0,0.5,0.0,0.0,0.0,0.8571428571428571,0.0,1.0,0.38799283154121866,0.6785714285714286,0.0,0.25,0.2402148887183423,0.8896595208070618,0.0,1.0,0.48234280792420325,0.0,0.23495883470550982,0.045112781954887105,0.75,0.19999999999999996,0.7674418604651163,0.557163531114327,0.6666666666666667,0.7841207349081365,0.8821138211382114,0.0,0.0,0.31081081081081086,0.0,0.9021739130434783,0.7142857142857142,0.6666666666666667,0.8208499647804649,1.0,0.0,0.8207483755321532,1.0,0.1345864661654136,0.0,0.0,1.0,0.0,0.0,0.18181818181818177,0.5,0.23148148148148162,0.6666666666666667,0.0,0.6085858585858586,0.6666666666666666,1.0,1.0,0.0,0.5,0.9693595965363022,0.0,0.22972972972972971,1.0,0.5277027027027028,1.0,0.7777777777777778,0.0,1.0,0.0,0.8921885087153002,0.5813953488372094,1.0,0.6883394746226078,0.10257529463116555,0.9201426024955437,1.0,0.023363738198111772,0.11111111111111116,0.330523426779063,0.5,0.2677809994883168,0.41463414634146345,1.0,1.0,0.6000000000000001,1.0,0.0,1.0,0.9166666666666666,0.9583333333333334,0.045038705137227186,0.45753380293093693,0.4285714285714286,0.4482758620689655,0.8707223433500806,0.9143389199255121,0.6666666666666667,0.08173555678495192,0.0,1.0,0.9643441297417179,0.9285721037060841,0.5,0.6476087528119431,0.45862295081967197,0.2198798949080445,0.8888888888888888,0.09647729586642229,0.0,0.0,0.0,1.0,0.0,0.0,0.6666666666666667,1.0,0.9841915085817525,1.0,0.9898770788141721,0.0,0.0,1.0,0.0,0.0,0.8819875776397516,0.7612526890617244,0.9364427598792728,0.9,0.5,1.0,0.8959764474975466,0.0,0.0,0.8489494258490105,0.9375,runif
0.5714285714285714,0.0,0.0,0.0,0.0,0.0,0.7912966252220248,0.8254319893664156,0.6835443037974683,0.0,0.0,0.0,0.8385093167701864,0.0,0.4,0.0,0.0,0.0,0.0,0.5704680785627023,0.0,0.0,0.0,0.0,0.4937658337886841,0.0,0.0,0.5575868372943327,0.3692689734433364,0.0,0.9473684210526315,0.0,0.8796433878157504,0.0,0.0,0.0,0.4855494839101395,0.0,0.8601289850432237,0.0,0.5173069395515293,0.6279063545150502,0.8535992710337147,0.0,0.4529248214577768,0.7984420642648491,0.0,0.5951472769654588,0.34627389777604367,0.7567358514889777,0.8498401491940855,0.6666666666666667,0.2991833163190899,0.5607191924018875,0.3145563875652372,0.2385065477848981,0.6322081575246132,0.047020739602765205,0.0,0.5341812945693911,0.38656812339331614,0.5658795749704841,0.12937220856124854,0.4822066706372842,0.6413612565445026,0.0,0.4118705035971224,0.997926386728875,0.0,0.9875,0.44514959202175874,0.2698412698412699,0.8,0.0,0.5,0.358490566037736,0.0,0.54589015849613,0.0,0.6000000000000001,1.0,0.6666666666666667,0.0,0.11815252416756161,0.0,0.5555555555555556,0.37747476071849995,0.19896214176200033,0.5714285714285714,0.45197740112994356,0.0,0.5763865825307206,0.5,0.83811850946854,0.30000000000000004,0.0,0.78125,0.0,0.34983498349834985,0.0,1.0,0.5107816711590296,0.5714285714285714,0.0,0.3273248668578451,0.0,0.9166666666666666,0.3090167648391481,0.0,0.9919060052219321,0.0,0.0,0.9682791435368755,0.0,1.0,0.2932511491851233,0.0,0.20373681938706312,0.009763424708974844,0.0,0.45833333333333337,0.8136915077989602,0.91130845323741,0.7632735880960433,0.026894005976445756,0.8556895252449133,0.0,0.0,0.0,0.583941605839416,0.45067418298164086,0.4444444444444444,0.0,0.5471698113207546,1.0,0.5,0.0,0.6666666666666667,0.4274045333877884,0.9273017319963537,0.0,0.6610078627591136,0.6666666666666667,0.75,0.47543713572023305,0.6868884540117418,0.18856203179243558,0.6666666666666667,0.8571428571428572,0.3791821561338289,0.75,1.0,0.5,0.0,0.0,0.5706339675115353,0.0,0.0,0.5935290593169562,0.2009977324263037,0.7193375111906893,0.7222222222222222,0.0,0.0,0.7064275037369208,0.0,0.7153886912421468,0.6268043409545886,0.0,0.0,1.0,1.0,1.0,0.0,0.0,1.0,0.8461913467397928,0.3076923076923077,0.7554347826086957,0.75,0.6000000000000001,0.5,0.0,0.96875,0.0,0.9331325909228544,0.9622686283815852,0.6515616851132873,1.0,0.0,0.858746103221337,0.0,1.0,0.6317393247470848,0.9775516901870692,1.0,0.9936681159599814,0.9499312782250147,0.6666666666666667,0.9051903615330303,0.0,0.0,0.6636263261485287,0.2360939102179963,0.0,0.0,0.0,0.9999416848415578,0.4919076161977377,0.9065355282035793,0.9473684210526315,0.0,0.9750734214390602,0.0,0.96579476861167,0.9939721471627521,0.23214285714285698,0.9464668094218416,0.9007613136567614,0.8038375044385118,0.0,0.34572542968022046,0.7930453964936723,0.9375,0.7123287671232876,0.8275862068965517,0.8039588513480571,0.5,0.0,0.0,0.8125,0.0,1.0,0.0,0.0,0.0,0.0,0.7122877122877123,0.7916666666666666,0.7693973754618424,0.0,0.0,0.0,0.82699513672965,0.0,0.5,0.0,0.0,0.0,0.0,0.8426472607441988,0.0,0.0,0.0,0.0,0.0,0.0,0.0,0.5189873417721519,0.5565253190613421,0.0,0.6666666666666667,0.20274914089347085,0.45679012345679015,0.0,0.0,0.0,0.6843365466697204,0.0,0.8676382987172868,0.0,0.4539781591263651,0.7913871118739273,0.8912708420905142,0.0,0.5947546531302876,0.9637096774193549,0.6393277571251549,0.9087557884474775,0.2985493682732804,0.8839313572542902,0.9427239427239427,1.0,0.0,0.974304068522484,0.47718149165434176,0.2975250131648235,0.6923076923076923,0.18067075369635777,0.0,0.3010197960407919,0.28346592874437915,0.6857142857142857,0.552379364947079,0.7270471464019851,0.8870151770657673,0.15286259541984748,0.7514450867052023,1.0,0.0,0.993103448275862,0.3724559023066485,0.0,0.26521739130434796,0.0,1.0,0.2500000000000001,1.0,0.9564625850340136,1.0,0.0,0.0,1.0,1.0,0.0,0.0,0.75,0.4199033816425122,0.5552486187845305,1.0,0.7857142857142857,0.0,0.6651785714285714,1.0,0.9694061187762447,0.29999999999999993,0.0,0.8921568627450981,0.0,0.46727605118829985,1.0,1.0,0.5263157894736842,0.8571428571428571,0.0,0.42587894164552387,0.0,1.0,0.0,0.0,0.935064935064935,0.5,0.0,1.0,0.0,0.1413969335604771,0.0,0.0,0.34615384615384615,0.4545454545454546,0.75,0.5416666666666667,0.4973408078194623,1.0,0.8928571428571428,0.13347484080409544,0.8915018706574025,0.0,0.0,0.8910891089108911,1.0,0.6409090909090909,0.6666666666666667,0.0,0.8108017443810802,0.375,0.25,0.25970548862115117,1.0,0.9731397459165154,0.9390243902439024,0.0,0.50567081604426,1.0,0.9,0.8235294117647058,0.8686493184634448,0.7442489851150202,0.8,1.0,0.25806451612903225,1.0,0.8571428571428572,1.0,0.0,0.5,0.9536258012820513,0.0,0.0,0.6947692307692308,0.0,0.7836691410392365,0.9583333333333334,0.0,0.0,0.0,0.0,0.2503816793893129,0.5523206237056889,0.0,0.13301262778111855,1.0,0.8,0.9675174013921114,0.0,0.0,1.0,0.7162762397322787,0.65,1.0,0.6666666666666666,1.0,0.0,0.0,0.967741935483871,0.0,0.977500229589494,0.9526282669130708,1.0,0.9985667268287504,0.792719614921781,0.9505111868424952,0.0,1.0,0.8457048211647791,0.9790209790209791,0.13636363636363646,0.9950280647255574,0.9623167266577268,0.6551724137931034,0.8732394366197183,0.6425954706927177,0.0,0.764213942457717,0.33936529890886724,0.0,0.0,0.0,0.9983443708609272,0.6738948271985938,0.9766604703313564,1.0,0.0,0.9786931507448647,0.0,0.90995085995086,1.0,0.5,0.9408227086841472,0.925797020743422,0.9538212823655186,0.0,0.0,0.7388991570121264,1.0,0.3125,0.0,0.7784114052953157,1.0,0.0,0.0,0.954954954954955,0.0,0.0,0.0,0.0,0.0,0.0,0.9333333333333333,0.7142857142857143,0.7005225342913128,0.0,0.0,0.0,0.8619267168163067,0.0,0.33333333333333326,0.0,0.0,0.0,0.0,0.9697804808514682,0.0,0.0,0.0,0.0,0.7764705882352941,0.0,0.0,0.6363636363636362,0.918918918918919,0.0,0.7777777777777778,0.0,0.5558324248559414,1.0,0.0,0.0,0.1696428571428572,0.4516599781101788,0.7508458192363461,0.0,0.9733576642335766,0.5381495074367394,0.80707453528244,0.0,0.2893577981651374,0.6669181440965675,0.0,0.0,0.3076923076923076,0.0,0.7134146341463414,0.6666666666666667,0.0,1.0,0.0,0.20000000000000007,0.0,0.25356633380884475,0.0,0.8115284083092585,0.7910353535353536,0.7142857142857143,0.0,0.23224893917963219,0.644808743169399,0.1428571428571429,1.0,0.0,0.8078078078078078,1.0,0.9,0.0,0.8064516129032259,0.0,0.1428571428571428,0.38235294117647056,0.0,0.5201949860724234,0.0,1.0,0.0,0.5,0.0,0.42105263157894746,0.17924528301886788,0.5714285714285714,0.2625570776255709,0.11345646437994727,0.3999999999999999,0.21052631578947367,0.5714285714285714,0.4347826086956522,0.0,0.38888888888888884,1.0,0.0,0.6666666666666667,0.5,0.6,0.6666666666666667,0.75,0.0,0.0,0.0,0.0,0.0,0.5,0.418206312548114,0.10909090909090913,1.0,0.0,0.0,0.658890290037831,1.0,1.0,0.5691756272401434,0.0,0.0,0.5064935064935064,0.25,0.0,1.0,0.7754266211604095,0.0,0.16688481675392686,0.9121621621621622,1.0,0.0,0.7871621621621622,0.7142857142857143,0.0,0.4285714285714285,1.0,0.2776214593884825,1.0,1.0,0.0,0.0,0.35278791036998425,0.8747947454844006,0.0,0.818880351262349,0.0,0.0,0.36363636363636365,0.41666666666666663,0.0,0.6666666666666667,0.0,0.08333333333333337,0.6666666666666666,0.5,0.0,0.0,0.5,0.1351595919710431,0.0,0.74,0.26923076923076916,0.6213634389926184,1.0,0.5555555555555556,0.4242749731471537,0.0,0.9016393442622951,0.0,1.0,1.0,0.6883394746226078,0.3669467787114846,1.0,1.0,0.7882861257801248,0.11111111111111116,0.21800116890707188,0.5,0.600665557404326,0.29268292682926833,0.6983240223463687,0.8,0.6000000000000001,1.0,0.0,1.0,0.0,0.8709677419354839,0.8476425052779732,0.7002468855529385,1.0,0.0,0.09606202187195145,0.7012113055181697,0.6666666666666667,0.4374116587191873,0.85,1.0,0.9933402778590573,0.8981937447423889,1.0,0.9233637523304876,0.19007546917785356,0.22777705260409886,0.75,0.05019386305022899,0.0,0.0,0.0,0.9702780441035475,0.6160543973429681,0.8212694245944938,0.6666666666666667,0.0,0.9732388823297914,0.0,0.7272727272727273,0.9661016949152542,0.5555555555555556,0.9047619047619048,0.7973826714801444,0.8698431144683324,0.0,0.6840636238392586,0.7435857709469509,0.9,0.5,0.0,0.8313047711781889,0.0,0.0,0.0,0.75,runif
0.0,0.0,0.7499120845114009,0.631578947368421,0.8079874706342991,0.0,0.9,0.0,0.0,0.0,0.6860158659041193,0.5,0.6666666666666667,0.0,0.4,0.0,0.0,0.7076810686704238,1.0,0.0,0.0,0.0,0.7001684944869786,0.7282975238462279,0.0,0.6575255102040816,0.0,0.0,0.0,0.9038408400110527,0.0,0.22309997275946614,0.644626577032876,0.33333333333333326,0.7925983790645446,0.745448132963012,0.4855494839101395,0.0,0.9151131280812302,0.0,0.22554744525547454,0.5225107518101149,0.5935000506226586,0.8582273389975366,0.8298544879829963,0.05355404089581306,0.1074546675621223,0.3569612205975844,0.9669534610872116,0.829339928891637,0.08913608783588556,0.33333333333333337,0.031136065334694374,0.5569833852544133,0.44729001584786043,0.0,0.6627925239516256,0.047020739602765205,0.8940772985094315,0.5210519190414946,0.0,0.5875028045770697,0.0,0.4748091603053436,0.2049364248317127,0.32046436285097213,0.8268955650929899,0.9980478282088824,0.6981534090909091,0.922077922077922,0.65625,0.7397714706966458,1.0,0.5434410253381372,0.7777777777777778,1.0,0.0,0.5471828551676461,0.0,0.8,0.0,0.0,0.0,0.6553426096088213,0.33438908515044463,0.5555555555555556,0.9192342992002097,0.0,0.0,0.8333333333333334,0.6666666666666667,0.3192997082117549,0.0,0.7430397078959379,0.30000000000000004,0.9993706733794839,0.78125,0.8011928429423459,0.0,0.44767441860465107,0.25,0.39560439560439553,0.0,0.7837837837837838,0.0,0.0,0.0,0.7394530421878313,0.0,0.0,0.33333333333333337,0.5824630265647999,0.9078292746792354,0.09481216457960617,0.2426659456536433,0.6729354047424367,0.9166666666666666,0.44989229940764675,0.15832037325038884,0.0,0.45833333333333337,0.0,0.3122339233699305,0.836734693877551,0.6202079530121438,0.47217928902627515,0.0,0.6666666666666667,0.7462834489593657,0.583941605839416,0.0,0.4444444444444444,0.0,1.0,0.0,0.5,0.30384426923248253,0.6666666666666667,0.0,0.9255589430894309,0.0,0.9774130402047885,0.6666666666666667,0.8571428571428572,1.0,0.23751274209989814,0.7158779462817467,0.33333333333333337,0.0,0.8415492957746479,1.0,0.0,0.5,0.8571428571428571,0.0,0.5411528627374826,0.0,0.742703899939199,0.9346604060578004,0.056499668947252446,0.964373642288197,0.0,0.0,0.0,0.4792478789268515,0.9446982932401559,0.0,0.6016406337790764,0.3759304173287613,0.6262110966109069,1.0,1.0,0.7378640776699029,0.0714285714285714,0.8776737033412554,0.0,0.8447554465445102,0.3076923076923077,0.0,0.75,0.8,0.5,0.0,0.9142857142857143,0.0,0.0,0.9806428269914973,0.3836185451305726,0.9801560717712878,0.014466948586690287,0.9372455902306649,0.9704713504660517,1.0,0.7302497325082453,0.955032542239169,0.72,0.9558629158503548,0.9441351507007103,0.0,0.6273426889995473,0.0,0.42256242568370983,0.30434782608695654,0.7132167111412315,0.0,0.0,0.0,0.9910848819688599,0.956549444273328,0.0,0.9473684210526315,1.0,0.9961587708066582,0.6666666666666667,0.9905660377358491,0.9947247396185581,0.23214285714285698,0.9344888142322669,0.8970850408649951,0.9312539531941809,0.9782608695652174,0.38740318618763925,0.0,0.0,1.0,0.13636363636363635,0.9052839683680804,0.0,0.0,0.9106188976069814,0.84375,0.0,1.0,0.8017527625061238,1.0,0.8259364180044066,0.0,0.8571428571428572,0.0,0.0,0.0,0.8660235798499465,0.0,0.9015151515151515,0.0,0.5,0.0,0.0,0.7435897435897436,1.0,0.0,0.0,0.0,0.8547433250516149,0.8917471772785474,0.0,0.9512195121951219,0.0,0.0,0.0,0.845967546621458,0.0,0.46182736957115533,0.3742857142857142,0.5,1.0,1.0,0.6843135213906526,0.0,0.885545837978233,0.0,0.22991556091676724,0.785844250363901,0.6727140783744557,0.9287657039243621,0.9510869565217391,0.1202749140893472,0.0,0.0,0.9310344827586207,0.5574294853154986,0.0,1.0,0.6454177507950274,0.645410927101068,0.3490998188984765,0.0,0.0,0.17948717948717952,0.9365441487114491,0.2900158074549999,0.0,0.6857142857142857,0.0,0.4193548387096775,0.013605442176870763,0.6996350824210394,0.6947368421052631,1.0,0.9393939393939393,1.0,0.7601809954751131,0.8464351005484461,0.8826086956521739,0.7892738490745135,0.75,0.2500000000000001,1.0,1.0,1.0,1.0,0.0,0.5,1.0,0.8206011643103244,0.6666666666666667,0.75,0.9123102866779089,0.0,0.0,0.9642857142857143,0.6666666666666667,0.09798657718120807,0.0,0.8714372346876895,0.29999999999999993,1.0,0.9024390243902439,0.8636363636363636,0.0,1.0,0.0,0.5625,0.0,0.4285714285714286,0.0,0.0,0.0,0.6666666666666666,0.0,0.0,1.0,0.5963565191207467,0.7816015883520847,0.0625,0.6832298136645962,0.5729927007299269,0.3653846153846154,0.0,0.2727272727272728,0.0,0.5416666666666667,0.0,0.0,0.8928571428571428,0.0,0.6524852569502948,0.0,0.0,0.9152542372881356,1.0,0.0,0.6666666666666667,0.6666666666666667,0.9687772714050228,1.0,0.25,0.6921965317919077,1.0,0.0,0.9376947040498442,0.0,0.8055555555555556,1.0,0.9,0.8235294117647058,0.06249999999999989,0.9375,0.6000000000000001,0.0,0.16129032258064502,0.5,0.0,0.75,1.0,1.0,0.9440488301119023,0.0,0.7035368018571624,1.0,0.48805646036916406,0.9633580705009277,0.0,0.0,0.0,0.7945922372437855,0.9320103537532356,0.2775041050903121,0.5012490496361464,0.5055185055185055,0.9439725579875857,1.0,0.8,0.6742937853107345,0.0,0.8736516497461929,0.0,0.818121824061242,0.65,1.0,0.6666666666666666,1.0,0.0,0.0,0.9117647058823529,0.0,0.0,0.9762225284572922,0.19259083353122763,0.9622377622377623,0.6022121271973139,0.940458773842714,0.9775208734746307,1.0,0.8456743463629304,0.8838383838383839,0.6818181818181819,0.9209302325581395,0.9626021338029611,0.0,1.0,0.5558334822226193,0.5469748168611104,0.31997146932952913,0.6537135065768367,0.0,0.0,0.0,1.0,0.9546785847789385,0.0,0.9375,0.9512195121951219,0.9993569784757006,0.5,1.0,1.0,0.5,0.9408227086841472,0.9243789045474357,0.9401020189987477,1.0,0.0,0.0,0.0,0.6774193548387096,1.0,0.8935837245696401,0.0,0.0,0.9325868504163077,0.8113207547169812,1.0,0.0,0.6727983777520278,0.9411764705882353,1.0,0.0,0.9333333333333333,0.0,0.0,0.0,0.7229976379643548,0.8333333333333334,0.9407831900668577,0.0,0.33333333333333326,0.0,0.0,0.5838659526688547,0.6666666666666667,0.0,0.0,0.0,0.8908052908776585,0.7027386839102321,0.7752770866319838,0.125,0.0,0.0,0.0,0.9639368895567243,0.0,0.4772896500372301,0.5410020220175242,0.0,1.0,0.8662721893491124,0.36009875382083234,0.0,0.7830968015251006,0.0,0.0,0.3353264769193972,0.4910946567940764,0.8279213607245417,0.7912848326164204,0.3007390562819786,0.7521865889212828,0.6382747372236317,0.7692307692307692,1.0,0.0,0.33333333333333337,0.20512820512820518,0.46096345514950177,0.08308902395423667,0.0,0.0,0.05882352941176461,0.6180904522613064,0.7971812732868946,0.0,0.7142857142857143,0.31783276450511944,0.6350777934936351,0.19148936170212771,0.36347642505277966,1.0,1.0,0.2222222222222222,0.75,0.0,0.7458715596330274,1.0,0.25418569254185686,0.0,0.6666666666666667,0.0,0.5201949860724234,0.0,0.8,0.0,0.0,0.0,0.2648376259798433,0.2515723270440251,0.5714285714285714,0.9383898524462853,0.0,0.0,0.6842105263157894,0.0,0.13043478260869568,1.0,0.0,1.0,0.9425981873111783,0.6666666666666667,0.75,0.0,0.0,0.0,0.0,1.0,0.5,0.0,0.0,0.0,0.4481830417227457,0.2785714285714287,0.0,0.16666666666666663,0.658096699923254,0.0,1.0,0.0,0.5691756272401434,1.0,0.29985337243401766,0.045112781954887105,0.25,0.0,0.34883720930232565,0.0,0.0,0.48654855643044626,0.0,1.0,1.0,0.0,0.7142857142857143,0.4204545454545454,0.4285714285714285,0.0,1.0,0.0,1.0,0.8206680116565792,0.0,0.0,0.8747947454844006,0.0,1.0,0.0,1.0,0.36363636363636365,0.5,0.5833333333333334,0.33333333333333337,1.0,0.0,1.0,0.0,0.5,0.0,0.0,0.14841564187650458,0.0,0.918918918918919,1.0,0.6119339822259839,1.0,0.0,0.09363831308077208,0.0,0.0,0.8807973962571196,0.7132867132867133,1.0,0.9869109947643979,0.0,1.0,0.8,0.0,0.0,0.0,0.5,0.2723623853211008,0.29268292682926833,0.0,0.8,0.8,1.0,0.0,1.0,0.0,0.0,0.9375,0.5796764121487369,0.917989417989418,0.22413793103448265,0.8664888999131837,0.827027027027027,0.33333333333333337,0.42778602799456544,0.9142857142857143,1.0,0.9646728304323337,0.8981937447423889,0.0,0.646714421221339,0.45862295081967197,0.6995805786592735,0.0,0.6547749949093871,0.0,0.0,0.0,1.0,1.0,0.0,1.0,1.0,1.0,1.0,1.0,0.9695817490494296,0.5555555555555556,0.9047619047619048,0.8864915572232646,0.8739635157545605,0.916083916083916,0.6952622174418404,0.0,0.0,0.75,1.0,1.0,1.0,0.0,0.8835519039342707,1.0,runif
0.0,0.5555555555555556,0.0,0.0,0.8254237288135593,0.7076509635482463,0.7912966252220248,0.7919645897173988,0.0,0.7000330360092499,0.4946761313220941,0.8537095088819227,0.0,0.0,0.4,0.0,1.0,0.6918148124882216,0.0,0.5664301907610616,0.0,0.0,0.0,0.7549223310576828,0.5316148314186979,0.0,0.0,0.5575868372943327,0.0,0.0,0.9473684210526315,0.2300826880168001,0.0,0.01176470588235301,0.0,0.6614420062695925,0.48794424626767074,0.0,0.0,0.0,0.06506464305789783,0.6279063545150502,0.3449655358832274,0.21736459506501493,0.4849806465681731,0.05355404089581306,0.5314975085234723,0.6010807374443738,0.43303763672379625,0.955433618843683,0.9735653560042508,0.33333333333333337,0.0,0.8632553777621477,0.39856141272503165,0.0,0.8299673014041162,0.046526939536925216,0.4091658611474386,0.5520152505446623,0.5617089194907391,0.5698481817111922,0.09555479763528862,0.9279279279279279,0.631578947368421,0.4548615501327601,0.3804034582132564,0.9208456243854474,0.9620738636363636,0.8616071428571428,0.879094217549535,0.9206812652068127,0.8,0.9056592078348726,0.2857142857142857,0.4339622641509433,0.0,0.1857738405419489,0.6666666666666667,0.4,0.0,0.33333333333333337,0.0,0.238445968739458,0.3107787519339864,0.22222222222222232,0.6773038842345773,0.2302146349548353,0.1428571428571428,0.0,0.0,0.0,0.5,0.545815516188149,0.6000000000000001,0.2018849206349208,0.9375,0.25,0.7965026307644691,0.8030018761726079,0.4285714285714285,0.30688806888068865,0.2857142857142857,0.5366666666666666,0.9618421052631579,0.0,1.0,0.8925014645577035,0.7000000000000001,0.4275672371638142,1.0,0.0,0.0,1.0,0.4938373048479868,0.8622417031934878,0.0,0.3722184760620366,0.015677491601343907,0.4,1.0,0.916026625704045,0.6988646443143516,0.710926694329184,0.0,0.8813131313131313,0.75,0.6666666666666667,0.23968253968253972,0.0,0.5355374419136132,0.7777777777777778,0.25,0.11024182076813649,0.875,0.0,0.5786199095022624,0.0,0.1689518274464865,0.9279041735723972,0.0,0.15069860279441105,0.0,0.8949152542372881,1.0,0.0,0.18856203179243558,0.33333333333333337,0.8571428571428572,0.0,0.75,0.8690476190476191,0.75,0.9285714285714286,0.0,0.0,0.0,0.598370949800854,0.4298675376519687,0.055329401013541335,0.0,0.0,0.9945462373821939,0.8333333333333334,0.0,0.5429546818727491,0.4626731356131154,0.635858949316336,0.0,0.8103789298355195,1.0,1.0,0.0,0.0,0.076484831220624,0.0,0.5516544581965142,0.0,0.0,0.0,0.0,0.5,0.0,0.96875,0.9803921568627451,0.0,0.06954793840039741,0.6755405669175216,0.9815590681140101,0.11951871657754032,0.9053453615187828,0.0,0.9624726362973002,0.5203280109427266,0.0,1.0,0.9855543062738925,0.9871958666260882,0.0,0.9442675159235668,0.5233255633255633,0.0,0.3761701310546781,0.0,0.0,0.0,0.0,0.9999409799686013,0.6021169711181809,0.7227977433886117,0.9473684210526315,0.0,0.986652998674619,0.0,0.9009079831767619,0.9537413048769552,1.0,0.9897476340694006,0.0,0.0,0.0,0.18169089381634884,0.8645601022377026,0.0,0.5,0.13636363636363635,0.0,0.0,0.0,1.0,0.0,0.0,0.0,0.0,0.0,0.794921875,0.6714285714285715,0.7122877122877123,0.5555555555555556,0.0,1.0,0.547945205479452,0.8,0.0,0.0,0.5,0.0,1.0,0.8938244853737811,0.0,0.8825893801565475,0.0,0.0,0.0,0.9795918367346939,0.7164461247637051,0.0,0.0,0.5189873417721519,0.0,0.0,0.6666666666666667,0.0,0.0,0.0,0.0,0.7073170731707317,0.6101694915254237,0.0,0.0,0.0,0.12613458528951482,0.8543409000398248,0.5617206109009388,0.4162673228856365,0.0,0.0,0.8938660839706571,0.9041943190868065,0.4614754098360655,1.0,1.0,0.0,0.6995205114544485,0.723328025477707,0.47718149165434187,0.0,0.775,0.15859609609609604,0.5353918839112461,0.8295904319394252,0.7026047955839227,0.6857142857142857,0.6427867004790082,0.9006622516556292,0.9400000000000001,0.0,0.8125,0.9787117903930131,1.0,0.8235294117647058,0.9247928616953474,1.0,0.9375,0.866608921611087,1.0,0.2500000000000001,0.0,0.8678777869529315,1.0,0.5,0.0,0.0,0.0,0.4735157801809755,0.42660550458715596,0.0,0.8759420289855072,0.4931129476584022,0.0,0.0,1.0,0.15625,1.0,0.8793939393939394,1.0,0.5323741007194244,0.9535945226321796,0.36363636363636365,0.5959510754955715,1.0,0.36363636363636365,0.4375,0.5714285714285714,0.0,1.0,0.0,1.0,0.8095238095238095,1.0,0.8477157360406091,1.0,0.6338538521266499,0.0,0.9375,0.1413969335604771,0.9166666666666666,0.0,1.0,0.4545454545454546,0.08333333333333337,0.9583333333333334,0.9307829469930297,0.6035087719298244,0.8571428571428572,0.5424189167598659,0.8944099378881988,1.0,0.0,0.0,0.25,0.881578947368421,1.0,0.33333333333333337,0.6032975764799364,1.0,0.0,0.7989552002532847,0.0,0.5534259702922856,1.0,0.0,0.26822916666666663,0.0,0.9,0.8235294117647058,0.0,0.7442489851150202,0.8,1.0,0.7272727272727273,0.5,0.8571428571428572,0.75,1.0,0.0,0.0,0.0,0.9031103493471795,0.6818473380372033,0.0,0.7112033195020746,0.0,1.0,0.8823529411764706,0.7975735789710178,0.4626286158027568,0.0,0.5012490496361464,0.0,0.674804570054119,1.0,1.0,0.0,0.0,0.5477470432997752,0.0,0.5760299625468164,0.44999999999999996,1.0,0.0,0.0,0.0,0.0,0.967741935483871,0.9888888888888889,0.0,0.28298908162783,1.0,1.0,0.5011146891255884,0.8674561819043107,0.0,0.9850746268656716,0.7547142857142857,0.0,0.8181818181818182,0.9959415454210045,0.9839751491543809,0.0,0.9436619718309859,0.9432968135820021,0.0,0.6682608695652175,0.0,0.0,0.0,0.0,1.0,0.6543495674463313,0.8576625401362312,1.0,0.0,0.9776531278862832,0.0,0.9294884653961886,0.9629629629629629,1.0,1.0,0.0,0.0,0.0,0.0,0.846445361220378,0.0,0.0,0.5,0.8444444444444444,0.5,0.0,0.8996579247434435,0.0,0.0,0.857645492582731,0.0,0.0,1.0,0.5839128723264664,0.9333333333333333,0.7142857142857143,0.0,0.6779725609756098,0.3431276169670491,1.0,0.0,0.0,0.33333333333333326,0.0,0.9151477058453803,0.6092238470191226,0.0,0.9689540937056318,0.0,0.0,0.0,0.5038461538461539,0.0,0.0,0.0,0.7637956748695004,0.0,0.0,0.7777777777777778,0.4772896500372301,0.0,0.5454545454545454,0.0,0.7280453257790369,0.0,0.4516599781101788,0.0,0.0,0.0,0.5385579332947754,0.4229473310870723,0.40250626566416037,0.6718225866567276,0.30571213829387445,0.4500345383375548,0.0,0.7692307692307692,1.0,0.9078590785907859,0.6666666666666667,0.3076923076923077,1.0,0.0,0.0,0.6923076923076923,0.25356633380884475,0.7407407407407407,0.0,0.19381313131313127,0.7142857142857143,0.0,0.844311377245509,0.923076923076923,0.7692793931731985,0.0,0.8571428571428571,0.5555555555555556,0.2500000000000001,1.0,0.9798165137614678,0.8333333333333334,0.87363100252738,0.0,0.4925373134328359,1.0,0.04038997214484685,0.6666666666666666,0.6,0.0,1.0,0.33333333333333326,0.0,0.2515723270440251,0.5714285714285714,0.7369752902649598,0.3239649440918707,0.19999999999999996,0.08510638297872364,1.0,0.0,0.0,0.33333333333333337,0.0,0.16666666666666652,1.0,0.0,0.5,1.0,0.5,0.0,0.0,1.0,0.7142857142857142,0.0,1.0,0.9374416433239963,0.6,0.43472641102972853,0.16666666666666663,1.0,0.6969314838167298,1.0,1.0,0.6470588235294117,0.0,0.23495883470550982,0.1986062717770034,0.75,0.8,1.0,0.39923076923076917,0.4444444444444444,0.0,1.0,0.0,1.0,0.0,0.0,0.6057692307692308,0.7142857142857142,1.0,0.0,0.0,0.0,0.5617574534857656,1.0,0.12804953560371535,0.8747947454844006,0.0,0.2727272727272727,0.0,1.0,0.36363636363636365,0.0,0.0,0.0,0.0,0.5833333333333333,1.0,1.0,1.0,0.5,1.0,0.6306195175438596,0.0,0.0,0.26923076923076916,0.5878166213104458,0.0,0.0,0.9108138238573021,0.0,0.0,0.8340865074241446,0.33103448275862046,1.0,0.616892751165748,0.9552238805970149,1.0,1.0,0.025604096655464925,0.0,0.5987691085963867,0.5,0.0,0.0,0.0,0.0,0.4,1.0,0.0,1.0,0.9166666666666666,0.0,0.0,0.7002468855529385,0.9373601789709172,0.22413793103448265,0.0,0.7825295723384895,0.6666666666666667,0.3222094540033542,0.0,0.33333333333333326,0.9636067926706553,0.9834539232255288,0.0,0.9297863368006747,0.49777229419425595,0.0,0.196078431372549,0.0,0.0,0.0,0.0,0.965323336457357,0.6160543973429681,0.45223858830392305,0.6666666666666667,0.0,0.9627016129032258,0.0,0.7272727272727273,0.9575356769926906,0.888888888888889,1.0,0.0,0.0,0.0,0.7789473684210526,0.9092748550803894,0.0,0.25,0.0,0.0,0.0,0.0,1.0,0.0,runif
0.5714285714285714,0.33333333333333326,0.7523421808230997,0.0,0.0,0.0,0.7857142857142857,0.8194285714285714,0.0,0.7004636350864046,0.0,0.0,0.0,0.6483448088069397,0.4,0.0,0.8800213295414149,0.0,0.0,0.0,0.651224291975725,0.5,0.0,0.0,0.46378796902918396,0.8403361344537815,0.5903334194882398,0.7234675659591351,0.0,0.0,0.7954545454545454,0.0,0.0,0.8571428571428572,0.9518348623853211,0.0,0.0,0.0,0.0,0.0,0.9610880241783151,0.6279063545150502,0.5935000506226586,0.21808510638297884,0.8305471124620061,0.05355404089581306,0.43363946470742587,0.0,0.9669534610872116,0.9483960948396095,0.0,0.0,0.0,0.38632406479185355,0.7392641530926074,0.23364223532715522,0.0,0.0,0.7266638042078144,0.5242922234167818,0.0,0.5698481817111922,0.5712970069071375,0.0,1.0,0.6226415094339622,0.3804034582132564,0.9079189686924494,0.0862877997914493,0.8634361233480176,0.44366197183098577,0.7301587301587302,0.0,0.9086882050676275,0.0,1.0,0.0,0.1602941176470587,0.0,0.0,0.0,0.0,1.0,0.9122079285901812,0.8123124791643517,0.44444444444444453,0.4735807001442244,0.0,0.5714285714285714,0.44067796610169496,1.0,0.24760164458656908,0.0,0.0,0.6000000000000001,0.31562229280970255,0.0,0.11133200795228615,0.9358974358974359,0.984375,0.8461538461538461,0.0,0.0,0.8823529411764706,0.9726259207644834,0.0,0.0,0.0,0.75,0.0,0.7777777777777778,0.875,1.0,0.0,0.0,0.8620689655172413,0.0,0.0,0.09061488673139151,0.09734513274336287,0.0,0.0,0.5558698727015559,0.5783664459161149,0.6273833004602236,0.0,0.75,0.6666666666666667,0.0,0.3065693430656935,0.4268972686891599,0.7777777777777778,0.0,1.0,0.875,0.5,0.3622337623240761,0.0,0.0,0.922321585130633,0.0,0.3887757411178999,0.33333333333333337,0.0,1.0,0.6343054489639295,0.0,0.6666666666666667,0.0,1.0,0.75,0.36842105263157887,0.5,0.8571428571428571,0.0,0.8871034198599094,0.0,0.0,0.7207607994842038,0.0,0.9329094496820872,0.7222222222222222,0.9878231147190771,0.8333333333333334,0.0,0.42482859941234086,0.9216561955945802,0.9878442073927065,0.4632195121951219,0.8871627146361406,0.616717080056463,0.6,0.7678571428571429,0.0714285714285714,0.8753738783649053,1.0,0.051021953065859105,0.3076923076923077,0.0,0.875,0.8,0.5,0.943115155929164,0.9142857142857143,0.0,0.0,0.9877148439785185,0.21675858164356554,0.7769230769230769,0.1966590736522399,0.9984907624251886,0.9897386711513447,0.9850746268656716,0.6329861571575759,0.9549733394773221,0.0,0.9397778129661886,0.6782778864970646,0.6557288864981172,0.9327769127711192,0.02941176470588236,0.5721753794266442,0.9512862616310892,0.0,0.0,0.0,0.0,0.9965562913907284,0.0,0.9325330924316108,0.0,1.0,0.9750734214390602,0.0,0.9826200304149467,0.9846047344580053,0.0,0.0,1.0,0.8076350239084424,0.0,0.09152896951867318,0.9285045051355919,0.9375,0.0,0.0,0.9324938335713359,0.5,0.0,0.9118364030335862,0.84375,0.0,0.5741935483870968,0.7803216744972282,0.0,0.0,0.0,0.7037037037037037,0.8148148148148149,0.0,0.5454545454545454,0.0,0.0,0.0,0.7596403178586365,0.5,0.0,1.0,0.0,0.0,0.0,0.8761309508808186,0.0,0.0,0.0,0.2931034482758621,0.9384328358208955,0.6000000000000001,0.5189873417721519,0.0,0.0,0.6666666666666667,0.0,0.0,0.5,0.8699007717750826,0.0,0.0,0.0,0.0,0.0,0.3360030511060259,0.8530815109343935,0.6905855338691159,0.36331679073614565,0.8907882241215574,0.0,0.0,0.0,1.0,0.962671905697446,0.3076923076923076,1.0,0.45505269683818994,0.0,0.6495975575908965,0.23777116120799657,0.0,0.0,0.45232815964523276,0.7767637988545535,0.0,0.6857142857142857,0.8815439219165927,0.5183246073298431,0.924119241192412,0.0,0.6157894736842104,1.0,0.6296296296296297,1.0,0.9318681318681319,0.8699622549616461,0.0,0.8495726495726496,0.5,0.75,1.0,0.8592862935928629,1.0,1.0,0.0,0.5,0.0,0.94107389377316,0.8303030303030303,0.75,0.5394833948339484,0.6280991735537189,0.5,0.6196428571428572,0.6000000000000001,0.09798657718120796,0.0,0.0,1.0,0.5897435897435898,0.9475,0.36363636363636365,1.0,0.0,0.8636363636363636,0.0,0.0,1.0,1.0,0.0,0.0,0.21739130434782605,0.0,0.0,1.0,0.8370365585841623,0.9676938369781312,0.0,0.0,0.9294871794871795,0.0,0.0,0.0,0.75,0.5416666666666667,0.0,0.5685102142501246,0.5,0.0,0.045071609098567667,1.0,0.0,0.6276881720430108,0.0,0.8918441951342494,1.0,0.0,0.9601996105160662,0.875,0.25,0.7349397590361446,0.0,0.8408227848101266,0.9375,0.0,0.2790697674418605,0.0,0.0,0.5882352941176471,0.7222222222222222,0.3667117726657646,0.8,0.0,0.5454545454545454,1.0,0.1428571428571429,1.0,1.0,0.0,0.47586137820512797,0.0,0.0,1.0,0.12174069411976263,0.9591203104786546,0.9583333333333334,1.0,0.8823529411764706,0.33587786259541985,0.6824601366742598,1.0,0.9090909090909091,0.5892459016393443,0.9698492462311558,0.6864707108609548,0.6,0.5258918296892982,0.0,0.885110744685592,1.0,0.5872728140056289,0.65,1.0,1.0,1.0,0.0,0.9460022033138283,0.9117647058823529,0.0,0.0,0.993787475377189,0.0,0.8716411519109303,0.3950953678474115,0.9848649082660885,0.9775208734746307,0.9850746268656716,0.7952254348066911,0.7058823529411764,0.0,0.9491737933412393,0.9630464371988081,0.643473260494537,1.0,0.4192785999662373,0.9920665033976062,0.9846756538771748,0.0,0.0,0.0,0.0,0.9762693156732892,0.0,0.9804238422826539,0.0,0.9512195121951219,0.9894215210355987,0.0,1.0,1.0,0.0,0.0,1.0,0.9611026993160341,0.0,0.897367907974264,0.9436011697535163,1.0,0.35483870967741926,0.0,0.9723014256619145,1.0,0.0,1.0,0.6114285714285714,0.0,0.7933609958506225,0.7328718911309244,0.0,0.0,0.0,0.9333333333333333,0.7142857142857143,0.0,0.648619957537155,0.0,0.0,0.0,0.5008228646661913,0.33333333333333326,0.0,0.9187657430730478,0.0,0.0,0.0,0.6393614054656999,0.6000000000000001,0.0,0.0,0.7475113122171946,0.5357142857142858,0.47490347490347506,0.7057356608478803,0.0,0.0,0.7777777777777778,0.0,0.0,0.0,1.0,0.0,0.0,0.4516599781101788,0.0,0.0,0.9724061810154525,0.5430519014589812,0.3222784810126583,0.12216694306246545,0.7922948073701843,0.30571213829387445,0.7716254752851711,0.6654619449675028,0.7692307692307692,0.75,0.39634146341463417,0.0,0.8571428571428572,0.4913793103448275,0.9577464788732395,0.0,0.0,0.0,0.864951768488746,0.0,0.7377892030848329,0.7142857142857143,0.3946759259259258,0.0,0.644808743169399,0.7417311752287121,0.0,0.0,0.7052154195011338,0.75,0.8571428571428572,0.7458715596330274,0.23076923076923073,0.8741755454084221,1.0,1.0,0.0,0.07794015309672941,0.0,0.0,0.0,0.0,0.33333333333333326,0.8158179848320694,0.7107438016528926,0.4285714285714285,0.48855989232839847,0.0,0.6,0.3882352941176471,1.0,0.13043478260869568,1.0,1.0,0.0,0.16666666666666663,1.0,0.0,1.0,0.6666666666666667,0.75,0.0,1.0,0.5,0.7142857142857142,0.0,0.0,0.0,0.8,0.0,0.8333333333333333,1.0,0.30409356725146186,0.38888888888888884,0.0,0.7932816537467701,0.0,0.2461368653421634,0.3766233766233765,0.25,0.0,0.31707317073170727,0.3851944792973653,0.8888888888888888,0.4680290046143706,0.2978723404255321,0.0,1.0,0.44594594594594605,0.5714285714285714,0.532608695652174,0.7142857142857142,1.0,0.8208499647804649,1.0,1.0,0.85,1.0,0.0,0.8747947454844006,0.0,0.331786542923434,1.0,1.0,0.18181818181818177,0.5,0.8333333333333334,0.6666666666666667,1.0,0.0,0.6666666666666666,1.0,0.0,0.0,1.0,0.970722781335773,0.0,0.2196235025670279,0.26923076923076916,0.0,1.0,0.5555555555555556,0.9464285714285714,0.0,0.8524590163934427,0.06852791878172582,0.8754480286738351,1.0,0.0,0.7956690727373681,0.0,0.8,0.6890702512401985,0.0,0.0,0.5,0.0,0.29268292682926833,0.0,0.8,0.8,1.0,0.9068483799974109,1.0,0.0,0.0,0.8435734463276836,0.8629356855356685,1.0,0.0,0.9570074475287745,0.2745398773006136,0.6666666666666667,0.9254689876626669,0.9732142857142857,1.0,0.9621289262904918,0.8984778794632273,1.0,0.9358153027922156,0.4115409836065572,0.18422366450324512,0.8888888888888888,0.0,0.0,0.0,0.0,1.0,0.0,0.8237139473094529,0.0,1.0,0.8629032258064516,0.0,0.9724229745150247,0.9661016949152542,0.0,0.0,1.0,0.7377658476151145,0.0,0.0,0.884685181356672,0.9,1.0,0.0,0.8889970788704966,0.0,0.0,0.9781627602271072,1.0,runif
0.0,0.0,0.0,0.0,0.0,0.0,0.0,0.0,0.0,0.7527443342776204,0.0,0.5687393040501997,0.9053763440860215,0.0,0.4,0.0,0.0,0.0,0.0,0.9684122120783241,0.0,0.0,0.0,0.0,0.0,0.6993487698986975,0.668931277763261,0.557112397197685,0.6958208120763156,0.0,0.8955223880597015,0.5403692235788984,0.0,0.8328173374613003,0.9409722222222222,0.8591699562573349,0.7410125722052328,0.0,0.0,0.0,0.6110885811946005,0.5655512321660182,0.0,0.0,0.899540757749713,0.9126834098478711,0.3135906697419383,0.0,0.6738656987295826,0.0921985815602836,0.0,0.33333333333333337,0.8675491562161325,0.6868385903626837,0.4271279907497998,0.0,0.0,0.18138479001135077,0.913322445170322,0.8173533376311317,0.7437981632006756,0.30006594856012303,0.44329214474845546,0.9283570403236331,0.0,0.9805749805749806,0.4405594405594405,0.9192577733199598,0.9631989596879064,0.11417322834645671,0.90625,0.0,1.0,0.0,0.4444444444444444,0.2861842105263157,0.0,0.9256935731214275,0.0,0.6000000000000001,0.0,0.33333333333333337,0.0,1.0,0.0,0.44444444444444453,0.9814581458145815,0.0,0.0,0.0,0.6666666666666667,0.9429565217391305,0.5,0.0,0.6000000000000001,1.0,0.0,0.0,0.7526975794692331,0.37335834896810494,0.7731958762886598,0.36054913294797697,0.5714285714285714,0.7922948073701842,0.9030520646319569,0.6428571428571428,1.0,0.790727623953638,1.0,0.980875691997987,0.5,0.0,0.6506024096385542,0.9713774597495528,0.8187062216728471,0.0,0.9166666666666666,0.4919812533370247,0.9001821493624772,0.23880597014925375,0.5,0.06410937085213697,0.0,0.0,0.0,0.7893323100537222,0.75,0.6666666666666667,0.0,0.043062200956938024,0.0,0.11111111111111105,0.0,1.0,0.375,0.5,0.9626541134274826,0.6666666666666667,0.25089111574416556,0.8958865610628512,0.0,0.43066927732289073,0.0,0.0,0.4267990074441689,0.0,0.10378220354467393,0.33333333333333337,0.8571428571428572,0.32851550737729596,0.0,1.0,0.0,0.0,0.0,0.1602370600127393,0.25,0.7168502651978784,0.9356184021894957,0.0,0.7226969668513475,0.4722222222222222,0.8905470380114306,0.0,0.675397358406089,0.0,0.6480948543801082,0.9891568931179464,0.7290969899665551,0.8558601891935225,0.7954627949183303,1.0,0.04721549636803879,0.0714285714285714,0.0,1.0,0.5298140628339387,0.0,0.7093023255813953,0.0,0.0,0.0,0.9539503386004515,0.33333333333333326,0.0,0.9337953950459824,0.9877389446150613,0.2675392615812584,0.0,0.7203114860480209,0.0,0.9690613666417901,1.0,0.0,0.976858852146473,0.0,0.9937812761056636,0.9935688231906316,0.16666666666666663,0.9051903615330303,0.9139938080495356,0.7824893847682718,0.0,0.6547566916634735,0.0,0.0,0.0,0.9966264832857581,0.5892120635617507,0.8178610519039116,0.7368421052631579,0.0,0.9775720675944334,0.6666666666666667,0.9009079831767619,0.0,0.0,0.9932191291934332,0.981846786881278,0.7372475536123255,0.9782608695652174,0.31041389337046743,0.9619976147192664,0.0,0.7123287671232876,1.0,0.8283061306880443,0.0,0.0,0.0,0.8125,0.0,0.0,0.0,0.0,0.0,0.0,0.0,0.0,0.0,0.5480225988700564,0.0,0.8,0.9246376811594202,0.0,0.5,0.0,0.0,0.0,0.0,0.9910171730515192,0.0,0.0,0.0,0.0,0.0,0.33333333333333326,0.8,0.5189873417721519,0.597116527942925,0.0,0.6666666666666667,0.0,0.0,0.5,0.8699007717750826,0.7073170731707317,0.7080818542194922,0.0,0.0,0.0,0.0,0.7434347080588394,0.0,0.0,0.615210355987055,0.9779086892488954,0.0,0.0,0.7014720985963712,0.07950727883538633,0.3170603674540683,1.0,0.9514629948364888,0.8722211095533747,0.2311281910513313,0.0,0.0,0.18067075369635777,0.9355859629526203,0.8082251371971624,0.8769523809523809,0.5714285714285714,0.5488025951722163,1.0,0.0,0.9198819791193826,0.6157894736842104,0.9787117903930131,1.0,0.0,0.960438222763238,0.0,0.8826086956521739,0.0,0.0,0.2500000000000001,0.0,0.8678777869529315,0.0,0.0,0.0,0.0,0.0,0.94107389377316,0.0,0.75,1.0,0.46091644204851767,0.0,0.0,0.0,0.6773367477592829,1.0,0.0,1.0,0.8188976377952756,0.0,0.0,0.5959510754955715,0.8571428571428572,0.8636363636363636,0.5625,0.8571428571428571,0.4285714285714286,0.9398724567263893,0.75,0.0,0.6956521739130435,0.5,0.813953488372093,1.0,0.0,0.5000000000000002,0.6875,0.9451988360814743,0.4274376417233561,0.16666666666666663,0.0,0.8181818181818182,0.75,0.5,0.2815691360025938,0.28169014084507027,0.0,0.5539963392312386,0.7320977253580454,1.0,0.0,0.5743298131600325,0.25,0.0,0.0,0.0,0.0,0.375,0.25,1.0,1.0,0.8408227848101266,0.75,0.0,0.50567081604426,0.0,0.0,0.8823529411764706,0.0,0.2325581395348837,0.8,1.0,0.6363636363636365,0.0,0.8571428571428572,0.0,0.0,1.0,0.4940458902120244,1.0,0.7025102159953298,1.0,0.0,0.8790397045244691,0.37264150943396224,0.7103293413173652,0.0,1.0,0.0,0.375487900078064,0.4487179487179487,1.0,0.6739182404972508,0.9493016468626225,0.8,0.0,0.0,0.0,1.0,0.5872728140056289,0.44999999999999996,1.0,0.0,1.0,1.0,0.9469597923171298,0.33333333333333326,0.0,0.9326556543837357,0.9933441484603606,0.0,0.0,0.24498616874135548,0.0,0.9048603929679421,1.0,0.0,1.0,0.0,0.9974032900125074,1.0,0.1724137931034483,0.8732394366197183,0.9305521547502449,0.9903927186920614,0.0,0.5228371843095111,0.0,0.0,0.0,0.9762693156732892,0.6586216953813462,0.9331920568516049,0.6875,0.0,0.9868964249302201,0.5,0.9014499320344359,0.0,0.0,0.9876112581188357,0.9946350592638802,0.959224856355038,0.9821572094518566,0.0,0.9415155819199599,0.0,0.3125,0.0,0.7777777777777778,0.5,0.0,0.0,0.954954954954955,0.0,0.0,0.0,0.0,0.0,0.0,0.0,0.0,0.0,0.8461538461538461,0.0,0.30000000000000004,0.8760526884042323,0.0,0.33333333333333326,0.0,0.0,0.0,0.0,0.9689540937056318,0.0,0.0,0.0,0.0,0.0,0.2410714285714286,0.6077795786061588,0.16355140186915895,1.0,0.0,0.7777777777777778,0.4772896500372301,0.0,0.5454545454545454,0.7121212121212122,0.8368779682015279,1.0,0.39429012345679004,0.0,0.0,0.969017094017094,0.38060672464562084,0.0,0.5491084064534391,0.0,0.6906077348066298,0.7892486255345144,0.5938926940639269,0.0,0.0,0.43085106382978733,0.33333333333333337,1.0,0.0,0.03128103277060568,0.0,0.25,0.0685563612392881,1.0,0.4707166242269917,0.3423351866560761,0.9010989010989011,0.8151260504201681,0.8452326116996776,0.09836065573770492,1.0,0.0,0.5,0.5555555555555556,0.5,0.10000000000000009,0.0,1.0,0.0,0.8571428571428572,0.2304147465437787,1.0,1.0,0.6666666666666666,1.0,0.0,1.0,0.33333333333333326,1.0,0.0,0.4285714285714285,0.9329063738944801,0.0,0.0,0.0,0.5714285714285714,1.0,0.0,0.0,0.0,0.9425981873111783,0.0,0.5,0.5,0.0,0.75,0.0,0.0,0.5,0.8571428571428571,0.0,0.0,0.5600858369098713,1.0,0.8525345622119815,0.33333333333333326,0.07017543859649122,0.0,0.0,0.6902654867256637,0.07712532865907107,1.0,0.29050632911392416,1.0,0.25,1.0,0.0,0.0,0.2222222222222221,0.0,0.2642276422764227,0.0,1.0,0.29863013698630136,0.0,0.1480846197827329,0.2857142857142857,0.0,0.0,1.0,1.0,0.6706349206349207,0.0,0.15477167076838938,0.0,0.0,0.7169373549883991,0.0,1.0,0.18181818181818177,0.0,0.2407407407407406,0.0,0.0,0.11868686868686873,0.6666666666666666,0.5,1.0,0.0,0.0,0.20505321309610847,0.25,0.918918918918919,0.7692307692307693,0.5905691915193103,1.0,0.7777777777777778,0.7690355329949239,0.0,1.0,0.0,0.0,1.0,0.7745866892751165,0.9503086884505345,0.6666666666666667,0.8,0.025604096655464925,1.0,0.21152715153891388,0.5,0.0,0.0,0.6666666666666667,0.0,0.0,0.0,0.9245566332535206,1.0,0.0,0.8709677419354839,0.8435734463276836,0.7032885299899059,0.0,0.7707006369426752,0.6592030903498105,0.9490999379267535,0.6666666666666667,0.0,1.0,0.0,0.9937850606362998,0.9896764881232546,0.5,0.9268705427293605,0.8565410819059082,0.2404454568463681,0.16666666666666674,0.6755818573430084,0.0,0.0,0.0,1.0,0.616028547062256,0.8662101219308502,1.0,0.0,1.0,1.0,0.8916595012897679,0.0,0.0,1.0,0.9544444444444444,0.8865107018417123,1.0,0.6330478189347098,1.0,0.0,0.5,0.2857142857142857,0.750236518448439,0.0,0.0,0.0,0.75,runif
0.5714285714285714,0.33333333333333326,0.0,0.8590888451642198,0.0,0.0,0.0,0.8719576719576719,0.7045790251107829,0.700764504479152,0.4676012593601089,0.0,0.8455940608585932,0.6538766806847125,0.0,0.5442766970580635,0.840826686004351,0.0,0.33333333333333326,0.0,0.6555856324830818,0.5,0.5824636812630448,0.0,0.5365624687905723,0.0,0.0,0.0,0.0,0.0,1.0,0.2300826880168001,0.8737151248164464,0.8328173374613003,0.0,0.0,0.0,0.14360658534504822,0.9151131280812302,0.0,0.0,0.5291864234241475,0.0,0.4854959529435423,0.0,0.8863718607512485,0.5114607920272751,0.5173879716660594,0.3484848484848484,0.8261733679865464,0.9897131266299624,0.6666666666666667,0.0,0.16533583842179422,0.8382556529764651,0.0,0.0,0.047592877555506785,0.9086704230089984,0.3997906855049713,0.5223054045738897,0.0,0.6147057137944869,0.5244676030811055,0.2049364248317127,0.0,0.33595505617977517,0.0,0.743421052631579,0.84,0.6382592928377153,0.9248986361960929,0.8378378378378378,0.0,0.7142857142857143,1.0,0.0,0.18825650270409489,0.0,0.0,1.0,0.6666666666666667,1.0,0.5531149301825993,0.7776475185619383,0.44444444444444453,0.7106332765176346,0.2831689732327838,0.5714285714285714,0.9491525423728814,1.0,0.6866716306775875,0.0,0.20775142550202452,0.6000000000000001,0.9995673804888601,1.0,0.2716346153846153,0.735166872682324,0.28125,0.2714776632302406,0.35642857142857143,0.0,0.05555555555555547,0.9738814710705083,0.0,0.0,0.5525781567194478,1.0,0.7847792998477929,0.11111111111111116,0.5922330097087378,0.8226415094339623,1.0,1.0,0.44839114082741327,0.0,0.5822695035460992,0.33009708737864074,0.09734513274336287,0.5555555555555556,0.5144566301096709,0.7389993972272453,0.7873744619799139,0.6194725274725275,0.5,0.0,0.0,0.6121212121212121,0.6923076923076923,0.7418776607663007,0.0,0.25,0.0,0.375,0.5,0.5868455868455869,0.0,0.20962548720555851,0.18820878708223798,0.0,0.28234453180843455,0.33333333333333337,0.8214285714285715,1.0,0.6281186783546865,0.0,0.0,0.0,0.4895352962043278,1.0,0.9555555555555556,0.5,0.0,0.0,0.0,0.0,0.8667267159070438,0.0,0.4722651484343229,0.7483243243243243,0.41666666666666663,0.990432228283676,0.0,0.0,0.911693470257702,0.4862318251969783,0.0,0.2722856306701784,0.0,0.23065338276181646,0.0,0.1964285714285715,0.0,0.8848563968668407,1.0,0.0,0.0,0.6361886429258902,0.875,0.0,0.5,0.0,0.0,0.9803921568627451,0.6206148873933766,0.9788899118768907,0.0,0.8876127973748974,0.0,0.9599416828658706,0.9392524494980041,0.0,0.8362718957777853,0.5243393602225312,0.72,0.9563045462697455,0.9441351507007103,0.7435897435897436,0.6313897552466036,0.0,0.3625656533503102,0.0,0.0,0.0,0.0,0.0,0.9965469780020766,0.5894302742111104,0.7978445769610428,0.7368421052631579,0.0,0.0,0.6666666666666667,0.0,0.0,0.0,0.9934717874322364,0.8572966323235429,0.4417781421172263,0.9782608695652174,0.6446049186169291,0.7367675581870152,0.9375,0.525,0.0,0.8963786303334529,0.0,0.0,0.8498265614988622,0.96875,0.0,0.5741935483870968,0.0,0.9372822299651568,0.0,0.0,0.0,0.7916666666666666,0.7691326530612245,0.5452830188679245,0.8884615384615384,0.0,0.82699513672965,0.6427577570613608,0.0,0.6756041426927503,0.8571428571428572,0.0,0.5,0.0,0.6374896322919547,0.0,0.709327476623074,0.0,0.36348219332956455,0.0,0.0,0.0,0.5356512408708596,0.0,0.6666666666666667,0.0,0.45679012345679015,0.5,0.0,0.0,0.0,0.6996493741517116,0.8643131800703592,0.0,0.0,0.7390546122074346,0.0,0.6345059493016036,0.2695670274771025,1.0,0.0,0.7235194546213422,0.6697205680256528,0.11751152073732729,1.0,1.0,0.44959298685034443,0.0,0.686408504176158,0.0,0.0,0.14491614255765184,0.931990171990172,0.36185555084255583,0.4285714285714286,0.19999999999999996,0.37412961971076597,0.7270471464019851,0.0,0.5134168157423972,0.8473684210526315,0.0,0.9393939393939393,0.7517241379310344,0.7242380261248186,0.9117647058823529,0.682608695652174,0.0,0.0,0.75,0.0,0.8533151680290645,1.0,1.0,0.0,1.0,0.0,0.8147300133562296,0.8303030303030303,0.75,0.9154929577464789,0.565880721220527,1.0,1.0,1.0,0.625,0.0,0.25358110723964367,1.0,1.0,1.0,0.36363636363636365,0.6226522481502561,1.0,0.36363636363636365,0.5263157894736842,0.0,0.0,1.0,0.0,0.0,1.0,0.5,0.766497461928934,0.0,0.6807204803202135,0.6809489227789881,0.8125,0.3625154130702837,0.7730337078651686,0.0,1.0,0.4545454545454546,0.75,0.5,0.38113570741097214,0.8343722172751558,0.8571428571428572,0.0,0.08387942332896481,0.0,0.0,0.8169848584595129,0.6666666666666667,0.9437384330660086,0.33333333333333337,0.33333333333333337,0.0,0.375,0.25,0.29451137884872813,0.0,0.7123417721518988,0.5015576323987538,0.0,0.5185465556396669,0.0,0.9,0.8235294117647058,0.7757125154894671,0.9303112313937754,0.0,0.0,0.16129032258064502,0.5,0.8571428571428572,1.0,0.0,0.0,0.5989570988385873,0.0,1.0,0.0,0.8201296362981635,0.8980582524271845,0.49764150943396224,1.0,0.0,0.7945922372437855,0.9591326105087573,0.8973727422003284,0.0,0.5791730129181474,0.10591350397175647,0.0,0.0,0.5043914680050189,0.0,0.8857218848353207,0.0,0.4598930481283422,0.44999999999999996,1.0,1.0,1.0,0.0,0.0,0.0,0.9888888888888889,0.6776953793496863,0.9717807882471946,0.9777858703568827,0.626232741617357,0.7396069538926682,0.9875526135913948,0.9716821393121972,0.0,0.9180566574882159,1.0,0.6818181818181819,0.9521468658203098,0.962780989720677,0.736842105263158,1.0,0.4097353768440388,0.5364072712418302,0.0,0.0,0.0,0.0,0.0,0.9960012644223171,0.6532889727891866,0.9079498971010442,0.6875,0.0,0.0,0.5,0.0,0.0,0.0,0.9876112581188357,0.9219097995545658,0.923441411988661,0.9795719844357976,0.8625352112676057,0.7659407686843202,1.0,0.032258064516129115,0.25,0.8888888888888888,0.0,0.0,0.8841611996251172,1.0,1.0,0.7966804979253113,0.0,0.9411764705882353,0.0,0.0,0.0,0.7142857142857143,0.7016848364717543,0.6578385305425032,0.526849702230746,0.0,0.8690058479532163,0.6107992726697762,0.0,0.4741607466220923,0.91736066623959,0.0,0.6666666666666667,0.0,0.6112967695432803,0.6000000000000001,0.8050628829409868,0.0,0.6996760259179265,0.0,0.0,0.0,0.040983606557377095,0.0,0.7777777777777778,0.4772896500372301,0.4957033016734509,0.0,0.0,0.0,0.0,0.0,0.75,0.0,0.7297297297297298,0.30384419551934827,0.0,0.5367067606802156,0.7818181818181817,0.683853459972863,0.804513009440479,0.0,0.0,1.0,0.9116883116883117,0.6666666666666667,0.3076923076923077,0.4913793103448275,0.35687973997833145,0.0,0.0,0.1438356164383563,1.0,0.9217687074829932,0.78125,0.0,0.7377701934015928,0.23224893917963219,0.19148936170212771,0.1791187739463601,0.25,1.0,0.22222222222222232,0.2500000000000001,0.0,0.75,0.5384615384615385,0.0,1.0,0.9024390243902439,1.0,0.07033426183844005,0.0,0.0,0.0,0.5,1.0,0.15789473684210542,0.6729559748427674,0.4285714285714285,0.7963393375944218,0.1291485207989186,0.3999999999999999,0.25531914893617036,0.5714285714285714,0.5652173913043479,1.0,0.75,0.0,1.0,0.6666666666666667,0.0,0.5,0.0,0.5,0.0,1.0,0.2500000000000001,0.7142857142857142,0.0,0.5,0.42741935483870974,0.0,0.9290465631929047,0.25,0.75,0.30409356725146186,0.0,1.0,0.34838709677419366,0.0,0.8571428571428571,0.5064935064935064,0.25,1.0,0.7560975609756098,0.3836477987421383,0.4444444444444444,0.4842209072978303,0.37903225806451624,1.0,0.0,0.23913043478260865,0.5714285714285714,1.0,0.0,1.0,0.2320390170699681,1.0,1.0,0.0,1.0,0.25561357702349874,0.6793924466338259,0.0,0.0,1.0,0.0,0.36363636363636365,0.5,0.5833333333333334,0.6666666666666667,1.0,0.052631578947368474,0.0,0.5,0.0,0.0,1.0,0.19673339064226947,0.0,0.8333333333333334,0.0,0.3265219603188064,1.0,0.0,0.8974358974358975,0.0,0.0,0.8710407239819005,0.3684262948207172,0.7211474316210806,0.0854629739688576,0.7873880082701585,0.8509803921568627,0.0,0.33333333333333326,0.11111111111111116,0.0,0.5,0.565500406834825,0.0,0.6056997022543599,0.8,0.0,1.0,0.0,0.0,0.9166666666666666,0.6976744186046512,0.934201266713582,0.006295685976253629,1.0,0.0,0.34315059699576334,0.8084622383985441,0.0,0.7727574330942526,0.6672443674176777,1.0,0.9646712305863545,0.8984778794632273,1.0,0.646714421221339,0.15861610113107127,0.13414722242288524,0.0,0.0,0.0,0.0,0.0,1.0,0.9358974358974359,0.5623561081004498,1.0,0.0,0.0,1.0,0.0,0.0,0.0,1.0,0.9611829944547134,0.2331199669626266,1.0,0.5015680339506653,0.7029036207801294,0.9,1.0,0.0,1.0,1.0,0.0,0.8249287436965578,0.9375,runif
0.0,0.5555555555555556,0.788448695966068,0.8462225397392391,0.8208308248043347,0.0,0.0,0.0,0.6835443037974683,0.6596464836404664,0.0,0.0,0.0,0.6811834422091498,0.4,0.0,0.835000704523038,0.0,0.0,0.0,0.6556633226491279,0.0,0.0,0.0,0.437295656235404,0.0,0.7514204545454546,0.7234675659591351,0.3648077310247635,0.9314299366861785,0.0,0.0,0.0,0.01176470588235301,0.0,0.8649950728128764,0.47390642948061223,0.765895560931851,0.8378152384774902,0.0,0.6233256351039261,0.0,0.0,0.0,0.0,0.8826247022305638,0.0,0.5832871688093373,0.3076111529766391,0.0,0.0,0.33333333333333337,0.0,0.9149493186547627,0.8158130258010075,0.0,0.0,0.0,0.3960863697705802,0.598693347417014,0.0,0.0,0.2365414407436095,0.5107533064979872,0.4876589379207179,0.24661534377488725,0.1428571428571429,0.9220862846104314,0.9421965317919075,0.47540983606557363,0.0,0.49493180980464424,0.8571428571428572,0.9134651958919742,0.0,0.31699346405228757,0.0,0.04510088355532116,0.6666666666666667,0.8,0.5,0.33333333333333337,0.0,0.11815252416756161,0.8502862711657936,0.33333333333333337,0.3288702928870295,0.0,0.8571428571428571,0.5308483290488433,0.0,0.259367615618319,0.5,0.17676225105363186,0.30000000000000004,0.302787663107948,0.0625,0.8011928429423459,0.937799043062201,0.0,1.0,0.0,0.5714285714285714,0.5,0.7661380077907624,0.0,1.0,0.7952769000498918,0.8,0.9862786846463213,1.0,0.8636363636363636,0.9905660377358491,1.0,0.0,0.5455114822546974,0.0,0.2135649666964906,0.051010886469673555,0.6194029850746269,0.33333333333333337,0.5115415975482891,0.917514401274666,0.9058577405857741,0.0,0.0,0.75,0.0,0.0,0.35766423357664245,0.4133582818093069,0.33333333333333326,0.25,0.6017069701280229,0.0,0.0,0.9577219942980322,0.0,0.3257792319614259,0.00723401351259112,0.5,0.7657681235278723,0.33333333333333337,0.0,1.0,0.4265003371544168,0.36543029417138684,0.0,0.0,0.9640534063676823,1.0,0.0,0.5,0.0,0.0,0.3674861486204304,0.0,0.41565546898284156,0.8768598277212216,0.5416220078599498,0.0,0.9166666666666666,0.0,0.8333333333333334,0.6862745098039215,0.626956244011498,0.9157663877832832,0.9878442073927065,0.733008130081301,0.0,0.8142956441149212,0.8,0.7678571428571429,0.0714285714285714,0.9911925066405703,1.0,0.46304347826086956,0.0,0.6505392912172573,0.875,0.0,0.5,0.9487719402201746,0.96875,0.0,0.0,0.9809133071708883,0.5674032291451045,0.0,0.0,0.5709078860172301,0.0,0.33333333333333326,0.8813997239996364,0.5965572888649813,0.72,0.9896199685181021,0.9441351507007103,0.9285714285714286,0.9898314933178385,0.6775851393188854,0.9174407582938389,0.6636263261485287,0.0,0.0,0.0,0.0,0.9965562913907284,0.0,0.0,0.9473684210526315,0.0,0.9866513400439088,0.6666666666666667,1.0,0.9863002691735969,0.8214285714285714,0.9915998249963541,0.9105733824302998,0.0,0.0,0.0,0.0,0.0,0.17808219178082185,1.0,0.8079652297321269,0.0,0.96875,0.0,0.96875,0.0,0.0,0.7632195318680296,0.9,0.801731078904992,0.0,0.0,0.0,0.7781893004115226,0.5945945945945946,0.0,0.0,0.0,0.8003170106569539,0.5,0.0,1.0,0.0,0.0,0.0,0.8771535958428979,0.0,0.0,0.0,0.0,0.0,1.0,0.5189873417721519,0.5705423664604117,0.8452380952380952,0.0,0.0,0.0,0.5,0.0,0.7391304347826086,0.6251984126984127,0.7734975687374126,0.8889286097308118,0.0,0.49809673085535144,0.0,0.0,0.0,0.4221443455199848,1.0,0.08585947082530232,0.7621733136670812,0.026785714285714413,0.0,0.2787212787212786,0.0,0.9060587515299878,0.8411904761904763,0.8096031085206772,0.0,1.0,0.0,0.5400083787180561,0.7676177885498146,0.0,0.19999999999999996,0.6389403218914684,0.7270471464019851,1.0,0.6344593900811172,0.0368421052631579,1.0,1.0,1.0,0.15263157894736845,0.6262188515709644,0.682608695652174,0.8500461680517082,0.5,0.2500000000000001,1.0,0.0,1.0,1.0,1.0,0.0,1.0,0.0,0.9930555555555556,0.2500000000000001,0.41889276035617506,0.4475138121546962,1.0,0.7857142857142857,1.0,0.0,1.0,0.4169570267131243,0.29999999999999993,0.8275862068965517,0.12494402149574546,0.8636363636363636,1.0,0.0,1.0,1.0,0.8571428571428571,0.0,0.8135034993824619,0.0,0.9,0.6666666666666666,0.0,0.9501779359430605,1.0,0.6761696545693048,1.0,0.8125,0.4108216432865732,0.11123595505617945,0.0,0.34615384615384615,0.4545454545454546,0.9166666666666666,0.5833333333333333,0.3581802134317581,1.0,1.0,0.5744293216161183,0.7219983883964545,1.0,0.0,0.0,0.6666666666666667,0.664418923190391,0.33333333333333337,0.33333333333333337,0.36882669859323547,0.875,0.0,1.0,0.0,0.7092580849714649,0.5,1.0,0.8127681049709816,0.0,0.44999999999999996,0.8235294117647058,0.7549770290964778,0.0,0.0,0.0,0.8709677419354839,0.5,0.0,1.0,0.0,0.0,0.759937286728765,0.0,0.7143431096826035,1.0,0.830735343951203,0.0,0.9559748427672956,0.04761904761904767,0.8823529411764706,0.0,0.0,0.18032786885245888,0.7389240506329114,0.9818649818649818,0.0,0.9384615384615385,0.8,0.9467680608365019,0.0,1.0,1.0,0.673469387755102,0.44999999999999996,1.0,1.0,0.0,0.0,0.9516648885816892,0.967741935483871,0.0,0.0,0.9762225284572922,0.8737931034482759,0.0,0.5296590378327883,0.5839881887888745,0.0,0.5,0.9090965570799897,0.8874388254486134,0.6818181818181819,0.9968663048190853,0.9625966566586551,0.9259259259259259,0.8732394366197183,0.6555041548873469,0.964596548163446,0.9294091613188759,0.0,0.0,0.0,0.0,0.9960012644223171,0.0,0.0,1.0,0.0,0.9846040795041068,0.5,0.9828997635073676,1.0,1.0,0.9842734325854476,0.9503429996881821,0.0,0.0,0.7739735608868994,0.0,0.0,0.5416666666666667,0.6666666666666667,0.7871674491392802,0.5,1.0,0.0,1.0,1.0,0.7509349289454001,0.725744063608037,0.9411764705882353,0.8695652173913043,0.0,0.0,0.0,0.6960576515472657,0.6578385305425032,0.0,0.0,0.0,0.5621076788084687,0.33333333333333326,0.0,0.9180249280920422,0.0,0.0,0.0,0.8569384835479257,0.0,0.0,0.0,0.7475113122171946,0.0,0.6077795786061588,0.6911054276783177,0.8955223880597015,0.640577835273825,0.0,0.0,0.0,0.0,0.0,0.8281170353756754,0.0,0.5308689024390245,0.7448042532624457,0.0,0.9679163662581111,0.0,0.0,0.0,0.0,0.6676725763862693,0.161167374496352,0.0,0.3076923076923076,0.0,0.4665300546448087,0.6666666666666667,0.3076923076923077,0.9767441860465116,0.5097497089639114,0.0,0.0,0.0,0.5555555555555556,0.0003688675765397553,0.0,0.0,0.0,0.40305741983594334,0.5081967213114755,0.0,0.0,0.978021978021978,0.5555555555555556,0.2500000000000001,0.0,0.5653605531774778,0.5384615384615385,0.8087248322147651,0.0,0.42116182572614114,0.0,0.44537230340988165,0.6666666666666666,0.8,0.0,1.0,0.0,0.0,0.7107438016528926,0.5714285714285714,0.4515416290047203,0.0,0.8,0.0,0.5714285714285714,0.13043478260869568,0.0,0.33333333333333337,1.0,0.3203883495145631,1.0,0.75,1.0,0.33333333333333337,0.75,0.0,0.0,0.25,0.2857142857142857,0.0,1.0,0.5391812865497077,0.75,1.0,0.0,0.75,0.7006666666666667,0.0,0.0,0.5773115773115773,0.625,0.0,0.5064935064935064,0.25,0.19999999999999996,0.7560975609756098,0.7123689727463313,0.6666666666666667,0.0,0.0897959183673469,0.0,0.0,0.0,0.7142857142857143,0.0,0.4285714285714285,0.0,0.6976177077471394,1.0,0.0,0.6487334678323247,1.0,0.12321981424148609,0.3549175320708613,0.0,1.0,1.0,0.0,0.36363636363636365,0.08333333333333326,1.0,0.6666666666666667,1.0,1.0,1.0,0.0,0.0,0.0,1.0,0.0,0.0,0.03986135181975747,0.7692307692307693,0.4568440409148373,0.768041237113402,0.7777777777777778,0.2966587917651029,0.0,0.22222222222222232,0.937389770723104,0.946812749003984,1.0,0.7757275411218895,0.0,0.7963636363636364,0.8,0.6910766246362754,0.11111111111111116,0.8329177057356609,0.5,0.32378414390406385,0.0,0.62786029706945,0.8,0.4,1.0,0.9216399618133498,1.0,0.0,0.0,0.9375,0.4502199938606364,0.0,0.22413793103448265,0.29109146372990025,1.0,0.0,0.7881684167120746,0.8506787330316742,1.0,0.9940812279906399,0.8981937447423889,1.0,0.9203682878830475,0.6563520555877244,0.8802512212142359,0.010928961748634003,0.0,0.0,0.0,0.0,1.0,0.0,0.0,0.6666666666666667,0.0,0.9627016129032258,1.0,0.9759656652360515,1.0,0.888888888888889,1.0,0.7184668989547037,0.3047697708032211,0.0,0.003439085203335912,0.0,0.0,1.0,0.2857142857142857,0.8313047711781889,0.0,0.9411764705882353,0.0,0.9375,runif
0.0,0.0,0.788448695966068,0.8903394255874674,0.8433919022154317,0.6464040977365544,0.0,0.0,0.0,0.0,0.0,0.0,0.8,0.0,0.0,0.5902766568744553,0.0,0.0,0.33333333333333326,0.4119622452822036,0.4733767246635754,0.0,0.5824636812630448,0.0,0.5339497524983654,0.7089947089947091,0.778125,0.0,0.0,0.8885959129861569,0.0,0.2300826880168001,0.8921875,0.33333333333333326,0.0,0.0,0.0,0.14360658534504822,0.8566275332852364,0.0,0.7780060257463708,0.0,0.0,0.3861558554636484,0.4849806465681731,0.9250199030180213,0.12950432730133743,0.4351310536624753,0.38557312252964426,0.5435735818032338,0.8497941020191286,0.0,0.0547882557395043,0.0,0.0,0.34234429065743943,0.0,0.07946763147693503,0.4054172847645734,0.7944470525115687,0.3980315691736305,0.5875028045770697,0.611869031377899,0.0,0.6413612565445026,0.3897324206596141,0.4405594405594405,0.9874279727606077,0.09872159090909094,0.029166666666666896,0.8503841488071169,0.49493180980464424,0.8,0.0,0.4444444444444444,1.0,0.0,0.3003317172748149,0.6666666666666667,0.4,1.0,0.33333333333333337,0.0,0.0,0.3294810534503836,0.44444444444444453,0.9550676166933256,0.2378422558234573,0.8571428571428571,0.0,0.6666666666666667,0.0,0.5,0.7430397078959379,0.0,0.0,0.9375,0.08558558558558549,0.34983498349834985,0.007504690431519689,0.0,0.0,0.2857142857142857,0.7922948073701842,0.9115116755428103,0.0,1.0,0.8274261603375528,0.5714285714285714,1.0,0.0,0.549203621703787,1.0,1.0,0.5023562676720076,0.0,0.0,0.5879278004981398,0.5080736012016522,0.9111111111111111,0.45833333333333337,0.054134123350390584,0.7202978752476601,0.8160401002506266,0.6963230694376867,0.6527881040892194,0.75,0.6666666666666667,0.7297435897435898,0.043062200956938024,0.6765561372891216,0.11111111111111105,0.25,1.0,1.0,0.5,0.14313854235062373,0.0,0.32889524198488884,0.0,0.0,0.28234453180843455,0.33333333333333337,1.0,0.478908188585608,0.0,0.18856203179243558,0.6666666666666667,0.8571428571428572,1.0,0.75,0.8690476190476191,0.0,0.4285714285714285,0.0,0.6597321287050246,0.25,0.6015603232098079,0.6036309523809524,0.9485477683736223,0.47538007714998864,0.7222222222222222,0.0,0.0,0.0,0.9132730732635586,0.0,0.9878442073927065,0.8828316610925306,0.8014107433532284,0.5189578544061303,0.0,0.8214285714285714,1.0,0.7769271383315733,1.0,0.0,0.1923076923076923,0.0,0.75,0.6000000000000001,0.5,0.9351227507626375,0.0,0.9803921568627451,0.0,0.0,0.6535598948988923,0.7813100796484482,0.5160427807486629,0.4397432295156374,0.5640020898641589,1.0,0.0,1.0,1.0,0.992359531497712,0.9441351507007103,0.9285714285714286,0.5569049271339348,0.8135375555973188,0.7829169680226699,0.9650376331032569,0.2577582686810943,0.0,0.0,0.0,1.0,0.5921775489045606,0.8078896136192466,0.9473684210526315,0.9649122807017544,0.9969864545793463,0.0,0.9952832042765615,0.8782514057681843,0.0,0.0,0.8838354762361671,0.5935873412450551,0.9782608695652174,0.0,0.8656308266003729,0.0,0.7487437185929648,0.8636363636363636,0.6101992966002345,0.0,0.0,0.9892830495828528,0.84375,0.0,1.0,0.7636847068280542,0.9330759330759331,0.8656716417910448,0.6000000000000001,0.0,0.0,0.0,0.0,0.0,0.8,0.9333333333333333,0.0,0.0,0.649828378990998,0.0,0.0,0.5,0.7151746092996334,0.6350212132899884,0.0,0.7029802153769096,0.0,0.7146867871556414,0.33333333333333326,1.0,0.0,0.0,0.8436837322023629,0.0,0.0,0.8,0.0,0.0,0.0,0.0,0.5916848220769788,0.8546508418437759,0.0,0.4350333940497876,0.5425963488843812,0.0,0.6916873449131513,0.0,0.9265106151333696,0.0,0.40763945326930184,0.20124142437112058,0.7209554831704669,0.9506561679790027,1.0,0.8021746755524377,0.26980728051391867,0.0,0.31813471502590673,0.0,0.23627346794190573,0.5339233038348083,0.8078548010950756,0.314151190164792,0.6857142857142857,0.3076923076923077,0.0,0.9013605442176871,0.0,0.6157894736842104,1.0,0.0,1.0,0.9559023066485753,0.7995242500330382,0.9375,0.0,0.0,0.75,1.0,0.308390022675737,1.0,0.5,0.0,0.0,1.0,0.045702245150039955,0.509090909090909,0.75,1.0,0.4039634146341464,1.0,0.8333333333333334,0.0,0.11677282377919329,1.0,0.8775384615384615,0.0,0.0,0.9475,0.0,0.5170814002530577,1.0,0.0,0.0,0.5714285714285714,0.4285714285714286,0.9415623136553369,0.0,0.9,0.8095238095238095,0.5,0.6059113300492611,0.5,0.637295172474714,0.9410965111010421,0.8125,0.03540252182347192,0.4064748201438849,0.0,0.5192307692307692,1.0,0.9166666666666666,0.5416666666666667,0.35974244120940624,0.559735638027453,0.8928571428571428,0.44735146281737337,0.7106149957877,1.0,0.0,0.8402976531196337,0.25,0.7234339827679888,0.0,0.33333333333333337,0.9847364280094414,0.0,0.25,0.7021249522840056,0.0,0.6773446545735238,0.0,0.0,0.5,0.0,0.0,0.8235294117647058,0.0,0.777490297542044,0.8,1.0,0.5454545454545454,1.0,0.8571428571428572,0.0,0.33333333333333326,0.0,0.4693817177793117,1.0,0.6820262885836657,1.0,0.9811704834605598,0.8308478909245846,0.9583333333333334,0.0,0.0,0.0,0.9300705467372135,0.20610687022900764,0.7046874999999999,0.48488150367747196,0.0,0.3672789896670493,0.0,0.9406021155410903,0.0,0.6521113509325364,1.0,0.0,0.0,0.625,0.6666666666666666,1.0,0.0,0.9466963296173153,0.0,0.9888888888888889,0.0,0.30843251456064813,1.0,0.6385390428211587,0.0,0.9641992337164751,0.9073359073359073,1.0,0.0,1.0,0.6818181818181819,0.9968825626480002,0.9615300732986279,0.9259259259259259,0.46478873239436613,0.41163658063553643,0.8255590286126473,0.9403379698815956,0.2952074348539149,0.0,0.0,0.0,0.9761904761904762,0.5552796010486272,0.9254239479411321,1.0,0.9512195121951219,0.998275073776965,0.0,1.0,0.7890382626680454,0.0,0.0,0.9254270929325866,0.865660528131924,1.0,0.0,0.8613059452237809,0.0,1.0,0.8333333333333334,0.5,0.0,0.0,0.9064994298745724,0.8181818181818181,0.0,0.0,0.6856196522219156,0.7777777777777778,1.0,0.594984076433121,0.0,0.0,0.0,0.0,0.0,0.30000000000000004,0.8760526884042323,0.0,0.0,0.8463203463203464,0.0,0.0,0.6666666666666667,0.11801242236024856,0.3099218718374287,0.0,0.6280461887220175,0.0,0.0,0.5357142857142858,0.6077795786061588,0.0,0.0,0.9696969696969697,0.0,0.4772896500372301,0.551872976722676,0.0,0.0,0.0,0.28042328042328046,0.0,0.853064483928928,0.0,0.9733576642335766,0.0,0.0,0.0,0.6718225866567276,0.9478260869565217,0.2190495614929635,0.8723137909451283,0.3076923076923076,0.625,0.7253246753246754,0.0,0.3076923076923077,0.0,0.08875048657065021,0.5051546391752577,0.25,0.0685563612392881,0.5697674418604652,0.390920757138274,0.7910353535353536,0.7142857142857143,0.7377701934015928,0.0,0.4863221884498481,0.7692793931731985,0.0,0.5,0.7052154195011338,0.0,0.10000000000000009,0.6469298245614035,0.8478260869565217,0.3467782851344495,0.8571428571428572,0.8545454545454545,0.0,0.44537230340988165,0.6666666666666666,0.6,0.0,1.0,0.0,0.039473684210526105,0.40340909090909094,0.4285714285714285,0.7898261043373975,0.3860003104144032,0.8,0.21052631578947367,0.0,0.0,0.0,0.0,1.0,0.0,1.0,0.5,0.75,0.33333333333333337,0.0,0.0,0.0,0.5,0.8571428571428571,0.0,1.0,0.33644859813084105,0.375,0.7284848484848485,0.0,1.0,0.658890290037831,0.4999999999999999,0.9966814159292036,0.0,0.0,0.8841772151898735,0.7142857142857142,0.25,0.0,0.0,0.4813052345343304,0.0,0.7846858638743456,0.2857142857142857,0.0,1.0,0.13207547169811318,0.0,0.87,0.2857142857142857,1.0,0.7208588957055215,1.0,1.0,0.2284241201524322,1.0,0.7090825265099123,0.3928571428571429,0.0,0.0,1.0,1.0,0.36363636363636365,0.0,0.16666666666666674,0.6666666666666667,0.0,0.6843434343434343,0.6666666666666666,1.0,1.0,1.0,1.0,0.9623918277051207,0.25,0.5800000000000001,0.26923076923076916,0.8727122835943941,0.23809523809523803,0.5555555555555556,0.4273504273504273,0.0,0.6893361091834374,0.8205128205128205,0.5523465703971119,1.0,0.9581607290803645,0.7698216735253773,0.9201426024955437,0.0,0.7882861257801248,1.0,0.38104176442984505,0.5,0.44171220400728595,0.41463414634146345,1.0,0.8,0.6000000000000001,1.0,0.929193958750609,0.0,0.9166666666666666,0.0,0.4736842105263157,0.6982468424312607,0.4285714285714286,0.6715517241379312,0.12312771587405635,0.599483204134367,0.6666666666666667,0.0,1.0,1.0,0.9937850606362998,0.9098496971979039,1.0,0.646714421221339,0.6186226188890369,0.8110653863740284,1.0,0.6103545547395555,0.0,0.0,0.0,1.0,0.6160543973429681,0.8814738088191773,0.6666666666666667,1.0,1.0,0.0,1.0,0.576271186440678,0.0,0.0,0.8276923076923077,0.7607734806629834,1.0,0.7124615409140909,0.9091257668711656,0.0,1.0,0.9285714285714286,0.7804295942720764,1.0,0.0,1.0,1.0,runif
0.0,0.0,0.0,0.0,0.0,0.0,0.0,0.0,0.0,0.6999763983950908,0.6514026272266641,0.0,0.8522727272727273,0.6812137002659718,0.4,0.0,0.0,0.7092337917485265,0.0,0.0,0.0,0.5,0.0,0.0,0.0,0.7131946273373716,0.5983193277310924,0.0,0.0,0.0,0.0,0.0,0.0,0.33333333333333326,0.7988879464706437,0.6736297089805392,0.0,0.0,0.8611668757841907,0.0,0.46054094108929233,0.6390425476916712,0.8535992710337147,0.2577794669580502,0.4541359096830221,0.05355404089581306,0.5314975085234723,0.0,0.0,0.49961779544412166,0.0,0.33333333333333337,0.41563365903456306,0.7636161541311597,0.3287936823190051,0.0,0.0,0.047020739602765205,0.7567989433871645,0.5215358237647426,0.5595242799004306,0.0,0.5964771415667185,0.4771676300578035,0.1518324607329843,0.36003287394107986,0.8258992805755396,0.0,0.9958289885297185,0.2535991140642303,0.879094217549535,0.9248986361960929,0.8648648648648649,0.5584430925521234,0.8571428571428572,0.19148936170212771,0.0,0.18895528539048023,0.6666666666666667,0.4,0.0,0.0,0.0,0.5351962217474417,0.3574035453597497,0.5555555555555556,0.0,0.29651902393893825,0.0,0.943502824858757,0.0,0.4492737304357617,0.0,0.204192401272693,0.7,0.9723719676549866,0.0,0.2250639386189257,0.6884753901560624,0.09540636042402828,0.0,0.35231714126186486,0.5714285714285714,0.757948717948718,0.9115116755428103,0.0,0.0,0.7342955163847155,1.0,0.8386648122392212,0.11111111111111116,0.9837837837837837,0.6499999999999999,1.0,0.8099851971470866,0.4482758620689655,0.9166666666666666,0.6770794128716597,0.8711978971085242,0.0,0.875,0.5706011069635732,0.0,0.8549602770421674,0.6201154997260042,0.8556895252449133,0.0,0.6666666666666667,0.0,0.2649572649572649,0.8115799803729147,0.7777777777777778,0.25,0.0,1.0,0.5,0.2990196078431373,0.6666666666666667,0.20125519463997976,0.9197455346219721,0.0,0.07304442627418906,0.33333333333333337,0.8214285714285715,0.478908188585608,0.0,0.631578947368421,0.33333333333333337,0.8571428571428572,0.1777777777777778,1.0,1.0,0.0,0.0,0.0,0.02192816635160677,0.0,0.7578319985099645,0.6009811454577693,0.8927803829620946,0.9080514530728918,0.7222222222222222,0.0,0.6666666666666667,0.7956947162426614,0.9213569776407093,0.501956334611472,0.9891568931179464,0.0,0.31826547890745793,0.0,0.0,0.8214285714285714,0.0,0.7843975420785465,0.0,0.5542585386943364,0.8269230769230769,0.2132288946910358,0.0,0.0,0.0,0.0,0.33333333333333326,0.9803921568627451,0.0,0.0,0.6548022274527814,0.985348161314342,0.14419159994381237,0.937050003302728,0.9304414846214986,0.971830985915493,0.7303761119148866,0.8036739380022961,1.0,0.0,0.0,0.0,0.9383378264454388,0.5215858756004741,0.8995772250590237,0.3761701310546781,0.6322027352749258,0.0,0.0,0.0,1.0,0.0,0.0,0.7368421052631579,0.0,0.0,0.6666666666666667,0.9956550076037367,0.0,0.19999999999999996,0.7770439887228209,0.9797953498060249,0.4758321374820622,0.9782608695652174,0.6210835418725126,0.9189653307371951,0.0,0.273972602739726,0.9130434782608696,0.7984217144343754,0.5,1.0,0.0,0.84375,0.0,1.0,0.0,0.0,0.0,0.0,0.0,0.0,0.0,0.5452830188679245,0.8660235798499465,0.8,0.9015151515151515,0.8003170106569539,0.5,0.0,0.0,0.8938244853737811,0.0,0.0,0.0,0.0,0.0,0.0,0.0,0.94,0.6000000000000001,0.0,0.0,0.0,0.0,0.0,0.0,0.0,0.8841698841698842,1.0,0.0,0.0,0.8866257551517467,0.0,0.7906354515050167,0.7889374090247453,0.9013191708069214,0.4162673228856365,0.9099759477723056,0.05336426914153103,0.7938680062359258,0.0,0.0023474178403757318,0.738095238095238,0.2787212787212786,0.0,0.9619628339140535,0.9336633663366336,0.2305023591451567,0.0,0.0,0.14491614255765184,0.9113235408409108,0.8168369313801079,0.7088673816374575,0.19999999999999996,0.9273739081431389,0.41887417218543044,0.0,0.5724950884086444,0.6947368421052631,0.0,1.0,0.4374999999999999,0.9199457259158752,0.390625,1.0,0.605724838411819,0.75,0.2500000000000001,0.0,0.0,1.0,1.0,0.0,0.5,0.0,0.8299683509767544,0.18316100443131456,0.75,0.0,0.0,0.0,1.0,0.0,0.0,0.0,0.15271105010295116,0.7,0.9090909090909091,1.0,0.36363636363636365,0.6226522481502561,1.0,0.0,1.0,0.8571428571428571,0.4285714285714286,0.9443466009158155,0.0,0.0,1.0,1.0,0.7866666666666666,0.0,0.629995627459554,0.2506714413607879,0.8125,0.9411764705882353,0.75,0.46475770925110127,0.0,0.8181818181818182,0.0,0.9583333333333334,0.7505112474437627,0.0,0.8928571428571428,0.0,0.8674596431605778,0.0,0.0,0.0,0.0,0.7184313725490197,1.0,0.33333333333333337,0.3925307906237584,0.375,0.25,0.19201010579504174,1.0,0.662527392257122,1.0,0.0,0.0,0.0,0.9,0.8235294117647058,0.0,0.0,0.6000000000000001,1.0,0.25806451612903225,0.5,0.8571428571428572,0.0,0.0,0.0,0.6794201755250961,0.0,0.7221276595744681,1.0,0.9801466642818816,0.3130590339892667,0.9583333333333334,0.04761904761904767,0.6470588235294118,0.9618768328445748,0.4730762549939206,0.8973727422003284,0.48477011494252864,0.7084673097534834,0.8216080402010051,0.0,0.0,0.9467680608365019,0.0,0.6717122621858076,1.0,0.5527296082209379,0.8,0.13333333333333341,0.0,1.0,1.0,0.0,0.33333333333333326,0.9888888888888889,0.0,0.37038689172289085,1.0,0.9958721907965143,0.7034688549048862,0.9478234943351223,0.9286452947259566,1.0,0.8479183673469388,1.0,0.6818181818181819,0.0,0.0,0.0,0.9436619718309859,0.9026561378320173,0.9644821547492786,0.0,0.5691947133855847,0.0,0.0,0.0,1.0,0.0,0.0,0.6875,0.0,0.0,0.5,1.0,0.0,0.5,0.7598027423622805,1.0,0.8230935676349092,0.9811688311688311,0.9865444329439598,0.7658376930896829,0.0,0.7708333333333334,0.0,0.7871674491392802,1.0,1.0,0.0,0.6512820512820512,1.0,0.0,0.0,0.0,0.0,0.0,0.0,0.0,0.0,0.6623056035546779,0.7245346432264737,0.0,0.8546182846371347,0.7522026431718063,0.33333333333333326,0.0,0.0,0.5507287796513289,0.0,0.0,0.0,0.6000000000000001,0.0,0.0,0.0,1.0,0.47783621337340343,0.0,0.0,0.0,0.0,0.0,0.0,0.8181818181818181,0.7121212121212122,0.8288306250623068,0.0,0.0,0.75,0.0,0.32396449704142005,0.5430519014589812,0.7930197268588771,0.1094543848022973,0.2893577981651374,0.3007390562819786,0.42862426035502943,0.5169467787114845,0.15384615384615385,0.625,0.4665300546448087,0.6666666666666667,0.46153846153846156,1.0,0.0,0.0,0.25,0.05882352941176461,0.8974358974358975,0.002201128078139991,0.18765957446808512,0.0,0.477957906712173,0.5915264544901683,0.09836065573770503,0.29503792667509465,1.0,0.2857142857142857,0.5555555555555556,0.0,0.7,0.9798165137614678,0.25,0.44608256107834887,0.7142857142857143,0.6785714285714285,1.0,0.4220055710306406,0.6666666666666666,0.4,0.0,0.0,0.33333333333333326,0.28873239436619724,0.17924528301886788,0.5714285714285714,0.0,0.3327827001051207,0.0,0.6842105263157894,1.0,0.6956521739130435,1.0,0.0,1.0,0.9425981873111783,0.0,0.0,0.5,0.6666666666666667,0.0,0.0,0.0,0.5,0.8571428571428571,0.0,0.0,0.4207082371054658,0.6000000000000001,0.9766997708174179,0.25,1.0,0.8896595208070618,0.0,0.6902654867256637,0.28884026258205686,0.0,0.8369304556354916,0.0,0.25,0.8,0.4883720930232558,0.8035230352303523,0.0,0.5026178010471205,0.9642857142857143,1.0,1.0,1.0,0.5714285714285714,1.0,0.7142857142857142,1.0,0.8680981595092024,1.0,1.0,0.8206680116565792,0.0,0.1345864661654136,0.8747947454844006,0.0,0.20279720279720292,1.0,0.0,0.36363636363636365,0.0,1.0,0.33333333333333337,0.0,0.9473684210526316,1.0,0.5,1.0,0.0,1.0,0.22942286420717017,0.0,1.0,0.26923076923076916,0.8528754654530409,1.0,0.5555555555555556,0.3409656545545049,1.0,0.7795062563408861,0.9871345029239766,0.0,1.0,0.0,0.0,0.6543110394842868,0.0,1.0,0.375,0.330523426779063,0.5,0.0,0.8780487804878049,0.3784090909090909,0.0,0.0,0.0,0.0,1.0,0.9166666666666666,0.0,0.0,0.6888293554148401,0.9285714285714286,0.2068965517241379,0.09616131286723772,0.966053748231966,0.33333333333333337,0.46252458192249124,0.8030095759233926,1.0,0.0,0.0,0.5,0.933486622377775,0.5106525078474589,0.8780123693751333,0.4444444444444444,0.6841361968895854,0.0,0.0,0.0,0.9988153998025666,0.0,0.0,1.0,0.0,0.0,1.0,0.9839449541284404,0.0,0.5555555555555556,0.8571428571428572,1.0,0.24534284581847,1.0,0.5080066558122058,0.7513985700182486,0.0,0.0,0.0,0.8313047711781889,0.0,1.0,0.0,1.0,runif
0.0,0.0,0.0,0.8590888451642198,0.0,0.6696078679240514,0.0,0.0,0.0,0.7686251236399604,0.0,0.5366795366795367,0.7619047619047619,0.0,0.0,0.0,0.0,0.7076810686704238,0.33333333333333326,0.0,0.0,0.5,0.0,0.0,0.0,0.0,0.6661002548853017,0.4570508231925554,0.0,0.0,0.7954545454545454,0.0,0.0,0.8328173374613003,0.9409722222222222,0.0,0.0,0.11907894736842095,0.9157450076804915,0.0,0.4858044164037856,0.6390425476916712,0.0,0.4518504442016248,0.4541359096830221,0.9239153973868476,0.48953579858379226,0.5892201112627271,0.7162162162162162,0.47912621359223295,0.0,0.0,0.44621899019652966,0.19052921526109112,0.19418209293539868,0.0,0.0,0.0,0.7212177831510689,0.9675759832126176,0.7194071261682243,0.5696605374823197,0.39448988809153407,0.0,0.6413612565445026,0.33076309492156364,0.0,0.8616874135546335,0.7052672347017815,0.8928571428571429,0.4208494208494209,0.2699756690997567,0.8571428571428572,0.042654827469933765,0.8571428571428572,0.15555555555555567,0.0,0.24592487597448642,0.6666666666666667,0.0,1.0,0.0,0.0,0.8542674013268863,0.16761217122227956,0.22222222222222232,0.7494149414941493,0.24621376027693653,0.1428571428571428,0.9100797679477883,0.6666666666666667,0.7844935389745727,0.5,0.6494504586397818,0.0,0.9994224660698816,0.0,1.0,0.7187944270685244,0.8030018761726079,0.0,0.36054913294797697,0.5714285714285714,0.0,0.5384615384615385,0.6428571428571428,1.0,0.3147607934655776,0.625,1.0,0.0,0.5759676487579434,0.9583333333333334,1.0,0.8118115461181155,0.8620977852068533,0.5,0.3861099117991734,0.051010886469673555,0.46902654867256655,0.5,0.5494935854152599,0.7358905616278271,0.0,0.04510499045541294,0.47695167286245355,0.0,0.6666666666666667,0.2619047619047621,0.6698564593301436,0.0,0.0,0.0,0.25,0.0,0.5,0.5868455868455869,0.0,0.49426705038600327,0.0,0.5,0.06974858069748568,0.0,1.0,0.0,0.0,0.0,0.33333333333333337,0.0,1.0,0.75,1.0,0.5,0.9285714285714286,0.5,0.0,0.7,0.5946180869943138,0.0,0.44257236314262804,0.9377416073245167,0.7222222222222222,0.8447668567594767,0.6666666666666667,0.28074458346048214,0.5896651270207853,0.4862318251969783,0.0,0.7338774571789861,0.9045059288537549,1.0,1.0,0.04721549636803879,0.15384615384615385,0.0,0.0,0.42754275427542754,0.1923076923076923,0.03707317073170713,0.75,0.8,0.5,0.0,0.0,0.5,0.9832288463842191,0.9506533435818602,0.001983692204781562,0.7795458180073565,0.454389367587676,0.858103010767437,0.9698084180668733,0.0,0.0,0.0,0.72,0.9919723927248041,0.9056751467710372,1.0,0.0,0.0,0.4421747481937227,0.6091954022988506,0.5392008294783859,0.0,0.0,0.0,1.0,0.9300500244226979,0.6916094243249469,0.9473684210526315,0.0,0.9746273920225699,0.6666666666666667,0.9952830188679245,0.6436822547518134,1.0,0.9891071594823573,0.0,0.14728653726195284,0.8369565217391304,0.1181685629822351,0.9587403356590609,0.0,1.0,0.0,0.0,0.5,0.0,0.49909188282959993,0.875,0.0,1.0,0.0,0.9577464788732395,0.0,0.6000000000000001,0.0,0.0,0.0,0.5452830188679245,0.0,0.8,0.7902097902097902,0.0,0.0,0.0,0.0,0.6796116504854368,0.5,0.0,0.0,0.0,0.0,0.0,0.0,0.0,0.6000000000000001,0.5189873417721519,0.0,0.0,0.6666666666666667,0.21212121212121204,0.0,0.5,0.8881735005083022,0.0,0.0,0.6349206349206349,0.8704674530362604,0.0,0.8451776649746193,0.7887983353563378,0.0,0.7373397228338299,0.6429440389294404,1.0,0.0,0.7655170203902887,0.9957070029514354,0.7597048444016683,0.2787212787212786,1.0,0.8401904114246854,0.0,0.2375789184737852,0.0,0.0,0.0,0.7034535168453939,1.0,0.8661362850224836,0.6857142857142857,0.7322708491441099,0.0,0.8754098360655738,0.5844218209757972,0.0,0.911690496215307,1.0,0.7517241379310344,0.9186351706036745,0.0,0.8,0.0,0.75,0.2500000000000001,0.0,0.3047404063205419,1.0,1.0,0.0,0.5,1.0,0.948766183467965,0.2609308885754583,0.0,0.5394833948339484,0.5053763440860214,0.0,0.9607142857142857,0.6666666666666667,0.7504761904761905,1.0,0.8801436969301111,0.0,0.9358974358974359,0.025000000000000133,0.8636363636363636,0.6264185201997277,0.0,0.0,0.5263157894736842,0.8571428571428571,0.0,0.0,0.75,0.0,0.4347826086956522,0.5,1.0,0.5,0.680527995858856,0.6640369967355821,0.8125,0.9511477339611536,0.9198113207547169,0.08189655172413801,1.0,0.4545454545454546,1.0,0.5,0.9297969688304261,0.41490044958253036,0.0,0.09298610001597674,0.0,0.0,0.0,0.5268571428571429,1.0,0.0,0.33333333333333337,0.6666666666666667,0.5845122079010794,0.875,0.25,0.29451137884872813,0.0,0.841936957514847,0.0,1.0,0.5423076923076924,0.0,0.9,0.3529411764705882,0.0,0.29216467463479423,0.8,0.0,0.5454545454545454,0.5,0.1428571428571429,0.75,1.0,1.0,0.5093457943925233,1.0,0.8747717033970535,0.3505102040816328,0.7820186598812553,0.9508253094910591,1.0,0.5286236297198539,0.6470588235294118,0.5047723935389133,0.754665629860031,0.8641221374045802,0.0,0.708885754583921,1.0,1.0,0.8,0.0,0.0,0.0,0.0,0.2549019607843137,0.0,0.625,0.6666666666666666,1.0,0.0,0.0,0.0,0.5,1.0,0.9526282669130708,0.9891472868217054,0.8641211933838306,0.0,0.947206467961868,0.8841698841698842,0.5,0.0,0.0,0.6818181818181819,0.9941532124111355,0.9748956993554133,1.0,0.0,0.6286279683377309,0.5474394992360392,0.6666666666666667,0.7220301214077147,0.0,0.0,0.0,1.0,0.9457948053773481,0.8576625401362312,0.9375,0.0,0.9862738533645798,0.5,1.0,0.6637663144810442,1.0,1.0,0.0,0.7484207702251164,0.944078947368421,0.10419856555725682,0.9409747247558218,0.0,0.75,0.0,0.0,1.0,0.0,0.6722689075630253,0.8571428571428572,0.0,0.0,0.0,0.9411764705882353,0.0,0.8483990416031366,0.0,0.0,0.0,0.8461538461538461,0.0,0.33333333333333326,0.8663262938036667,0.0,0.0,0.0,0.0,0.6258828890407839,0.6666666666666667,0.0,0.0,0.6000000000000001,0.0,0.0,0.0,0.0,0.48206896551724143,0.7637956748695004,0.0,0.0,0.7777777777777778,0.0,0.0,0.0,0.7121212121212122,0.0,0.0,0.0,0.75,0.0,0.9733576642335766,0.5258647716584806,0.0,0.16313231720786403,0.3058234421364987,0.9380281690140845,0.804513009440479,0.5659294804923847,0.7692307692307692,0.625,0.7574750830564785,0.0,0.46153846153846156,0.8493975903614458,0.0,0.0,0.25,0.0,1.0,0.8503317768493488,0.3331914893617022,0.7142857142857143,0.3087315130830488,0.0,0.8955223880597015,0.26368363437328957,0.3125,0.978021978021978,0.2222222222222221,0.2500000000000001,0.8571428571428572,0.0,0.25,0.0,0.8571428571428572,0.0,1.0,0.4220055710306406,0.6666666666666666,0.0,0.0,0.0,0.0,0.8158179848320694,0.0,0.5714285714285714,0.47871390294730576,0.3860003104144032,0.19999999999999996,0.6842105263157894,0.0,0.5652173913043479,0.0,0.7777777777777778,1.0,0.9411764705882353,0.0,0.75,0.36,0.33333333333333337,0.0,0.0,0.0,1.0,0.0,0.0,0.0,0.24470899470899465,0.0,0.8244401437655515,0.0,0.8245614035087719,0.0,0.6140350877192982,0.7011417058428475,0.7932816537467701,0.0,0.23495883470550982,0.4285714285714286,0.0,1.0,0.4883720930232558,0.43731988472622485,0.2222222222222221,0.16688481675392686,0.8256880733944953,1.0,1.0,0.4382022471910114,0.7142857142857143,0.4900000000000001,0.0,0.33333333333333337,0.0,1.0,1.0,0.5615057136455299,1.0,0.32287739405821136,0.3928571428571429,0.0,0.2206366630076837,0.0,0.0,0.0,0.0,0.016279069767441867,0.0,1.0,0.6370967741935484,1.0,1.0,0.5,0.5,0.5,0.6362157589953803,0.25,0.0,0.0,0.8187139323990108,0.8580441640378549,0.5555555555555556,0.0,1.0,0.42622950819672134,0.8340865074241446,0.3243301642178047,0.5560908465244323,0.004349627174813464,0.7544581618655692,0.0,0.8,0.025924147863658265,0.375,0.21800116890707188,0.5,0.0,0.41463414634146345,0.0,0.8,0.8,1.0,0.0,0.0,0.9166666666666666,0.967741935483871,0.8476425052779732,0.010672043010752752,0.4285714285714286,0.6715517241379312,0.12277007237431314,0.0,0.0,0.0,0.6666666666666667,1.0,0.9926829490401777,0.9838714738460573,1.0,0.0,0.0,0.0,0.4444444444444444,0.6074141651607923,0.0,0.0,0.0,0.9611197511664075,0.9369627507163324,0.8007267563277922,1.0,0.0,0.9933097205824478,1.0,0.9894610057211684,0.5767016593294954,0.888888888888889,1.0,0.0,0.0,0.8184357541899442,0.3483816938322918,0.9221472737492974,0.0,0.75,0.2857142857142857,0.0,0.0,0.0,0.6416317194052612,0.8125,runif
