0.0 1.0 2.0 3.0 4.0 5.0 6.0 7.0 8.0 9.0 10.0 11.0 12.0 13.0 14.0 15.0 16.0 17.0 18.0 19.0 20.0 21.0 22.0 23.0 24.0 25.0 26.0 27.0 28.0 29.0
0.0 0.09123249260655628 0.1346575691215952 0.11383584474603595 0.08617504111337139 0.12015386324535683 0.07988490668701118 0.07990897030207643 0.1263233808729948 0.09601573163187684 0.12938418543482688 0.10317694463218792 0.11690004339907208 0.08215422326100802 0.09255976880558556 0.0859518048803266 0.0667170353155915 0.13961120292452953 0.06473728637049321 0.10189321263479392 0.10294421568244486 0.1208671094653569 0.13367715976872713 0.08900658312520593 0.07204462008113091 0.08819582122151988 0.11382525716572765 0.06714700954248784 0.08674649040954198 0.10527218194364324
0.09123249260655628 0.0 0.10838133497547094 0.11418596000727715 0.07926399288923472 0.08564590285104308 0.08602888239054728 0.10261797477906733 0.09838635955139603 0.0927987101519968 0.10032156755800216 0.10636318405059796 0.12082796830834115 0.07404783599356524 0.06010909450231566 0.09735285016940888 0.06947751962427226 0.13941377688167794 0.08519180965498582 0.09037931113816376 0.10428298356378107 0.10475005338415704 0.12358764628567258 0.07759287297162168 0.08377932588867762 0.08623613267940171 0.09755508677868814 0.0867433882302546 0.0619539377534729 0.12819374741009426
0.1346575691215952 0.10838133497547094 0.0 0.12978791700831954 0.12058829117074242 0.0769756954391615 0.13052466215419548 0.14523057710587292 0.11116088686182392 0.13933604102493338 0.08977282106201084 0.13811367132957533 0.11519472973588332 0.12356934548463536 0.10968882204322412 0.1320329900765664 0.1138380660512402 0.14436066954862473 0.12932949635666466 0.14032002332415197 0.11684209014068808 0.1120029174434839 0.11395992126867314 0.11759256216235699 0.13169748563209133 0.11939470585505015 0.1010052361915182 0.13298089385814618 0.11075802445064137 0.16119031179687185
0.11383584474603595 0.11418596000727715 0.12978791700831954 0.0 0.10947391571589626 0.10533663368244224 0.12720114185319825 0.1177011341407726 0.09361829841463122 0.13024321201244435 0.11075816968868547 0.15511787918110514 0.07453481508851402 0.10759207126343537 0.12196754095538792 0.13094700136269374 0.11838045059986887 0.10520376711435817 0.1029282615448106 0.1404307868819512 0.06852373500825668 0.11887023611710636 0.096965246565447 0.14208727566516655 0.09835990566919507 0.12605059168872682 0.08576635613716252 0.11906908447738104 0.11382118032567355 0.13040464649529326
0.08617504111337139 0.07926399288923472 0.12058829117074242 0.10947391571589626 0.0 0.10166353018183827 0.09331366960916526 0.07518722489809472 0.12416936666587085 0.0661107177022458 0.10223008825556973 0.1144036478817719 0.10612376588050287 0.09354514383710533 0.0665482444940296 0.0921361279069874 0.08057985522306642 0.13069398690515674 0.0708088859744337 0.08182494701793082 0.10359504989386498 0.11193343876891612 0.13042202894806873 0.08064902567002158 0.07766497694604667 0.05748838600072224 0.11522575647418247 0.07244909877692601 0.06379829711984407 0.1034003820796866
0.12015386324535683 0.08564590285104308 0.0769756954391615 0.10533663368244224 0.10166353018183827 0.0 0.11582479601558038 0.12660330452153246 0.0945203421601246 0.12473985510293074 0.08135423515184305 0.1321096024271714 0.08444174339607563 0.10050040656213044 0.09288074431461528 0.12326748620259842 0.08971786971030328 0.13605611138963528 0.10823867081101816 0.1197320885941957 0.09399387264253824 0.0965786993842676 0.10175821658634683 0.10387178540414732 0.11680666826460415 0.11621963684936762 0.07893672361513307 0.1136995117442553 0.08410056731238924 0.1519122897891014
0.07988490668701118 0.08602888239054728 0.13052466215419548 0.12720114185319825 0.09331366960916526 0.11582479601558038 0.0 0.09400455736720524 0.11558444902913427 0.11056919784904892 0.1243992880320536 0.11682951487158295 0.1213390505770789 0.090322279681297 0.08605787779319278 0.058423403824219775 0.07996737988815716 0.12535683399271846 0.07154110250582096 0.09225523394815564 0.10889625214389044 0.1256706295819394 0.1301626576146557 0.1059536144739956 0.07518044423883387 0.10185421874137038 0.10635206095185264 0.08126251517050895 0.08484585337244623 0.120138070455079
0.07990897030207643 0.10261797477906733 0.14523057710587292 0.1177011341407726 0.07518722489809472 0.12660330452153246 0.09400455736720524 0.0 0.13460446239445953 0.06774171386461209 0.10714437768480757 0.08720066531226038 0.12442863911882275 0.08930504806329621 0.09788438152734992 0.1011796757654879 0.08046950129646613 0.10819263863805036 0.060256062298073884 0.07390802488774556 0.11099777559802812 0.09542235810774898 0.10929067541556728 0.07716868602881924 0.07381517412786574 0.08604723360760384 0.12569567525197162 0.06659844036402847 0.0914935719459935 0.0710295646585829
0.1263233808729948 0.09838635955139603 0.11116088686182392 0.09361829841463122 0.12416936666587085 0.0945203421601246 0.11558444902913427 0.13460446239445953 0.0 0.13670621173607292 0.10806959785140033 0.1286292792347722 0.09036419835431747 0.10110812829527284 0.10598102537654196 0.11765503825122806 0.1038681624221434 0.10472152122168203 0.11550493427483326 0.14048995909918854 0.07792730727380437 0.1213975521789466 0.09614232311430466 0.12507040514365247 0.12331067990383653 0.13028284813556065 0.07249196136955292 0.12722609658575365 0.10531389602517684 0.14606121959690613
0.09601573163187684 0.0927987101519968 0.13933604102493338 0.13024321201244435 0.0661107177022458 0.12473985510293074 0.11056919784904892 0.06774171386461209 0.13670621173607292 0.0 0.09428632333735587 0.09847576683384858 0.120930665481883 0.10499457045405836 0.08243463055582645 0.10619132084062503 0.10405317848896023 0.12404979422790853 0.09368039207946964 0.058963231869994324 0.11503511067726127 0.09560697172097088 0.11731686832075225 0.07124071387964752 0.098873919254045 0.0827036441605847 0.1326309176150105 0.09350684327730144 0.08955091099851534 0.09591858966756936
0.12938418543482688 0.10032156755800216 0.08977282106201084 0.11075816968868547 0.10223008825556973 0.08135423515184305 0.1243992880320536 0.10714437768480757 0.10806959785140033 0.09428632333735587 0.0 0.11460352888174145 0.10589542512410388 0.115634386557529 0.09046530295983617 0.12133834732994912 0.10294259365222093 0.1154803250946751 0.1121822330446995 0.09710599121963202 0.1049956207536838 0.06718053425789045 0.08107728171725598 0.08197519513267677 0.11528611506926092 0.11907662100916895 0.08706303946947304 0.11895670243743163 0.0999543560820538 0.13235100058149685
0.10317694463218792 0.10636318405059796 0.13811367132957533 0.15511787918110514 0.1144036478817719 0.1321096024271714 0.11682951487158295 0.08720066531226038 0.1286292792347722 0.09847576683384858 0.11460352888174145 0.0 0.14348279406911707 0.08037721462994944 0.1028974168798544 0.12190730127128092 0.0822049006846547 0.11706265276339738 0.10100699607727524 0.09406493281362856 0.1307059678915894 0.10587119599100156 0.1094442232019714 0.07246997371981041 0.11736867191964047 0.10388572404793678 0.1280987208238787 0.0975908509295658 0.1070196620498941 0.09242802951590104
0.11690004339907208 0.12082796830834115 0.11519472973588332 0.07453481508851402 0.10612376588050287 0.08444174339607563 0.1213390505770789 0.12442863911882275 0.09036419835431747 0.120930665481883 0.10589542512410388 0.14348279406911707 0.0 0.11958807128619048 0.11291302730173447 0.12691677783663582 0.11085987305980273 0.11327112333315127 0.10273005461775836 0.13027943971129613 0.06996272615478011 0.13116908929641574 0.10351062349609223 0.13134575494900413 0.11182348091375093 0.11643786742640368 0.06971589674911058 0.1092132074405088 0.11149686699128236 0.14254633428484872
0.08215422326100802 0.07404783599356524 0.12356934548463536 0.10759207126343537 0.09354514383710533 0.10050040656213044 0.090322279681297 0.08930504806329621 0.10110812829527284 0.10499457045405836 0.115634386557529 0.08037721462994944 0.11958807128619048 0.0 0.07526849644607159 0.08905291306311955 0.05774506293290545 0.13432043716821973 0.07354090893508489 0.10720977579664408 0.1081269260039656 0.10314657024195904 0.12195247833470275 0.08853325393537223 0.07100538352423916 0.101781465637778 0.10126062312712324 0.07980118029720062 0.0822274793068441 0.10981786343017476
0.09255976880558556 0.06010909450231566 0.10968882204322412 0.12196754095538792 0.0665482444940296 0.09288074431461528 0.08605787779319278 0.09788438152734992 0.10598102537654196 0.08243463055582645 0.09046530295983617 0.1028974168798544 0.11291302730173447 0.07526849644607159 0.0 0.08972963538303577 0.071389291706737 0.13418072782142287 0.07544560547402794 0.08497565086572642 0.09780112625184577 0.10139796920866542 0.1156784952953404 0.06664219223208626 0.0907687485133796 0.07753583185471881 0.0959330742587038 0.08597750305670583 0.06216060911401765 0.12466425775640926
0.0859518048803266 0.09735285016940888 0.1320329900765664 0.13094700136269374 0.0921361279069874 0.12326748620259842 0.058423403824219775 0.1011796757654879 0.11765503825122806 0.10619132084062503 0.12133834732994912 0.12190730127128092 0.12691677783663582 0.08905291306311955 0.08972963538303577 0.0 0.0869914841220133 0.13022521233314546 0.08339923714762862 0.09844539365547032 0.11671071165462595 0.13270501000033044 0.13593906091026886 0.1077631758051062 0.07866235435087156 0.0985292019829304 0.11722837147350805 0.08677775279216304 0.08942483059289649 0.11963198443852364
0.0667170353155915 0.06947751962427226 0.1138380660512402 0.11838045059986887 0.08057985522306642 0.08971786971030328 0.07996737988815716 0.08046950129646613 0.1038681624221434 0.10405317848896023 0.10294259365222093 0.0822049006846547 0.11085987305980273 0.05774506293290545 0.071389291706737 0.0869914841220133 0.0 0.13053439881935416 0.05757365451522375 0.0947676563060134 0.10281621728393166 0.10558218918488532 0.1141853552646838 0.07346924992736119 0.07208716602094684 0.08481246837167307 0.09037738663916024 0.06431267648737847 0.06218095818598349 0.1161148385009093
0.13961120292452953 0.13941377688167794 0.14436066954862473 0.10520376711435817 0.13069398690515674 0.13605611138963528 0.12535683399271846 0.10819263863805036 0.10472152122168203 0.12404979422790853 0.1154803250946751 0.11706265276339738 0.11327112333315127 0.13432043716821973 0.13418072782142287 0.13022521233314546 0.13053439881935416 0.0 0.1226939406000637 0.10626910388719718 0.09373251299194348 0.10665500533277797 0.07041461983526083 0.12260258982659815 0.14322213490333788 0.12801286677924398 0.1003274083005077 0.12466640363213595 0.12962201884548213 0.12637676125389427
0.06473728637049321 0.08519180965498582 0.12932949635666466 0.1029282615448106 0.0708088859744337 0.10823867081101816 0.07154110250582096 0.060256062298073884 0.11550493427483326 0.09368039207946964 0.1121822330446995 0.10100699607727524 0.10273005461775836 0.07354090893508489 0.07544560547402794 0.08339923714762862 0.05757365451522375 0.1226939406000637 0.0 0.09245181783550964 0.09466573525458148 0.11208499835466994 0.12148290123250192 0.09055698638496447 0.0535632279688446 0.07543968252386198 0.10004947081270624 0.044324192504053526 0.07123562047980163 0.0942819878612757
0.10189321263479392 0.09037931113816376 0.14032002332415197 0.1404307868819512 0.08182494701793082 0.1197320885941957 0.09225523394815564 0.07390802488774556 0.14048995909918854 0.058963231869994324 0.09710599121963202 0.09406493281362856 0.13027943971129613 0.10720977579664408 0.08497565086572642 0.09844539365547032 0.0947676563060134 0.10626910388719718 0.09245181783550964 0.0 0.12256816089434752 0.0918196784424572 0.1133276502133155 0.0653161970749097 0.10911549868287404 0.08973093011524994 0.12873049988739266 0.09615236116256463 0.08595784976294561 0.11237930070229568
0.10294421568244486 0.10428298356378107 0.11684209014068808 0.06852373500825668 0.10359504989386498 0.09399387264253824 0.10889625214389044 0.11099777559802812 0.07792730727380437 0.11503511067726127 0.1049956207536838 0.1307059678915894 0.06996272615478011 0.1081269260039656 0.09780112625184577 0.11671071165462595 0.10281621728393166 0.09373251299194348 0.09466573525458148 0.12256816089434752 0.0 0.11140545437554908 0.08851404430223644 0.12056774701732477 0.10473023069493154 0.1144913597003898 0.06873332863314217 0.10518387281768957 0.10443293754916344 0.1377921736888484
0.1208671094653569 0.10475005338415704 0.1120029174434839 0.11887023611710636 0.11193343876891612 0.0965786993842676 0.1256706295819394 0.09542235810774898 0.1213975521789466 0.09560697172097088 0.06718053425789045 0.10587119599100156 0.13116908929641574 0.10314657024195904 0.10139796920866542 0.13270501000033044 0.10558218918488532 0.10665500533277797 0.11208499835466994 0.0918196784424572 0.11140545437554908 0.0 0.07969083568710603 0.07001778019716715 0.11676809851336804 0.11605796456327848 0.10383669806866633 0.12094731852090115 0.10780350247710707 0.1091707541592426
0.13367715976872713 0.12358764628567258 0.11395992126867314 0.096965246565447 0.13042202894806873 0.10175821658634683 0.1301626576146557 0.10929067541556728 0.09614232311430466 0.11731686832075225 0.08107728171725598 0.1094442232019714 0.10351062349609223 0.12195247833470275 0.1156784952953404 0.13593906091026886 0.1141853552646838 0.07041461983526083 0.12148290123250192 0.1133276502133155 0.08851404430223644 0.07969083568710603 0.0 0.10174023681667098 0.13649326000601938 0.13470950739397353 0.07043687142032827 0.12189351627687475 0.12527012126887602 0.12668236538057775
0.08900658312520593 0.07759287297162168 0.11759256216235699 0.14208727566516655 0.08064902567002158 0.10387178540414732 0.1059536144739956 0.07716868602881924 0.12507040514365247 0.07124071387964752 0.08197519513267677 0.07246997371981041 0.13134575494900413 0.08853325393537223 0.06664219223208626 0.1077631758051062 0.07346924992736119 0.12260258982659815 0.09055698638496447 0.0653161970749097 0.12056774701732477 0.07001778019716715 0.10174023681667098 0.0 0.10041749603469358 0.08529467296282076 0.10863133563787422 0.08918443014655718 0.07335738594999075 0.09926849757689207
0.07204462008113091 0.08377932588867762 0.13169748563209133 0.09835990566919507 0.07766497694604667 0.11680666826460415 0.07518044423883387 0.07381517412786574 0.12331067990383653 0.098873919254045 0.11528611506926092 0.11736867191964047 0.11182348091375093 0.07100538352423916 0.0907687485133796 0.07866235435087156 0.07208716602094684 0.14322213490333788 0.0535632279688446 0.10911549868287404 0.10473023069493154 0.11676809851336804 0.13649326000601938 0.10041749603469358 0.0 0.08988083499252059 0.11139476481247997 0.056354443856073085 0.08367681841798412 0.09147941027249727
0.08819582122151988 0.08623613267940171 0.11939470585505015 0.12605059168872682 0.05748838600072224 0.11621963684936762 0.10185421874137038 0.08604723360760384 0.13028284813556065 0.0827036441605847 0.11907662100916895 0.10388572404793678 0.11643786742640368 0.101781465637778 0.07753583185471881 0.0985292019829304 0.08481246837167307 0.12801286677924398 0.07543968252386198 0.08973093011524994 0.1144913597003898 0.11605796456327848 0.13470950739397353 0.08529467296282076 0.08988083499252059 0.0 0.12338059387421765 0.06684326761203185 0.0741284363108581 0.10102047703360707
0.11382525716572765 0.09755508677868814 0.1010052361915182 0.08576635613716252 0.11522575647418247 0.07893672361513307 0.10635206095185264 0.12569567525197162 0.07249196136955292 0.1326309176150105 0.08706303946947304 0.1280987208238787 0.06971589674911058 0.10126062312712324 0.0959330742587038 0.11722837147350805 0.09037738663916024 0.1003274083005077 0.10004947081270624 0.12873049988739266 0.06873332863314217 0.10383669806866633 0.07043687142032827 0.10863133563787422 0.11139476481247997 0.12338059387421765 0.0 0.10813387376830504 0.09934500912765597 0.14652723365092987
0.06714700954248784 0.0867433882302546 0.13298089385814618 0.11906908447738104 0.07244909877692601 0.1136995117442553 0.08126251517050895 0.06659844036402847 0.12722609658575365 0.09350684327730144 0.11895670243743163 0.0975908509295658 0.1092132074405088 0.07980118029720062 0.08597750305670583 0.08677775279216304 0.06431267648737847 0.12466640363213595 0.044324192504053526 0.09615236116256463 0.10518387281768957 0.12094731852090115 0.12189351627687475 0.08918443014655718 0.056354443856073085 0.06684326761203185 0.10813387376830504 0.0 0.07794456327354184 0.08848666050327639
0.08674649040954198 0.0619539377534729 0.11075802445064137 0.11382118032567355 0.06379829711984407 0.08410056731238924 0.08484585337244623 0.0914935719459935 0.10531389602517684 0.08955091099851534 0.0999543560820538 0.1070196620498941 0.11149686699128236 0.0822274793068441 0.06216060911401765 0.08942483059289649 0.06218095818598349 0.12962201884548213 0.07123562047980163 0.08595784976294561 0.10443293754916344 0.10780350247710707 0.12527012126887602 0.07335738594999075 0.08367681841798412 0.0741284363108581 0.09934500912765597 0.07794456327354184 0.0 0.12265516141511301
0.10527218194364324 0.12819374741009426 0.16119031179687185 0.13040464649529326 0.1034003820796866 0.1519122897891014 0.120138070455079 0.0710295646585829 0.14606121959690613 0.09591858966756936 0.13235100058149685 0.09242802951590104 0.14254633428484872 0.10981786343017476 0.12466425775640926 0.11963198443852364 0.1161148385009093 0.12637676125389427 0.0942819878612757 0.11237930070229568 0.1377921736888484 0.1091707541592426 0.12668236538057775 0.09926849757689207 0.09147941027249727 0.10102047703360707 0.14652723365092987 0.08848666050327639 0.12265516141511301 0.0
