0,1,2,3,4,5,6,7,8,9,10,11,12,13,14,15,16,17,18,19,20,21,22,23,24,25,26,27,28,29,30,31,32,33,34,35,36,37,38,39,40,41,42,43,44,45,46,47,48,49,50,51,52,53,54,55,56,57,58,59,60,61,62,63,64,65,66,67,68,69,70,71,72,73,74,75,76,77,78,79,80,81,82,83,84,85,86,87,88,89,90,91,92,93,94,95,96,97,98,99,100,101,102,103,104,105,106,107,108,109,110,111,112,113,114,115,116,117,118,119,120,121,122,123,124,125,126,127,128,129,130,131,132,133,134,135,136,137,138,139,140,141,142,143,144,145,146,147,148,149,150,151,152,153,154,155,156,157,158,159,160,161,162,163,164,165,166,167,168,169,170,171,172,173,174,175,176,177,178,179,180,181,182,183,184,185,186,187,188,189,190,191,192,193,194,195,196,197,198,199,200,201,202,203,204,205,206,207,208,209,210,211,212,213,214,215,216,217,218,219,220,221,222,223,224,225,226,227,228,229,230,231,232,233,234,235,236,237,238,239,240,241,242,243,244,245,246,247,248,y
0.0,0.5757111773712628,0.0,0.0,0.0,0.0,0.0,0.0,0.0,0.875,0.0,0.0,0.0,0.0,0.30862220073136104,0.19999999999999996,0.33333333333333326,0.8958333333333334,0.0,0.0,0.0,0.33333333333333326,0.40731707317073185,0.0,0.5507717303005687,0.16717791411042937,0.72,0.0,0.4,0.5,0.0,0.0,0.0,0.897173670509483,0.0,0.0,0.9375,0.0,0.0,0.0,1.0,0.0,0.0,0.7161803713527852,0.0,0.0,0.7049180327868853,0.0,0.0,0.37285223367697595,0.6898148148148149,0.0,0.5976703708662472,0.0,0.604291776763552,0.0,0.0,0.0,0.4042457900394124,0.0,0.0,0.0,0.5861182519280206,0.0,0.1250000000000001,0.0,0.08655757761125538,0.0,1.0,0.0,0.0,0.0,0.0,0.0,0.0,0.0,0.0,0.0,0.0,0.0,0.0,0.0,0.09090909090909094,0.0,0.7916666666666666,0.0,0.0,0.0,0.0,0.0,0.0,0.0,0.0,0.0,0.0,0.0,0.0,0.6453900709219857,0.901702786377709,0.27260812581913496,0.926829268292683,0.0,0.0,0.0,0.14814814814814825,0.0,1.0,0.7039269720978298,0.7272727272727273,0.7645693656523982,0.0,1.0,1.0,0.0,0.0,1.0,0.9063819615966855,0.0,0.11111111111111105,0.955264593562466,0.0,0.0,0.0,0.8779820101681658,0.34065934065934067,0.0,0.7444444444444445,0.0,0.7142857142857143,0.8,0.0,0.0,0.3267511177347242,0.7719714964370546,0.5,0.4444444444444444,0.0,0.7476635514018692,0.0,0.0,0.0,0.675679788961039,0.0,0.6964285714285714,0.8620689655172413,0.4935536362498435,0.0,0.0,0.0,0.0,0.0,0.978316935714968,0.0,0.0,0.0,0.0,0.0,0.5469748168611104,0.0,0.09257925072046125,0.0,0.0,0.0,0.0,0.0,0.5,0.0,1.0,0.0,0.0,0.0,0.0,0.0,0.0,0.0,1.0,0.0,0.0,0.5,0.0,0.4779411764705883,0.29999999999999993,0.0,0.3846153846153846,0.6785714285714286,0.0,0.7096491228070175,0.75,0.0,0.0,0.18765957446808512,0.0,0.0,0.0,0.4,0.0,0.0,0.7777777777777778,0.0,0.033333333333333326,0.19999999999999996,0.0,0.5,0.5,0.0,0.0,0.6363636363636364,0.0,0.4,0.0,0.4444444444444444,0.0,1.0,0.7,0.46153846153846156,0.5,0.5495495495495497,1.0,0.34253071782711797,0.0,0.7532894736842106,0.0,0.0,0.6243116185359301,0.05855855855855874,0.13062193854831516,0.0,0.0,1.0,0.0,0.4285714285714286,0.0,0.0,0.0,0.5213228894691035,0.8922269019566029,0.0,0.0,0.0,0.0,0.6360148663229829,0.0,0.14121736520956307,0.0,0.0,0.0,0.0,0.0,0.0,qsampled
0.0,0.0,0.0,0.5416666666666667,0.0,0.0,0.0,0.0,0.0,0.0,0.0,0.8397553516819571,0.0,0.0,0.0,0.0,0.0,0.5769230769230769,0.052631578947368474,0.0,0.2957850414550506,0.0,0.3777621062529384,0.0,0.0,0.0,0.4067796610169492,0.0,0.4,0.0,0.4447361512207929,0.7735849056603774,0.19999999999999996,0.8970588235294118,0.44067796610169496,0.9090909090909091,0.0,0.0,1.0,0.0,0.4117647058823529,0.0,0.052631578947368474,0.2886221294363256,0.3023868312757202,0.0,0.009763424708974844,0.33333333333333337,0.24355971896955508,0.8775773195876289,0.0,0.27428571428571424,0.0,0.0,0.09198672356567095,0.0,0.8571428571428571,0.338920826455689,0.736801991768711,0.9886045788873925,0.0,0.44550077382268416,0.0,0.381782945736434,1.0,0.7777777777777778,0.9870923328457103,0.0,0.0,0.8332553679187913,0.7391304347826086,1.0,0.206896551724138,0.0,1.0,0.0,0.0,0.7368421052631579,0.0,1.0,0.0,0.0,0.0,0.0,0.0,0.0,0.6330545991146089,0.0,0.0,0.0,0.0,0.0,1.0,0.0,0.7391304347826086,0.0,0.0,0.09677419354838712,0.0,0.0,0.641025641025641,0.6649451258876695,0.0,0.0,0.0,0.0,0.0,0.0,0.0,0.2887773722627738,0.0,0.5,0.0,0.44907407407407407,0.0,0.6666666666666666,0.9074074074074074,0.2857142857142856,0.8888888888888888,0.0,0.36363636363636365,0.8636363636363636,0.0,0.34615384615384626,0.0,0.0625,0.0,0.25352112676056326,0.4666666666666667,0.0,0.5833333333333333,0.39130434782608703,0.8987873134328358,0.645466847090663,0.0,0.33333333333333326,0.0,0.5,0.0,1.0,0.7468297101449275,0.8506204071798579,1.0,0.44000000000000006,0.82,0.8076923076923077,0.46666666666666656,0.9,0.875,0.9933441484603606,0.0,0.0,0.10512185047501033,0.7320261437908497,0.0,0.375,0.0,0.9919099542736546,0.0,0.0006620872299926139,0.6875,0.0,0.7341772151898733,0.0,0.0,0.0,0.0,0.0,0.0,0.5384615384615385,0.0,0.0,0.0,0.0,0.0,0.0,0.0,0.2222222222222222,1.0,0.0,0.0,0.0,0.0,0.5641025641025641,0.09278350515463918,0.0,0.0,0.0,0.0,0.0,0.0,0.2857142857142857,0.3403543965229019,0.0,0.6,0.0,0.702152414194299,0.0,0.0,0.033333333333333326,0.6,1.0,0.0,0.0,0.75,0.0,0.09090909090909094,0.0,0.4,0.0,0.8391812865497076,0.8148148148148149,0.4285714285714286,0.19999999999999996,0.2564102564102564,0.2857142857142857,0.44680851063829785,0.5,0.0,0.0,0.049342105263158076,0.0,0.0,0.0,0.0,0.7004228800356109,0.0,0.24948921679909197,0.0,0.5,0.0,0.9375,0.0,0.0,0.8289249381358262,0.0,0.06929133858267733,0.0,0.1428571428571428,0.0,0.0,0.0,0.0,1.0,0.0,0.7777777777777778,0.0,0.0,0.2857142857142857,qsampled
0.0,0.0,0.0,0.0,0.0,0.0,0.1759138664582791,0.0,0.6773255813953489,0.875,0.0,0.0,0.9063986628380405,0.0,0.30862220073136104,0.0,0.0,0.5769230769230769,0.5789473684210527,0.0,0.0,0.33333333333333326,0.0,0.0,0.0,0.0,0.4067796610169492,0.31818181818181823,0.4,0.0,0.12289275712481473,0.9090909090909091,0.0,0.10654239766081874,0.8813559322033898,0.6363636363636364,0.0625,0.25,0.0,0.0,0.0,0.8796992481203008,0.0,0.0,0.2795450799406626,0.7873170731707317,0.009763424708974844,0.8888888888888888,0.833389093342255,0.1872852233676976,0.9202975557917109,0.09714285714285709,0.5976703708662472,0.0,0.6110498976861325,0.0,0.0,0.4422683425898861,0.0,0.45650228844764107,0.0,0.0,0.5520565552699229,0.0,0.0,0.2592592592592592,0.0,0.0,0.4,0.3557643214541001,0.0,0.09999999999999998,0.0,0.75,0.0,0.0,0.9004362329997434,0.0,0.0,0.0,0.0,0.0,0.0,0.0,0.0,0.0,0.0,0.0,0.0,0.43201424614167006,0.0,0.6206896551724137,0.0,0.0,0.0,0.9013419713095789,0.0,0.15736360769473345,0.0,0.0,0.641025641025641,0.0,0.0,0.3076923076923076,0.14814814814814825,1.0,1.0,0.0,0.0,0.0,0.2500000000000001,1.0,0.0,0.0,0.9171506000774293,0.0,0.16484742251613427,0.8571428571428571,0.7777777777777778,0.11975223675154845,0.36363636363636365,0.0,0.0,0.0,0.6269621421975993,0.0,0.0,0.323943661971831,0.0,0.0,0.9583333333333334,0.68512,0.20603576751117725,0.0,0.5,0.4444444444444444,0.0,0.75,0.0,0.0,0.7454033771106942,0.0,0.675607419663851,0.6964285714285714,0.8620689655172413,0.8084866691701089,0.0,0.9,0.25,0.37038689172289085,0.0,0.13053964425685882,0.7777777777777778,0.0,0.0,0.0,0.0,0.5717856428714256,0.0,0.7805233805233804,0.0,0.0,0.0,0.0,0.0,0.0,0.0,0.0,0.0,0.0,0.0,0.0,0.9090909090909091,0.0,0.7732696897374701,1.0,0.0,0.0,0.0,0.0,0.68,0.0,0.0,0.5641025641025641,1.0,0.0,0.27243589743589736,0.75,0.3076923076923077,0.0,0.0,0.2857142857142857,0.43801652892561993,0.33333333333333337,0.4,0.0,0.0,1.0,0.2315068493150686,0.06666666666666665,0.0,0.33333333333333337,0.0,0.0,0.0,0.0,0.8,0.028571428571428692,0.4,0.3999999999999999,0.0,0.8148148148148149,0.4285714285714286,0.8,0.9743589743589743,0.9523809523809523,1.0,0.04761904761904756,0.34253071782711797,0.0,0.0,0.0,0.0,0.0,0.2060185185185185,0.0,0.0,0.0,0.0,0.0,0.0,0.625,0.09230769230769231,0.0,0.0,0.0,0.0,0.0,0.0,0.23809523809523803,0.6360148663229829,0.6666666666666666,0.6761991224088364,0.0,0.0,0.0,0.0,0.0,0.2857142857142857,qsampled
0.0,0.0,0.0,0.0,0.0,0.5,0.17467660797700324,0.9100150602409639,0.0,0.0,0.0,0.650122959982115,0.0,0.0,0.0,0.0,0.7307692307692308,0.3846153846153846,0.052631578947368474,0.0,0.0,0.33333333333333326,0.3597977589505329,0.0,0.0,0.0,0.4067796610169492,0.31818181818181823,0.8,0.0,0.0,0.0,0.0,0.0,0.0,0.0,1.0,0.2222222222222222,0.0,0.0,0.5882352941176471,0.5825242718446602,0.8947368421052632,0.0,0.27775943655771973,0.3290322580645161,0.8333333333333333,0.33333333333333337,0.0,0.6903553299492386,0.10224948875255624,0.3440599515098083,0.0656619579500658,0.5,0.29285910213038324,0.0,0.0,0.0,0.7592305657382563,0.0,0.8687967369136642,0.0,0.0,0.345679012345679,1.0,0.2592592592592592,0.08655757761125538,0.0,0.6448863636363635,0.9735014806494435,0.0,0.0,0.0,0.0,1.0,0.44913830348999084,0.5707865168539326,0.0,0.0,0.0,0.0,0.0,0.0,0.0,0.0,0.0,0.0,0.0,0.0,0.0,0.8799943293244807,0.0,0.0,0.0,0.7391304347826086,0.0,0.0,0.15999999999999992,0.0,0.8435462842242503,0.6666666666666666,0.6758409785932722,0.0,0.0,0.14814814814814825,0.0,0.0,0.0,0.0,0.0,0.2500000000000001,1.0,0.0,0.11237149946827374,0.0,1.0,0.9968639749117993,0.0,0.11111111111111105,0.8095238095238095,0.0,0.0,0.0,0.6513426736719206,0.7142857142857142,0.9375,0.375,0.323943661971831,0.20000000000000007,0.8,0.5833333333333333,0.0,0.7894932935916542,0.777511961722488,0.0,0.7142857142857142,0.25,0.3292682926829268,0.0,0.0,0.0,0.701958198051948,0.0,0.0,0.12,0.0,0.33333333333333326,0.09999999999999987,0.25,0.0,0.0,1.0,1.0,0.0,0.0,0.0,0.0,0.0,0.6666666666666666,0.5979986948009572,0.0,0.0,0.0,0.0,0.0,0.0,0.0,0.0,0.0,0.0,0.0,0.6000000000000001,0.0,0.7582417582417582,0.0,0.0,0.0,0.23333333333333328,0.0,0.0,0.33333333333333337,0.5,0.6861924686192469,0.0,0.05555555555555547,0.0,0.7096491228070175,0.75,0.0,0.0,0.0,0.2857142857142857,0.3403543965229019,0.33333333333333337,0.8,0.0,0.0,0.2979591836734694,0.3022959183673469,0.033333333333333326,0.19999999999999996,0.0,0.6666666666666667,0.5,0.0,0.0,0.13636363636363635,0.7428571428571429,0.8,0.0,0.0,0.37037037037037046,0.7142857142857143,0.19999999999999996,0.46153846153846156,0.2857142857142857,0.4186046511627908,0.9,0.41580685101114323,1.0,0.11494252873563238,0.0,0.0,0.25274725274725274,1.0,0.16586345381526102,0.6923076923076923,0.0,0.35096153846153844,0.5,0.5714285714285714,0.26315789473684204,1.0,0.0,0.598543869411983,0.3260500636402207,0.7825295723384895,1.0,0.0,0.0,0.0,0.36363636363636365,0.01566183900303164,0.0,0.0,0.0,0.0,0.0,0.2857142857142857,qsampled
0.0,0.0,0.0,0.0,0.8931056981296216,0.5,0.0,0.0,0.0,0.0,0.0,0.0,0.0,0.0,0.8857988875995358,0.0,0.0,0.3846153846153846,0.0,0.0,0.18881062910196889,0.33333333333333326,0.3777621062529384,0.0,0.24615925882490897,0.0,0.864406779661017,0.9090909090909091,0.4,0.5,0.0,1.0,0.0,0.46484375,0.0,0.0,0.0625,0.0,0.0,0.0,0.0,0.0,0.0,0.0,0.0,0.0,0.009763424708974844,0.2222222222222222,0.3897624623619941,0.8166666666666667,0.9317269076305221,0.0,0.16704892966360851,0.0,0.0,0.0,0.0,0.19604557640750653,0.0,0.3156498039590705,0.0,0.0,0.9601542416452442,0.3402777777777778,1.0,0.5555555555555556,0.0,0.0,0.0,0.9755812321654114,0.7391304347826086,0.0,0.206896551724138,0.0,1.0,0.5778321108394459,0.8569099800760731,0.9473684210526315,0.0,0.0,0.0,0.0,0.0,0.0,0.0,0.0,0.0,0.8581357086122774,0.0,0.0,0.0,0.0,0.0,0.0,0.0,0.0,0.0,0.8010091453800063,0.0,0.0,0.6666666666666666,0.02786779001944273,0.0,0.5,0.14814814814814825,0.0,0.0,0.22801788375558874,0.0,0.956960322797579,1.0,1.0,1.0,0.07002314814814825,1.0,1.0,0.0,0.0,0.0,0.0,0.36363636363636365,0.0,0.0,0.0,0.0,0.0,0.4274376417233561,0.323943661971831,0.4666666666666667,0.0,0.5416666666666667,0.84256,0.20603576751117725,0.10050251256281417,0.23076923076923073,0.7142857142857142,0.0,0.0,0.0,0.0,0.7207024653833165,0.0,0.64298490377048,0.44000000000000006,0.12,1.0,0.33333333333333326,0.9,0.75,0.0,0.0,0.0,0.9022346368715084,0.7320261437908497,1.0,0.375,0.0,0.2713635597505477,0.764213942457717,0.31014831090359785,1.0,0.0,0.0,0.0,0.0,0.0,0.0,0.0,0.0,0.0,0.9060721062618595,0.6000000000000001,0.0,0.0,0.0,0.0,0.0,0.0,0.0,0.0,0.8333333333333333,0.5,0.0,0.0,0.0,0.09090909090909083,0.0,0.75,0.0,0.0,0.673154906731549,0.2857142857142857,0.7311935807422267,0.8888888888888888,0.4,0.0,0.0,0.34751773049645385,0.3125,0.0,0.0,0.33333333333333337,0.0,0.0,0.0,0.0,0.40909090909090917,0.0,0.4,0.0,0.0,0.8148148148148149,0.4285714285714286,0.0,0.0,0.9523809523809523,0.38235294117647045,0.0,0.4024390243902439,0.0,0.3928571428571429,0.0,0.0,0.25740537575425126,0.22972972972972971,0.0,0.0,0.0,0.8477564102564102,0.5,0.0,0.4736842105263157,1.0,0.0,0.9206074368435992,0.8625040910578566,0.06929133858267733,1.0,0.1428571428571428,0.0,0.0,0.13636363636363646,0.2014520163504362,0.6666666666666667,0.0,0.0,0.0,0.0,0.2857142857142857,qsampled
0.8451672010994045,0.0,0.0,0.5416666666666667,0.0,0.0,0.0,0.0,0.0,0.875,0.0,0.0,0.0,0.0,0.0,0.0,0.3846153846153846,0.8461538461538461,0.5789473684210527,0.4269311064718164,0.2939903740009715,0.33333333333333326,0.0,0.0,0.0,0.9739837398373984,0.4067796610169492,0.5909090909090908,0.0,0.0,0.0,0.0,0.35,0.8989400584795322,0.0,0.0,0.0625,0.0,0.0,0.0,0.7647058823529412,0.8796992481203008,0.052631578947368474,0.44885177453027136,0.0,0.32357723577235775,0.009763424708974844,0.33333333333333337,0.3897624623619941,0.0,0.9202975557917109,0.0,0.0,0.0,0.0,0.6428571428571428,0.4285714285714285,0.6307131880015937,0.6576048011465425,0.0,0.0,0.0,0.4130434782608695,0.36397058823529416,1.0,0.5555555555555556,0.0,0.0,0.4,0.355342075836129,1.0,0.09999999999999998,0.206896551724138,0.0,1.0,0.0,0.31181477698331617,0.0,0.0,0.0,0.0,0.0,0.0,0.8656716417910448,0.0,0.0,0.6330545991146089,0.0,0.0,0.0,0.0,0.0,0.0,0.0,0.0,0.0,0.0,0.0935828877005348,0.0,0.20761245674740492,0.8974358974358975,0.0,0.3999999999999999,0.0,0.14814814814814825,1.0,0.0,0.0,1.0,0.0,0.2500000000000001,1.0,0.0,0.07002314814814825,1.0,0.0,0.9200734643901776,0.0,0.11111111111111105,0.11095603628750872,0.36363636363636365,0.36363636363636365,0.0,0.0,0.6190476190476191,0.0625,0.7528344671201814,0.0,0.20000000000000007,0.0,0.5833333333333333,0.48766546329723226,0.0,0.0,0.23076923076923073,0.33333333333333326,0.0,1.0,0.7777777777777778,0.33333333333333326,0.925328330206379,0.8810790743719836,0.0,0.44000000000000006,0.12,0.8084866691701089,0.44444444444444453,0.09999999999999987,0.75,0.37038689172289085,0.0,0.09542314335060453,0.10512185047501033,0.7320261437908497,0.0,0.375,0.0,0.5403669266146771,0.0,0.3761253019102686,0.0,0.0,0.0,0.0,0.0,0.0,1.0,0.0,0.0,0.5384615384615385,0.0,0.0,0.0,0.0,0.0,1.0,0.0,0.0,1.0,0.0,0.0,0.0,0.3916317991631799,0.9487179487179487,1.0,0.6,0.0,0.75,0.3076923076923077,0.0,0.0,0.8571428571428572,0.43801652892561993,0.6666666666666667,0.0,0.0,0.10028191703584388,0.553191489361702,0.2315068493150686,0.033333333333333326,0.19999999999999996,0.0,0.0,0.0,0.5,0.0,0.8,0.028571428571428692,0.4,0.5333333333333333,0.4444444444444444,0.37037037037037046,0.4285714285714286,0.19999999999999996,0.0,0.8571428571428572,1.0,0.0,0.0,0.0,0.3549175320708613,0.4,1.0,0.22931937172774852,0.0,0.055457288523566683,0.0,0.0,0.0,0.5,0.5714285714285714,1.0,0.9375,0.0,0.0,0.0,0.06929133858267733,0.0,0.1428571428571428,0.0,0.46193501978180085,0.0,0.6036314117113026,0.0,0.0,0.0,0.0,0.0,0.2857142857142857,qsampled
0.0,0.0,0.0,0.0,0.0,0.0,0.0,0.0,0.0,0.6363636363636364,0.0,0.7428732857362987,0.0,0.0,0.3288740245261984,0.0,0.33333333333333326,0.47916666666666663,1.0,0.6481481481481481,0.7012056701811028,0.0,0.4007317073170732,0.0,0.38855519480519485,0.0,0.0,0.31818181818181823,0.0,1.0,0.16960588866738258,0.2727272727272728,0.19999999999999996,0.7346491228070176,0.9491525423728814,0.0,0.0625,0.0,0.25,0.0,0.17647058823529416,0.9409090909090909,0.5789473684210527,0.9761273209549072,0.27654320987654313,0.0,0.7049180327868853,0.2222222222222222,0.0,0.44734551784160137,0.924074074074074,0.22309197651663393,0.004710632570659734,0.0,0.09072230124861713,0.0,0.0,0.4478032565757779,0.3874381164733005,0.45650228844764107,0.8858595194085028,0.8964941569282137,0.0,0.0,0.1250000000000001,0.7777777777777778,0.8194791295041027,0.0,1.0,0.0,0.0,0.0,0.0,0.0,0.0,0.1990163777873275,0.0,0.7368421052631579,0.0,0.0,1.0,0.0,0.8636363636363636,0.0,0.0,0.0,0.0,0.0,0.0,0.0,0.0,0.0,0.0,0.0,0.7391304347826086,0.0,0.0,0.6453900709219857,0.0,0.27260812581913496,0.5609756097560976,1.0,0.7333333333333334,0.33333333333333326,0.0,1.0,1.0,0.2801449025357944,0.0,0.0,0.2500000000000001,1.0,0.0,0.05714854639585809,0.41889276035617506,0.6666666666666666,0.7150824635487212,1.0,0.11111111111111105,0.14238952536824878,0.36363636363636365,0.0,0.0,0.3479859210011733,0.3571428571428571,0.8125,1.0,0.323943661971831,0.7142857142857143,0.8,0.5416666666666667,0.0,0.3267511177347242,0.0,0.23076923076923073,0.33333333333333326,0.0,0.5015576323987538,0.0,0.0,0.7468297101449275,0.675679788961039,0.6866569449507838,0.0,1.0,0.0,0.0,0.0,0.875,0.854220600769482,0.0,1.0,0.0,0.0,0.0,0.0,0.0,0.5469748168611104,0.3060314314030863,0.09257925072046125,0.6875,0.0,0.0,0.976252439817827,0.0,0.8333333333333334,0.0,0.0,0.0,0.0,0.0,0.0,0.0,0.0,0.0,1.0,0.0,0.75,0.5,0.0,0.5555555555555556,0.5,0.0,0.0,0.5,0.29999999999999993,0.0,0.0,0.46153846153846156,0.0,0.8025531914893618,0.2857142857142857,0.08333333333333326,0.33333333333333337,0.0,0.0,0.013961605584642323,1.0,0.011080332409972193,0.09999999999999998,0.0,0.0,0.0,0.0,0.0,0.0,0.09090909090909094,0.4285714285714285,0.0,0.1333333333333332,0.0,0.0,1.0,0.0,0.46153846153846156,0.5,1.0,0.9,0.0,0.0,0.049342105263158076,0.0,0.0,0.0,0.5800000000000001,0.0,0.6923076923076923,0.3433001107419712,0.35096153846153844,0.0,0.4285714285714286,0.9375,0.46153846153846156,0.0,0.9320467923403621,0.8922269019566029,0.9047619047619048,0.0,0.0,0.0,0.6360148663229829,0.6666666666666667,0.14121736520956307,1.0,0.0,0.0,0.8095238095238095,0.0,0.9285714285714286,qsampled
0.0,0.0,0.0,0.0,0.6983885129900315,0.0,0.0,0.0,0.6273964438263633,0.0,0.0,0.0,0.0,0.0,0.310153158324019,0.0,1.0,0.0,0.8518518518518519,0.0,0.0,0.0,0.01439024390243926,0.0,0.6987176926457077,0.17560975609756102,0.0,0.31818181818181823,0.0,0.0,0.0,0.0,0.19999999999999996,0.0,0.44067796610169496,0.6363636363636364,0.0625,0.0,0.0,0.6428571428571428,0.0,1.0,0.4736842105263158,1.0,0.27775943655771973,0.0,0.4123861566484518,0.0,0.356560717196414,0.0,0.9230769230769231,0.22309197651663393,0.004710632570659734,0.0,0.6110498976861325,0.0,0.0,0.44091641834790674,0.0,0.0,0.2902033271719039,0.0,0.5520565552699229,0.0,0.0,0.0,0.0,0.0,1.0,0.0,0.6416184971098267,0.0,0.0,0.0,0.0,0.0,0.4772902232486529,0.0,0.0,0.7977977977977978,0.0,0.0,0.09090909090909094,0.0,0.0,0.0,0.0,0.7706611570247934,0.0,0.0,0.0,0.6206896551724137,0.75,0.0,0.0,0.0,0.0,0.6453900709219857,0.0,0.9398340248962656,0.0,0.6758409785932722,0.0,0.3076923076923076,0.0,0.875,0.0,0.8724727838258165,0.7272727272727273,0.0,0.2500000000000001,1.0,0.0,0.0,1.0,0.6666666666666666,0.0,0.2857142857142856,0.7777777777777778,0.14238952536824878,0.0,0.0,0.75,0.0,0.6959706959706959,0.6875,0.9944444444444445,0.323943661971831,0.7142857142857143,0.4,0.0,0.53376,0.0,0.0,0.23076923076923073,0.33333333333333326,0.0,0.75,0.0,0.0,0.6219135802469136,0.0,0.0,1.0,0.8620689655172413,0.8084866691701089,0.0,0.9,0.0,0.37038689172289085,0.0,0.9858305697919807,0.0,0.7320261437908497,0.0,0.0,0.0,0.5469748168611104,0.0,0.0,0.0,0.0,0.7341772151898733,0.0,0.0,0.5,0.0,0.0,0.0,0.0,1.0,0.0,0.0,0.0,0.7732696897374701,0.0,0.0,0.0,0.5,0.0,0.5555555555555556,0.5,0.6406067677946325,0.5641025641025641,0.0,0.0,0.7096491228070175,0.0,0.20512820512820518,0.0,0.33319148936170206,0.0,0.08333333333333326,0.33333333333333337,0.0,0.0,0.0,0.7777777777777778,0.011080332409972193,0.0,0.0,0.33333333333333337,0.0,0.5,0.0,0.0,0.40909090909090917,0.7428571428571429,0.0,1.0,0.0,0.0,1.0,0.7,0.2564102564102564,0.5,1.0,0.9,0.0,0.0,0.0,0.0,0.0,0.0,0.22972972972972971,0.055457288523566683,0.3846153846153846,0.0,0.0,0.0,0.0,0.0,0.09230769230769231,0.0,0.8345875866179867,0.8853415358506577,0.7425595238095238,0.0,0.0,0.0,0.6360148663229829,0.0,0.0,0.0,0.0,0.7777777777777778,0.0,0.0,0.0,qsampled
0.0,0.0,0.0,0.0,0.0,0.0,0.0,0.0,0.0,0.0,0.0,0.0,0.0,0.0,0.8737376109728028,0.0,0.2692307692307693,0.0,0.5789473684210527,0.6440501043841336,0.47550824395709945,0.33333333333333326,0.3597977589505329,0.0,0.0,0.0,0.4067796610169492,0.0,0.0,0.5,0.0,0.7735849056603774,0.35,0.09374999999999989,0.8813559322033898,0.0,0.0,0.2222222222222222,0.4285714285714285,0.6428571428571428,1.0,0.33009708737864085,0.8947368421052632,0.0,0.3004291845493561,0.3290322580645161,1.0,0.33333333333333337,0.9184782608695652,0.7007874015748031,0.0,0.09714285714285709,0.0,0.5,0.29285910213038324,0.6428571428571428,0.0,0.9246885617214042,0.7394057583592621,0.0,0.8928072625698324,0.928450007726781,0.5520565552699229,0.3402777777777778,0.0,0.7777777777777778,0.08655757761125538,0.0,0.0,0.9735014806494435,0.0,0.0,0.206896551724138,0.0,0.4375,0.44913830348999084,0.5707865168539326,0.0,0.0,0.0,0.0,0.0,0.09090909090909094,0.0,0.0,0.0,0.0,0.0,0.0,0.5598844937434111,0.0,0.0,0.0,0.0,0.0,0.0,0.0,0.96,0.0,0.34419817470664926,0.0,0.0,0.7333333333333334,0.84375,0.14814814814814825,0.0,1.0,0.0,0.0,0.0,0.0,1.0,1.0,0.11237149946827374,0.41889276035617506,0.0,0.8122304978439827,0.8571428571428571,0.11111111111111105,0.9523809523809523,0.0,0.36363636363636365,0.75,0.8861646234676007,0.6190476190476191,0.9375,0.4274376417233561,0.25352112676056326,0.20000000000000007,0.0,0.5833333333333333,1.0,0.7894932935916542,0.30080213903743314,0.5,0.0,0.25,0.3292682926829268,0.7777777777777778,0.0,0.9360414866032843,0.701958198051948,0.0,1.0,0.86,0.8084866691701089,0.33333333333333326,0.9,0.875,0.0,0.0,0.8166969147005445,1.0,0.0,0.0,0.375,0.0,0.0,0.6666666666666666,0.5979986948009572,0.0,0.0,0.0,0.0,0.0,0.08333333333333337,0.0,0.0,0.0,0.0,0.0,0.0,0.9090909090909091,0.0,0.0,0.0,0.0,0.0,0.0,0.0,1.0,0.5,0.5606694560669456,0.7116704805491991,1.0,0.29999999999999993,0.6025641025641025,0.75,0.0,0.0,0.0,0.2857142857142857,0.43801652892561993,0.0,0.0,0.0,0.0,0.0,0.5625,0.09999999999999998,0.0,0.0,1.0,0.5,0.5,0.0,0.8666666666666667,0.028571428571428692,0.8,0.0,0.8391812865497076,0.37037037037037046,0.4285714285714286,0.19999999999999996,0.5128205128205128,0.2857142857142857,0.0,0.04761904761904756,0.0,1.0,0.11494252873563238,0.4,0.0,0.0,0.9166666666666666,0.16586345381526102,0.8666666666666667,0.8102350636630754,0.0,0.5,0.0,0.7368421052631579,1.0,0.0,0.5746150992394732,0.9598167206080221,0.0,1.0,0.1428571428571428,0.0,0.0,0.36363636363636365,0.46448835844257486,0.0,0.0,0.0,0.0,0.0,0.3571428571428571,qsampled
0.0,0.0,0.0,0.5416666666666667,0.0,0.0,0.08132757048257289,0.9108947116602404,0.0,0.0,0.0,0.0,0.8421092165552468,0.0,0.16059127439724463,0.734375,0.0,0.0,0.5789473684210527,0.0,0.19114126097366324,0.0,0.3597977589505329,0.0,0.0,0.0,0.4067796610169492,0.31818181818181823,0.4,0.0,0.12289275712481473,0.0,0.0,0.58203125,0.0,0.0,1.0,0.25,0.4285714285714285,0.6428571428571428,0.8823529411764706,0.33009708737864085,0.052631578947368474,0.5517241379310345,0.0,0.0,0.0,0.0,0.0,0.0,0.748995983935743,0.27428571428571424,0.062359066868927004,0.0,0.3037583037583037,0.0,0.0,0.0,0.0,0.3156498039590705,0.4025837988826817,0.5237674110103914,0.5861182519280206,0.8263888888888888,1.0,0.5555555555555556,0.08655757761125538,0.0,0.0,0.9735014806494435,0.0,0.0,0.206896551724138,0.0,1.0,0.44913830348999084,0.0,0.0,0.0,0.0,0.0,0.0,0.0,0.0,0.0,0.0,0.6156472684085511,0.0,0.0,0.47529418325804473,0.8799943293244807,0.0,0.0,0.0,0.0,0.8982957162597881,0.0,0.6799999999999999,0.8102303787582975,0.0,0.0,0.0,0.0,0.5,0.0,0.0,1.0,0.0,0.0,0.0,0.2500000000000001,0.5,0.0,0.0,0.0,0.0,0.4464915719325755,0.0,0.0,0.0,0.36363636363636365,0.36363636363636365,0.75,0.8374927028604787,0.6198541519642438,0.0625,0.19841269841269848,0.0,0.0,0.9,0.0,0.0,0.3267511177347242,1.0,0.0,0.7142857142857142,0.0,0.5121951219512195,0.0,0.0,0.0,0.0,0.64298490377048,0.0,0.0,0.4935536362498435,1.0,0.09999999999999987,0.75,0.0,0.0,0.8166969147005445,1.0,0.0,0.0,0.375,0.0,0.0,0.6666666666666666,0.0,0.0,0.0,0.0,0.0,0.0,0.0,0.0,0.0,0.0,0.5384615384615385,0.0,0.0,0.9090909090909091,0.9545454545454546,0.0,0.0,0.0,0.0,0.5420560747663552,0.0,1.0,0.0,0.0,0.7116704805491991,1.0,0.0,0.0,0.0,0.0,0.0,0.0,0.2857142857142857,0.43801652892561993,0.33333333333333337,0.6,0.0,0.20706190061028784,0.0,0.29209183673469397,0.06666666666666665,0.19999999999999996,0.33333333333333337,0.0,0.0,0.5,0.0,0.6666666666666667,0.028571428571428692,0.4,1.0,0.4444444444444444,0.0,0.0,0.7,0.46153846153846156,0.0,0.8604651162790697,0.4285714285714285,0.41580685101114323,0.0,0.9839816933638444,0.0,0.0,0.25274725274725274,0.20833333333333326,0.0,0.6666666666666666,0.594434306569343,1.0,0.0,0.5714285714285714,0.4736842105263157,1.0,0.0,0.5746150992394732,0.9587901842321176,0.0,1.0,0.1428571428571428,0.0,0.0,0.36363636363636365,0.0,0.0,0.0,0.0,0.0,0.0,0.2857142857142857,qsampled
0.0,0.5757111773712628,0.0,0.5416666666666667,0.0,0.0,0.0011844938980617448,0.0,0.0,0.875,0.0,0.0,0.9452078032230704,0.0,0.0,0.0,0.3846153846153846,0.5769230769230769,0.5789473684210527,0.0,0.4770151636073423,0.0,0.3597977589505329,0.0,0.38739817920459996,0.0,0.4067796610169492,0.0,0.6000000000000001,0.5,0.4370984569765526,0.7735849056603774,0.19999999999999996,0.5794270833333334,0.0,0.6363636363636364,0.0625,0.0,0.4285714285714285,0.0,0.7647058823529412,0.0,0.5789473684210527,0.0,0.9295613477431659,0.0,0.2084115659031167,0.2222222222222222,0.0,0.0,0.32730923694779124,0.0,0.27001969149983596,0.0,0.4522144522144521,0.0,0.0,0.06382978723404265,0.9156623866076515,0.3156498039590705,0.8949262324577186,0.9089100154764537,0.6231884057971014,0.36397058823529416,1.0,0.0,0.77814467823683,0.0,1.0,0.8918104768712346,1.0,1.0,0.0,0.0,0.4662379421221865,0.6096169519152405,0.0,0.7368421052631579,0.0,1.0,0.0,0.0,0.0,0.0,0.7916666666666666,0.0,0.6330545991146089,0.0,0.0,0.43615102507064263,0.0,0.0,0.5476190476190477,0.0,0.0,0.8722823840621642,0.0,0.0935828877005348,0.0,0.03650586701434144,0.641025641025641,0.0,0.7333333333333334,0.33333333333333326,0.0,0.0,0.0,0.3164852255054432,0.0,0.28925254312251214,0.0,0.0,1.0,0.4810350939383198,0.0,0.8,0.24758907725104062,0.0,0.7777777777777778,0.0,0.36363636363636365,0.36363636363636365,0.0,0.8861646234676007,0.0,0.8125,0.4274376417233561,0.25352112676056326,0.0,0.4,0.5416666666666667,0.5652173913043479,0.3267511177347242,0.7707736389684814,0.23076923076923073,0.0,0.0,0.7476635514018692,0.0,0.0,0.7789541918755403,1.0,0.64298490377048,1.0,0.86,0.4935536362498435,0.44444444444444453,0.09999999999999987,0.0,0.854220600769482,0.0,0.09542314335060453,0.9803921568627451,0.7320261437908497,0.0,0.0,0.0,0.5470488123720494,0.6666666666666667,0.15983714210664557,0.6875,0.0,0.7341772151898733,0.0,0.0,0.0,0.0,0.9130434782608696,0.0,0.5384615384615385,0.0,0.0,0.625,0.0,0.0,0.4516295913088464,0.0,0.0,0.5420560747663552,0.0,0.0,0.5,0.3916317991631799,0.7719298245614035,1.0,0.0,0.6134751773049645,0.0,0.0,0.0,0.8025531914893618,0.2857142857142857,0.43801652892561993,0.0,1.0,0.0,0.09629629629629632,0.0,0.75,0.06666666666666665,0.19999999999999996,0.33333333333333337,0.0,0.0,0.5,0.0,0.8666666666666667,0.0,0.0,0.0,0.8391812865497076,0.0,0.5714285714285714,0.0,0.46153846153846156,0.0,0.4186046511627908,0.0,0.11019397441188616,0.0,0.0,0.0,0.0,0.0,0.8378378378378378,0.0,0.8666666666666667,0.8,1.0,0.5,0.5714285714285714,0.0,0.0,0.0,0.45963418904722153,0.866935183113299,0.06929133858267733,1.0,0.0,0.0,0.46193501978180085,0.36363636363636365,0.0,1.0,0.0,0.7777777777777778,0.0,0.0,0.2857142857142857,qsampled
0.0,0.0,0.8974358974358975,0.896551724137931,0.0,0.0,0.0,0.0,0.6275288897718618,0.0,0.0,0.8424289008455035,0.0,0.0,0.3301791880795063,0.0,1.0,0.8958333333333334,0.8518518518518519,0.0,0.0,0.7692307692307692,0.01439024390243926,0.0,0.0,0.0,0.0,0.9090909090909091,0.0,1.0,0.16960588866738258,0.0,0.19999999999999996,0.10654239766081874,0.44067796610169496,0.0,0.0,1.0,0.0,0.0,0.17647058823529416,0.8954545454545455,0.0,0.9761273209549072,0.27654320987654313,0.7894736842105263,0.24225865209471764,0.5555555555555556,0.8369565217391304,0.37285223367697595,0.0,0.22309197651663393,0.7016317016317017,0.0,0.0,0.0,0.4285714285714285,0.0,0.0,0.0,0.49238045191802426,0.0,0.5520565552699229,0.728,1.0,0.0,0.8003419702748915,0.0,1.0,0.0,0.9075144508670521,0.0,0.0,0.75,0.0,0.1990163777873275,0.8257634077495509,0.7368421052631579,0.0,0.0,0.0,0.0,0.09090909090909094,0.0,0.0,0.9090909090909091,0.9166666666666666,0.0,0.0,0.0,0.0,0.6206896551724137,0.75,0.0,0.7391304347826086,0.0,0.0,0.6453900709219857,0.0,0.9318479685452162,0.926829268292683,0.6758409785932722,0.0,0.3076923076923076,0.8148148148148148,0.875,0.0,0.0,0.0,0.0,1.0,1.0,0.0,0.05714854639585809,0.0,0.6666666666666666,0.16484742251613427,0.2857142857142856,0.0,0.0,0.36363636363636365,0.36363636363636365,0.0,0.3479859210011733,0.7857142857142857,0.0,1.0,0.323943661971831,0.0,0.09999999999999998,0.5,0.6695156695156695,0.3267511177347242,0.019002375296912066,0.23076923076923073,0.33333333333333326,0.0,0.0,0.0,0.33333333333333326,0.0,0.0,0.0,1.0,0.8620689655172413,0.8084866691701089,0.8666666666666667,0.09999999999999987,0.0,0.854220600769482,0.0,0.8950859210129636,0.0,0.9673202614379085,0.0,0.0,0.0,0.5469748168611104,0.3060314314030863,0.3660842939481267,0.6875,0.0,0.0,0.0,0.0,0.08333333333333337,0.0,0.0,0.8823529411764706,0.5384615384615385,0.0,0.0,0.0,0.0,0.7808219178082192,0.0,0.0,0.8461538461538461,0.5,0.0,0.4779411764705883,0.5,0.6406067677946325,0.3846153846153846,0.0,0.0,0.7096491228070175,0.6666666666666667,0.20512820512820518,0.0,0.0,0.2857142857142857,0.08333333333333326,0.8888888888888888,0.0,0.0,0.10799999999999998,0.7777777777777778,0.011080332409972193,0.06666666666666665,0.0,0.33333333333333337,1.0,0.0,0.5,0.0,0.09090909090909094,0.4,0.4,0.1333333333333332,0.0,0.8148148148148149,1.0,1.0,0.9743589743589743,0.5,0.0,0.0,0.9019607843137255,0.0,0.25778863775198524,0.0,1.0,0.6243116185359301,0.22972972972972971,0.13062193854831516,0.26923076923076916,0.0,0.0,0.0,0.5714285714285714,0.0,0.46153846153846156,0.0,0.53431189926235,0.8853415358506577,0.875,0.0,0.0,0.23809523809523803,0.6360148663229829,0.6666666666666667,0.07487246173852169,1.0,0.0,0.0,0.0,0.0,0.3571428571428571,qsampled
0.0,0.0,0.8974358974358975,0.5416666666666667,0.0,0.0,0.0,0.0,0.0,0.0,0.0,0.0,0.9062857142857143,0.0,0.3296897517470161,0.890625,0.0,0.0,0.0,0.4269311064718164,0.33830599197105615,0.0,0.3597977589505329,0.0,0.0,0.0,0.0,0.5909090909090908,0.8,0.0,0.4447361512207929,0.0,0.85,0.0,0.9491525423728814,0.0,0.0625,0.25,0.0,0.0,0.0,0.8796992481203008,0.052631578947368474,0.6168032786885247,0.0,0.7935483870967742,0.5080736012016522,0.0,0.41050518568082983,0.1872852233676976,0.0,0.09714285714285709,0.7016317016317017,0.5,0.08209375251266393,0.0,0.0,0.6985740437421717,0.6537534510714755,0.45650228844764107,0.4148974451241453,0.6178334106011436,0.9601542416452442,0.0,0.0,0.0,0.0,0.8415841584158416,0.4,0.355342075836129,0.0,0.0,0.0,0.0,0.0,0.1990163777873275,0.8257634077495509,0.0,0.0,1.0,0.0,0.0,0.0,0.0,0.0,1.0,0.6156472684085511,0.0,0.0,0.533561337339385,0.0,0.0,1.0,0.0,0.0,0.8854205960015088,0.0,0.15736360769473345,0.8878540939076446,0.0,0.0,0.05810397553516822,0.3999999999999999,0.5,0.0,0.0,0.0,0.0,0.0,0.16909331568497699,0.2500000000000001,1.0,0.0,0.44563918757467125,0.0,1.0,0.0,1.0,0.0,0.11975223675154845,0.36363636363636365,0.36363636363636365,0.0,0.0,0.9067405355493998,0.0625,0.5909090909090908,0.0,1.0,0.8,0.0,0.53376,0.20603576751117725,0.30080213903743314,0.5,0.33333333333333326,0.25,0.5015576323987538,0.0,0.0,0.925328330206379,0.9024959415584415,0.675607419663851,0.0,0.5517241379310345,1.0,0.0,0.9,0.0,0.0,1.0,0.8166969147005445,0.02164804469273729,0.0,0.0,0.0,0.0,0.5717856428714256,0.34659090909090917,0.38198198198198186,0.0,0.0,0.7341772151898733,0.0,0.0,0.0,0.0,0.0,0.8823529411764706,0.5384615384615385,0.0,0.0,0.625,0.0,0.0,0.0,0.0,0.0,0.0,0.0,0.68,1.0,0.0,0.0,0.0,0.6,0.0,0.0,0.0,0.0,0.0,0.2857142857142857,0.0,0.6666666666666667,0.8,0.0,0.64881192106323,0.553191489361702,0.6506849315068493,0.0,0.6,0.33333333333333337,0.0,0.0,0.5,0.0,0.8,0.4285714285714285,0.4,0.0,0.4444444444444444,0.7407407407407407,0.7142857142857143,0.7,0.2564102564102564,0.9523809523809523,0.0,0.04761904761904756,0.9019607843137255,1.0,0.3549175320708613,0.0,0.0,0.22931937172774852,0.0,0.0,0.6666666666666666,0.6202192448233861,0.8477564102564102,0.0,0.0,0.0,0.0,0.92,0.0,0.0,0.0,0.0,0.0,0.0,0.6360148663229829,0.0,0.20402481464669375,0.0,0.0,0.7777777777777778,0.0,0.0,0.2857142857142857,qsampled
0.0,0.0,0.0,0.896551724137931,0.0,0.0,0.6341584403988294,0.0,0.0,0.875,0.8339135799748805,0.0,0.8465885307660108,0.0,0.33024380962735445,0.0,1.0,0.0,1.0,0.0,0.2957850414550506,0.33333333333333326,0.01439024390243926,0.0,0.3871289897335518,0.27295597484276723,1.0,0.0,0.0,0.5,0.7976035425892158,0.2727272727272728,0.4,0.0,0.0,0.0,0.0,1.0,0.25,0.6428571428571428,0.0,0.8954545454545455,0.8947368421052632,0.8620689655172413,0.0,0.0,0.9001821493624772,0.33333333333333337,0.8369565217391304,0.0,0.0,0.1585127201565557,0.0,0.0,0.09198672356567095,0.0,0.4285714285714285,0.29251372964640143,0.0,0.671100175505007,0.8928072625698324,0.0,0.9601542416452442,0.0,1.0,0.0,0.0,0.0,0.4,0.0,1.0,0.0,0.206896551724138,0.0,0.4375,0.0,0.0,0.0,0.0,0.0,0.0,0.0,0.0,0.0,0.0,0.0,0.9136442141623489,0.0,0.0,0.5560319745183915,0.0,0.0,0.0,1.0,0.0,0.8606464950197331,0.0,0.6453900709219857,0.0,0.9398340248962656,0.0,1.0,0.0,0.0,0.14814814814814825,0.875,0.0,0.3164852255054432,0.7272727272727273,1.0,0.0,1.0,1.0,0.44907407407407407,0.0,0.6,0.0,0.0,0.11111111111111105,0.0,0.8636363636363636,0.0,0.75,0.0,0.5570175438596492,0.9375,0.9251700680272109,0.0,0.0,0.9,0.5833333333333333,0.68512,0.0,0.30080213903743314,0.23076923076923073,0.0,0.0,1.0,0.0,0.33333333333333326,0.5592870544090056,0.0,0.8974744222651498,1.0,0.12,1.0,0.0,0.09999999999999987,0.0,0.37038689172289085,0.0,0.13053964425685882,0.0,0.7320261437908497,0.0,0.375,0.0,0.0,0.0,0.0,0.0,0.0,0.0,0.0,0.0,0.0,0.0,0.0,0.0,0.5384615384615385,0.0,0.0,0.625,0.0,0.0,1.0,0.7931413900605171,0.0,0.0,0.0,0.68,0.5,0.6406067677946325,0.5641025641025641,0.5,0.0,0.0,0.75,0.20512820512820518,0.0,0.8025531914893618,0.0,1.0,0.0,0.0,0.0,0.702152414194299,0.0,0.510958904109589,0.0,0.19999999999999996,0.0,0.0,0.75,0.0,0.0,0.8,0.4,0.8,1.0,0.4444444444444444,0.0,1.0,0.19999999999999996,0.9743589743589743,0.5,0.0,0.0,0.0,0.0,0.049342105263158076,0.0,1.0,0.20675803402646487,0.22972972972972971,0.13703048590157096,0.8666666666666667,0.0,0.8477564102564102,0.0,0.5714285714285714,0.0,0.9375,0.0,0.0,0.6066606996345192,0.12440944881889782,0.0,0.1428571428571428,0.0,0.0,0.6666666666666667,0.0,0.0,0.0,0.0,0.0,0.0,0.2857142857142857,qsampled
0.0,0.0,0.0,0.0,0.0,0.5,0.0,0.0,0.0,0.0,0.0,0.0,0.0,0.0,0.309276240379892,0.0,0.33333333333333326,0.0,0.0,0.0,0.32422057374072744,0.7692307692307692,0.01439024390243926,0.0,0.0,0.0,0.0,0.5909090909090908,0.8,0.0,0.6115626437662937,0.0,0.0,0.9412420974339903,0.44067796610169496,0.9090909090909091,0.0,0.2222222222222222,0.25,0.0,0.368421052631579,0.8954545454545455,0.0,0.2822361546499478,0.3361599371033863,0.7935483870967742,0.0,0.33333333333333337,0.8526993207007508,0.37285223367697595,0.924074074074074,0.22309197651663393,0.062359066868927004,0.0,0.267191011235955,0.0,0.0,0.0,0.7453645646721605,0.0,0.3731688511950656,0.8964941569282137,0.5714285714285714,0.0,0.1250000000000001,0.7407407407407407,0.04498224385111127,0.0,1.0,0.0,0.6416184971098267,0.0,0.206896551724138,0.75,1.0,0.0,0.31181477698331617,0.0,0.0,0.0,1.0,0.0,0.0,0.0,0.0,0.0,0.0,0.0,0.0,0.0,0.0,0.0,0.75,0.0,0.0,0.0,0.0,0.6153846153846154,0.0,0.27260812581913496,0.0,0.0,0.0,0.5,0.8148148148148148,0.875,0.0,0.0,0.0,0.0,0.2500000000000001,1.0,0.0,0.816358024691358,1.0,1.0,0.9810777457836282,0.2857142857142856,0.8888888888888888,0.0,0.0,0.0,0.0,0.6632149115819659,0.7857142857142857,0.0,0.0,0.323943661971831,0.9333333333333333,0.0,0.5833333333333333,0.6842105263157895,0.3267511177347242,0.0,0.23076923076923073,0.2777777777777777,0.0,0.0,0.0,0.0,0.0,0.75,0.0,1.0,0.82,0.0,0.0,0.0,0.75,0.0,0.0,0.9775208297908519,0.0,0.7320261437908497,0.0,0.375,0.0,0.9644821547492786,0.3060314314030863,0.36692206485566137,0.0,0.0,0.0,0.9395914819643634,0.0,0.0,0.0,0.0,0.0,0.0,0.0,0.6000000000000001,0.0,0.0,0.0,0.0,0.0,0.0,0.5,0.0,0.4779411764705883,0.5,0.0,0.5641025641025641,0.0,0.0,0.7083333333333333,0.6666666666666667,0.20512820512820518,0.0,0.0,0.2857142857142857,0.08333333333333326,0.6666666666666667,0.8,0.0,0.7547999999999999,0.7777777777777778,0.0,0.7666666666666666,0.0,1.0,1.0,0.5,0.0,0.0,0.13636363636363635,0.4,0.4,0.0,0.0,0.7407407407407407,0.0,0.19999999999999996,0.9743589743589743,0.5,1.0,0.0,0.42105263157894735,0.0,0.25778863775198524,0.0,0.0,0.6243116185359301,0.918918918918919,0.13062193854831516,0.3846153846153846,0.8984375,0.6774193548387097,0.0,0.4285714285714286,0.75,0.0,0.0,0.4613965744400528,0.8922269019566029,0.30000000000000004,0.0,0.1428571428571428,0.23809523809523803,0.984174559405347,0.6666666666666667,0.6377913374012205,0.0,0.0,0.0,0.8095238095238095,0.0,0.2857142857142857,qsampled
0.7391304347826086,0.0,0.0,0.0,0.6920009030024832,0.0,0.1715690527838034,0.0,0.6246575342465753,0.0,0.0,0.0,0.9053059254193652,0.0,0.0,0.19999999999999996,0.3846153846153846,0.0,0.5789473684210527,0.8837209302325582,0.4873486494877367,0.0,0.3597977589505329,0.0,0.3871289897335518,0.0,0.4067796610169492,0.0,0.0,1.0,0.11815252416756161,0.2727272727272728,0.4,0.5794270833333334,0.0,0.0,0.0,0.2222222222222222,0.25,0.0,0.4117647058823529,0.0,0.0,0.2886221294363256,0.6770502225047679,0.32357723577235775,0.0,0.33333333333333337,0.8342407743496673,0.19408181026979976,0.6153846153846154,0.0,0.7585102122547056,0.5,0.0,0.0,0.0,0.0,0.0,0.0,0.8858595194085028,0.6514930808448651,0.4130434782608695,0.0,1.0,0.5555555555555556,0.0,0.0,1.0,0.8071058249466301,0.7976878612716763,0.7000000000000001,0.206896551724138,0.75,1.0,0.0,0.8461695607763023,0.0,0.0,0.7977977977977978,0.0,0.0,0.0,0.8656716417910448,0.0,0.0,0.0,0.7706611570247934,0.0,0.5153950154332797,0.0,0.6206896551724137,0.75,0.0,0.0,0.8705214433675166,0.0,0.0935828877005348,0.7783251231527093,0.20761245674740492,0.0,0.0,0.3999999999999999,0.33333333333333326,0.0,0.0,0.0,0.2801449025357944,0.0,0.0,0.0,1.0,0.0,0.0,0.39624432957062994,0.6,0.24758907725104062,0.0,0.11111111111111105,0.0,0.0,0.0,0.0,0.35799005228924885,0.1923076923076923,0.0,0.0,0.0,0.20000000000000007,0.09999999999999998,0.5833333333333333,0.6868231046931408,0.19616788321167877,0.3076923076923076,0.5,0.4444444444444444,0.25,0.0,0.0,0.0,0.0,0.0,0.0,0.0,0.0,0.8084866691701089,0.0,0.09999999999999987,0.75,0.28298908162783,0.0,0.9736614853195165,0.8219743907476249,0.9673202614379085,0.0,0.375,0.0,0.5403669266146771,0.0,0.33182295770948245,0.0,0.0,0.7341772151898733,0.0,0.0,0.0,0.6842105263157895,0.0,0.0,0.0,1.0,0.0,0.9090909090909091,0.0,0.7732696897374701,0.0,0.0,0.0,0.0,0.0,0.0,0.29999999999999993,1.0,0.0,1.0,1.0,0.0,0.0,0.0,0.0,0.8025531914893618,0.2857142857142857,0.3403543965229019,0.0,0.0,0.0,0.4745575221238938,0.43673469387755093,0.5055401662049861,0.06666666666666665,0.19999999999999996,0.0,0.0,0.5,0.0,0.0,0.09090909090909094,0.0,0.4,0.8235294117647058,0.6370439663236669,0.37037037037037046,0.5714285714285714,0.19999999999999996,0.9743589743589743,0.9523809523809523,0.0,0.09999999999999998,0.0,1.0,0.3928571428571429,0.0,0.0,0.2625416468348406,0.22972972972972971,0.16586345381526102,0.6923076923076923,0.6197355533790402,0.0,0.0,0.5714285714285714,1.0,0.9375,0.0,0.009158742558521782,0.0,0.0,1.0,0.1428571428571428,0.23809523809523803,0.46193501978180085,0.0,0.07487246173852169,0.0,0.0,0.7777777777777778,0.0,0.0,0.2857142857142857,qsampled
0.0,0.0,0.0,0.0,0.0,0.0,0.0,0.0,0.6275288897718618,0.875,0.0,0.0,0.0,0.0,0.0,0.0,0.0,0.0,0.0,0.0,0.0,0.0,0.40731707317073185,0.0,0.8941897762799951,0.0,0.0,0.0,0.0,0.0,0.7974975304576886,0.0,0.0,0.0,0.9491525423728814,0.0,0.0,0.25,0.0,0.0,0.5882352941176471,0.0,0.4736842105263158,0.7161803713527852,0.27654320987654313,0.0,0.24225865209471764,0.0,0.0,0.0,0.0,0.1585127201565557,0.0,0.0,0.6094515568199779,0.0,0.0,0.0,0.6576048011465425,0.0,0.7635840230298668,0.27963272120200344,0.0,0.0,1.0,0.7407407407407407,0.0,0.0,0.4,0.0,0.0,0.0,0.206896551724138,0.75,0.0,0.0,0.0,0.0,0.0,0.0,0.0,0.0,0.09090909090909094,0.0,0.0,0.0,0.0,0.0,0.0,0.0,0.0,0.6206896551724137,0.0,0.0,0.0,0.0,0.0,0.11550151975683876,0.0,0.0,0.0,0.0,0.0,0.3076923076923076,0.0,0.0,1.0,1.0,0.0,0.0,0.0,1.0,0.0,1.0,0.0,1.0,0.0,1.0,0.11111111111111105,0.0,0.36363636363636365,0.0,0.0,0.66929996089167,0.0,0.6875,0.5909090909090908,0.323943661971831,0.7142857142857143,0.09999999999999998,0.0,0.0,0.0,0.30080213903743314,0.23076923076923073,0.2777777777777777,0.0,0.75,0.0,0.0,0.0,0.9024959415584415,0.0,1.0,0.5517241379310345,0.0,0.0,0.09999999999999987,0.75,0.37038689172289085,0.0,0.13053964425685882,0.0,0.0,0.0,0.375,0.0,0.5469748168611104,0.0,0.09257925072046125,0.0,0.0,0.0,0.0,0.0,0.08333333333333337,0.0,0.0,0.0,0.0,0.0,0.0,0.0,0.0,0.7161520190023754,1.0,0.0,0.0,0.5,0.0,0.0,0.5,0.21120186697782972,0.5641025641025641,0.6785714285714286,0.0,0.27243589743589736,0.0,0.0,0.0,0.5497872340425533,0.2857142857142857,0.2500000000000001,0.0,0.0,0.0,0.64881192106323,0.0,0.0,0.0,0.0,0.0,0.0,0.0,0.0,0.0,0.6666666666666667,0.0,0.0,0.0,0.0,0.0,1.0,0.7,0.46153846153846156,0.5,0.0,0.0,0.42013364949342535,0.0,0.7532894736842106,0.0,0.0,0.6243116185359301,0.0,0.055457288523566683,0.8666666666666667,0.5564784053156147,0.35096153846153844,0.0,0.5714285714285714,0.75,0.09230769230769231,0.0,0.0,0.6066606996345192,0.0,0.0,0.1428571428571428,0.23809523809523803,0.6360148663229829,0.0,0.0,0.0,0.0,0.0,0.0,0.0,0.3571428571428571,qsampled
0.0,0.0,0.8974358974358975,0.0,0.0,0.0,0.0,0.0,0.6275288897718618,0.0,0.0,0.0,0.0,0.0,0.5235337303205807,0.703125,1.0,0.0,0.22222222222222232,0.42592592592592593,0.6710822625513313,0.33333333333333326,0.4007317073170732,0.0,0.0,0.02626262626262632,0.96,0.31818181818181823,0.4,1.0,0.16960588866738258,0.2727272727272728,0.19999999999999996,0.8989400584795322,0.0,0.6363636363636364,0.0625,0.25,0.4285714285714285,0.6428571428571428,0.5882352941176471,0.0,0.052631578947368474,0.8620689655172413,0.0,0.32357723577235775,0.9001821493624772,0.8888888888888888,0.919705587152894,0.0,0.9175925925925926,0.4461839530332681,0.34992038216560506,0.0,0.6094515568199779,0.6428571428571428,0.0,0.0,0.0,0.45650228844764107,0.0,0.624284806102988,0.0,0.6136363636363636,0.375,0.2592592592592592,0.0,0.0,1.0,0.0,0.8333333333333334,0.0,0.206896551724138,0.0,1.0,0.574712643678161,0.8461695607763023,0.7368421052631579,1.0,0.0,0.0,0.0,0.09090909090909094,0.0,0.0,0.9090909090909091,0.0,0.0,0.0,0.0,0.0,0.6206896551724137,0.75,0.0,0.0,0.0,0.0,0.0,0.5398230088495575,0.9398340248962656,0.0,0.0,0.3999999999999999,0.33333333333333326,0.14814814814814825,1.0,1.0,0.0,0.75,0.9726663228468283,0.2500000000000001,0.5,0.0,0.07002314814814825,0.39624432957062994,0.6666666666666666,0.9200734643901776,0.0,0.7777777777777778,0.12137780207763815,0.36363636363636365,0.36363636363636365,0.75,0.6513426736719206,0.3571428571428571,0.0625,0.9166666666666666,0.0,0.20000000000000007,0.9,0.9583333333333334,1.0,0.27193315609570823,1.0,0.0,0.7142857142857142,0.0,0.8695652173913043,0.7777777777777778,0.0,0.0,0.0,0.650750037130551,0.6237113402061856,0.0,0.0,0.33333333333333326,0.8,0.25,0.37038689172289085,0.0,1.0,0.0,0.9673202614379085,0.0,0.375,0.0,0.0,0.7735804786485219,0.4422258339137839,0.6875,0.9877782274382841,0.0,0.0,0.0,0.08333333333333337,0.0,0.0,0.8823529411764706,0.0,0.0,0.0,0.0,0.0,0.7732696897374701,0.0,0.0,0.0,0.5,0.0,0.888888888888889,1.0,0.6406067677946325,0.5641025641025641,1.0,0.6,0.0,0.75,0.46153846153846156,0.0,0.0,0.0,0.10493827160493818,0.33333333333333337,0.6,0.0,0.013961605584642323,1.0,0.011080332409972193,0.033333333333333326,0.19999999999999996,0.33333333333333337,0.0,0.0,0.5,0.0,0.13636363636363635,0.0,0.4,1.0,0.4629629629629629,0.37037037037037046,1.0,0.8,0.5128205128205128,0.5,0.905511811023622,0.9,0.4024390243902439,0.0,0.0,0.4,0.0,0.5111058601134215,0.74,0.0,0.0,0.5842391304347826,0.35096153846153844,0.5,0.5714285714285714,0.26315789473684204,0.9375,0.0,0.9320467923403621,0.8853415358506577,0.0,0.0,0.1428571428571428,0.0,0.0,1.0,0.07487246173852169,1.0,1.0,0.0,0.0,0.0,0.3571428571428571,qsampled
0.0,0.0,0.0,0.0,0.0,0.0,0.0,0.0,0.6868760369065984,0.0,0.798682883791278,0.0,0.0,0.0,0.27211573236889697,0.19999999999999996,0.3846153846153846,0.5769230769230769,0.0,0.0,0.0,0.0,0.40803498223558343,0.0,0.5554667838453242,0.9739837398373984,0.4067796610169492,0.0,0.0,1.0,0.16698526931294277,0.0,0.35,0.0,0.0,0.6363636363636364,0.0625,0.0,0.7142857142857142,0.0,0.4117647058823529,0.8796992481203008,0.4736842105263158,0.0,0.27654320987654313,0.0,0.0,0.5555555555555556,0.0,0.8797250859106529,0.0,0.0,0.0,0.0,0.08649456949472711,0.0,0.4285714285714285,0.17220229140145815,0.4042457900394124,0.0,0.0,0.0,0.0,0.0,1.0,0.5555555555555556,0.0,0.0,1.0,0.3557643214541001,0.7976878612716763,0.09999999999999998,0.0,0.75,1.0,0.6091954022988506,0.0,0.0,0.0,0.0,0.5,0.0,0.0,0.0,0.0,0.0,0.0,0.0,0.0,0.0,0.0,0.6206896551724137,1.0,0.8282208588957055,0.0,0.0,0.0,0.0,0.8878540939076446,0.20761245674740492,0.641025641025641,0.03615235635894121,0.0,0.3076923076923076,0.0,1.0,1.0,0.7026047955839227,1.0,0.0,0.0,1.0,0.0,0.0,0.0,0.0,0.0,0.0,0.7777777777777778,0.11095603628750872,0.0,0.8636363636363636,0.0,0.3523058960887332,0.3571428571428571,0.6875,0.3765743073047859,0.323943661971831,0.0,0.09999999999999998,0.5,0.0,0.7894932935916542,0.6310679611650486,0.5,0.33333333333333326,0.0,1.0,0.0,0.33333333333333326,0.5689915458937198,0.6417522583838634,0.0,0.6964285714285714,0.12,0.0,0.0,0.09999999999999987,0.75,0.37038689172289085,0.0,0.8540587219343696,0.7777777777777778,0.9673202614379085,0.0,0.0,0.0,0.5403669266146771,0.6695979899497488,0.0,0.0,0.0,0.0,0.9363360762234734,0.0,0.0,0.0,0.0,0.0,0.0,0.0,0.0,0.0,0.0,0.8145539906103286,0.0,0.7855769230769231,0.0,1.0,0.0,0.4779411764705883,1.0,0.3916317991631799,0.5641025641025641,0.0,0.0,0.7574750830564785,0.0,0.46153846153846156,0.0,0.27543314082629944,0.8571428571428572,0.3403543965229019,0.0,0.0,0.0,0.0,0.5602409638554215,0.2119113573407203,0.0,0.19999999999999996,0.33333333333333337,1.0,0.5,0.75,0.0,0.09090909090909094,0.4285714285714285,0.0,0.1333333333333332,0.0,0.0,0.5714285714285714,1.0,0.46153846153846156,0.2857142857142857,0.0,1.0,0.0,0.0,0.049342105263158076,0.0,1.0,0.2625416468348406,0.04166666666666652,0.13062193854831516,0.0,0.0,0.5868613138686132,0.0,0.5714285714285714,1.0,0.9375,0.0,0.44856516859936946,0.3499226955270033,0.7360594795539034,0.0,0.0,0.23809523809523803,0.46193501978180085,0.6666666666666666,0.14121736520956307,0.0,0.0,0.0,0.8095238095238095,0.0,0.2857142857142857,qsampled
0.0,0.0,0.0,0.0,0.0,0.5,0.8269625209770651,0.0,0.6227946712055253,0.0,0.0,0.0,0.8465885307660108,0.0,0.9291948772330533,0.0,0.33333333333333326,0.9583333333333334,0.22222222222222232,0.4269311064718164,0.0,0.0,0.01439024390243926,0.0,0.8941510966693745,0.0,0.96,0.0,0.4,0.0,0.0,0.7547169811320755,0.4,0.0,0.0,0.0,0.0625,0.0,0.0,0.6428571428571428,0.0,0.9409090909090909,0.4736842105263158,0.0,0.8204027731924728,0.3290322580645161,0.9001821493624772,0.33333333333333337,0.0,0.37285223367697595,0.934643995749203,0.0,0.062359066868927004,0.0,0.07654736167827703,0.0,0.0,0.6985740437421717,0.0,0.5923466051825597,0.0,0.0,0.9601542416452442,0.3402777777777778,1.0,0.5555555555555556,0.0,0.8415841584158416,0.4,0.0,0.0,0.9516878290492412,0.0,0.18518518518518512,1.0,0.6636263261485287,0.5707865168539326,0.0,0.0,0.0,0.0,0.0,0.09090909090909094,0.0,0.0,0.0,0.0,0.0,0.0,0.5745908119345298,0.0,0.6206896551724137,0.75,0.0,0.0,0.8808091004387156,0.0,0.9608240459304289,0.0,0.27260812581913496,0.9512195121951219,0.02786779001944273,0.3999999999999999,0.0,0.0,0.875,0.0,1.0,0.0,0.9730005094243505,0.0,1.0,0.0,0.0,0.5650406504065042,0.6,0.0,0.0,0.11111111111111105,0.12137780207763815,0.36363636363636365,0.0,0.75,0.0,0.6198541519642438,0.6875,0.4274376417233561,0.971830985915493,0.20000000000000007,0.9,0.5833333333333333,0.0,0.3267511177347242,0.9665775401069518,0.0,0.7142857142857142,0.0,0.5121951219512195,0.0,0.0,0.925328330206379,0.0,0.5628532589253774,0.6237113402061856,0.12,1.0,0.33333333333333326,0.09999999999999987,0.75,0.0,1.0,0.8166969147005445,0.0,0.0,0.9529372496662216,0.0,0.0,0.0,0.7735804786485219,0.05611020818822099,0.0,0.0,0.0,0.0,0.0,0.5,0.0,0.0,0.0,0.0,0.0,0.6000000000000001,0.9090909090909091,0.0,0.4385964912280701,0.0,0.0,0.0,0.0,0.0,1.0,0.5,0.0,0.641025641025641,1.0,0.6,0.27243589743589736,0.0,0.20512820512820518,0.0,0.5497872340425533,0.2857142857142857,0.517857142857143,0.0,0.4,0.0,0.0,0.0,0.510958904109589,0.0,0.19999999999999996,0.0,0.0,0.0,0.0,0.0,0.8,0.028571428571428692,0.0,0.1333333333333332,0.6849415204678363,0.37037037037037046,1.0,0.19999999999999996,0.46153846153846156,0.5,1.0,0.4285714285714285,0.41580685101114323,0.0,0.3549175320708613,0.0,0.0,0.24692816635160675,0.22972972972972971,0.896784933929872,0.0,0.0,0.8477564102564102,0.5,0.5714285714285714,0.4736842105263157,1.0,0.92,0.0,0.6062402269173425,0.0,1.0,0.0,0.23809523809523803,0.0,1.0,0.06082614616432114,0.0,0.0,0.0,0.0,0.0,0.0,qsampled
0.0,0.0,0.0,0.896551724137931,0.0,0.0,0.4998798365777457,0.0,0.0,0.875,0.0,0.0,0.0,0.0,0.30623718887262097,0.734375,1.0,0.0,0.22222222222222232,0.0,0.0,0.33333333333333326,0.40731707317073185,0.0,0.6986093350383632,1.0,0.72,0.0,0.0,0.0,0.23938525657723375,0.0,0.35,0.10294117647058831,0.0,0.0,0.0,0.0,0.25,0.0,0.368421052631579,0.9409090909090909,0.4736842105263158,0.4482758620689655,0.0,0.0,0.7049180327868853,0.5555555555555556,0.8907103825136612,0.0,0.9202975557917109,0.8160469667318982,0.27075560657619624,0.0,0.0,0.0,0.0,0.6412244661767259,0.9156623866076515,0.0,0.4025837988826817,0.27963272120200344,0.11904761904761907,0.33333333333333337,0.0,0.7407407407407407,0.952946205445219,0.8415841584158416,0.4,0.0,1.0,0.0,0.0,0.0,0.9421221864951769,0.0,0.31181477698331617,0.0,0.0,0.0,0.0,0.0,0.0,0.0,0.0,0.0,0.9136442141623489,0.0,0.0,0.511599344978166,0.0,0.0,0.0,0.0,0.0,0.0,0.0,0.6153846153846154,0.8544891640866873,1.0,0.0,0.040906230333543125,0.0,0.3076923076923076,0.14814814814814825,0.0,0.0,0.8719750195160031,1.0,0.730816077953715,0.0,1.0,0.0,0.07002314814814825,1.0,0.0,0.18775510204081636,0.0,0.0,0.0,0.0,0.0,0.0,0.7307692307692308,0.9067405355493998,0.6875,0.7528344671201814,0.0,0.0,0.8,0.5,0.6190476190476191,0.0,0.0,0.7692307692307692,0.0,0.0,0.5,0.0,0.0,0.925328330206379,0.5,0.0,0.0,0.0,0.8846153846153846,0.44444444444444453,0.9,0.75,0.9526282669130708,1.0,0.0,0.0,0.7320261437908497,0.0,0.0,0.0,0.9644821547492786,0.3060314314030863,0.36692206485566137,0.0,0.0,0.0,0.0,0.0,0.0,0.0,0.0,0.0,0.5384615384615385,0.0,0.0,0.9090909090909091,0.0,0.0,1.0,0.0,0.0,0.5,0.0,0.68,0.0,0.7432905484247374,0.5641025641025641,1.0,0.0,0.35,0.75,0.0,0.0,0.33319148936170206,0.8571428571428572,0.0,0.0,0.0,0.0,0.10028191703584388,0.0,0.2315068493150686,0.06666666666666665,0.19999999999999996,0.33333333333333337,0.0,0.5,0.0,0.0,0.6666666666666667,0.4285714285714285,0.0,0.5333333333333333,0.4444444444444444,0.0,1.0,1.0,0.9743589743589743,0.5,1.0,0.1428571428571428,0.07894736842105277,0.0,0.3549175320708613,0.0,0.0,0.2260577568838147,0.8378378378378378,0.055457288523566683,0.6666666666666666,0.5564784053156147,0.09677419354838701,0.5,0.0,0.75,0.7384615384615385,0.92,0.0,0.6066606996345192,0.26315789473684204,0.0,0.0,0.0,1.0,0.6666666666666667,0.612643754570232,0.0,0.0,0.0,0.0,0.0,0.2857142857142857,qsampled
0.0,0.0,0.0,0.5416666666666667,0.0,0.0,0.0,0.0,0.0,0.875,0.0,0.0,0.0,0.0,0.8737376109728028,0.0,0.0,0.0,0.0,0.0,0.47550824395709945,0.0,0.030472806777807948,0.0,0.49417637271214654,0.0,0.5593220338983051,0.31818181818181823,0.4,0.5,0.8542674013268863,0.0,0.35,0.0,0.8813559322033898,0.0,1.0,0.0,0.0,0.0,0.8823529411764706,0.5825242718446602,0.0,0.4482758620689655,0.0,0.3157894736842105,0.8333333333333333,0.33333333333333337,0.3897624623619941,0.0,0.6032719836400818,0.3440599515098083,0.0,0.5,0.9205666128743052,0.0,0.0,0.6819096922634456,0.6576048011465425,0.0,0.8635312259059368,0.0,0.0,0.0,1.0,0.2592592592592592,0.779094662792476,0.0,0.35511363636363635,0.9735014806494435,0.0,1.0,0.206896551724138,0.0,0.4375,0.44913830348999084,0.0,0.0,0.0,0.0,0.0,0.0,0.09090909090909094,0.0,0.0,0.0,0.6156472684085511,0.0,0.0,0.0,0.0,0.0,0.5476190476190477,0.0,0.0,0.0,0.0,0.96,0.0,0.0,0.0,0.04831804281345553,0.0,0.33333333333333326,0.0,0.5223880597014926,1.0,0.6774392120652508,0.0,0.7855839416058394,0.2500000000000001,1.0,1.0,0.93512938674229,0.0,0.0,0.9968639749117993,0.8571428571428571,0.0,0.0,0.36363636363636365,0.0,0.0,0.8374927028604787,0.7857142857142857,0.0,0.7455919395465995,0.0,0.20000000000000007,0.09999999999999998,0.5833333333333333,0.8461538461538461,0.3267511177347242,0.019002375296912066,0.0,0.0,0.25,0.9390243902439024,0.0,0.0,0.7207024653833165,0.9024959415584415,0.0,0.0,0.12,0.0,0.0,0.09999999999999987,0.25,0.82698834362208,0.0,0.8950859210129636,1.0,0.0,0.0,0.375,0.0,0.0,0.6666666666666666,0.0,0.0,0.0,0.0,0.0,0.0,0.5,0.0,0.0,0.0,0.5384615384615385,0.0,0.0,0.0,0.0,0.0,0.4516295913088464,0.0,0.0,0.0,0.0,1.0,0.5,0.0,0.7116704805491991,0.0,0.0,0.0,0.0,0.20512820512820518,0.0,0.2148972602739725,0.2857142857142857,0.17352056168505514,0.33333333333333337,0.4,0.0,0.759825327510917,0.2979591836734694,0.5522959183673469,0.033333333333333326,0.0,0.33333333333333337,1.0,0.0,0.0,0.0,0.0,0.4,0.4,0.17647058823529416,0.4444444444444444,0.37037037037037046,0.5714285714285714,0.19999999999999996,0.0,0.0,0.0,0.5,0.0,1.0,0.8947368421052632,0.0,0.0,0.3791208791208792,0.0,0.28210556025966693,0.6923076923076923,0.0,0.35096153846153844,0.0,0.5714285714285714,0.26315789473684204,0.0,0.0,0.11556297532925253,0.32249293597057105,0.4964871194379391,1.0,0.1428571428571428,0.0,0.0,0.36363636363636365,0.460508588750421,0.0,0.0,0.0,0.0,0.0,0.0,qsampled
0.0,0.0,0.0,0.5416666666666667,0.0,0.0,0.0,0.0,0.0,0.0,0.0,0.0,0.0,0.0,0.8048420188756669,0.734375,0.0,0.0,0.0,0.0,0.4873486494877367,0.33333333333333326,0.030472806777807948,0.0,0.0,0.0,0.0,0.31818181818181823,0.4,0.5,0.0,0.0,0.0,0.0,0.44067796610169496,0.6363636363636364,1.0,0.0,0.0,0.6428571428571428,0.4117647058823529,0.0,0.052631578947368474,0.2931034482758621,0.3361599371033863,0.0,0.8333333333333333,0.5555555555555556,0.7989445910290238,0.7007874015748031,0.5301204819277108,0.09714285714285709,0.06178208073514946,0.5,0.0,0.6428571428571428,0.8571428571428571,0.54735883424408,0.0,0.5213015205125753,0.7635840230298668,0.9089100154764537,0.0,0.0,1.0,0.2592592592592592,0.09251991913426105,0.0,0.0,0.9736200060994206,0.0,0.7,0.206896551724138,0.75,1.0,0.0,0.31181477698331617,0.7368421052631579,0.0,0.0,0.9142857142857143,0.0,0.09090909090909094,0.0,0.0,0.0,0.6156472684085511,0.0,0.0,0.0,0.0,0.0,0.0,0.0,0.0,0.0,0.0,1.0,0.8102303787582975,0.0,0.0,0.040777917189460444,0.0,0.33333333333333326,0.14814814814814825,0.5223880597014926,1.0,0.0,0.0,0.17888365837256237,0.2500000000000001,0.5,1.0,0.07002314814814825,0.0,1.0,0.9968639749117993,0.2857142857142856,0.7777777777777778,0.0,0.0,0.36363636363636365,0.75,0.3523058960887332,0.0,0.0625,0.0,0.323943661971831,0.0,0.8,0.5,0.6868231046931408,0.7894932935916542,0.9539918809201624,0.5,0.2777777777777777,0.25,1.0,0.7777777777777778,1.0,0.9360414866032843,0.0,0.8974744222651498,1.0,0.86,0.0,0.0,0.09999999999999987,0.25,0.2829484113103736,0.0,0.09542314335060453,0.9804469273743017,0.0,0.0,0.375,0.0,0.5367647058823529,0.0,0.12007831194257135,0.6875,0.0,0.0,0.9185905224787363,0.0,0.08333333333333337,0.0,0.0,0.0,0.5384615384615385,0.0,0.0,0.0,0.0,0.0,0.0,0.0,0.0,0.0,0.0,1.0,0.0,0.0,0.7116704805491991,0.0,0.0,0.6134751773049645,0.75,0.20512820512820518,0.0,0.0,0.2857142857142857,0.0,0.33333333333333337,0.6,0.0,0.0,0.0,0.29209183673469397,0.033333333333333326,0.0,0.33333333333333337,0.0,0.5,0.5,0.0,0.0,0.0,0.4,0.8235294117647058,0.0,0.0,0.7142857142857143,1.0,0.9743589743589743,0.2857142857142857,1.0,0.04761904761904756,0.41580685101114323,1.0,0.11494252873563238,0.4,0.0,0.15919487648673392,0.20833333333333326,0.07269076305220878,0.8666666666666667,0.8004105839416058,0.5868613138686132,0.0,0.5714285714285714,0.0,0.9375,0.0,0.3749189749794736,0.9587901842321176,0.0,1.0,0.1428571428571428,0.23809523809523803,0.46193501978180085,0.0,0.6423400508706711,1.0,0.0,0.0,0.8095238095238095,0.0,0.3571428571428571,qsampled
0.0,0.0,0.0,0.0,0.0,0.0,0.1739734624350009,0.0,0.0,0.0,0.0,0.0,0.0,0.0,0.0,0.0,0.0,0.5769230769230769,0.0,0.6440501043841336,0.6710822625513313,0.0,0.7815660016397923,0.0,0.3880584890333063,0.8849693251533742,0.0,0.8636363636363636,0.4,0.5,0.0,1.0,0.4,0.7355894384529564,0.0,0.0,0.0,0.2222222222222222,0.7142857142857142,0.0,0.5882352941176471,0.8796992481203008,0.5789473684210527,0.0,0.3361599371033863,0.0,0.009763424708974844,0.2222222222222222,0.3947229551451188,0.1872852233676976,0.0,0.0,0.6213767373211431,0.0,0.8096114049206714,0.0,0.8571428571428571,0.6951671051349508,0.6576048011465425,0.671100175505007,0.7653631284916201,0.44550077382268416,0.9601542416452442,0.9201388888888888,0.1250000000000001,0.2592592592592592,0.08655757761125538,0.0,0.4,0.3557643214541001,0.0,0.0,0.206896551724138,0.75,0.4375,0.44913830348999084,0.31181477698331617,0.0,0.0,0.0,0.0,0.0,0.09090909090909094,0.0,0.0,0.0,0.0,0.0,0.0,0.0,0.0,0.0,1.0,0.0,0.0,0.0,0.0,0.0,0.0,0.0,0.641025641025641,0.04831804281345553,0.7333333333333334,0.84375,0.0,1.0,0.0,0.2791939373062349,1.0,0.17888365837256237,0.75,0.5,1.0,0.11237149946827374,0.875725900116144,0.5,0.7293381402625672,0.0,0.11111111111111105,0.0,0.0,0.8636363636363636,0.0,0.6513426736719206,0.6190476190476191,0.8125,0.4274376417233561,0.323943661971831,0.0,0.0,0.5416666666666667,0.84256,0.20603576751117725,0.30080213903743314,0.23076923076923073,1.0,0.0,0.3292682926829268,0.0,1.0,0.925328330206379,0.9024959415584415,0.8974744222651498,1.0,0.82,1.0,1.0,0.0,0.25,0.0,0.0,0.8166969147005445,0.7647058823529411,0.0,0.0,0.375,0.0,0.0,0.6682608695652175,0.3761253019102686,0.0,0.0,0.0,0.0,0.0,0.5,0.0,0.0,0.0,0.0,0.0,0.0,0.0,0.0,0.0,0.0,0.0,0.0,1.0,0.0,0.0,0.0,0.0,0.5641025641025641,0.0,0.29999999999999993,0.6025641025641025,0.0,0.7948717948717949,0.0,0.814749000444247,0.7142857142857143,0.0,0.8888888888888888,0.6,0.0,0.021033653846153855,0.8617021276595744,0.510958904109589,0.09999999999999998,0.19999999999999996,0.0,0.0,0.5,0.75,0.0,0.6666666666666667,0.028571428571428692,0.0,0.1333333333333332,0.0,0.0,0.4285714285714286,0.0,0.0,0.9523809523809523,0.0,0.0,0.3619479983491539,0.0,0.07147220525351261,0.0,0.0,0.24286889742183204,0.0,0.13703048590157096,0.8666666666666667,0.24948921679909197,0.8477564102564102,1.0,0.4285714285714286,0.26315789473684204,1.0,0.0,0.0,0.0,0.0,0.0,0.1428571428571428,0.23809523809523803,0.0,0.6666666666666666,0.6036314117113026,0.0,0.0,0.0,0.0,0.0,0.0,qsampled
0.0,0.0,0.0,0.0,0.0,0.0,0.0,0.0,0.6273964438263633,0.875,0.0,0.0,0.0,0.0,0.0,0.09999999999999998,0.33333333333333326,0.9583333333333334,0.22222222222222232,0.0,0.0,0.0,0.01439024390243926,0.0,0.3882821064598644,0.0,0.72,0.0,0.0,0.0,0.16960588866738258,0.0,0.35,0.10654239766081874,0.8813559322033898,0.0,0.0625,0.25,0.25,0.0,0.5882352941176471,0.8954545454545455,0.4736842105263158,0.0,0.3023868312757202,0.791869918699187,0.24225865209471764,0.0,0.3897624623619941,0.0,0.924074074074074,0.024461839530332652,1.0,0.0,0.0,0.0,0.0,0.44648118630150235,0.4042457900394124,0.45650228844764107,0.0,0.624284806102988,0.5520565552699229,0.44999999999999996,0.0,0.7407407407407407,0.09251991913426105,0.9603960396039604,1.0,0.0,0.0,0.0,0.206896551724138,0.08695652173913038,0.32797427652733113,0.1990163777873275,0.8257634077495509,0.0,0.0,0.0,0.0,0.0,0.09090909090909094,0.0,0.0,0.0,0.0,0.0,0.0,0.0,0.0,0.6206896551724137,0.0,0.0,0.0,0.0,0.0,0.11550151975683876,0.9557522123893806,0.2406639004149378,0.9512195121951219,0.06190476190476191,0.0,0.3076923076923076,0.0,0.875,0.0,0.2801449025357944,0.0,0.7645693656523982,0.0,1.0,0.0,0.05714854639585809,0.0,0.0,0.16484742251613427,0.8571428571428571,0.0,0.14238952536824878,0.36363636363636365,0.0,0.0,0.66929996089167,0.7857142857142857,0.6875,0.0,0.25352112676056326,1.0,0.09999999999999998,0.0,0.84256,0.0,0.0,0.7692307692307692,1.0,0.0,0.0,0.0,0.0,0.7468297101449275,0.675679788961039,0.675607419663851,0.6237113402061856,0.5517241379310345,0.8084866691701089,0.46666666666666656,0.9,0.75,0.37038689172289085,1.0,0.8950859210129636,0.0,0.0,0.0,0.375,0.0,0.5469748168611104,0.3060314314030863,0.3660842939481267,0.0,0.0,0.0,0.0,0.0,0.5,0.0,0.0,0.0,0.0,0.0,0.0,0.0,0.0,0.8145539906103286,1.0,0.0,0.0,0.5,0.0,0.0,0.0,0.0,0.641025641025641,1.0,0.0,0.7096491228070175,0.0,0.20512820512820518,0.0,0.8025531914893618,0.2857142857142857,0.0,0.0,0.0,0.0,0.10799999999999998,0.7777777777777778,0.2119113573407203,0.06666666666666665,0.0,0.33333333333333337,1.0,0.0,0.0,0.0,0.13636363636363635,0.4,0.0,0.3999999999999999,0.8391812865497076,0.7407407407407407,1.0,0.7,0.0,0.5,1.0,1.0,1.0,0.0,0.25778863775198524,0.0,0.0,0.0,0.05855855855855874,0.0,0.0,0.8205128205128205,0.0,0.5,0.0,0.75,0.09230769230769231,0.88,0.5331640274873022,0.8853415358506577,0.0,0.0,0.1428571428571428,0.23809523809523803,0.6360148663229829,0.6666666666666667,0.07487246173852169,0.0,0.0,0.0,0.0,0.0,0.0,qsampled
0.0,0.0,0.0,0.0,0.0,0.0,0.1591406967705462,0.9112543798177996,0.0,0.0,0.0,0.0,0.9062857142857143,0.0,0.19239430852697292,0.0,0.0,0.0,0.5789473684210527,0.4642857142857143,0.19520335299596403,0.33333333333333326,0.0,0.0,0.0,0.26201923076923084,0.0,0.31818181818181823,0.8,0.5,0.6553426096088213,0.0,0.19999999999999996,0.09374999999999989,0.0,0.0,0.0625,1.0,0.25,0.0,0.4117647058823529,0.0,0.5789473684210527,0.5480167014613779,0.0,0.3290322580645161,0.009763424708974844,0.5555555555555556,0.833389093342255,0.1872852233676976,0.32730923694779124,0.09714285714285709,0.5985804416403786,0.0,0.44398944398944384,0.0,0.0,0.4093720871112617,0.40972435251325656,0.0,0.0,0.0,0.4130434782608695,0.0,0.1250000000000001,0.2592592592592592,0.04963138493944175,0.0,1.0,0.8071058249466301,0.8333333333333334,0.0,0.0,0.75,0.4662379421221865,0.0,0.8461695607763023,0.7368421052631579,0.0,1.0,0.0,0.0,0.0,0.0,0.0,0.0,0.0,0.0,0.0,0.47529418325804473,0.7468354430379747,0.0,0.75,0.0,0.0,0.8900249162299168,0.0,0.0,0.0,0.0,0.0,0.0,0.0,0.5,0.14814814814814825,1.0,0.0,0.0,0.7272727272727273,0.16909331568497699,0.2500000000000001,1.0,1.0,0.816358024691358,0.0,0.8,0.6539437620546137,0.0,0.0,0.13568670711527853,0.36363636363636365,0.0,0.0,0.35799005228924885,0.6269621421975993,0.8125,0.19841269841269848,0.323943661971831,0.20000000000000007,0.0,0.5,0.6868231046931408,0.20603576751117725,0.7707736389684814,0.5,0.0,0.0,0.7476635514018692,0.0,0.0,0.925328330206379,0.6417522583838634,0.0,0.44000000000000006,0.12,0.8084866691701089,0.0,0.0,0.25,0.0,0.0,0.8578813127019215,0.7993482309124768,0.9673202614379085,0.0,0.0,0.0,0.5403669266146771,0.0,0.33182295770948245,0.6875,0.0,0.7341772151898733,0.0,0.0,0.0,0.0,0.0,0.0,0.0,0.0,0.0,0.040983606557377095,0.9545454545454546,0.0,0.0,0.0,0.0,0.0,0.0,0.9423076923076923,0.5,1.0,0.0,1.0,1.0,0.0,0.75,0.3076923076923077,0.0,0.0,0.0,0.0,0.33333333333333337,0.8,0.0,0.2785132382892057,0.0,0.021917808219177992,0.09999999999999998,0.19999999999999996,0.33333333333333337,0.0,0.0,0.0,0.0,0.0,0.028571428571428692,0.0,1.0,0.0,0.37037037037037046,0.4285714285714286,1.0,0.9743589743589743,0.9523809523809523,0.4186046511627908,0.04761904761904756,0.5528455284552845,0.0,0.0,0.0,0.0,0.22931937172774852,0.05855855855855874,0.16586345381526102,0.0,0.0,0.0,0.0,0.4285714285714286,0.0,1.0,0.0,0.45963418904722153,0.7080257463907779,0.27453987730061336,1.0,0.0,0.23809523809523803,0.46193501978180085,0.0,0.20402481464669375,1.0,0.0,0.7777777777777778,0.0,0.0,0.2857142857142857,qsampled
0.0,0.0,0.0,0.0,0.0,0.0,0.03483670295489871,0.0,0.6246575342465753,0.0,0.0,0.0,0.0,0.0,0.5009803529270539,0.0,0.2692307692307693,0.0,0.052631578947368474,0.6046511627906976,0.4770151636073423,0.33333333333333326,0.24517717882063228,0.0,0.24615925882490897,0.13217391304347847,0.5593220338983051,0.31818181818181823,0.4,0.0,0.0770805985823052,0.0,0.33333333333333326,0.625,0.0,0.0,0.0625,0.2222222222222222,0.25,0.0,0.8823529411764706,0.0,0.0,0.5480167014613779,0.0,0.8458904109589042,0.2084115659031167,0.2222222222222222,0.0,0.18728522336769748,0.5301204819277108,0.27428571428571424,0.0,0.5,0.0,0.0,0.0,0.19604557640750653,0.9156623866076515,0.0,0.4025837988826817,0.928450007726781,0.0,0.0,1.0,0.0,0.9870923328457103,0.0,0.0,0.9816859241240585,0.7391304347826086,1.0,0.206896551724138,0.18518518518518512,0.4375,0.0,0.9427639920304293,0.7368421052631579,0.0,0.0,0.0,0.0,0.09090909090909094,0.0,0.0,0.0,0.0,0.0,0.0,0.6197682494425558,0.0,0.6206896551724137,0.75,0.0,0.0,0.0,0.0,0.45285398927783027,0.0,0.1428571428571428,0.0,0.6758409785932722,0.7333333333333334,0.33333333333333326,0.14814814814814825,0.0,0.0,0.23684210526315796,0.7272727272727273,0.7855839416058394,0.2500000000000001,1.0,0.0,0.0,1.0,0.8,0.24522421073798506,0.0,0.0,0.12137780207763815,0.0,0.0,0.0,0.9045571797076526,0.5248176899553046,0.0,0.19841269841269848,0.323943661971831,0.20000000000000007,0.4,0.5416666666666667,0.0,0.20603576751117725,0.9623115577889447,0.0,0.0,0.25,0.0,0.0,0.0,0.5689915458937198,1.0,0.0,0.0,0.86,0.0,0.0,0.9,0.0,0.9690004788374659,0.0,0.0,0.8022935779816514,0.7320261437908497,1.0,0.375,0.0,0.2585297221245162,0.0,0.7635951661631419,0.6875,0.0,0.0,0.0,0.0,0.08333333333333337,0.0,0.0,0.0,0.0,0.0,0.0,0.9090909090909091,0.0,0.7400932400932401,0.0,0.0,0.0,0.5,0.0,1.0,0.5,0.0,0.0,0.09278350515463918,0.0,0.6025641025641025,0.75,0.0,0.0,0.673154906731549,0.0,0.17352056168505514,0.33333333333333337,0.4,0.0,0.13594704684317727,0.0,0.0,0.06666666666666665,0.0,0.33333333333333337,0.0,0.5,0.0,0.0,0.0,0.7428571428571429,0.4,1.0,0.0,0.37037037037037046,0.5714285714285714,0.0,0.46153846153846156,0.9523809523809523,0.007874015748031482,0.5,0.0,1.0,0.3928571428571429,0.0,0.0,0.25740537575425126,0.8378378378378378,0.16586345381526102,0.6923076923076923,0.8004105839416058,0.35096153846153844,0.0,0.0,0.0,0.875,0.0,0.9206074368435992,0.7080257463907779,0.09509202453987697,1.0,0.1428571428571428,0.23809523809523803,0.5,0.0,0.6437648794554538,1.0,0.0,0.0,0.0,0.0,0.3571428571428571,qsampled
0.7835178351783518,0.0,0.0,0.0,0.0,0.5,0.0,0.0,0.0,0.0,0.0,0.0,0.9053059254193652,0.0,0.2601736625185068,0.0,0.2692307692307693,0.0,0.5789473684210527,0.0,0.47820220053975493,0.0,0.0,0.0,0.8945012787723785,0.9886845827439887,0.4067796610169492,0.9090909090909091,0.0,0.0,0.0,0.0,0.35,0.09374999999999989,0.0,0.0,0.0,0.0,0.0,0.0,0.5882352941176471,0.0,0.4736842105263158,0.0,0.6811427107353318,0.6838709677419355,0.0,0.5555555555555556,0.919705587152894,0.8591549295774648,0.9317269076305221,0.0,0.0,0.5,0.30968272835329624,0.6428571428571428,0.0,0.19604557640750653,0.4042457900394124,0.5213015205125753,0.4148974451241453,0.6178334106011436,0.9601542416452442,0.0,1.0,0.5555555555555556,0.04498224385111127,0.0,1.0,0.8922943986987903,1.0,0.0,0.206896551724138,0.75,0.0,0.2988958990536277,0.4772902232486529,0.7368421052631579,0.0,0.0,1.0,0.0,0.09090909090909094,0.8656716417910448,0.0,0.0,0.0,0.0,0.0,0.0,0.0,0.0,0.0,0.0,0.0,0.8993302130406714,0.0,0.15736360769473345,0.0,0.34419817470664926,0.0,0.0,0.7333333333333334,0.84375,0.0,1.0,0.0,1.0,1.0,0.0,1.0,1.0,0.0,0.05714854639585809,1.0,0.0,0.6096610829762369,0.0,0.11111111111111105,0.0,0.0,0.36363636363636365,0.0,0.66929996089167,0.0,0.6875,0.0,0.0,0.0,0.09999999999999998,0.5,1.0,0.0,0.10050251256281417,0.23076923076923073,0.2777777777777777,0.25,0.5015576323987538,0.7777777777777778,0.0,0.7519446845289541,0.675679788961039,0.9044674736567099,0.0,0.5517241379310345,1.0,0.0,0.09999999999999987,0.75,0.0,0.0,0.8166969147005445,0.9022346368715084,0.7320261437908497,0.0,0.375,0.0,0.5469748168611104,0.3522727272727272,0.0,0.6875,0.0,0.0,0.9246987951807228,0.0,0.08333333333333337,0.6842105263157895,0.0,0.0,0.0,0.0,0.6000000000000001,0.0,0.0,0.0,0.0,0.0,0.0,0.5420560747663552,0.0,0.9423076923076923,0.5,0.5606694560669456,0.7171052631578947,1.0,0.0,0.6025641025641025,0.0,0.3076923076923077,0.0,0.5497872340425533,0.8571428571428572,0.43801652892561993,0.8888888888888888,0.0,0.0,0.0,0.0,0.5625,0.09999999999999998,0.19999999999999996,0.0,0.0,0.5,0.5,0.0,0.6666666666666667,0.0,0.0,1.0,0.4444444444444444,0.8148148148148149,0.5714285714285714,1.0,0.5128205128205128,0.8571428571428572,1.0,0.0,0.42013364949342535,1.0,0.6793924466338259,0.4,0.0,0.2625416468348406,0.05855855855855874,0.07269076305220878,0.6666666666666666,0.6188957055214723,0.8477564102564102,0.0,0.5714285714285714,0.4375,0.0,0.0,0.5912290661368151,0.8625040910578566,0.2410901467505241,1.0,0.1428571428571428,0.23809523809523803,0.6360148663229829,0.0,0.06082614616432114,1.0,0.0,0.0,0.8095238095238095,0.0,0.3571428571428571,qsampled
0.0,0.0,0.8974358974358975,0.0,0.0,0.0,0.0,0.0,0.6774547803617571,0.0,0.0,0.0,0.0,0.0,0.0,0.0,0.2692307692307693,0.0,0.8421052631578947,0.43211578221915936,0.33830599197105615,0.33333333333333326,0.3777621062529384,0.0,0.5995898178308602,0.0,0.4067796610169492,0.31818181818181823,0.0,0.0,0.0,0.0,0.0,0.0,0.8813559322033898,0.0,0.0625,0.25,0.4285714285714285,0.6428571428571428,0.17647058823529416,0.0,0.052631578947368474,0.9528688524590164,0.6338725652030373,0.6703296703296703,0.2084115659031167,0.0,0.41050518568082983,0.0,0.0,0.0,0.023953406901383922,0.0,0.0,0.6428571428571428,0.0,0.0,0.0,0.671100175505007,0.4148974451241453,0.334106011435636,0.0,0.381782945736434,1.0,0.0,0.0,0.0,0.0,0.8332553679187913,0.9751552795031055,0.0,0.206896551724138,0.75,0.0,0.9070811249582199,0.9589322381930185,0.0,0.0,0.0,0.0,0.9375,0.0,0.0,0.0,0.8666666666666667,0.0,0.0,0.0,0.0,0.0,0.6206896551724137,1.0,0.0,0.0,0.0,0.0,0.0,0.0,0.34419817470664926,0.0,1.0,0.3999999999999999,0.5,0.14814814814814825,0.0,0.0,0.740656851642129,0.0,0.0,0.2500000000000001,1.0,0.0,0.05714854639585809,0.0,1.0,0.0,0.8571428571428571,0.0,0.11975223675154845,0.36363636363636365,0.36363636363636365,0.75,0.3479859210011733,0.0,0.0625,0.9772727272727273,0.8309859154929577,0.7142857142857143,0.4,0.0,0.53376,0.0,0.30080213903743314,0.23076923076923073,0.33333333333333326,0.0,0.0,0.7777777777777778,0.0,0.0,0.0,0.9044674736567099,0.0,1.0,0.0,0.46666666666666656,0.0,0.0,0.0,0.0,0.0,0.10512185047501033,0.954248366013072,0.0,0.375,0.0,0.0,0.9293831168831169,0.0,0.0,0.0,0.0,0.0,1.0,0.0,0.0,0.0,0.8823529411764706,0.0,0.0,0.0,0.0,0.0,0.7808219178082192,0.0,0.0,0.0,1.0,0.0,0.0,0.0,0.5606694560669456,0.0,0.5,0.6,0.0,0.75,0.0,0.0,0.34832451499118167,0.2857142857142857,0.3403543965229019,0.33333333333333337,0.0,0.0,0.10189287152637949,0.553191489361702,0.0,0.0,0.8,0.33333333333333337,0.0,0.0,0.5,0.0,0.09090909090909094,0.0,0.4,0.1333333333333332,0.2185672514619884,0.0,0.5714285714285714,0.7,0.2564102564102564,0.8571428571428572,0.0,0.0,0.0,0.0,0.25778863775198524,0.4,0.0,0.674916706330319,0.2060185185185185,0.13703048590157096,0.6923076923076923,0.19464068209500607,0.35096153846153844,0.5,0.4285714285714286,0.0,0.0,0.0,0.810893376052455,0.0,0.8930817610062893,0.0,0.1428571428571428,0.23809523809523803,0.6426553672316384,0.6666666666666666,0.06015496308950041,0.0,0.0,0.0,0.0,0.9,0.2857142857142857,qsampled
0.0,0.0,0.8974358974358975,0.0,0.0,0.0,0.0,0.0,0.0,0.0,0.0,0.0,0.0,0.0,0.0,0.0,0.2692307692307693,0.5769230769230769,0.5789473684210527,0.0,0.0,0.0,0.7500186053434547,0.0,0.6956945572705118,0.8695652173913043,0.0,0.9090909090909091,0.0,0.0,0.0,0.9090909090909091,0.0,0.10294117647058831,0.0,0.0,0.0625,0.0,0.0,0.0,0.17647058823529416,0.8796992481203008,0.4736842105263158,0.0,0.0,0.7873170731707317,0.2084115659031167,0.5555555555555556,0.919705587152894,0.0,0.9202975557917109,0.09714285714285709,0.5976703708662472,0.0,0.0,0.0,0.0,0.0,0.0,0.671100175505007,0.0,0.928450007726781,0.5520565552699229,0.381782945736434,0.1250000000000001,0.5555555555555556,0.9509099250649946,0.0,0.4,0.15363557454763976,0.0,0.0,0.206896551724138,0.0,0.0,0.0,0.9004362329997434,0.0,0.0,1.0,0.0,0.0,0.0,0.0,0.0,1.0,0.0,0.0,0.0,0.0,0.0,0.0,1.0,0.0,0.0,0.0,0.0,0.0,0.0,0.1428571428571428,0.641025641025641,0.0,0.0,0.3076923076923076,0.0,1.0,0.0,0.8661362850224836,1.0,0.0,1.0,1.0,0.0,0.6587837837837838,0.9171506000774293,1.0,0.16360904633876328,0.0,0.11111111111111105,0.11975223675154845,0.0,0.0,0.0,0.3364990993941378,0.9047619047619048,0.6875,0.0,0.0,0.0,0.4,0.5,1.0,0.0,0.0,0.5,0.4444444444444444,0.0,0.0,0.0,0.0,0.0,0.0,0.9044674736567099,0.6964285714285714,0.0,0.8084866691701089,0.46666666666666656,0.0,0.75,0.9526282669130708,0.0,0.17142857142857137,0.7647058823529411,0.0,0.712,0.375,0.0,0.5717856428714256,0.0,0.7805233805233804,0.0,0.0,0.9367088607594937,0.0,0.0,0.0,0.0,0.0,0.8823529411764706,0.0,0.0,0.0,0.0,0.0,0.0,0.0,0.0,0.0,1.0,0.0,0.0,0.0,0.5606694560669456,0.5641025641025641,1.0,0.0,0.27243589743589736,0.0,0.7948717948717949,0.0,0.4064860062194581,0.7142857142857143,0.0,0.8888888888888888,0.0,0.0,0.09054962435745362,1.0,0.0,0.06666666666666665,0.19999999999999996,0.0,0.0,0.5,0.0,0.0,0.0,0.4285714285714285,0.0,0.3999999999999999,0.4571645185746779,0.8148148148148149,0.5714285714285714,1.0,0.5128205128205128,0.8571428571428572,1.0,0.04761904761904756,0.34253071782711797,0.0,0.25778863775198524,0.0,0.0,0.674916706330319,0.2060185185185185,0.13703048590157096,0.0,0.8013620885357549,0.0,0.5,0.4285714285714286,0.4375,0.7384615384615385,0.0,0.0,0.0,0.0,1.0,0.1428571428571428,0.0,1.0,0.6666666666666666,0.6468789470185468,0.0,0.0,0.9629629629629629,0.0,0.0,0.2857142857142857,qsampled
0.0,0.0,0.0,0.0,0.0,0.0,0.0,0.0,0.0,0.0,0.0,0.0,0.8465885307660108,0.0,0.2581174680706251,0.0,0.0,0.3846153846153846,0.5789473684210527,0.0,0.47550824395709945,0.0,0.3597977589505329,0.0,0.0,0.0,0.4067796610169492,0.0,0.6000000000000001,0.0,0.25515574650913,0.0,0.19999999999999996,0.0,0.7796610169491526,0.0,0.78125,0.8333333333333334,0.25,0.0,0.5882352941176471,1.0,0.052631578947368474,0.44885177453027136,0.6735886786648209,0.32357723577235775,0.8711978971085242,0.0,0.31947840260798677,0.4664926022628373,0.6153846153846154,0.3440599515098083,0.0,0.0,0.0,0.0,0.4285714285714285,0.0,0.0,0.0,0.300475866757308,0.5499435665914222,0.0,0.6136363636363636,1.0,0.5555555555555556,0.09251991913426105,0.0,1.0,0.8071058249466301,0.0,0.7000000000000001,0.206896551724138,0.18518518518518512,0.4375,0.0,0.31181477698331617,0.0,0.0,0.7977977977977978,0.0,0.0,0.0,0.0,0.0,0.0,0.0,0.0,0.0,0.0,0.0,0.0,0.75,0.0,0.0,0.8606464950197331,0.0,0.15736360769473345,0.0,0.0,0.6666666666666666,0.0,0.0,0.33333333333333326,0.0,0.0,0.0,0.0,0.0,0.0,0.0,0.0,0.0,0.44907407407407407,0.0,0.6666666666666666,0.8533143843264643,0.8571428571428571,0.11111111111111105,0.8928376161837069,0.8636363636363636,0.0,0.0,0.5807932661650299,0.3571428571428571,0.0625,0.7455919395465995,0.0,0.20000000000000007,0.9,0.0,0.84256,0.4543795620437957,0.0,0.0,0.0,0.0,1.0,0.0,0.33333333333333326,0.45833333333333326,0.0,0.0,1.0,0.0,0.0,0.33333333333333326,0.09999999999999987,0.75,0.28298908162783,0.0,0.9858305697919807,0.7993482309124768,0.0,1.0,0.375,0.0,0.0,0.0,0.5000656685053848,0.0,0.0,0.7341772151898733,0.0,0.0,0.0,0.0,0.0,0.0,0.0,0.0,0.0,0.0,0.0,0.0,0.0,0.0,0.0,0.0,0.0,0.0,0.5,1.0,0.641025641025641,1.0,1.0,0.0,0.0,0.0,0.0,0.0,0.2857142857142857,0.3403543965229019,0.0,1.0,0.0,0.0,0.2979591836734694,0.011080332409972193,0.033333333333333326,0.0,0.0,0.6666666666666667,0.75,0.0,0.0,0.13636363636363635,0.4285714285714285,0.4,0.17647058823529416,0.6370439663236669,0.37037037037037046,0.0,0.7,0.0,0.0,0.0,0.9,0.0,0.0,0.11494252873563238,0.0,1.0,0.6315139879319802,0.22972972972972971,0.16586345381526102,0.3846153846153846,0.594434306569343,0.35096153846153844,0.5,0.5714285714285714,0.4736842105263157,0.9375,0.0,0.0,0.0,0.7825295723384895,1.0,0.1428571428571428,0.23809523809523803,0.0,0.0,0.6377913374012205,0.0,0.0,0.7777777777777778,0.0,0.0,0.2857142857142857,qsampled
0.0,0.0,0.0,0.0,0.0,0.0,0.0,0.0,0.0,0.0,0.0,0.0,0.8399080811949444,0.0,0.0,0.0,0.0,0.0,0.22222222222222232,0.4269311064718164,0.9516864175022789,0.33333333333333326,0.2739608627338951,0.0,0.555306905370844,0.0,0.0,0.5909090909090908,0.4,0.5,0.17583141257820223,0.2727272727272728,0.33333333333333326,0.09166976571216068,0.0,0.0,0.0625,0.2222222222222222,0.0,0.0,0.17647058823529416,0.9409090909090909,0.052631578947368474,0.2822361546499478,0.0,0.3290322580645161,0.0,0.33333333333333337,0.41050518568082983,0.0,0.6992561105207227,0.1585127201565557,0.0,0.5,0.08080726863391496,0.0,0.8571428571428571,0.29158140894475304,0.0,0.45650228844764107,0.4025837988826817,0.3881118881118881,0.5861182519280206,0.0,1.0,0.7777777777777778,0.25894639840270306,0.0,0.4,0.0,1.0,0.0,0.0,0.0,0.4375,0.6096169519152405,0.9305413687436159,0.0,0.0,0.0,0.0,0.0,0.09090909090909094,0.0,0.0,0.0,0.0,0.0,0.0,0.0,0.0,0.0,0.75,0.0,0.0,0.884114844031554,0.0,0.11550151975683876,0.0,0.0,0.0,0.04831804281345553,0.3999999999999999,1.0,0.14814814814814825,0.0,1.0,0.713472976467546,0.0,0.0,0.2500000000000001,1.0,1.0,0.11237149946827374,0.0,0.6666666666666666,0.23392966464866327,0.0,0.11111111111111105,0.12137780207763815,0.0,0.0,0.0,0.3523058960887332,0.6269621421975993,0.0625,0.0,0.0,0.20000000000000007,0.0,0.5833333333333333,0.53376,0.0,0.8168449197860963,0.23076923076923073,0.0,0.25,0.5121951219512195,0.0,1.0,0.5592870544090056,0.0,0.64298490377048,0.0,0.82,0.4935536362498435,0.0,0.09999999999999987,0.875,0.0,0.0,0.8166969147005445,0.0,0.7320261437908497,0.0,0.0,0.0,0.0,0.6530384795870483,0.7812862781518459,0.0,0.0,0.0,0.0,0.0,0.08333333333333337,0.0,0.0,0.0,0.0,0.0,0.0,0.0,0.0,0.0,0.0,0.0,0.0,0.0,0.0,0.0,0.5,0.21120186697782972,0.5641025641025641,0.75,0.6,0.8557692307692308,0.75,0.0,0.0,0.18765957446808512,0.2857142857142857,0.2500000000000001,0.6666666666666667,0.4,0.0,0.013961605584642323,0.0,0.021917808219177992,0.06666666666666665,0.19999999999999996,0.0,0.0,0.5,0.0,0.0,0.0,0.028571428571428692,0.4,0.0,0.4571645185746779,0.37037037037037046,0.0,0.19999999999999996,0.2564102564102564,0.5,0.5495495495495497,0.0,0.0,1.0,0.3549175320708613,0.0,0.0,0.20675803402646487,0.22972972972972971,0.0,0.6666666666666666,0.3433001107419712,1.0,0.0,0.5714285714285714,0.7368421052631579,1.0,0.0,0.0,0.6062402269173425,0.12440944881889782,0.0,0.0,0.0,0.0,0.0,0.6761991224088364,0.0,0.0,0.0,0.0,0.0,0.3571428571428571,qsampled
0.8451672010994045,0.0,0.0,0.5416666666666667,0.0,0.5,0.0,0.0,0.0,0.0,0.8206153846153846,0.8418875440478015,0.0,0.0,0.0,0.0,0.0,0.0,0.8947368421052632,0.0,0.2957850414550506,0.33333333333333326,0.7500186053434547,0.0,0.0,0.0,0.5593220338983051,0.8636363636363636,0.4,0.0,0.11815252416756161,0.0,0.33333333333333326,0.8989400584795322,0.44067796610169496,0.0,0.0625,0.2222222222222222,1.0,0.0,0.2941176470588236,0.0,0.052631578947368474,0.44885177453027136,0.0,0.32357723577235775,0.0,0.2222222222222222,0.41050518568082983,0.37285223367697595,0.0,0.032620674454485354,0.6227847062684608,0.5,0.0,0.0,0.0,0.3370161014045907,0.0,0.45650228844764107,0.0,0.6178334106011436,0.0,0.0,0.1250000000000001,0.0,0.09251991913426105,0.0,1.0,0.355342075836129,0.0,0.09999999999999998,0.0,0.75,1.0,0.0,0.9305413687436159,0.7368421052631579,0.0,0.0,0.0,0.0,0.09090909090909094,0.8656716417910448,0.0,0.0,0.6156472684085511,0.0,0.0,0.0,0.0,0.0,1.0,1.0,0.7391304347826086,0.0,0.0,0.0935828877005348,0.0,0.0,0.0,1.0,0.0,0.0,0.14814814814814825,1.0,1.0,0.0,0.0,0.8493611297915266,0.75,1.0,0.0,0.0,0.0,0.6666666666666666,0.9200734643901776,0.2857142857142856,0.11111111111111105,0.11095603628750872,0.0,0.8636363636363636,0.0,0.8374927028604787,0.1923076923076923,0.0625,0.7455919395465995,0.0,0.20000000000000007,0.09999999999999998,0.5416666666666667,0.39500601684717207,0.3267511177347242,0.6310679611650486,0.23076923076923073,0.4444444444444444,0.25,0.0,0.0,0.0,0.7468297101449275,0.0,0.64298490377048,0.44000000000000006,0.0,0.0,0.0,0.0,0.0,0.37038689172289085,0.0,0.8540587219343696,0.10512185047501033,0.0,0.0,0.0,0.0,0.5403669266146771,0.0,0.7943350655053795,0.6875,0.0,0.0,0.0,0.0,0.08333333333333337,0.6842105263157895,0.0,0.0,0.5384615384615385,0.0,0.6000000000000001,0.0,0.0,0.0,0.0,0.9494047619047619,0.2679738562091504,1.0,0.0,0.0,0.0,0.0,0.0,0.6907216494845361,0.0,0.537375415282392,0.75,0.7948717948717949,0.0,0.0,0.2857142857142857,0.17352056168505514,0.8888888888888888,0.4,0.0,0.0,0.5602409638554215,0.011080332409972193,0.033333333333333326,0.0,0.0,1.0,0.5,0.75,0.0,0.0,0.0,0.4,0.5333333333333333,0.4571645185746779,0.37037037037037046,0.5714285714285714,0.0,0.2564102564102564,0.0,0.0,0.0,0.3619479983491539,1.0,0.25778863775198524,0.0,0.0,0.0,0.2060185185185185,0.0,0.0,0.6854580397181294,0.5868613138686132,0.0,0.4285714285714286,0.0,0.9375,0.0,0.44082809224318653,0.3351718285956725,0.2639405204460967,0.0,0.0,0.23809523809523803,0.46193501978180085,0.0,0.6253376012803842,1.0,0.0,0.0,0.0,0.0,0.3571428571428571,qsampled
0.0,0.5757111773712628,0.0,0.0,0.0,0.0,0.1739734624350009,0.0,0.0,0.6363636363636364,0.0,0.7428043712482684,0.0,0.0,0.0,0.0,0.0,0.3846153846153846,0.052631578947368474,0.6440501043841336,0.6743933671919087,0.33333333333333326,0.3597977589505329,0.0,0.5507717303005687,0.0,0.4067796610169492,0.31818181818181823,0.4,0.0,0.12289275712481473,0.0,0.35,0.09166976571216068,0.0,0.0,0.0,0.2222222222222222,0.4285714285714285,0.0,0.7647058823529412,0.8796992481203008,0.052631578947368474,0.2886221294363256,0.3361599371033863,0.6838709677419355,0.009763424708974844,0.2222222222222222,0.41050518568082983,0.37285223367697595,0.0,0.27428571428571424,0.0,0.0,0.267191011235955,0.0,0.4285714285714285,0.627617234815712,0.6576048011465425,0.5923466051825597,0.0,0.5237674110103914,0.4130434782608695,0.0,0.1250000000000001,0.0,0.08655757761125538,0.0,0.4,0.3324369747899161,0.0,0.0,0.206896551724138,0.0,1.0,0.44913830348999084,0.31181477698331617,0.0,0.0,0.0,0.0,0.0,0.09090909090909094,0.0,0.7916666666666666,0.0,0.0,0.0,0.0,0.0,0.0,0.0,0.0,0.0,0.7391304347826086,0.0,0.0,0.0935828877005348,0.0,0.0,0.6666666666666666,0.6649451258876695,0.7333333333333334,0.84375,0.14814814814814825,0.0,0.0,0.7039269720978298,0.0,0.0,0.2500000000000001,1.0,0.0,0.0,0.0,0.0,0.23392966464866327,0.0,0.0,0.0,0.0,0.36363636363636365,0.0,0.0,0.6269621421975993,0.0625,0.0,0.323943661971831,0.4666666666666667,0.0,0.5416666666666667,0.39500601684717207,0.3267511177347242,0.645466847090663,0.0,0.33333333333333326,0.0,0.0,0.0,0.33333333333333326,0.5424015009380863,0.8810790743719836,0.5628532589253774,0.6964285714285714,0.0,0.8084866691701089,0.0,0.0,0.0,0.0,0.0,0.8578813127019215,0.7647058823529411,0.0,0.0,0.375,0.0,0.5403669266146771,0.6695979899497488,0.3761253019102686,0.0,0.0,0.0,0.0,0.0,0.5,0.0,0.9470404984423676,0.0,0.0,0.0,0.0,0.0,0.0,0.0,1.0,0.0,0.2222222222222222,1.0,0.0,0.0,0.0,0.0,0.641025641025641,0.33333333333333337,0.29999999999999993,0.6134751773049645,0.75,0.0,0.0,0.27543314082629944,0.2857142857142857,0.43801652892561993,0.33333333333333337,0.4,0.0,0.0,0.553191489361702,0.2315068493150686,0.06666666666666665,0.19999999999999996,0.33333333333333337,0.0,0.5,0.5,0.0,0.8,0.028571428571428692,0.4,0.0,0.0,0.8148148148148149,0.4285714285714286,0.0,0.2564102564102564,0.0,0.0,0.4285714285714285,0.0,0.0,0.25778863775198524,0.0,1.0,0.9693479295573536,0.0,0.896784933929872,0.0,0.595005675368899,0.0,0.0,0.4285714285714286,0.0,1.0,0.0,0.0,0.0,0.0,0.0,0.1428571428571428,0.0,0.46193501978180085,0.6666666666666666,0.6036314117113026,0.0,0.0,0.0,0.0,0.0,0.0,qsampled
0.0,0.0,0.0,0.0,0.0,0.0,0.1910097007787951,0.0,0.6774547803617571,0.875,0.0,0.0,0.0,0.0,0.0,0.703125,0.3846153846153846,0.0,0.0,0.43211578221915936,0.7012056701811028,0.33333333333333326,0.03573107663375652,0.0,0.0,0.0,0.4067796610169492,0.8636363636363636,0.0,0.0,0.0,0.0,0.4,0.0,0.0,0.0,0.0,0.2222222222222222,0.25,0.6428571428571428,0.17647058823529416,0.9022556390977443,0.0,0.6168032786885247,0.0,0.6703296703296703,0.009763424708974844,0.33333333333333337,0.0,0.18728522336769748,0.9383634431455898,0.09714285714285709,0.6040900332807848,0.5,0.08080726863391496,0.0,0.0,0.6181231332498314,0.40972435251325656,0.0,0.0,0.5237674110103914,0.0,0.0,1.0,0.0,0.0,0.0,0.0,0.8332553679187913,0.9751552795031055,0.0,0.206896551724138,0.75,0.0,0.1990163777873275,0.47843942505133463,0.7368421052631579,0.0,0.0,0.5,0.0,0.0,0.0,0.0,0.0,0.0,0.0,0.0,0.7288090952987137,0.0,0.6206896551724137,0.0,0.0,0.0,0.0,0.0,0.0,0.8812785388127854,0.03650586701434144,0.0,0.06190476190476191,0.3999999999999999,0.84375,0.14814814814814825,0.875,0.0,0.0,0.0,0.0,0.75,1.0,0.0,0.05714854639585809,0.0,0.6,0.0,0.0,0.0,0.0,0.0,0.0,0.75,0.3479859210011733,0.5485768054575395,0.0,0.5909090909090908,0.0,0.7142857142857143,0.0,0.5833333333333333,0.0,0.20603576751117725,1.0,0.5,0.4444444444444444,0.25,0.5015576323987538,0.0,0.0,0.48294082125603865,0.675679788961039,0.0,0.6237113402061856,0.5517241379310345,0.0,0.0,0.9,0.0,0.0,0.0,0.0,0.10512185047501033,0.954248366013072,0.0,0.375,0.0,0.0,0.34659090909090917,0.16022199981803298,0.6875,0.0,0.0,0.940045719035744,0.0,0.0,0.0,0.0,0.0,0.0,0.0,0.0,0.9090909090909091,0.0,0.75,1.0,0.0,0.0,1.0,0.0,0.0,0.9090909090909091,0.3916317991631799,0.0,0.0,0.6,0.6025641025641025,0.75,0.7857142857142857,0.0,0.0,0.2857142857142857,0.3403543965229019,0.8888888888888888,0.0,0.0,0.10189287152637949,0.553191489361702,0.5,0.0,0.0,0.33333333333333337,0.0,0.5,0.0,0.0,0.09090909090909094,0.4,0.4,0.0,0.4444444444444444,0.0,0.4285714285714286,0.19999999999999996,0.46153846153846156,0.9523809523809523,0.81,1.0,0.34253071782711797,1.0,0.049342105263158076,0.0,0.0,0.9693479295573536,0.04166666666666652,0.055457288523566683,0.0,0.595005675368899,0.35096153846153844,0.0,0.0,0.0,0.0,0.0,0.6990136350449667,0.0,0.8930817610062893,0.0,0.1428571428571428,0.23809523809523803,0.6360148663229829,0.0,0.0,1.0,0.0,0.0,0.8095238095238095,0.0,0.2857142857142857,qsampled
0.0,0.0,0.0,0.0,0.0,0.5,0.005259555459490528,0.0,0.6623544631306597,0.875,0.0,0.0,0.9053059254193652,0.0,0.2581174680706251,0.0,0.2692307692307693,0.5769230769230769,0.5789473684210527,0.0,0.4933160415003991,0.0,0.40803498223558343,0.0,0.0,0.7343283582089553,0.4067796610169492,0.0,0.4,1.0,0.11815252416756161,0.0,0.19999999999999996,0.40364583333333337,0.0,0.0,0.0625,0.2222222222222222,0.25,0.6428571428571428,0.17647058823529416,0.0,0.0,1.0,0.6811427107353318,0.7873170731707317,0.0,0.2222222222222222,0.40760869565217384,0.8591549295774648,0.6032719836400818,0.032620674454485354,0.5976703708662472,0.0,0.0,0.0,0.0,0.2753784056508578,0.6537534510714755,0.3156498039590705,0.49238045191802426,0.0,0.9601542416452442,0.0,1.0,0.2592592592592592,0.09251991913426105,0.0,0.5,0.8922943986987903,0.0,0.0,0.0,0.0,0.0,0.1990163777873275,0.4772902232486529,0.0,0.0,0.0,0.0,0.0,0.0,0.0,0.0,0.0,0.0,0.0,0.0,0.511146924523234,0.0,0.6666666666666667,0.5476190476190477,0.0,0.0,0.8711176843439679,0.0,0.15736360769473345,0.0,0.16955017301038067,0.641025641025641,0.0,0.0,0.33333333333333326,0.0,1.0,1.0,0.0,0.7272727272727273,0.0,0.0,1.0,0.0,0.0,0.0,0.8,0.0,0.0,0.0,0.6499999999999999,0.0,0.0,0.75,0.3479859210011733,0.1923076923076923,0.0,0.9888888888888889,0.0,0.0,0.09999999999999998,0.5416666666666667,0.53376,0.0,0.0,0.23076923076923073,0.4444444444444444,0.0,0.0,0.0,0.0,0.7732185072610605,0.9024959415584415,0.675607419663851,1.0,0.8620689655172413,1.0,0.0,0.09999999999999987,0.25,0.37038689172289085,0.0,0.8950859210129636,0.9022346368715084,0.0,0.0,0.0,0.0,0.5469748168611104,0.3522727272727272,0.0,0.0,0.0,0.0,0.0,0.0,0.0,0.0,0.0,0.0,0.0,0.0,0.6000000000000001,0.9090909090909091,0.0,0.7400932400932401,0.4516295913088464,0.0,0.0,0.5420560747663552,0.0,0.0,0.5,0.5606694560669456,0.7719298245614035,1.0,0.09090909090909083,0.0,0.0,0.46153846153846156,0.0,0.0,0.0,0.3403543965229019,0.0,0.4,0.0,0.19825327510917035,0.2979591836734694,0.75,0.0,0.19999999999999996,0.33333333333333337,1.0,0.5,0.0,0.0,0.09090909090909094,0.0,0.4,0.17647058823529416,0.4444444444444444,0.8148148148148149,0.5714285714285714,0.0,0.2564102564102564,0.8571428571428572,0.0,0.0,0.34253071782711797,0.0,0.3928571428571429,0.0,0.0,0.0,0.0,0.0,0.26923076923076916,0.0,0.8477564102564102,0.0,0.5714285714285714,0.625,0.09230769230769231,0.0,0.06309523809523832,0.08554306321595262,0.0,1.0,0.0,0.0,0.6360148663229829,0.0,0.0,0.0,0.0,0.0,0.0,0.0,0.2857142857142857,qsampled
0.0,0.0,0.0,0.0,0.0,0.0,0.0008990218642116465,0.0,0.6773255813953489,0.0,0.798682883791278,0.8397553516819571,0.0,0.0,0.30862220073136104,0.19999999999999996,0.0,0.5769230769230769,0.052631578947368474,0.6512749827705031,0.0,0.0,0.3597977589505329,0.0,0.0,0.0,0.5593220338983051,0.0,0.4,1.0,0.16698526931294277,0.0,0.19999999999999996,0.0,0.0,0.0,0.0625,1.0,0.0,0.0,0.17647058823529416,1.0,0.5789473684210527,0.5480167014613779,0.3004291845493561,0.32357723577235775,0.2084115659031167,0.5555555555555556,0.4035087719298245,0.19408181026979976,0.0,0.032620674454485354,0.0,0.0,0.08649456949472711,0.0,0.4285714285714285,0.2916809144643643,0.7488248369347374,0.671100175505007,0.0,0.6514930808448651,0.5520565552699229,0.6136363636363636,0.0,0.5555555555555556,0.0,0.8415841584158416,1.0,0.3557643214541001,0.0,0.09999999999999998,0.0,0.0,0.4375,0.44913830348999084,0.5707865168539326,0.0,0.0,0.0,0.0,0.0,0.09090909090909094,0.0,0.0,0.0,0.0,0.0,0.0,0.37925619006248545,0.0,0.6206896551724137,1.0,0.8282208588957055,0.7391304347826086,0.0,0.0,0.15736360769473345,0.8878540939076446,0.0,0.641025641025641,0.6758409785932722,0.7333333333333334,0.3076923076923076,0.0,0.0,0.0,0.0,0.0,0.8493611297915266,0.0,0.5,1.0,0.0,0.0,0.8,0.0,0.0,0.0,0.09316770186335399,0.36363636363636365,0.0,0.0,0.3523058960887332,0.6959706959706959,0.8125,0.2103274559193954,0.25352112676056326,0.20000000000000007,0.4,0.5,0.53376,0.19616788321167877,0.019002375296912066,0.23076923076923073,0.0,0.0,1.0,0.0,0.33333333333333326,0.0,0.701958198051948,0.8977424624981435,0.6964285714285714,0.0,0.8084866691701089,0.33333333333333326,0.9,0.75,0.37038689172289085,0.20000000000000007,0.9858305697919807,0.7777777777777778,0.0,0.0,0.0,0.0,0.0,0.6682608695652175,0.06704237722315731,0.0,0.0,0.0,0.0,0.0,0.5,0.0,0.0,0.0,0.0,0.0,0.0,0.9090909090909091,0.0,0.7682926829268293,0.0,0.7870346263993752,0.23333333333333328,1.0,0.0,0.5555555555555556,1.0,0.0,0.5641025641025641,0.05555555555555547,0.29999999999999993,0.7096491228070175,0.0,0.0,0.0,0.0,0.2857142857142857,0.17352056168505514,0.0,0.6,0.0,0.0,0.5602409638554215,0.011080332409972193,0.0,0.19999999999999996,0.33333333333333337,0.0,0.0,0.0,0.0,0.09090909090909094,0.7428571428571429,0.0,0.3999999999999999,0.8549382716049383,0.37037037037037046,0.5714285714285714,1.0,0.2564102564102564,0.9523809523809523,0.0,0.9,0.0,0.0,0.3549175320708613,0.0,1.0,0.25740537575425126,0.9166666666666666,0.13703048590157096,0.0,0.6202192448233862,0.0,0.5,0.0,0.4736842105263157,0.9375,0.92,0.8345875866179867,0.3351718285956725,0.7012113055181697,0.0,0.0,0.0,0.0,0.6666666666666666,0.0,0.0,0.0,0.0,0.0,0.0,0.0,qsampled
0.0,0.0,0.0,0.0,0.0,0.0,0.17214013621147406,0.0,0.6773255813953489,0.0,0.0,0.0,0.0,0.0,0.2483361998055783,0.09999999999999998,0.0,0.8461538461538461,0.0,0.42592592592592593,0.0,0.0,0.030472806777807948,0.0,0.3882821064598644,0.0,0.5593220338983051,0.0,0.8,1.0,0.16698526931294277,0.9090909090909091,0.0,0.7346491228070176,0.44067796610169496,0.0,0.0,0.0,0.0,0.6428571428571428,0.4117647058823529,0.9022556390977443,0.0,0.5480167014613779,0.0,0.791869918699187,0.009763424708974844,0.2222222222222222,0.4894613583138173,0.8797250859106529,0.0,0.032620674454485354,0.0,0.0,0.9405005509208249,0.0,0.0,0.17220229140145815,0.0,0.6050968610794571,0.4996144949884348,0.0,0.0,0.0,1.0,0.7407407407407407,0.0,0.8415841584158416,1.0,0.3557643214541001,0.0,0.09999999999999998,0.0,0.75,1.0,0.44913830348999084,0.8461695607763023,0.9473684210526315,0.0,0.0,0.0,0.0,0.0,0.0,0.0,0.0,0.0,0.0,0.0,0.4939424667769653,0.0,0.6206896551724137,1.0,0.0,0.0,0.0,0.0,0.0,0.8114086146682189,0.0,0.8974358974358975,0.040777917189460444,0.3999999999999999,0.3076923076923076,0.0,0.875,0.0,0.2801449025357944,0.0,0.8493611297915266,0.0,1.0,0.0,0.0,0.5650406504065042,0.0,0.7293381402625672,0.2857142857142856,0.0,0.0,0.36363636363636365,0.0,0.75,0.3527162657320376,0.7857142857142857,0.0,0.2103274559193954,0.0,0.9333333333333333,0.0,0.5416666666666667,0.0,0.8987873134328358,0.6310679611650486,0.23076923076923073,0.33333333333333326,0.0,1.0,0.0,0.0,0.5689915458937198,0.0,0.3475935828877005,1.0,0.12,0.8076923076923077,0.0,0.09999999999999987,0.75,0.30843251456064813,0.20000000000000007,0.8695652173913043,0.7777777777777778,0.0,0.0,0.0,0.0,0.8200359928014397,0.6695979899497488,0.4605137963843957,1.0,0.0,0.0,0.0,0.0,0.0,0.0,0.0,0.0,0.0,0.0,0.0,0.9090909090909091,0.0,0.8183908045977012,0.0,0.0,0.0,1.0,0.0,0.4779411764705883,0.9090909090909091,0.0,0.9487179487179487,0.0,0.6,0.7574750830564785,0.0,0.20512820512820518,0.0,0.814749000444247,0.2857142857142857,0.17352056168505514,0.0,0.8,0.0,0.0,0.3313253012048192,0.0,0.09999999999999998,0.0,0.33333333333333337,1.0,0.0,0.0,0.0,0.09090909090909094,0.4,0.4,0.3999999999999999,0.4444444444444444,0.7407407407407407,0.4285714285714286,0.0,0.46153846153846156,0.2857142857142857,0.0,0.0,0.07723577235772361,0.0,0.8546120952962737,0.0,0.0,0.2625416468348406,0.2060185185185185,0.1941823899371069,0.26923076923076916,0.0,0.0,0.0,0.5714285714285714,0.75,1.0,0.92,0.4362386582348089,0.3351718285956725,0.2639405204460967,0.0,0.0,0.23809523809523803,0.8259201534588179,0.6666666666666666,0.07487246173852169,0.6666666666666667,0.0,0.0,0.0,0.0,0.2857142857142857,qsampled
0.0,0.5768488745980707,0.0,0.0,0.6546702903733371,0.5,0.004082074994581242,0.0,0.0,0.0,0.0,0.0,0.0,0.0,0.0,0.0,0.0,0.0,0.052631578947368474,0.0,0.3467395548613823,0.0,0.030472806777807948,0.0,0.0,0.0,0.0,0.31818181818181823,0.0,1.0,0.11815252416756161,0.7547169811320755,0.35,0.40364583333333337,0.0,0.0,0.0625,0.2222222222222222,1.0,0.6428571428571428,0.8823529411764706,0.0,0.4736842105263158,0.9528688524590164,0.9295613477431659,0.0,0.009763424708974844,0.33333333333333337,0.25373134328358193,0.0,1.0,0.0,0.0,0.0,0.3106371586650011,0.0,0.4285714285714285,0.1958291288261017,0.5785081805925009,0.8694415224251697,0.37338262476894624,0.0,0.0,0.0,1.0,0.2592592592592592,0.8001579778830964,0.0,1.0,0.8071058249466301,0.7976878612716763,1.0,0.0,0.0,0.0,0.30434782608695654,0.0,0.0,0.0,0.0,0.0,0.0,0.09090909090909094,0.0,0.7916666666666666,0.0,0.0,0.8406617755674824,0.0,0.6164678170925291,0.0,0.0,0.75,0.0,0.0,0.0,0.0,0.0,0.0,0.0,0.0,0.6758409785932722,0.0,0.0,0.0,0.0,0.0,0.0,0.0,0.0,0.2500000000000001,1.0,0.0,0.0,0.5391918978795232,0.0,0.0,0.0,0.11111111111111105,0.14238952536824878,0.0,0.8636363636363636,0.75,0.792256573244727,0.3571428571428571,0.6875,1.0,0.25352112676056326,0.7142857142857143,0.0,0.5833333333333333,0.8461538461538461,0.0,0.8923611111111112,0.5,0.2777777777777777,0.0,0.5015576323987538,0.0,0.33333333333333326,0.0,0.9024959415584415,1.0,1.0,0.8620689655172413,0.0,0.0,0.09999999999999987,0.25,0.8269697972302311,0.0,0.9858305697919807,0.8219743907476249,0.9673202614379085,0.0,0.0,0.0,0.5717856428714256,0.34659090909090917,0.2961941143180532,0.0,0.0,0.0,0.0,0.0,0.5,0.0,0.9470404984423676,0.0,0.0,1.0,0.6000000000000001,0.9090909090909091,0.0,0.0,0.0,0.0,0.0,0.5,0.0,0.0,0.5,1.0,0.0,0.09278350515463918,1.0,0.6798245614035088,0.0,0.20512820512820518,0.0,0.0,0.2857142857142857,0.0,0.33333333333333337,0.0,0.0,0.213560885608856,0.18367346938775508,0.2119113573407203,0.0,0.19999999999999996,0.0,0.0,0.5,0.75,0.0,0.0,0.0,0.0,0.0,0.9335827876520112,0.0,0.4285714285714286,0.19999999999999996,0.0,0.8571428571428572,1.0,0.09999999999999998,0.42013364949342535,0.0,0.9839816933638444,0.0,1.0,0.2625416468348406,0.0,0.6360441767068272,0.26923076923076916,0.0,0.35096153846153844,0.0,0.5714285714285714,0.625,0.46153846153846156,0.0,0.0,0.0,0.0,1.0,0.0,0.0,0.6360148663229829,0.0,0.14121736520956307,0.0,0.0,0.0,0.0,0.0,0.0,qsampled
0.0,0.0,0.0,0.0,0.9442497610704046,0.0,0.0,0.0,0.0,0.0,0.0,0.8402884320343664,0.0,0.0,0.0,0.734375,0.0,0.47916666666666663,0.0,0.0,0.0,0.7692307692307692,0.0,0.0,0.0,0.0,0.96,0.5909090909090908,0.4,0.5,0.0,0.2727272727272728,0.85,0.0,0.9491525423728814,0.0,0.0625,1.0,0.25,0.0,0.5882352941176471,0.9409090909090909,0.4736842105263158,0.2822361546499478,0.3361599371033863,0.529109589041096,0.0,0.5555555555555556,0.0,0.39175257731958757,0.9383634431455898,0.0,0.6213199214916585,0.0,0.0,0.0,0.0,0.4478032565757779,0.4042457900394124,0.671100175505007,0.0,0.0,0.5861182519280206,0.0,1.0,0.0,0.6914555673210068,0.0,0.0,0.0,0.0,0.0,0.0,0.18518518518518512,0.4375,0.0,0.29143271146531413,0.0,0.0,0.7977977977977978,0.0,0.0,0.0,0.0,0.0,0.0,0.0,0.9411347517730496,0.0,0.0,0.0,0.0,0.75,0.0,0.7391304347826086,0.0,0.0,0.11550151975683876,0.9557522123893806,0.0,0.5609756097560976,0.0,0.0,0.3076923076923076,0.8148148148148148,0.875,1.0,0.0,0.0,0.9726663228468283,0.2500000000000001,0.5,1.0,0.0,0.41889276035617506,1.0,0.0,1.0,0.11111111111111105,0.12137780207763815,0.36363636363636365,0.0,0.0,0.6513426736719206,0.904963537991061,0.6875,0.0,0.323943661971831,0.0,0.0,0.5,0.0,0.3267511177347242,1.0,0.0,1.0,0.0,1.0,0.0,0.0,0.7468297101449275,0.675679788961039,0.8974744222651498,0.6237113402061856,0.12,0.4935536362498435,0.0,0.0,0.0,0.5379211854528143,0.0,0.0,0.0,0.0,0.0,0.0,0.0,0.2713635597505477,0.0,0.38813735691987505,0.0,0.0,0.7341772151898733,0.0,0.0,0.0,0.0,0.0,0.0,0.0,0.6878980891719746,0.0,0.0,0.0,0.0,0.0,0.0,0.8,0.5,0.0,0.0,0.0,0.21120186697782972,0.0,0.0,0.0,0.27243589743589736,0.6666666666666667,0.7857142857142857,0.0,0.0,0.2857142857142857,0.10493827160493818,0.6666666666666667,0.6,0.0,0.0,0.0,0.6428571428571429,0.0,1.0,0.0,0.0,0.0,0.0,0.0,0.13636363636363635,0.4285714285714285,0.0,0.0,0.0,0.0,0.0,1.0,0.46153846153846156,0.5,0.8918918918918919,0.5,0.3619479983491539,0.0,0.3549175320708613,0.0,0.0,0.0,0.05855855855855874,0.13703048590157096,0.0,0.0,1.0,0.0,0.4285714285714286,0.0,0.9375,0.0,0.6990136350449667,0.6066606996345192,0.0,0.0,0.0,0.23809523809523803,0.0,0.6666666666666667,0.6003294490879141,0.0,0.0,0.7777777777777778,0.0,0.0,0.2857142857142857,qsampled
0.0,0.0,0.0,0.0,0.0,0.5,0.0,0.0,0.0,0.0,0.0,0.0,0.0,0.0,0.310153158324019,0.0,0.0,0.0,0.0,0.0,0.2957850414550506,0.0,0.3777621062529384,0.0,0.6069858758717692,0.0,0.5593220338983051,0.5909090909090908,0.8,0.0,0.12289275712481473,0.2727272727272728,0.85,0.7346491228070176,0.44067796610169496,0.0,0.0625,1.0,0.0,0.6428571428571428,0.17647058823529416,1.0,0.5789473684210527,0.44885177453027136,0.27775943655771973,0.8458904109589042,0.2084115659031167,0.2222222222222222,0.41050518568082983,0.0,0.9383634431455898,0.09714285714285709,0.6213199214916585,0.5,0.0,0.6428571428571428,0.0,0.4422683425898861,0.0,0.45650228844764107,0.0,0.0,0.9601542416452442,0.3750000000000001,1.0,0.7777777777777778,0.6922475315280086,0.0,0.0,0.8344349130455163,0.7391304347826086,0.09999999999999998,0.206896551724138,0.0,0.4375,0.6096169519152405,0.6118456801304111,0.0,0.0,0.0,0.0,0.0,0.09090909090909094,0.0,0.0,0.0,0.0,0.0,0.0,0.0,0.0,0.0,1.0,0.0,0.0,0.0,0.0,0.15736360769473345,0.0,0.0,0.0,0.04831804281345553,0.0,0.0,0.0,0.0,0.0,0.7413084112149533,0.0,0.8493611297915266,0.2500000000000001,1.0,0.0,0.0,0.0,1.0,0.7293381402625672,0.2857142857142856,0.11111111111111105,0.09316770186335399,0.8636363636363636,0.0,0.75,0.3523058960887332,0.5313942751615882,0.8125,0.7528344671201814,0.323943661971831,0.20000000000000007,0.4,0.5416666666666667,0.53376,0.0,1.0,0.5,1.0,0.25,0.0,0.7777777777777778,0.0,0.7468297101449275,0.0,0.64298490377048,0.75,0.12,1.0,0.33333333333333326,0.9,0.875,0.5379211854528143,0.0,0.0,0.7777777777777778,0.7320261437908497,0.0,0.375,0.0,0.2585297221245162,0.6682608695652175,0.0,0.0,0.0,0.0,0.0,0.0,0.08333333333333337,0.0,0.0,0.0,0.0,0.0,0.6000000000000001,0.0,0.0,0.0,0.0,0.0,0.0,1.0,0.0,0.4779411764705883,0.0,0.0,0.0,0.0,0.0,0.0,0.0,0.0,0.0,0.34832451499118167,0.2857142857142857,0.17352056168505514,0.6666666666666667,0.8,0.0,0.0,0.0,0.6428571428571429,0.09999999999999998,0.6,0.0,0.0,0.75,0.0,0.0,0.09090909090909094,0.7428571428571429,0.0,0.5333333333333333,0.0,0.37037037037037046,0.5714285714285714,0.0,0.2564102564102564,0.8571428571428572,0.81,1.0,0.3619479983491539,1.0,0.25778863775198524,0.4,0.0,0.0,0.2060185185185185,0.0,0.0,0.0,0.8477564102564102,0.5,0.0,0.7368421052631579,0.9375,0.0,0.6990136350449667,0.0,0.06929133858267733,0.0,0.1428571428571428,0.0,0.0,0.6666666666666666,0.06015496308950041,0.0,0.0,0.0,0.0,0.0,0.3571428571428571,qsampled
0.0,0.5757575757575758,0.0,0.0,0.0,0.0,0.0,0.0,0.0,0.0,0.8339135799748805,0.7378547378547378,0.0,0.0,0.5235337303205807,0.890625,0.3846153846153846,0.1794871794871794,0.5789473684210527,0.42592592592592593,0.6548296428326592,0.0,0.3597977589505329,0.0,0.6986093350383632,0.0,0.5593220338983051,0.9090909090909091,0.6000000000000001,1.0,0.0,0.9090909090909091,0.4,0.09166976571216068,0.0,0.0,0.0,0.0,1.0,0.0,1.0,0.9022556390977443,0.0,0.44885177453027136,0.0,0.3290322580645161,0.2084115659031167,0.0,0.40760869565217384,0.44734551784160137,0.6898148148148149,0.20277716552788194,0.6207703679369252,0.0,0.0,0.0,0.0,0.0,0.3874381164733005,0.671100175505007,0.38205302515295714,0.0,0.0,0.0,0.0,0.2592592592592592,0.04963138493944175,0.0,1.0,0.355342075836129,0.8333333333333334,0.0,0.0,0.08695652173913038,0.4375,0.0,0.0,0.7368421052631579,0.0,0.0,0.0,0.0,0.0,0.0,0.7916666666666666,0.0,0.0,0.0,0.0,0.0,0.0,0.0,1.0,0.8282208588957055,0.7391304347826086,0.0,0.0,0.45285398927783027,0.7945205479452054,0.03650586701434144,0.28205128205128205,0.0,0.3999999999999999,0.84375,0.0,0.0,1.0,0.8656562177058216,0.0,0.8493611297915266,1.0,0.0,0.0,0.07002314814814825,0.5391918978795232,0.5,0.23392966464866327,0.0,0.0,0.0,0.0,0.8636363636363636,0.0,0.8861646234676007,0.7857142857142857,0.0,0.75,0.0,0.20000000000000007,0.4,0.0,0.53376,0.3267511177347242,0.777511961722488,0.7692307692307692,1.0,0.0,0.0,0.0,0.0,0.0,0.675679788961039,0.8977424624981435,1.0,0.12,0.0,0.0,0.9,0.25,0.0,0.0,1.0,0.03600917431192674,0.9673202614379085,0.0,0.0,0.0,0.0,0.0,0.0,0.6875,0.0,0.0,0.0,0.0,0.0,0.0,1.0,0.0,0.0,0.0,0.0,0.0,0.0,0.0,0.0,0.7931413900605171,0.23333333333333328,1.0,0.0,0.888888888888889,1.0,0.3916317991631799,0.3846153846153846,1.0,0.6,0.0,0.0,0.0,0.0,0.4064860062194581,0.2857142857142857,0.17352056168505514,0.8888888888888888,1.0,0.0,0.09700889248181088,0.3313253012048192,0.5055401662049861,0.06666666666666665,0.19999999999999996,0.33333333333333337,0.0,0.5,0.75,0.0,0.6363636363636364,0.4,0.4,0.5333333333333333,0.4629629629629629,0.37037037037037046,0.5714285714285714,0.7,0.2564102564102564,0.0,0.22000000000000008,0.0,0.3619479983491539,0.0,0.0,0.0,0.0,0.6315139879319802,0.6,0.13703048590157096,0.26923076923076916,0.0,0.35096153846153844,0.0,0.0,0.26315789473684204,1.0,0.0,0.9338555265448216,0.3499226955270033,0.0,0.0,0.0,0.23809523809523803,0.0,0.0,0.14121736520956307,1.0,0.0,0.0,0.0,0.0,0.2857142857142857,qsampled
0.0,0.0,0.0,0.0,0.0,0.0,0.17285278823740358,0.0,0.0,0.875,0.0,0.0,0.0,0.0,0.9263510860042896,0.0,0.7307692307692308,0.5769230769230769,0.0,0.4269311064718164,0.0,0.0,0.3597977589505329,0.0,0.555306905370844,0.0,0.4067796610169492,0.8636363636363636,0.4,0.5,0.0,0.7547169811320755,0.19999999999999996,0.0,0.44067796610169496,0.9090909090909091,0.0625,0.0,0.4285714285714285,0.0,1.0,0.8796992481203008,0.5789473684210527,0.2886221294363256,0.3023868312757202,0.0,0.009763424708974844,0.0,0.833389093342255,0.0,0.9202975557917109,0.0,0.6036848294786359,0.0,0.0,0.0,0.4285714285714285,0.6951671051349508,0.7453645646721605,0.45650228844764107,0.0,0.6178334106011436,0.5520565552699229,0.3402777777777778,1.0,0.0,0.25894639840270306,0.0,0.4,0.3557643214541001,1.0,0.0,0.0,0.0,0.0,0.6096169519152405,0.8461695607763023,0.0,0.0,0.0,0.0,0.0,0.09090909090909094,0.0,0.0,0.0,0.0,0.0,0.0,0.0,0.0,0.0,0.0,0.0,0.0,0.0,0.0,0.8010091453800063,0.0,0.8435462842242503,0.641025641025641,0.04831804281345553,0.3999999999999999,0.0,0.0,0.0,1.0,0.713472976467546,0.0,0.0,0.75,1.0,1.0,0.11237149946827374,1.0,0.6666666666666666,0.0,0.2857142857142856,0.8888888888888888,0.09316770186335399,0.0,0.36363636363636365,0.0,0.8861646234676007,0.9067405355493998,0.8125,0.0,0.25352112676056326,0.0,0.0,0.0,0.68512,0.0,0.0,0.23076923076923073,0.8571428571428571,0.0,0.0,0.0,0.33333333333333326,0.925328330206379,0.701958198051948,0.64298490377048,0.6964285714285714,0.0,0.8084866691701089,0.33333333333333326,0.09999999999999987,0.0,0.0,0.0,0.8166969147005445,0.7777777777777778,0.7320261437908497,0.0,0.0,0.0,0.0,0.6682608695652175,0.4605137963843957,0.0,0.0,0.0,0.0,0.0,0.08333333333333337,0.0,0.0,0.0,0.0,0.0,0.0,0.0,0.0,0.0,1.0,0.0,0.0,1.0,0.0,1.0,0.0,0.6861924686192469,0.5641025641025641,0.0,0.6,0.27243589743589736,0.0,0.0,0.0,0.27543314082629944,0.2857142857142857,0.43801652892561993,0.8888888888888888,0.4,0.0,0.09700889248181088,0.6914893617021276,0.021917808219177992,0.0,0.0,1.0,0.0,0.5,0.5,0.0,0.8666666666666667,0.4285714285714285,0.0,0.0,0.8391812865497076,0.0,0.4285714285714286,0.7,0.9743589743589743,0.8571428571428572,1.0,0.0,0.5528455284552845,0.0,0.25778863775198524,0.0,1.0,0.24286889742183204,0.9166666666666666,0.0,0.0,0.6202192448233861,0.0,0.5,0.5714285714285714,0.0,1.0,0.0,0.0,0.0,0.06929133858267733,0.0,0.0,0.0,0.0,0.6666666666666666,0.20402481464669375,0.0,0.0,0.0,0.0,0.0,0.3571428571428571,qsampled
0.0,0.0,0.0,0.0,0.0,0.5,0.2058021098581302,0.0,0.0,0.0,0.9057097957045573,0.0,0.0,0.0,0.7186557999330132,0.0,0.3846153846153846,0.0,0.052631578947368474,0.0,0.4512275317843051,0.0,0.3597977589505329,0.0,0.0,0.0,0.4067796610169492,0.0,0.4,0.0,0.0,1.0,0.35,0.58203125,0.0,0.0,1.0,0.2222222222222222,0.0,0.6428571428571428,0.0,0.0,0.0,0.5517241379310345,0.6324279835390947,0.3290322580645161,1.0,0.33333333333333337,0.8907103825136612,0.0,0.6032719836400818,0.032620674454485354,0.6027070063694268,0.5,0.0,0.0,0.9285714285714286,0.42105263157894735,0.8626280185934017,0.3156498039590705,0.0,0.6178334106011436,0.0,0.0,0.0,0.7407407407407407,0.08655757761125538,0.0,0.6448863636363635,0.9735014806494435,0.0,0.0,0.0,0.0,0.9421221864951769,0.44913830348999084,0.8461695607763023,0.7368421052631579,0.96875,0.0,0.0,0.0,0.09090909090909094,0.0,0.0,0.0,0.0,0.0,0.0,0.0,0.0,0.0,0.0,0.8282208588957055,0.0,0.0,0.0,0.8333333333333334,0.0,0.03650586701434144,0.0,0.5161290322580645,0.0,0.84375,0.0,0.0,0.0,0.0,0.0,0.0,0.0,1.0,0.0,0.11237149946827374,0.875725900116144,0.0,0.5,0.0,0.0,0.0,0.0,0.0,0.75,0.3527162657320376,0.1923076923076923,0.0,0.20833333333333326,0.8309859154929577,0.20000000000000007,0.0,0.5833333333333333,0.6842105263157895,0.27193315609570823,0.6875,0.23076923076923073,0.0,0.25,0.0,0.0,1.0,0.7207024653833165,0.5,0.8181818181818181,0.6964285714285714,0.0,0.8076923076923077,0.0,0.9,0.75,0.0,0.0,1.0,1.0,0.0,0.0,0.0,0.0,0.9632352941176471,0.0,0.9356101805525343,0.6875,0.9866008462623413,0.0,0.0,0.0,0.5,0.0,0.0,0.0,0.0,0.0,0.6000000000000001,0.0,0.0,0.0,0.0,0.7567567567567568,0.0,0.0,0.0,0.42222222222222217,0.5,0.3916317991631799,0.7116704805491991,0.05555555555555547,0.0,0.0,0.0,0.0,0.0,0.0,0.2857142857142857,0.3403543965229019,0.0,0.4,0.0,0.0,0.0,0.5522959183673469,0.06666666666666665,0.19999999999999996,0.33333333333333337,0.0,0.5,0.0,0.0,0.09090909090909094,0.0,0.4,1.0,0.19212962962962954,0.37037037037037046,0.4285714285714286,0.19999999999999996,0.9743589743589743,0.8571428571428572,0.0,0.9,0.6666666666666667,1.0,0.3928571428571429,0.0,0.5,0.2543458371454712,0.0,0.0,0.0,0.6197355533790402,0.0,0.0,0.0,0.75,0.0,0.0,0.5899025307797537,0.3260500636402207,0.9614299153339605,1.0,0.0,0.0,0.984174559405347,0.36363636363636365,0.0,1.0,1.0,0.0,0.0,0.0,0.0,qsampled
0.0,0.0,0.0,0.896551724137931,0.0,0.0,0.8199724817148236,0.0,0.6227946712055253,0.0,0.8206153846153846,0.8424289008455035,0.0,0.0,0.30122480224547055,0.0,0.0,0.8958333333333334,0.0,0.42592592592592593,0.6710822625513313,0.33333333333333326,0.01439024390243926,0.0,0.0,0.0,0.96,0.5909090909090908,0.4,0.0,0.0,0.0,0.0,0.897173670509483,0.0,0.0,0.0,0.25,0.0,0.6428571428571428,0.2941176470588236,0.8954545454545455,0.0,0.2822361546499478,0.27775943655771973,0.6838709677419355,0.0,0.0,0.3897624623619941,0.1872852233676976,0.0,0.4461839530332681,0.6227847062684608,0.0,0.604291776763552,0.6428571428571428,0.0,0.6329793308210575,0.40972435251325656,0.45650228844764107,0.0,0.624284806102988,0.0,0.0,0.375,0.0,0.04498224385111127,0.0,1.0,0.0,0.6416184971098267,1.0,0.0,0.18518518518518512,1.0,0.5778321108394459,0.5707865168539326,0.0,0.0,0.0,0.0,0.0,0.0,0.0,0.0,0.0,0.9136442141623489,0.0,0.0,0.42771963981504013,0.0,0.6206896551724137,0.75,1.0,0.7391304347826086,0.0,0.0,0.6092964824120604,0.0,0.0,0.926829268292683,0.0,0.3999999999999999,0.84375,0.14814814814814825,0.875,0.0,0.0,0.0,0.9726663228468283,0.2500000000000001,1.0,0.0,0.0,1.0,0.0,0.9200734643901776,0.0,0.0,0.0,0.36363636363636365,0.0,0.75,0.8374927028604787,0.7857142857142857,0.0,0.0,0.323943661971831,0.4666666666666667,0.0,0.0,0.48766546329723226,0.20603576751117725,0.6310679611650486,0.0,0.4444444444444444,0.0,0.7476635514018692,0.7777777777777778,0.0,0.9305555555555556,0.6417522583838634,0.64298490377048,0.6237113402061856,0.0,0.0,0.0,0.8,0.0,0.0,0.0,0.9775208297908519,0.0,0.7320261437908497,1.0,0.0,0.0,0.5470488123720494,0.7498969497114591,0.05611020818822099,0.0,0.0,0.0,0.0,0.0,0.0,0.0,0.0,0.0,0.5384615384615385,0.0,0.0,0.9090909090909091,0.0,0.75,0.0,0.9365079365079365,0.8461538461538461,0.5,0.0,0.4779411764705883,0.5,0.21120186697782972,0.3846153846153846,0.64,0.6,0.0,0.75,0.20512820512820518,0.0,0.0,0.2857142857142857,0.10493827160493818,0.6666666666666667,0.4,0.0,0.0,0.7777777777777778,0.0,0.033333333333333326,0.19999999999999996,0.33333333333333337,1.0,0.0,0.0,0.0,0.0,0.4,0.4,0.0,0.0,0.8148148148148149,0.0,0.7,0.0,0.0,0.0,0.5,0.3619479983491539,0.0,0.0,0.4,0.0,0.2260577568838147,0.05855855855855874,0.0,0.0,0.8205128205128205,0.5868613138686132,0.0,0.5714285714285714,0.0,1.0,0.0,0.44082809224318653,0.8853415358506577,0.0,1.0,0.0,0.23809523809523803,0.4664548022598869,1.0,0.0,0.0,0.0,0.0,0.0,0.0,0.2857142857142857,qsampled
0.0,0.0,0.0,0.0,0.6550520654537133,0.0,0.0,0.0,0.0,0.0,0.0,0.8418875440478015,0.0,0.0,0.9263199250506211,1.0,0.0,0.8461538461538461,0.052631578947368474,0.0,0.3360677427890977,0.33333333333333326,0.030472806777807948,0.0,0.0,0.0,0.0,0.0,0.4,0.0,0.16698526931294277,0.9090909090909091,0.19999999999999996,0.897173670509483,0.44067796610169496,0.0,0.0625,0.0,0.0,0.0,1.0,0.9022556390977443,0.0,0.6168032786885247,0.0,0.6838709677419355,0.8711978971085242,0.8888888888888888,0.3947229551451188,0.0,0.0,0.20277716552788194,0.24362922301066603,0.5,0.07654736167827703,0.0,0.0,0.0,0.0,0.0,0.36311087756174465,0.0,0.0,0.0,0.1250000000000001,0.2592592592592592,0.08655757761125538,0.8415841584158416,1.0,0.15363557454763976,0.0,0.9514888337468983,0.0,0.08695652173913038,0.32797427652733113,0.0,0.4772902232486529,0.0,0.0,0.0,0.0,0.0,0.09090909090909094,0.0,0.0,0.0,0.0,0.8406617755674824,0.0,0.0,0.0,0.0,1.0,0.0,0.7391304347826086,0.0,0.0,0.8010091453800063,0.763290648040357,0.0,0.8974358974358975,0.6845238095238095,0.0,0.5,0.14814814814814825,0.875,0.0,0.0,0.0,0.17888365837256237,0.0,0.5,0.0,0.0,0.5650406504065042,0.6666666666666666,0.9063819615966855,0.2857142857142856,0.0,0.11975223675154845,0.0,0.0,0.0,0.8779820101681658,0.7857142857142857,0.0,0.7444444444444445,0.0,0.0,0.9,0.9583333333333334,0.84256,0.0,0.019002375296912066,0.7692307692307692,0.0,0.25,0.5015576323987538,0.0,0.0,0.0,0.0,0.0,1.0,0.8620689655172413,0.0,0.0,0.0,0.25,0.0,1.0,0.978316935714968,0.7777777777777778,0.0,0.712,0.0,0.0,0.5717856428714256,0.0,0.0,0.0,0.0,0.0,0.0,0.0,0.5,0.0,0.0,0.0,0.0,0.8627450980392157,0.0,0.0,0.0,0.0,0.0,0.0,0.2679738562091504,1.0,0.0,1.0,0.9090909090909091,0.0,0.9487179487179487,0.05555555555555547,0.0,0.6798245614035088,0.75,0.20512820512820518,0.0,0.0,0.2857142857142857,0.0,0.0,0.6,0.0,0.0,0.3313253012048192,0.011080332409972193,0.033333333333333326,0.0,0.33333333333333337,1.0,0.5,0.0,0.0,0.6363636363636364,0.4,0.4,0.0,0.4444444444444444,0.8148148148148149,0.0,0.8,0.0,0.8571428571428572,0.0,1.0,0.07954300495796529,1.0,0.3549175320708613,0.0,0.0,0.674916706330319,0.2060185185185185,0.13062193854831516,0.3846153846153846,0.0,0.35096153846153844,0.0,0.4285714285714286,0.625,0.0,0.92,0.5213228894691035,0.3351718285956725,0.0,1.0,0.0,0.23809523809523803,0.6360148663229829,0.6666666666666666,0.0,0.0,0.0,0.0,0.0,0.0,0.0,qsampled
0.0,0.0,0.0,0.0,0.6607549962990378,0.0,0.0,0.0,0.6273964438263633,0.875,0.0,0.0,0.0,0.0,0.5226092394703211,0.0,1.0,0.9583333333333334,0.8518518518518519,0.6481481481481481,0.0,0.0,0.0,0.0,0.555306905370844,0.026315789473684292,0.72,0.31818181818181823,0.4,0.0,0.0,0.2727272727272728,0.0,0.7355894384529564,0.8813559322033898,0.9090909090909091,0.0,0.0,0.0,0.0,0.5882352941176471,1.0,0.052631578947368474,0.0,0.6324279835390947,0.0,0.4123861566484518,0.0,0.833389093342255,0.0,0.8666666666666667,0.0,0.062359066868927004,0.0,0.604291776763552,0.0,0.4285714285714285,0.44648118630150235,0.7453645646721605,0.0,0.0,0.67779632721202,0.5520565552699229,0.0,0.1250000000000001,0.0,0.04498224385111127,0.0,1.0,0.0,0.9075144508670521,0.0,0.0,0.0,1.0,0.6636263261485287,0.0,0.9473684210526315,0.0,0.0,0.0,0.0,0.09090909090909094,0.0,0.0,0.0,0.0,0.8406617755674824,0.0,0.0,0.0,0.6206896551724137,0.0,0.0,0.0,0.0,0.0,0.0,0.0,0.9318479685452162,0.9512195121951219,0.609850939727803,0.7333333333333334,0.0,0.0,1.0,0.0,0.7108559498956158,0.75,0.7645693656523982,0.2500000000000001,1.0,0.0,0.0,0.5070422535211268,1.0,0.7293381402625672,0.8571428571428571,0.8888888888888888,0.0,0.0,0.0,0.0,0.6513426736719206,0.6959706959706959,0.0625,0.3765743073047859,0.8309859154929577,0.0,0.4,0.0,0.68512,0.0,0.9334916864608076,0.5,0.7142857142857142,0.0,0.7560975609756098,0.0,0.33333333333333326,0.7468297101449275,0.701958198051948,0.0,0.6237113402061856,0.86,0.7239307681304534,0.0,0.0,0.0,0.0,0.0,0.978316935714968,0.0,0.9673202614379085,0.0,0.0,0.0,0.0,0.7735804786485219,0.0,0.9375,0.0,0.0,0.0,0.0,0.5,0.0,0.0,0.0,0.0,1.0,0.0,0.0,0.0,0.75,1.0,0.0,0.0,0.5,0.0,0.8970588235294118,0.5,0.6406067677946325,0.641025641025641,0.0,0.29999999999999993,0.7096491228070175,0.0,0.3076923076923077,0.0,0.18765957446808512,0.0,0.0,0.33333333333333337,0.4,0.0,0.0,1.0,0.0,0.09999999999999998,0.0,1.0,1.0,0.5,0.0,0.0,0.13636363636363635,0.7428571428571429,0.4,0.1333333333333332,0.2185672514619884,0.0,1.0,0.7,0.9743589743589743,0.5,1.0,1.0,0.41580685101114323,0.0,0.7532894736842106,0.0,1.0,0.0,0.918918918918919,0.13062193854831516,0.0,0.8463541666666667,0.0,0.0,0.4285714285714286,0.0,1.0,0.0,0.53431189926235,0.8922269019566029,0.3076923076923077,0.0,0.0,0.0,0.0,1.0,0.14121736520956307,1.0,0.0,0.0,0.0,0.0,0.0,qsampled
0.0,0.0,0.0,0.0,0.0,0.0,0.0,0.0,0.0,0.0,0.0,0.0,0.0,0.0,0.0,0.890625,0.0,0.0,0.0,0.6512749827705031,0.0,0.33333333333333326,0.6259541984732824,0.0,0.9013149957775365,0.0,0.0,0.0,0.4,0.5,0.0,0.2727272727272728,0.0,0.9412420974339903,0.0,0.0,1.0,0.25,0.25,0.0,0.17647058823529416,0.0,0.4736842105263158,0.7161803713527852,0.0,0.0,0.7049180327868853,0.0,0.3947229551451188,0.8775773195876289,0.0,0.8160469667318982,0.6040900332807848,0.0,0.604291776763552,0.0,0.0,0.4478032565757779,0.6576048011465425,0.45650228844764107,0.7635840230298668,0.8610934520025428,0.5861182519280206,0.381782945736434,1.0,0.0,0.0,0.0,0.0,0.0,0.9751552795031055,0.0,0.0,0.0,0.0,0.1990163777873275,0.9589322381930185,0.0,0.0,1.0,0.0,0.0,0.0,0.0,0.0,0.0,0.0,0.0,0.0,0.0,0.0,0.0,0.75,0.0,0.0,0.0,0.0,0.11550151975683876,0.9557522123893806,0.0,0.0,0.0,0.7333333333333334,0.0,0.14814814814814825,0.0,0.0,1.0,0.0,0.0,0.0,1.0,1.0,0.0,0.5070422535211268,1.0,0.9816747669508405,0.0,0.11111111111111105,1.0,0.36363636363636365,0.0,0.0,0.3479859210011733,0.0,0.6875,0.5909090909090908,0.0,0.0,0.8,0.0,0.84256,0.7894932935916542,0.30080213903743314,0.7692307692307692,0.4444444444444444,0.0,0.7476635514018692,0.0,0.0,0.7468297101449275,0.9024959415584415,0.675607419663851,1.0,0.0,0.4935536362498435,0.46666666666666656,0.0,0.0,0.0,0.0,0.0,0.0,0.954248366013072,0.0,0.0,0.0,0.0,0.3060314314030863,0.0,0.0,0.0,0.7341772151898733,0.0,0.0,0.0,0.0,0.0,0.0,0.0,0.0,0.0,0.0,0.0,0.0,0.0,0.0,0.0,0.5,0.0,0.0,0.29999999999999993,0.21120186697782972,0.5641025641025641,0.64,0.29999999999999993,0.27243589743589736,0.75,0.0,0.0,0.6561232765612327,0.2857142857142857,0.08333333333333326,0.0,0.4,0.0,0.0,0.0,0.0,0.7666666666666666,0.0,0.0,0.8333333333333334,0.0,0.0,0.0,0.09090909090909094,0.0,0.0,0.0,0.4444444444444444,0.8148148148148149,1.0,0.7,0.0,1.0,0.0,1.0,0.34253071782711797,0.0,0.0,0.0,0.0,0.0,0.0,0.0,0.3846153846153846,0.7747584541062802,1.0,0.5,0.4285714285714286,0.0,0.0,0.0,0.6990136350449667,0.6062402269173425,0.9517819706498952,0.0,0.0,0.0,0.6360148663229829,0.6666666666666667,0.06015496308950041,0.0,0.0,0.7777777777777778,0.0,0.0,0.2857142857142857,qsampled
0.0,0.0,0.0,0.5416666666666667,0.0,0.0,0.004082074994581242,0.0,0.0,0.0,0.0,0.0,0.0,0.0,0.9263510860042896,0.0,0.0,0.0,0.0,0.6512749827705031,0.6950692423039605,0.0,0.030472806777807948,0.0,0.3960174288390276,0.0,0.5593220338983051,0.31818181818181823,0.4,1.0,0.238445968739458,0.9090909090909091,0.4,0.0,0.0,0.0,0.0625,0.0,0.0,0.0,0.8823529411764706,0.0,0.052631578947368474,1.0,0.27654320987654313,0.32357723577235775,0.0,0.2222222222222222,0.27404718693284924,0.0,0.0,0.3440599515098083,0.7051282051282052,0.5,0.0,0.6428571428571428,0.0,0.6143324703238728,0.5785081805925009,0.45650228844764107,0.8858595194085028,0.6514930808448651,0.0,0.44999999999999996,1.0,0.7407407407407407,0.0,0.0,1.0,0.3557643214541001,0.8901734104046243,0.09999999999999998,0.206896551724138,0.0,0.0,0.0,0.8257634077495509,0.7368421052631579,0.0,0.7977977977977978,0.0,0.0,0.09090909090909094,0.0,0.0,0.0,0.6330545991146089,0.0,0.0,0.6164678170925291,0.0,0.0,1.0,0.0,0.0,0.0,0.0,0.8010091453800063,0.0,0.0,0.0,0.04831804281345553,0.7333333333333334,0.33333333333333326,0.0,0.875,0.0,0.314151190164792,0.0,0.8493611297915266,0.2500000000000001,1.0,0.0,1.0,0.704225352112676,0.6,0.0,0.0,0.11111111111111105,0.11975223675154845,0.36363636363636365,0.0,0.0,0.8297223308564724,0.3571428571428571,0.0625,0.9888888888888889,0.323943661971831,1.0,0.09999999999999998,0.5416666666666667,0.84256,0.0,0.019002375296912066,0.0,0.33333333333333326,0.25,0.0,0.7777777777777778,0.0,0.8333333333333334,0.9024959415584415,0.6866569449507838,0.0,0.5517241379310345,0.0,0.46666666666666656,0.09999999999999987,0.75,0.37038689172289085,0.0,0.9858305697919807,0.7777777777777778,0.954248366013072,0.0,0.375,0.0,0.5717856428714256,0.0,0.38198198198198186,0.6875,0.0,0.7341772151898733,0.0,0.0,0.5,0.0,0.0,0.0,0.5384615384615385,0.0,0.0,0.625,0.0,0.0,0.0,0.0,0.0,1.0,0.0,1.0,0.0,0.0,0.0,0.0,0.29999999999999993,0.0,0.0,0.20512820512820518,0.0,0.814749000444247,0.2857142857142857,0.17352056168505514,0.33333333333333337,0.4,0.0,0.5680449618627057,0.3313253012048192,0.5055401662049861,0.0,0.19999999999999996,0.0,0.0,0.0,0.0,0.0,0.0,0.0,0.4,0.5333333333333333,0.0,0.37037037037037046,0.5714285714285714,0.0,0.0,0.8571428571428572,0.0,0.9,0.9019607843137255,1.0,0.25778863775198524,0.4,0.0,0.9693479295573536,0.0,0.0,0.6923076923076923,0.6202192448233861,0.35096153846153844,0.5,0.5714285714285714,0.75,0.09230769230769231,0.0,0.8345875866179867,0.3351718285956725,0.586987270155587,0.0,0.1428571428571428,0.0,0.6360148663229829,0.6666666666666666,0.07487246173852169,1.0,0.0,0.7777777777777778,0.0,0.0,0.0,qsampled
0.0,0.5757111773712628,0.0,0.0,0.0,0.0,0.0,0.0,0.0,0.0,0.0,0.0,0.8399080811949444,0.0,0.0,0.0,0.0,0.1794871794871794,0.5789473684210527,0.25,0.19520335299596403,0.0,0.3597977589505329,0.0,0.3882821064598644,0.0,0.0,0.9090909090909091,0.0,0.5,0.6425237493822415,0.9433962264150944,0.0,0.07421875000000011,0.0,0.0,0.0,0.0,0.0,0.0,0.0,0.0,0.4736842105263158,0.0,0.9290289520881373,0.0,0.0,0.5555555555555556,0.40760869565217384,0.0,0.0,0.09714285714285709,0.0,0.0,0.3106371586650011,0.0,0.0,0.2674291938997819,0.0,0.3156498039590705,0.8928072625698324,0.0,0.0,0.0,1.0,0.0,0.0,0.8415841584158416,1.0,0.8918104768712346,0.0,0.0,0.206896551724138,0.0,0.4375,0.44913830348999084,0.5707865168539326,0.0,0.0,0.7977977977977978,0.0,0.0,0.09090909090909094,0.0,0.7916666666666666,0.0,0.0,0.0,0.0,0.0,0.0,0.0,0.0,0.0,0.0,0.8744904755561476,0.0,0.0,0.0,0.0,0.28205128205128205,0.0,0.0,0.0,0.0,0.0,0.0,0.2801449025357944,0.0,0.16909331568497699,1.0,1.0,1.0,0.82701169797944,0.875725900116144,1.0,0.6539437620546137,0.0,0.0,0.6190476190476191,0.0,0.0,0.0,0.0,0.0,0.6875,0.4274376417233561,0.25352112676056326,0.0,0.09999999999999998,0.5,0.53376,0.3267511177347242,0.0,0.5,0.0,0.0,1.0,0.0,0.0,0.7789541918755403,0.0,0.64298490377048,1.0,0.12,0.0,0.0,0.09999999999999987,0.0,0.37038689172289085,0.20000000000000007,0.13053964425685882,0.9803921568627451,0.0,1.0,0.375,0.0,0.0,0.6666666666666666,0.0,0.0,0.0,0.7341772151898733,0.0,0.0,0.08333333333333337,0.0,0.9130434782608696,0.0,0.0,0.0,0.0,0.0,0.0,0.0,0.0,0.0,0.0,0.5420560747663552,0.0,0.0,0.5,0.0,0.30043859649122806,1.0,0.09090909090909083,0.0,0.0,0.0,0.0,0.8025531914893618,0.2857142857142857,0.0,0.8888888888888888,0.0,0.0,0.057430432208407045,0.34751773049645385,0.29209183673469397,0.09999999999999998,0.19999999999999996,0.33333333333333337,0.0,0.5,0.0,0.0,0.8,0.0,0.0,0.0,0.8391812865497076,0.0,0.5714285714285714,1.0,0.2564102564102564,0.0,0.0,0.04761904761904756,0.0,0.0,0.6793924466338259,0.0,0.0,0.0,0.22972972972972971,0.0,0.8666666666666667,0.0,0.35096153846153844,0.0,0.5714285714285714,0.0,0.9375,0.92,0.5912290661368151,0.8625040910578566,0.0,1.0,0.1428571428571428,0.0,0.0,0.36363636363636365,0.06082614616432114,0.0,0.0,0.7777777777777778,0.0,0.0,0.3571428571428571,qsampled
0.0,0.0,0.0,0.0,0.0,0.0,0.0,0.9329749513896831,0.0,0.875,0.9057097957045573,0.0,0.8421092165552468,0.0,0.21438301470242838,0.0,0.3846153846153846,0.0,0.0,0.6512749827705031,0.19520335299596403,0.0,0.3777621062529384,0.0,0.9183431952662722,0.0,0.0,0.0,0.4,0.0,0.12289275712481473,0.0,0.4,0.40364583333333337,0.44067796610169496,0.0,1.0,1.0,0.4285714285714285,0.0,0.5882352941176471,0.6796116504854369,0.5789473684210527,0.2931034482758621,0.6338725652030373,0.529109589041096,0.6666666666666666,0.5555555555555556,0.8369565217391304,0.0862068965517242,0.0,0.27428571428571424,0.6213199214916585,0.0,0.0,0.0,0.0,0.6752548131370328,0.6576048011465425,0.3156498039590705,0.8928072625698324,0.6178334106011436,0.5520565552699229,0.0,1.0,0.0,0.7093247588424436,0.0,0.019886363636363535,1.0,0.0,0.7,0.0,0.18518518518518512,0.4375,0.44913830348999084,0.6118456801304111,0.0,0.0,0.7977977977977978,0.0,0.0,0.0,0.0,0.0,0.0,0.0,0.0,0.0,0.0,0.6846846846846847,0.0,0.5476190476190477,0.8282208588957055,0.0,0.8744904755561476,0.0,0.6799999999999999,0.0,0.20761245674740492,0.0,0.04831804281345553,0.7333333333333334,0.0,0.0,0.0,0.0,0.696515004840271,0.0,0.16909331568497699,0.0,1.0,0.0,0.0,0.0,0.5,0.0,0.2857142857142856,0.0,0.6190476190476191,0.36363636363636365,0.36363636363636365,0.0,0.6513426736719206,0.9067405355493998,0.8125,0.0,0.8309859154929577,0.0,0.4,0.5,0.68512,0.0,0.30080213903743314,0.0,1.0,0.0,0.0,0.0,0.0,0.7207024653833165,0.9024959415584415,0.64298490377048,1.0,0.0,0.8084866691701089,0.0,0.9,0.0,0.49670698784812584,0.0,0.0,1.0,0.0,0.0,0.0,0.0,0.2845528455284553,0.6666666666666666,0.6065137919574608,0.0,0.0,0.7341772151898733,0.0,0.0,0.0,0.0,0.0,0.0,0.0,0.0,0.0,0.0,1.0,0.0,0.4516295913088464,0.8056483449741876,0.0,0.5420560747663552,0.0,0.0,0.5,0.3916317991631799,0.7116704805491991,0.0,0.29999999999999993,0.0,0.0,0.0,0.0,0.8376623376623377,0.2857142857142857,0.0,0.0,0.4,0.0,0.20567685589519646,0.0,0.0,0.0,0.6,0.33333333333333337,0.0,0.0,0.5,0.0,0.13636363636363635,0.4285714285714285,0.0,0.8235294117647058,0.2185672514619884,0.0,0.5714285714285714,1.0,0.9743589743589743,0.8571428571428572,0.0,0.5,0.3619479983491539,0.0,0.3928571428571429,0.0,0.0,0.3791208791208792,0.0,0.0,0.26923076923076916,0.6197355533790402,0.0,0.0,0.0,0.0,0.9375,0.0,0.8386231146479134,0.9598167206080221,0.0,1.0,0.0,0.23809523809523803,0.0,0.36363636363636365,0.4818481848184819,0.0,0.0,0.7777777777777778,0.0,0.0,0.2857142857142857,qsampled
0.0,0.0,0.0,0.0,0.8935225303292894,0.0,0.245575964246041,0.0,0.0,0.875,0.8339135799748805,0.0,0.0,0.0,0.0,0.0,0.0,0.5769230769230769,0.052631578947368474,0.0,0.338293901024063,0.0,0.41067230841560876,0.0,0.7160767846430713,0.0,0.4067796610169492,0.9090909090909091,0.0,0.0,0.0,0.0,0.35,0.0,0.44067796610169496,0.0,0.78125,0.0,0.4285714285714285,0.0,0.17647058823529416,0.8796992481203008,0.0,0.0,0.27775943655771973,0.0,0.0,0.2222222222222222,0.0,0.8775773195876289,0.0,0.27428571428571424,0.023953406901383922,0.5,0.0,0.0,0.0,0.29158140894475304,0.40972435251325656,0.0,0.7635840230298668,0.6178334106011436,0.0,0.0,1.0,0.2592592592592592,0.9565457050987598,0.0,0.0,0.8344349130455163,0.0,1.0,0.0,0.0,0.0,0.0,0.9589322381930185,0.9473684210526315,0.0,1.0,0.0,0.0,0.09090909090909094,0.0,0.0,0.0,0.0,0.9411347517730496,0.0,0.7112176324075379,0.0,0.0,0.0,0.8282208588957055,0.0,0.0,0.0,0.0,0.0,0.0,0.641025641025641,0.6758409785932722,0.0,0.0,0.0,1.0,0.0,0.8688773298656264,0.0,0.2887773722627738,1.0,1.0,0.0,0.6587837837837838,0.0,0.0,0.0,0.2857142857142856,0.11111111111111105,0.8830006882312457,0.36363636363636365,0.36363636363636365,0.0,0.3479859210011733,0.6198541519642438,0.0,0.0,0.323943661971831,0.0,0.09999999999999998,0.5416666666666667,0.0,0.7894932935916542,0.30080213903743314,0.0,0.33333333333333326,0.25,0.0,0.0,0.0,0.5689915458937198,0.675679788961039,0.0,1.0,0.5517241379310345,0.0,0.0,0.9,0.25,0.9029495950638682,0.0,0.0,0.7647058823529411,0.0,0.0,0.0,0.0,0.0,0.0,0.0,1.0,0.0,0.7341772151898733,0.0,0.0,0.5,0.0,0.0,0.0,0.0,0.8627450980392157,0.0,0.9090909090909091,0.0,0.0,1.0,0.7855769230769231,0.0,1.0,0.0,0.0,0.0,0.0,0.5641025641025641,0.05555555555555547,0.0,0.0,0.0,1.0,0.0,0.4850088183421517,0.2857142857142857,0.3403543965229019,0.8888888888888888,0.0,0.0,0.10189287152637949,0.553191489361702,0.2142857142857143,0.0,0.6,0.0,0.6666666666666667,0.0,0.5,0.0,0.09090909090909094,0.028571428571428692,0.4,0.3999999999999999,0.0,0.8148148148148149,0.5714285714285714,0.0,0.46153846153846156,0.2857142857142857,0.0,0.5,0.0,1.0,0.25778863775198524,0.0,0.0,0.2625416468348406,0.04166666666666652,0.055457288523566683,0.3846153846153846,0.6202192448233862,0.35096153846153844,0.0,0.0,0.625,0.46153846153846156,0.0,0.810893376052455,0.0,0.0,0.0,0.0,0.0,0.6360148663229829,0.6666666666666666,0.06015496308950041,0.6666666666666667,0.0,0.7777777777777778,0.0,0.0,0.0,qsampled
0.0,0.0,0.0,0.0,0.0,0.5,0.08026409991249694,0.0,0.0,0.0,0.0,0.6516803917204541,0.0,0.0,0.0,0.0,0.0,0.0,0.5789473684210527,0.75,0.4770151636073423,0.0,0.0,0.0,0.0,0.0,0.5593220338983051,0.31818181818181823,0.0,1.0,0.16698526931294277,0.2727272727272728,0.35,0.0,0.0,0.0,0.0,0.0,0.0,0.0,0.17647058823529416,0.0,0.4736842105263158,0.5480167014613779,0.0,0.3290322580645161,0.0,0.0,0.0,0.8912097476066144,1.0,0.3440599515098083,0.0656619579500658,0.0,0.3037583037583037,0.0,0.0,0.2674291938997819,0.0,0.629721717509802,0.300475866757308,0.928450007726781,0.0,0.345679012345679,0.375,0.5555555555555556,0.26460639606396064,0.0,1.0,0.7964705882352942,0.8333333333333334,0.0,0.0,0.18518518518518512,1.0,0.6091954022988506,0.5707865168539326,0.7368421052631579,0.0,0.0,0.0,0.0,0.0,0.0,0.0,0.0,0.0,0.0,0.0,0.5598844937434111,0.0,0.0,0.75,0.0,0.7391304347826086,0.0,0.0,0.0,0.0,0.0,0.0,0.0,0.0,0.84375,0.0,1.0,1.0,0.0,0.0,0.8493611297915266,0.2500000000000001,1.0,0.0,0.0,0.39624432957062994,0.0,0.8533143843264643,0.0,0.0,0.0,0.0,0.0,0.0,0.35799005228924885,0.34065934065934067,0.6875,0.20833333333333326,0.323943661971831,0.20000000000000007,0.09999999999999998,0.0,0.0,0.7894932935916542,0.9027777777777778,0.0,0.7142857142857142,0.0,0.5121951219512195,0.0,0.0,0.7468297101449275,0.0,0.5592603594237338,1.0,0.86,0.0,0.33333333333333326,0.8,0.75,0.0,0.0,1.0,0.9803921568627451,0.9673202614379085,1.0,0.0,0.0,0.0,0.6682608695652175,0.0,0.6875,0.0,0.0,0.0,0.0,0.0,0.0,0.0,0.0,0.0,0.0,0.6000000000000001,0.9090909090909091,0.0,0.0,0.0,0.0,0.75,0.5,0.0,0.0,0.5,1.0,0.0,1.0,1.0,0.0,0.0,0.3076923076923077,0.0,0.0,0.2857142857142857,0.17352056168505514,0.33333333333333337,0.0,0.0,0.4183291770573566,0.43673469387755093,0.2119113573407203,0.033333333333333326,0.19999999999999996,0.33333333333333337,0.0,0.5,0.0,0.0,0.09090909090909094,0.0,0.0,1.0,0.0,0.37037037037037046,0.5714285714285714,0.7,0.46153846153846156,0.2857142857142857,1.0,0.9,0.41580685101114323,0.0,0.6793924466338259,0.0,0.0,0.0,0.74,0.9151606425702811,0.3846153846153846,0.8102350636630754,0.35096153846153844,0.5,0.5714285714285714,0.4736842105263157,1.0,0.0,0.701305705364746,0.0,0.0,1.0,0.0,0.23809523809523803,0.0,0.6666666666666666,0.0,1.0,0.0,0.0,0.0,0.0,0.2857142857142857,qsampled
0.0,0.0,0.0,0.5416666666666667,0.0,0.5,0.0,0.9099501808503379,0.0,0.875,0.0,0.0,0.0,0.0,0.5228784931927526,0.0,0.0,0.1794871794871794,0.0,0.0,0.4873486494877367,0.33333333333333326,0.3597977589505329,0.0,0.8945392082451165,0.7816326530612245,0.4067796610169492,0.31818181818181823,0.4,0.0,0.0,0.2727272727272728,0.0,0.5794270833333334,0.7796610169491526,0.0,0.9375,0.0,0.25,0.0,0.7647058823529412,1.0,0.052631578947368474,0.0,0.0,0.0,0.2084115659031167,0.0,0.41050518568082983,0.8936170212765957,0.0,0.3440599515098083,0.0650860829190123,0.0,0.31647839340147044,0.0,0.9285714285714286,0.4093720871112617,0.3874381164733005,0.3156498039590705,0.0,0.6178334106011436,0.0,0.20000000000000007,1.0,0.2592592592592592,0.0,0.0,1.0,0.8922943986987903,1.0,0.0,0.206896551724138,0.18518518518518512,1.0,0.0,0.5707865168539326,0.0,0.0,0.0,0.0,0.0,0.0,0.0,0.0,0.0,0.6000000000000001,0.0,0.0,0.0,0.864680239090378,0.0,0.5476190476190477,0.0,0.0,0.0,0.0,0.8368983957219251,0.0,0.0,0.28205128205128205,0.02582311168495821,0.0,0.33333333333333326,0.14814814814814825,0.0,1.0,1.0,0.7272727272727273,0.0,0.2500000000000001,1.0,0.0,0.07002314814814825,0.5070422535211268,1.0,0.24758907725104062,0.8571428571428571,0.0,0.0,0.0,0.0,0.0,0.0,0.3571428571428571,0.0625,0.375,0.323943661971831,0.0,0.4,0.0,0.39500601684717207,0.0,0.33333333333333326,0.0,0.2777777777777777,0.0,1.0,0.0,1.0,0.939547450185748,0.6417522583838634,0.650750037130551,0.6237113402061856,0.0,0.0,0.8888888888888888,0.09999999999999987,0.25,0.37038689172289085,0.0,1.0,0.9036697247706422,0.9673202614379085,0.0,0.375,0.0,0.5470488123720494,0.0,0.0,0.0,0.0,0.0,0.0,0.0,0.0,0.0,0.0,0.0,0.5384615384615385,0.0,0.6000000000000001,0.0,1.0,0.0,0.4516295913088464,0.0,0.0,0.0,0.0,1.0,0.5,0.0,0.30043859649122806,0.0,0.09090909090909083,0.0,0.75,0.0,0.0,0.5497872340425533,0.0,0.3403543965229019,0.33333333333333337,0.4,0.0,0.0,0.43673469387755093,0.3022959183673469,0.06666666666666665,0.0,0.33333333333333337,1.0,0.5,0.0,0.0,0.40909090909090917,0.4285714285714285,0.4,0.0,0.0,0.0,0.5714285714285714,0.7,0.2564102564102564,0.8571428571428572,1.0,0.9,0.41580685101114323,0.0,0.6793924466338259,0.0,0.5,0.22931937172774852,0.5800000000000001,0.0,0.0,0.6188957055214723,0.5868613138686132,0.0,0.5714285714285714,0.0,0.9375,0.0,0.6944497321404292,0.08554306321595262,0.7496635262449529,1.0,0.1428571428571428,0.23809523809523803,0.46193501978180085,0.0,0.0,0.0,0.0,0.0,0.0,0.0,0.2857142857142857,qsampled
0.0,0.5757111773712628,0.0,0.5416666666666667,0.0,0.0,0.17214013621147406,0.0,0.0,0.0,0.0,0.0,0.0,0.0,0.3301791880795063,0.703125,0.0,0.8461538461538461,0.052631578947368474,0.0,0.2951108759864216,0.0,0.3597977589505329,0.0,0.8945855294681361,0.17560975609756102,0.5593220338983051,0.31818181818181823,0.0,0.0,0.0770805985823052,0.0,0.19999999999999996,0.0,0.9491525423728814,0.0,0.9375,0.25,0.25,0.0,0.8823529411764706,0.8796992481203008,0.4736842105263158,0.2886221294363256,0.0,0.0,0.5080736012016522,0.0,0.0,0.0,0.6992561105207227,0.0,0.0,0.0,0.8983200707338639,0.0,0.9285714285714286,0.29251372964640143,0.0,0.45650228844764107,0.7653631284916201,0.0,0.0,0.0,0.1250000000000001,0.2592592592592592,0.8001579778830964,0.0,0.4,0.10811387900355884,0.8333333333333334,1.0,0.206896551724138,0.75,0.4375,0.0,0.31181477698331617,0.0,0.0,0.0,0.0,0.0,0.09090909090909094,0.0,0.7916666666666666,0.0,0.6000000000000001,0.0,0.0,0.449714369415556,0.0,0.0,1.0,0.0,0.0,0.0,0.0,0.15736360769473345,0.763290648040357,0.0,0.8974358974358975,0.6845238095238095,0.0,0.0,0.0,0.0,1.0,1.0,0.7272727272727273,0.7855839416058394,0.2500000000000001,1.0,0.0,0.0,0.0,0.8,0.0,1.0,0.0,0.9634230503795721,0.36363636363636365,0.0,0.0,0.8374927028604787,0.904963537991061,0.6875,0.0,0.0,0.0,0.8,0.0,0.0,0.0,0.8168449197860963,0.23076923076923073,0.0,0.0,0.7560975609756098,0.0,1.0,0.5592870544090056,0.0,0.64298490377048,1.0,0.12,0.0,0.0,0.0,0.25,0.854220600769482,0.0,0.13053964425685882,0.02164804469273729,0.9673202614379085,1.0,0.375,0.0,0.0,0.0,0.3761253019102686,0.0,0.0,0.0,0.0,0.0,0.5,0.0,1.0,0.0,0.5384615384615385,0.0,0.0,0.9090909090909091,0.0,0.0,0.0,0.0,0.0,1.0,0.0,0.68,0.9090909090909091,0.0,0.9487179487179487,0.33333333333333337,0.0,0.0,0.0,0.0,0.0,0.6015104398045313,0.0,0.24445411048281862,0.33333333333333337,0.0,0.0,0.0,0.553191489361702,0.021917808219177992,0.0,0.0,0.33333333333333337,1.0,0.0,0.0,0.0,0.6666666666666667,0.4285714285714285,0.0,0.0,0.4444444444444444,0.0,0.7142857142857143,0.7,0.46153846153846156,0.8571428571428572,0.22000000000000008,0.0,0.0,0.0,0.0,0.0,0.5,0.25740537575425126,0.2060185185185185,0.0,0.8666666666666667,0.0,0.35096153846153844,0.0,0.4285714285714286,0.26315789473684204,0.0,0.0,0.0,0.0,0.815748031496063,1.0,0.1428571428571428,0.23809523809523803,0.0,0.0,0.6036314117113026,0.0,0.0,0.0,0.0,0.0,0.0,qsampled
0.7391304347826086,0.0,0.0,0.0,0.6920009030024832,0.5,0.1739734624350009,0.0,0.0,0.0,0.9057097957045573,0.0,0.0,0.0,0.0,0.734375,0.2692307692307693,0.8461538461538461,0.052631578947368474,0.0,0.4873486494877367,0.33333333333333326,0.030472806777807948,0.0,0.0,0.16717791411042937,0.4067796610169492,0.0,0.4,0.0,0.0770805985823052,0.9433962264150944,0.0,0.0,0.8587570621468926,0.0,0.0625,0.2222222222222222,0.0,0.0,0.0,0.0,0.4736842105263158,0.2886221294363256,0.9420216147488875,0.0,0.0,0.2222222222222222,0.41050518568082983,0.0,0.748995983935743,0.0,0.062359066868927004,0.0,0.3037583037583037,0.0,0.0,0.19604557640750653,0.6576048011465425,0.629721717509802,0.4025837988826817,0.5237674110103914,0.0,0.3402777777777778,0.375,0.0,0.04498224385111127,0.0,1.0,0.7974690600958858,1.0,0.0,0.206896551724138,0.75,1.0,0.0,0.0,0.0,0.0,0.0,0.0,0.0,0.0,0.8656716417910448,0.0,0.0,0.0,0.8406617755674824,0.0,0.0,0.0,0.0,0.75,1.0,0.0,0.0,0.0,0.0,0.4088669950738918,0.34419817470664926,0.8974358974358975,0.6845238095238095,0.7333333333333334,0.84375,0.14814814814814825,0.0,0.0,0.0,0.7272727272727273,0.0,0.0,1.0,0.0,0.0,0.9154929577464789,1.0,0.8533143843264643,1.0,0.11111111111111105,0.12137780207763815,0.0,0.36363636363636365,0.0,0.0,0.5313942751615882,0.6875,0.0,0.971830985915493,0.0,0.09999999999999998,0.5416666666666667,0.53376,0.0,1.0,0.23076923076923073,0.7142857142857142,0.0,0.5121951219512195,0.0,0.0,0.5592870544090056,0.9024959415584415,0.5628532589253774,0.0,0.0,0.0,0.33333333333333326,0.8,0.0,0.0,0.0,0.8166969147005445,0.8219743907476249,0.954248366013072,1.0,0.375,0.0,0.0,0.0,0.15983714210664557,0.0,0.0,0.0,0.0,0.0,0.0,1.0,0.0,0.0,0.0,1.0,0.6000000000000001,0.0,0.0,0.0,0.0,0.7567567567567568,0.0,0.5,0.0,0.0,0.0,0.0,0.9487179487179487,0.09278350515463918,0.0,0.6025641025641025,0.75,0.20512820512820518,0.0,0.0,0.0,0.43801652892561993,0.0,0.4,0.0,0.4526184538653366,0.34751773049645385,0.0,0.033333333333333326,0.0,0.0,0.0,0.5,0.5,0.0,0.8,0.7428571428571429,0.0,0.8235294117647058,0.957131079967024,0.0,0.5714285714285714,0.0,0.2564102564102564,0.8571428571428572,0.8604651162790697,0.0,0.41580685101114323,0.0,0.9839816933638444,0.0,0.0,0.25740537575425126,0.0,0.9151606425702811,0.6666666666666666,0.594434306569343,0.35096153846153844,0.5,0.5714285714285714,0.0,1.0,0.0,0.5912290661368151,0.7079510703363914,0.7546012269938649,1.0,0.1428571428571428,0.23809523809523803,0.0,0.0,0.0,0.0,0.0,0.0,0.0,0.0,0.2857142857142857,qsampled
0.0,0.0,0.0,0.0,0.0,0.5,0.0,0.0,0.0,0.0,0.8206153846153846,0.0,0.8355784469096672,0.0,0.0,0.09999999999999998,0.2692307692307693,0.0,0.5789473684210527,0.43211578221915936,0.0,0.0,0.7815660016397923,0.0,0.0,0.0,0.0,0.0,0.8,0.0,0.11815252416756161,0.9090909090909091,0.0,0.09166976571216068,0.0,0.6363636363636364,0.0,0.2222222222222222,0.0,0.0,0.17647058823529416,0.0,0.0,0.44885177453027136,0.0,0.6838709677419355,0.8711978971085242,0.2222222222222222,0.3980099502487562,0.4664926022628373,0.9230769230769231,0.3440599515098083,0.0656619579500658,0.0,0.0,0.0,0.0,0.7006714002801526,0.8652115293517473,0.45650228844764107,0.38205302515295714,0.0,0.5861182519280206,0.9228395061728395,0.1250000000000001,0.2592592592592592,0.08655757761125538,0.0,1.0,0.3552376085845683,0.0,0.0,0.206896551724138,0.0,1.0,0.9516105803850031,0.0,0.0,0.0,0.0,0.0,0.0,0.09090909090909094,0.0,0.0,0.0,0.0,0.0,0.0,0.5153950154332797,0.0,0.0,1.0,0.8282208588957055,0.0,0.897154036051982,0.0,0.0,0.45205479452054786,0.34419817470664926,0.0,0.0,0.3999999999999999,0.0,0.0,1.0,1.0,0.0,0.0,0.16909331568497699,0.0,1.0,0.0,0.0,0.5650406504065042,0.0,0.23392966464866327,0.0,0.7777777777777778,0.0,0.0,0.0,0.0,0.3523058960887332,0.1923076923076923,0.0,0.7455919395465995,0.0,0.4666666666666667,0.9,0.5416666666666667,0.53376,0.4543795620437957,1.0,0.0,0.7142857142857142,0.0,0.0,0.0,0.0,0.8333333333333334,1.0,0.650750037130551,1.0,0.12,0.5524245458446574,1.0,0.0,0.25,0.0,0.0,1.0,0.7647058823529411,0.0,0.0,0.375,0.0,0.0,0.9628571428571429,0.0,0.0,0.0,0.0,0.0,0.0,0.08333333333333337,0.0,0.0,0.0,0.0,0.0,0.6000000000000001,0.9090909090909091,0.0,0.0,0.0,0.9365079365079365,0.0,0.0,0.0,0.0,0.9090909090909091,0.5606694560669456,0.0,1.0,0.6,0.7096491228070175,0.0,0.7948717948717949,0.0,0.0,0.2857142857142857,0.0,0.0,0.8,0.0,0.0,0.3313253012048192,0.0,0.06666666666666665,0.19999999999999996,0.33333333333333337,0.0,0.5,0.0,0.0,0.09090909090909094,0.0,0.4,0.5333333333333333,0.4629629629629629,0.8148148148148149,0.0,0.0,0.2564102564102564,0.0,0.8061224489795918,0.9,0.41580685101114323,0.0,0.0,0.0,0.0,0.24286889742183204,0.8333333333333333,0.0,0.26923076923076916,0.0,1.0,1.0,0.4285714285714286,0.26315789473684204,1.0,0.0,0.8345875866179867,0.3499226955270033,0.7012113055181697,0.0,0.1428571428571428,0.0,0.0,1.0,0.14121736520956307,0.0,0.0,0.0,0.0,0.0,0.3571428571428571,qsampled
0.8122762148337596,0.5757575757575758,0.0,0.0,0.0,0.5,0.0,0.0,0.0,0.0,0.0,0.0,0.0,0.0,0.4904159132007234,0.703125,0.33333333333333326,0.0,0.22222222222222232,0.0,0.6710822625513313,0.0,0.40731707317073185,0.0,0.6956945572705118,0.0,0.96,0.31818181818181823,0.0,0.0,0.0,0.0,0.4,0.0,0.0,0.0,1.0,0.0,0.4285714285714285,0.0,0.4117647058823529,0.0,0.5789473684210527,0.0,0.0,0.3290322580645161,0.4123861566484518,0.0,0.3897624623619941,0.44734551784160137,0.8666666666666667,0.22309197651663393,0.26938406541480064,0.0,0.0,0.0,0.4285714285714285,0.3309107688758146,0.7592305657382563,0.671100175505007,0.0,0.866497139224412,0.9368530020703933,0.0,0.0,0.0,0.08655757761125538,0.0,1.0,0.0,0.0,0.0,0.206896551724138,0.0,0.4662379421221865,0.44913830348999084,0.5707865168539326,0.0,0.0,1.0,0.0,0.0,0.09090909090909094,0.8656716417910448,0.7916666666666666,0.0,0.0,0.0,0.0,0.0,0.0,0.0,0.75,0.0,0.0,0.0,0.0,0.0,0.5398230088495575,0.27260812581913496,0.0,0.040777917189460444,0.0,0.84375,0.0,0.0,1.0,0.8656562177058216,0.0,0.9726663228468283,0.2500000000000001,1.0,0.0,0.0,0.0,0.5,0.0,0.0,0.0,1.0,0.0,0.36363636363636365,0.0,0.3523058960887332,0.3571428571428571,0.8125,0.375,0.0,0.20000000000000007,0.4,0.0,0.48766546329723226,0.3267511177347242,0.9168704156479218,0.23076923076923073,0.0,0.0,0.0,0.0,0.33333333333333326,0.7468297101449275,0.7042445241925503,0.8977424624981435,0.6964285714285714,0.98,1.0,0.0,0.9,0.0,0.0,0.0,1.0,0.0,0.0,0.0,0.375,0.0,0.5470488123720494,0.6427246496290189,0.05611020818822099,0.0,0.0,0.7341772151898733,0.0,0.0,0.08333333333333337,0.6842105263157895,1.0,0.0,0.0,0.0,0.6000000000000001,0.0,0.0,0.0,0.0,0.0,0.0,0.5,0.0,0.888888888888889,1.0,0.0,0.5641025641025641,1.0,0.0,0.0,0.0,0.0,0.0,0.33319148936170206,0.2857142857142857,0.10493827160493818,0.33333333333333337,0.0,0.0,0.0,0.7777777777777778,0.5055401662049861,0.0,0.19999999999999996,0.33333333333333337,0.8333333333333334,0.5,0.5,0.0,0.09090909090909094,0.0,0.0,0.1333333333333332,0.4629629629629629,0.37037037037037046,1.0,0.7,0.0,0.5,1.0,0.9,0.11019397441188616,0.0,0.25778863775198524,0.0,1.0,0.0,1.0,0.13703048590157096,0.0,0.8351449275362318,0.8335766423357664,0.0,0.0,0.0,1.0,0.0,0.914832285115304,0.8853415358506577,0.6864406779661016,0.0,0.1428571428571428,0.0,0.46193501978180085,0.0,0.0,0.0,0.0,0.7777777777777778,0.0,0.0,0.3571428571428571,qsampled
0.0,0.0,0.0,0.0,0.0,0.0,0.0,0.0,0.0,0.0,0.0,0.65027808676307,0.8421092165552468,0.0,0.21438301470242838,0.0,0.2692307692307693,0.0,0.052631578947368474,0.0,0.18881062910196889,0.0,0.3597977589505329,0.0,0.5509358885866256,0.7343283582089553,0.0,0.31818181818181823,0.0,0.0,0.12289275712481473,0.2727272727272728,0.4,0.40364583333333337,0.0,0.0,0.0,0.0,0.4285714285714285,0.6428571428571428,0.8823529411764706,0.0,0.0,0.8620689655172413,0.0,0.7873170731707317,0.8711978971085242,0.33333333333333337,0.919705587152894,0.0,0.0,0.27428571428571424,0.31399451195609573,0.0,0.3036766018204534,0.6428571428571428,0.0,0.2674291938997819,0.6576048011465425,0.3156498039590705,0.0,0.6178334106011436,0.5861182519280206,0.3750000000000001,0.1250000000000001,0.7777777777777778,0.0,0.0,1.0,0.8918104768712346,0.0,0.0,0.206896551724138,0.0,1.0,0.44913830348999084,0.8461695607763023,0.0,0.0,0.0,0.0,0.0,0.0,0.0,0.0,0.0,0.0,0.0,0.0,0.0,0.0,0.0,0.0,0.0,0.7391304347826086,0.8753581661891118,0.0,0.15736360769473345,0.0,0.16955017301038067,0.0,0.6758409785932722,0.7333333333333334,0.0,0.0,0.0,1.0,0.7026047955839227,0.7272727272727273,0.16909331568497699,0.2500000000000001,1.0,0.0,0.0,0.41889276035617506,0.5,0.0,0.0,0.0,0.6190476190476191,0.36363636363636365,0.36363636363636365,0.75,0.8374927028604787,0.0,0.0,0.9251700680272109,0.323943661971831,0.4666666666666667,0.9,0.5833333333333333,1.0,0.3267511177347242,0.0,0.0,0.7142857142857142,0.0,1.0,0.7777777777777778,0.0,0.7789541918755403,0.9024959415584415,0.64298490377048,0.75,0.0,0.4935536362498435,0.33333333333333326,0.0,0.875,0.37038689172289085,0.0,0.13053964425685882,0.8888888888888888,0.0,1.0,0.375,0.0,0.0,0.6666666666666666,0.33182295770948245,0.0,0.0,0.0,0.0,0.0,0.0,0.0,0.0,0.0,0.0,0.0,0.0,0.0,0.0,0.0,0.0,0.0,0.2222222222222222,0.5420560747663552,0.0,0.9423076923076923,0.5,0.5606694560669456,0.7171052631578947,0.05555555555555547,0.0,0.0,0.0,0.0,0.0,0.18765957446808512,0.0,0.0,0.33333333333333337,0.0,0.0,0.3988603988603988,0.0,0.0,0.0,0.19999999999999996,0.33333333333333337,0.0,0.0,0.5,0.0,0.6666666666666667,0.0,0.4,0.6470588235294117,0.0,0.8148148148148149,0.0,0.19999999999999996,0.5128205128205128,0.0,0.0,0.4285714285714285,0.4024390243902439,0.0,0.11494252873563238,0.4,0.0,0.0,0.0,0.0,0.0,0.6188957055214724,1.0,0.5,0.4285714285714286,0.7368421052631579,0.9375,0.0,0.5912290661368151,0.8625040910578566,0.0,1.0,0.1428571428571428,0.0,0.0,0.36363636363636365,0.20402481464669375,0.0,0.0,0.0,0.0,0.0,0.2857142857142857,qsampled
0.0,0.0,0.0,0.0,0.0,0.5,0.0,0.8973902728351126,0.6273964438263633,0.875,0.0,0.0,0.0,0.0,0.3288740245261984,0.0,0.33333333333333326,0.47916666666666663,0.22222222222222232,0.0,0.7006620508414616,0.7692307692307692,0.0,0.0,0.6958057574404157,0.0,0.0,0.0,0.4,0.5,0.0,0.7735849056603774,0.4,0.10654239766081874,0.0,0.0,0.0,1.0,1.0,0.6428571428571428,0.0,0.9409090909090909,0.5789473684210527,0.7161803713527852,0.3023868312757202,0.0,0.7049180327868853,0.5555555555555556,0.3897624623619941,0.44734551784160137,0.924074074074074,0.0,0.004710632570659734,0.5,0.0,0.0,0.0,0.29251372964640143,0.7592305657382563,0.671100175505007,0.0,0.27963272120200344,0.5520565552699229,0.0,0.0,0.2592592592592592,0.09251991913426105,0.0,1.0,0.0,0.0,0.0,0.0,0.75,0.0,0.1990163777873275,0.0,0.0,0.0,0.0,0.0,0.0,0.0,0.0,0.0,0.0,0.0,0.0,0.0,0.0,0.6846846846846847,0.6206896551724137,0.0,0.0,0.0,0.0,0.0,0.6453900709219857,0.0,0.2406639004149378,0.5609756097560976,0.04831804281345553,0.0,0.33333333333333326,0.8148148148148148,1.0,1.0,0.8664826634466103,0.0,0.0,0.0,1.0,1.0,0.0,0.41889276035617506,0.5,0.16484742251613427,0.0,0.0,0.0,0.8636363636363636,0.8636363636363636,0.75,0.0,0.0,0.8125,0.75,0.25352112676056326,0.7142857142857143,0.8,0.5,0.84256,0.3267511177347242,0.0,0.5,0.33333333333333326,0.25,0.0,0.0,0.0,0.5689915458937198,0.701958198051948,0.9051221290557784,0.6237113402061856,0.5517241379310345,0.8084866691701089,0.0,0.9,0.25,0.37038689172289085,0.0,1.0,0.0,0.0,0.0,0.0,0.0,0.5469748168611104,0.3060314314030863,0.09257925072046125,0.0,0.0,0.0,0.0,0.0,0.0,0.0,0.0,0.0,0.0,0.0,0.6000000000000001,0.0,0.9545454545454546,0.7682926829268293,1.0,0.0,0.0,0.5,0.0,0.5555555555555556,0.5,0.0,0.0,0.75,0.0,0.0,0.6666666666666667,0.3076923076923077,0.0,0.33319148936170206,0.2857142857142857,0.08333333333333326,0.0,0.4,0.0,0.0,1.0,0.5055401662049861,0.06666666666666665,0.19999999999999996,0.33333333333333337,0.0,0.75,0.75,0.0,0.40909090909090917,0.028571428571428692,0.0,0.0,0.8549382716049383,0.0,1.0,1.0,0.0,0.5,1.0,0.09999999999999998,0.0,1.0,0.0,0.0,0.0,0.23586299529885835,1.0,0.13703048590157096,0.0,0.5564784053156147,0.0,0.0,0.0,0.625,0.09230769230769231,0.0,0.9320467923403621,0.8922269019566029,0.9047619047619048,0.0,0.0,0.23809523809523803,0.6360148663229829,0.6666666666666667,0.14121736520956307,0.0,0.0,0.0,0.0,0.0,0.2857142857142857,qsampled
0.8451672010994045,0.0,0.0,0.0,0.0,0.0,0.1739734624350009,0.0,0.6773255813953489,0.0,0.0,0.7378547378547378,0.0,0.0,0.0,0.0,0.3846153846153846,0.3846153846153846,0.5789473684210527,0.6440501043841336,0.2951108759864216,0.33333333333333326,0.40803498223558343,0.0,0.555306905370844,0.16717791411042937,0.5593220338983051,0.5909090909090908,0.6000000000000001,0.5,0.0,0.0,0.35,0.0,0.44067796610169496,0.0,0.0625,1.0,1.0,0.6428571428571428,0.2941176470588236,0.8796992481203008,0.0,0.2886221294363256,0.6338725652030373,0.0,0.2084115659031167,0.5555555555555556,0.0,0.9347079037800687,0.9202975557917109,0.27428571428571424,0.0,0.0,0.46627000080405245,0.0,0.4285714285714285,0.17513802720701244,0.6576048011465425,0.671100175505007,0.8949262324577186,0.0,0.0,0.0,1.0,0.7777777777777778,0.04498224385111127,0.0,0.4,0.10811387900355884,1.0,0.9998759305210918,0.0,0.0,1.0,0.0,0.5707865168539326,0.7368421052631579,0.0,0.0,0.0,0.0,0.0,0.8656716417910448,0.0,0.0,0.0,0.0,0.0,0.0,0.0,0.6206896551724137,1.0,0.0,0.7391304347826086,0.0,0.0,0.0935828877005348,0.0,0.03650586701434144,0.6666666666666666,0.0,0.7333333333333334,0.5,0.14814814814814825,1.0,0.0,0.7108559498956158,0.7272727272727273,0.8493611297915266,0.2500000000000001,0.0,1.0,0.07002314814814825,0.0,0.0,0.0,0.2857142857142856,0.0,0.11095603628750872,0.36363636363636365,0.8636363636363636,0.75,0.8374927028604787,0.6198541519642438,0.0,0.0,0.8309859154929577,0.0,0.4,0.5,0.0,1.0,0.0,0.0,0.33333333333333326,0.0,0.31464174454828653,0.0,0.33333333333333326,0.5592870544090056,0.8810790743719836,0.8974744222651498,1.0,0.12,0.0,0.0,0.09999999999999987,0.875,0.0,0.0,0.8578813127019215,0.10512185047501033,0.9673202614379085,0.9279999999999999,0.0,0.0,0.5403669266146771,0.0,0.06704237722315731,0.6875,0.0,0.0,0.0,0.0,0.0,1.0,0.0,0.0,0.0,0.0,0.0,0.0,0.0,0.6333333333333333,0.0,0.0,0.2222222222222222,1.0,0.0,0.0,0.0,0.3916317991631799,0.641025641025641,1.0,0.29999999999999993,0.0,0.75,0.46153846153846156,0.0,0.27543314082629944,0.0,0.24445411048281862,0.6666666666666667,1.0,0.0,0.10028191703584388,0.553191489361702,0.2315068493150686,0.0,0.0,0.33333333333333337,0.0,0.0,0.75,0.0,0.6666666666666667,0.028571428571428692,0.4,0.0,0.2185672514619884,0.0,0.5714285714285714,1.0,0.46153846153846156,0.6666666666666667,1.0,0.4285714285714285,0.0,0.0,0.07147220525351261,0.0,1.0,0.2625416468348406,0.0,0.13703048590157096,0.8666666666666667,0.0,0.5868613138686132,0.0,0.5714285714285714,1.0,1.0,0.0,0.0,0.0,0.3826771653543307,0.9090909090909091,0.0,0.0,0.46193501978180085,0.0,0.06082614616432114,1.0,0.0,0.0,0.0,0.0,0.2857142857142857,qsampled
0.0,0.882051282051282,0.0,0.0,0.0,0.0,0.0,0.0,0.0,0.0,0.8339135799748805,0.0,0.8446291560102301,0.0,0.0,0.0,0.3846153846153846,0.0,0.052631578947368474,0.0,0.8837041780054427,0.33333333333333326,0.03573107663375652,0.0,0.716189447145687,0.7343283582089553,0.8305084745762712,0.31818181818181823,0.0,0.0,0.0770805985823052,0.0,0.0,0.40364583333333337,0.7796610169491526,0.0,0.9375,0.0,0.25,0.0,0.17647058823529416,1.0,0.8947368421052632,0.4482758620689655,0.47296951063284653,0.529109589041096,0.0,0.8888888888888888,0.3897624623619941,0.8333333333333333,0.0,0.09714285714285709,0.2732253843637552,0.0,0.3036766018204534,0.6428571428571428,0.0,0.5483243967828417,0.0,0.0,0.0,0.334106011435636,0.0,0.3750000000000001,0.0,0.7407407407407407,0.6914555673210068,0.0,0.0,0.9755812321654114,0.0,0.0,0.206896551724138,0.0,0.0,0.0,0.6118456801304111,0.0,0.0,0.0,0.0,0.0,0.09090909090909094,0.0,0.7916666666666666,0.0,0.0,0.0,0.0,0.0,0.0,0.0,0.0,1.0,0.0,0.8606464950197331,0.0,0.0,0.0,0.20761245674740492,0.0,0.6758409785932722,0.0,0.9487179487179487,0.14814814814814825,0.0,1.0,0.8688773298656264,0.7272727272727273,0.9364659166115156,0.2500000000000001,1.0,0.0,0.0,0.0,1.0,0.0,0.8571428571428571,0.0,0.9523809523809523,0.0,0.0,0.0,0.3523058960887332,0.9047619047619048,0.9375,0.7528344671201814,0.8309859154929577,0.0,0.09999999999999998,0.9583333333333334,0.84256,0.0,0.0,0.5,0.8571428571428571,0.0,1.0,0.7777777777777778,0.0,0.939547450185748,0.0,0.0,0.5,0.82,0.0,0.33333333333333326,0.09999999999999987,0.75,0.5379211854528143,0.0,0.0,0.9132589838909542,0.0,1.0,0.375,0.0,0.2713635597505477,0.0,0.0,0.0,0.0,0.0,0.0,0.0,0.08333333333333337,0.0,0.9470404984423676,0.0,0.0,0.0,0.0,0.0,0.0,0.0,0.0,0.7855769230769231,0.0,0.5420560747663552,0.0,0.2777777777777778,0.5,0.3916317991631799,0.7171052631578947,0.05555555555555547,0.09090909090909083,0.8557692307692308,0.75,0.7857142857142857,0.0,0.3390105433901054,0.0,0.6863925108659311,0.33333333333333337,0.0,0.0,0.20567685589519646,0.0,0.3125,0.0,0.8,0.33333333333333337,1.0,0.5,0.0,0.0,0.09090909090909094,0.4285714285714285,0.8,0.17647058823529416,0.2185672514619884,0.0,0.5714285714285714,0.8,0.0,0.8571428571428572,0.0,1.0,0.11019397441188616,0.0,0.11494252873563238,0.4,0.0,0.24286889742183204,0.22972972972972971,0.16586345381526102,0.0,0.18871165644171795,0.35096153846153844,0.5,0.5714285714285714,0.7368421052631579,0.9375,0.0,0.8750283446712018,0.8625040910578566,0.0,1.0,0.1428571428571428,0.0,0.0,0.0,0.06015496308950041,0.0,0.0,0.0,0.0,0.0,0.3571428571428571,qsampled
0.0,0.0,0.0,0.5416666666666667,0.0,0.0,0.0,0.0,0.0,0.875,0.0,0.0,0.8421092165552468,0.0,0.48551490801437935,0.703125,0.3846153846153846,0.0,0.052631578947368474,0.0,0.9490737479749243,0.0,0.3777621062529384,0.0,0.24615925882490897,0.0,0.4067796610169492,0.0,0.6000000000000001,0.0,0.12289275712481473,0.9090909090909091,0.19999999999999996,0.9412420974339903,0.44067796610169496,0.0,0.0625,0.25,0.7142857142857142,0.0,0.17647058823529416,0.0,0.5789473684210527,0.2886221294363256,0.27775943655771973,0.6703296703296703,0.0,0.0,0.3947229551451188,0.39175257731958757,0.0,0.27428571428571424,0.2732253843637552,0.0,0.9394667307230363,0.0,0.0,0.4422683425898861,0.4042457900394124,0.0,0.7653631284916201,0.6178334106011436,0.9601542416452442,0.0,1.0,0.2592592592592592,0.0,0.0,0.0,0.8344349130455163,0.7391304347826086,0.0,0.0,0.18518518518518512,0.0,0.6096169519152405,0.6118456801304111,0.0,0.0,0.0,0.0,0.9375,0.09090909090909094,0.0,0.0,0.0,0.6330545991146089,0.0,0.0,0.0,0.0,0.0,0.0,0.0,0.0,0.884114844031554,0.0,0.45285398927783027,0.8812785388127854,0.03650586701434144,0.0,0.6845238095238095,0.0,1.0,0.0,0.0,0.0,0.22801788375558874,0.0,0.0,0.0,0.0,0.0,0.0,1.0,0.6666666666666666,0.9797972927011768,0.2857142857142856,0.11111111111111105,0.09316770186335399,0.36363636363636365,0.8636363636363636,0.0,0.3523058960887332,0.0,0.8125,0.0,0.323943661971831,0.0,0.09999999999999998,0.0,0.84256,0.3267511177347242,0.30080213903743314,0.0,0.8571428571428571,0.0,0.9390243902439024,0.0,0.0,0.7468297101449275,0.675679788961039,0.0,1.0,0.0,1.0,0.0,0.0,0.25,0.0,0.0,0.0,0.8563535911602209,0.7320261437908497,0.0,0.0,0.0,0.2585297221245162,0.6682608695652175,0.0,0.0,0.0,0.0,0.0,1.0,0.5,0.0,0.0,0.0,0.5384615384615385,0.0,0.0,0.0,0.0,0.0,1.0,0.0,0.0,0.0,0.0,0.8970588235294118,0.9090909090909091,0.3916317991631799,0.0,0.05555555555555547,0.0,0.8557692307692308,0.0,0.0,0.0,0.6860670194003528,0.2857142857142857,0.3403543965229019,0.0,1.0,0.0,0.0,0.6914893617021276,0.0,0.7666666666666666,0.6,0.0,0.0,0.0,0.75,0.0,0.09090909090909094,0.0,0.0,0.0,0.0,0.0,0.5714285714285714,0.7,0.0,0.0,0.0,0.5,0.11019397441188616,0.0,0.8546120952962737,0.0,0.0,0.0,0.04166666666666652,0.055457288523566683,0.3846153846153846,0.6202192448233862,0.8477564102564102,0.0,0.4285714285714286,0.26315789473684204,1.0,0.0,0.6990136350449667,0.0,0.06929133858267733,0.0,0.0,0.23809523809523803,0.0,0.6666666666666666,0.06015496308950041,0.0,0.0,0.0,0.0,0.9,0.0,qsampled
0.8122762148337596,0.0,0.0,0.0,0.0,0.5,0.8212041354145551,0.0,0.0,0.875,0.0,0.0,0.0,0.0,0.33200788471995657,0.734375,0.33333333333333326,0.9583333333333334,0.0,0.6512749827705031,0.3370900085914994,0.0,0.0,0.0,0.0,0.0,0.72,0.5909090909090908,0.4,0.0,0.0,0.0,0.0,0.7355894384529564,0.8813559322033898,0.6363636363636364,0.0625,0.25,0.0,0.0,0.0,0.9409090909090909,0.5789473684210527,0.7161803713527852,0.6339212131201581,0.6703296703296703,0.0,0.0,0.919705587152894,0.8775773195876289,0.934643995749203,0.7671232876712328,0.6040900332807848,0.0,0.604291776763552,0.0,0.4285714285714285,0.6985740437421717,0.7394057583592621,0.671100175505007,0.0,0.0,0.5861182519280206,0.381782945736434,1.0,0.0,0.0,0.0,0.0,0.0,0.0,0.0,0.206896551724138,0.0,0.0,0.9070811249582199,1.0,0.0,0.0,1.0,0.0,0.0,0.6818181818181819,0.8656716417910448,0.0,0.0,0.0,0.0,0.0,0.9135161959758189,0.0,0.0,0.0,0.0,0.0,0.0,0.0,0.6453900709219857,0.8544891640866873,0.27260812581913496,0.9512195121951219,0.0,0.7333333333333334,0.5,0.0,0.0,0.0,0.0,0.0,0.7645693656523982,0.2500000000000001,0.5,0.0,0.0,0.0,0.0,0.7150824635487212,0.8571428571428571,0.7777777777777778,0.14238952536824878,0.36363636363636365,0.0,0.0,0.0,0.6190476190476191,0.8125,0.5909090909090908,0.8309859154929577,0.7142857142857143,0.0,0.0,1.0,0.7894932935916542,0.9665775401069518,0.5,0.4444444444444444,0.0,0.7476635514018692,0.0,0.33333333333333326,0.9305555555555556,0.701958198051948,0.9044674736567099,0.44000000000000006,0.8620689655172413,0.5524245458446574,0.46666666666666656,0.0,0.0,0.0,0.0,0.0,0.0,0.0,0.0,0.375,0.0,0.0,0.9287838029166077,0.7718390804597701,0.0,0.0,0.9873417721518988,0.0,0.0,0.75,1.0,0.0,0.0,0.0,0.0,0.6000000000000001,0.9090909090909091,0.0,0.0,1.0,0.0,0.0,0.5,0.0,0.4779411764705883,0.0,0.0,0.641025641025641,0.6785714285714286,0.29999999999999993,0.0,0.0,0.0,0.0,0.0,0.2857142857142857,0.0,0.6666666666666667,0.6,0.0,0.0,0.0,0.0,0.09999999999999998,0.8,0.33333333333333337,0.0,0.0,0.0,0.0,0.40909090909090917,0.028571428571428692,0.0,0.0,0.17816527672479165,0.0,0.0,0.7,0.5128205128205128,1.0,1.0,1.0,0.34253071782711797,0.0,0.0,0.0,1.0,0.2260577568838147,0.918918918918919,0.13703048590157096,0.0,0.0,1.0,0.5,0.4285714285714286,0.0,0.0,0.0,0.6990136350449667,0.6062402269173425,0.0,0.0,0.1428571428571428,0.0,0.6426553672316384,1.0,0.673601366603624,0.0,0.0,1.0,0.0,0.0,0.7142857142857143,qsampled
0.0,0.0,0.0,0.0,0.6550520654537133,0.0,0.20389362860773264,0.0,0.0,0.0,0.0,0.0,0.0,0.0,0.30326475587597435,0.09999999999999998,0.3846153846153846,0.5769230769230769,0.052631578947368474,0.6481481481481481,0.693780152513358,0.33333333333333326,0.7815660016397923,0.0,0.6956945572705118,0.0,0.0,0.31818181818181823,0.4,1.0,0.11815252416756161,0.2727272727272728,0.35,0.0,0.44067796610169496,0.0,0.0,0.0,0.0,0.0,0.07894736842105265,0.8796992481203008,0.0,0.2886221294363256,0.6324279835390947,0.0,0.009763424708974844,0.2222222222222222,0.24355971896955508,0.0,0.9175925925925926,0.032620674454485354,0.27075560657619624,0.5,0.4684922732004163,0.0,0.4285714285714285,0.0,0.9152409530634181,0.0,0.8635312259059368,0.5237674110103914,0.11904761904761907,0.0,0.0,0.5555555555555556,0.0,0.0,1.0,0.355342075836129,0.0,0.0,0.206896551724138,0.75,0.9421221864951769,0.6636263261485287,0.0,0.0,0.0,0.0,0.0,0.0,0.8636363636363636,0.0,0.0,0.0,0.0,0.8406617755674824,0.0,0.0,0.0,0.0,1.0,0.0,0.0,0.0,0.0,0.0,0.8114086146682189,0.03650586701434144,0.641025641025641,0.6152304609218437,0.7333333333333334,0.84375,0.14814814814814825,1.0,0.0,0.8656562177058216,0.0,0.17888365837256237,0.2500000000000001,1.0,0.0,0.0,0.41889276035617506,0.0,0.0,0.2857142857142856,0.0,0.0,0.36363636363636365,0.0,0.0,0.0,0.0,0.0,0.0,0.8309859154929577,0.0,0.0,0.5416666666666667,0.5526315789473684,0.0,1.0,0.23076923076923073,0.0,0.25,0.3125,0.0,0.33333333333333326,0.0,0.5,0.0,0.0,0.0,0.7935126582278481,0.0,0.9,0.75,0.0,0.0,0.9775208297908519,0.02164804469273729,0.0,0.0,0.375,0.0,0.9640071985602879,0.9293831168831169,0.0,0.0,0.0,0.0,0.0,0.0,0.8333333333333334,0.0,0.0,0.0,0.0,0.8627450980392157,0.0,0.0,0.0,0.0,0.0,0.0,0.0,1.0,0.0,0.4779411764705883,0.9090909090909091,0.3916317991631799,0.5641025641025641,0.09278350515463918,0.29999999999999993,0.0,0.75,0.7948717948717949,0.0,0.4064860062194581,0.2857142857142857,0.0,0.33333333333333337,0.4,0.0,0.0,0.4518072289156626,0.2119113573407203,0.0,0.0,0.33333333333333337,1.0,0.0,0.0,0.0,0.40909090909090917,0.028571428571428692,0.4,0.0,0.2185672514619884,0.0,0.4285714285714286,0.0,0.2564102564102564,0.8571428571428572,0.8362068965517241,0.0,0.07894736842105277,1.0,0.5789473684210527,0.0,1.0,0.674916706330319,0.8333333333333333,0.13062193854831516,0.6923076923076923,0.6854580397181294,0.09677419354838701,0.0,0.0,0.4375,0.0,0.0,0.4535208354875401,0.3499226955270033,1.0,0.0,0.1428571428571428,0.23809523809523803,0.9844632768361582,0.6666666666666666,0.14121736520956307,0.0,0.0,0.0,0.0,0.0,0.9285714285714286,qsampled
0.0,0.0,0.0,0.5416666666666667,0.0,0.0,3.3306690738754696e-16,0.0,0.6623544631306597,0.0,0.0,0.0,0.832992700729927,0.0,0.8857988875995358,0.19999999999999996,0.7307692307692308,0.5769230769230769,0.052631578947368474,0.0,0.0,0.7692307692307692,0.030472806777807948,0.0,0.0,0.7343283582089553,0.5593220338983051,0.5909090909090908,0.0,0.0,0.11815252416756161,0.2727272727272728,0.0,0.07421875000000011,0.0,0.0,0.9375,0.0,0.25,0.0,0.17647058823529416,0.0,0.052631578947368474,0.5517241379310345,0.0,0.7894736842105263,0.009763424708974844,0.2222222222222222,0.0,0.9444444444444444,0.0,0.3440599515098083,0.0656619579500658,0.0,0.3106371586650011,0.6428571428571428,0.0,0.2753784056508578,0.5822153357771817,0.3156498039590705,0.300475866757308,0.6514930808448651,0.5520565552699229,0.0,0.0,0.0,0.8003419702748915,0.0,1.0,0.8922943986987903,0.6416184971098267,1.0,0.206896551724138,0.18518518518518512,1.0,0.0,0.5707865168539326,0.7368421052631579,0.0,0.0,1.0,0.0,0.09090909090909094,0.0,0.0,0.0,0.6330545991146089,0.0,0.0,0.0,0.0,0.6666666666666667,0.0,0.0,0.0,0.8537878000623507,0.0,0.8010091453800063,0.8898628048780488,0.8435462842242503,0.641025641025641,0.6758409785932722,0.0,0.3076923076923076,0.8148148148148148,0.0,0.0,0.0,0.7272727272727273,0.7921273772666961,0.2500000000000001,1.0,0.0,0.0,0.0,1.0,0.6539437620546137,0.0,0.11111111111111105,0.9523809523809523,0.36363636363636365,0.0,0.0,0.3523058960887332,0.34065934065934067,0.0625,0.2103274559193954,0.323943661971831,0.4666666666666667,0.0,0.5416666666666667,0.0,0.19616788321167877,0.9375,0.0,0.7142857142857142,0.0,0.5121951219512195,0.7777777777777778,0.0,0.0,0.9024959415584415,0.650750037130551,1.0,0.0,0.8084866691701089,0.0,0.9,0.0,0.854220600769482,0.0,0.9858305697919807,0.9022346368715084,0.7320261437908497,1.0,0.375,0.0,0.0,0.0,0.0,0.6875,0.0,0.0,0.995260663507109,0.0,0.5,0.0,0.0,0.0,0.5384615384615385,0.0,0.0,0.0,0.0,0.6333333333333333,0.0,0.0,0.0,0.5420560747663552,0.0,0.0,0.29999999999999993,0.6861924686192469,0.7719298245614035,0.05555555555555547,0.09090909090909083,0.7096491228070175,0.6666666666666667,0.20512820512820518,0.0,0.0,0.0,0.17352056168505514,0.6666666666666667,0.0,0.0,0.40111731843575404,0.43673469387755093,0.3022959183673469,0.09999999999999998,0.19999999999999996,0.0,1.0,0.0,0.0,0.0,0.09090909090909094,0.0,0.4,1.0,0.0,0.8148148148148149,0.4285714285714286,0.0,0.46153846153846156,0.9523809523809523,1.0,0.9,0.41580685101114323,0.0,0.6793924466338259,0.4,0.0,0.0,0.0,0.0,0.3846153846153846,0.6188957055214723,0.0,0.0,0.0,0.0,0.0,0.0,0.0,0.08554306321595262,0.41184387617765816,1.0,0.1428571428571428,0.23809523809523803,0.0,0.0,0.0,1.0,0.0,0.0,0.9523809523809523,0.0,0.0,qsampled
0.0,0.0,0.0,0.0,0.0,0.0,0.0,0.9187682665943535,0.0,0.0,0.9057097957045573,0.0,0.0,0.0,0.29659569148714526,0.734375,0.33333333333333326,0.0,0.8518518518518519,0.43211578221915936,0.6498981240778472,0.33333333333333326,0.0,0.0,0.6067784683945115,0.0,0.0,0.31818181818181823,0.4,0.0,0.7976035425892158,0.9090909090909091,0.35,0.09166976571216068,0.0,0.9090909090909091,0.0625,0.0,0.0,0.0,0.7647058823529412,0.0,0.4736842105263158,0.2822361546499478,0.27654320987654313,0.9010989010989011,0.0,0.0,0.0,0.8775773195876289,0.934643995749203,0.0,0.16224529027297208,0.0,0.0,0.0,0.0,0.338920826455689,0.0,0.45650228844764107,0.4148974451241453,0.624284806102988,0.0,0.0,0.0,0.5555555555555556,0.0,0.0,0.0,0.0,0.7391304347826086,0.0,0.0,0.0,1.0,0.0,0.8569099800760731,0.0,0.0,1.0,0.0,0.0,0.8636363636363636,0.0,0.0,0.0,0.0,0.0,0.0,0.0,0.8774044141972683,0.0,0.75,1.0,0.0,0.0,0.0,0.6092964824120604,0.8544891640866873,0.27260812581913496,0.0,0.6744040150564619,0.3999999999999999,0.84375,0.14814814814814825,0.875,0.0,0.7440387481371088,0.0,0.0,0.2500000000000001,0.5,0.0,0.44907407407407407,1.0,0.0,0.23392966464866327,0.0,0.8888888888888888,0.13568670711527853,0.0,0.36363636363636365,0.0,0.8861646234676007,0.0,0.6875,0.0,0.323943661971831,0.20000000000000007,0.0,0.0,0.0,0.7894932935916542,0.9539918809201624,0.0,0.2777777777777777,0.0,0.0,0.0,0.0,0.7468297101449275,0.0,0.64298490377048,0.0,0.0,0.0,0.0,0.09999999999999987,0.75,0.0,0.0,0.0,0.0,0.7320261437908497,0.0,0.0,0.0,0.8530254508680263,0.0,0.38614290669441564,0.0,0.0,0.7341772151898733,0.0,0.0,0.8333333333333334,0.0,0.0,0.0,0.0,0.0,0.0,0.0,0.7582417582417582,0.0,0.0,0.9365079365079365,0.0,0.5,0.0,0.4779411764705883,0.0,0.0,0.5641025641025641,0.0,0.6,0.6134751773049645,0.75,0.7857142857142857,0.0,0.17518248175182471,0.2857142857142857,0.08333333333333326,0.33333333333333337,0.6,0.0,0.6475343573160874,0.0,0.2142857142857143,0.06666666666666665,0.0,1.0,0.0,0.5,0.5,0.0,0.6363636363636364,0.0,0.0,0.0,0.0,0.37037037037037046,0.0,0.7,0.46153846153846156,1.0,1.0,0.5,0.4024390243902439,0.0,0.25778863775198524,0.0,0.0,0.0,0.22972972972972971,0.0,0.6923076923076923,0.5842391304347826,0.5868613138686132,0.0,0.5714285714285714,1.0,1.0,0.0,0.831240314220061,0.6062402269173425,0.12440944881889782,0.0,0.0,0.0,0.46193501978180085,0.6666666666666667,0.2014520163504362,0.0,0.0,0.7777777777777778,0.0,0.0,0.9285714285714286,qsampled
0.0,0.5757111773712628,0.0,0.0,0.0,0.5,0.0,0.0,0.0,0.0,0.0,0.0,0.0,0.0,0.3105043392827903,0.703125,0.3846153846153846,0.3846153846153846,0.5789473684210527,0.4269311064718164,0.6716042851474673,0.33333333333333326,0.030472806777807948,0.0,0.555306905370844,0.16717791411042937,0.5593220338983051,0.0,0.0,0.0,0.0,0.0,0.35,0.897173670509483,0.0,0.0,0.78125,0.25,0.25,0.0,0.0,0.0,0.5789473684210527,0.44885177453027136,0.0,0.3290322580645161,0.009763424708974844,0.0,0.48067915690866514,0.0,0.934643995749203,0.27428571428571424,0.30993690851735023,0.0,0.6026372919514353,0.0,0.4285714285714285,0.0,0.7208536998499734,0.9886045788873925,0.0,0.928450007726781,0.0,0.0,1.0,0.0,0.04498224385111127,0.0,0.4,0.10811387900355884,1.0,1.0,0.0,0.18518518518518512,1.0,0.0,0.8461695607763023,0.0,0.0,1.0,0.0,0.0,0.09090909090909094,0.0,0.7916666666666666,0.0,0.0,0.0,0.0,0.5278818711999007,0.0,0.0,1.0,0.0,0.0,0.0,0.0,0.0,0.763290648040357,0.03650586701434144,0.6666666666666666,0.0,0.3999999999999999,0.84375,0.14814814814814825,0.875,0.0,0.713472976467546,0.7272727272727273,0.8493611297915266,0.0,1.0,0.0,0.07002314814814825,1.0,0.0,0.9200734643901776,0.0,0.0,0.881367759944173,0.36363636363636365,0.0,0.0,0.6632149115819659,0.0,0.8125,0.7528344671201814,0.0,0.20000000000000007,0.0,0.0,0.0,0.0,0.9539918809201624,0.0,0.2777777777777777,0.0,0.75,0.0,0.33333333333333326,0.0,0.7060595109023009,1.0,0.6237113402061856,0.86,0.8076923076923077,0.0,0.09999999999999987,0.0,0.0,0.0,0.8679245283018868,0.02164804469273729,0.7320261437908497,1.0,0.0,0.0,0.8200359928014397,0.0,0.4605137963843957,0.0,0.0,0.9367088607594937,0.0,0.0,0.08333333333333337,0.0,0.9470404984423676,0.0,0.0,0.0,0.6000000000000001,0.9090909090909091,0.0,0.0,0.0,0.0,0.0,1.0,0.0,0.68,0.9090909090909091,0.3916317991631799,0.641025641025641,1.0,0.6,0.6134751773049645,0.75,0.20512820512820518,0.0,0.27543314082629944,0.0,0.24445411048281862,0.0,0.0,0.0,0.10028191703584388,0.553191489361702,0.2315068493150686,0.033333333333333326,0.19999999999999996,0.33333333333333337,0.6666666666666667,0.0,0.0,0.0,0.6666666666666667,0.0,0.0,0.5333333333333333,0.4444444444444444,0.37037037037037046,0.4285714285714286,0.7,0.46153846153846156,0.8571428571428572,1.0,0.4285714285714285,0.4024390243902439,0.0,0.0,0.0,1.0,0.674916706330319,0.9166666666666666,0.7004228800356109,0.0,0.8112058465286236,0.0,0.0,0.5714285714285714,0.0,1.0,0.0,0.0,0.0,0.06929133858267733,1.0,0.0,0.23809523809523803,0.8259201534588179,0.0,0.20402481464669375,0.0,0.0,0.9629629629629629,0.0,0.0,0.3571428571428571,qsampled
0.0,0.0,0.0,0.5416666666666667,0.0,0.0,0.0,0.0,0.0,0.0,0.0,0.0,0.0,0.0,0.25931857308724027,0.0,0.2692307692307693,0.0,0.0,0.875,0.18881062910196889,0.7692307692307692,0.3777621062529384,0.0,0.716036036036036,0.78,0.4067796610169492,0.0,0.0,0.0,0.0770805985823052,0.0,0.19999999999999996,0.09375,0.45197740112994356,0.0,0.0625,0.0,0.0,0.0,0.17647058823529416,0.0,0.052631578947368474,0.0,0.9431206764027671,0.529109589041096,0.2084115659031167,0.0,0.3897624623619941,0.8166666666666667,0.0,0.27428571428571424,0.6213199214916585,0.5,0.0,0.6428571428571428,0.4285714285714285,0.0,0.0,0.3156498039590705,0.0,0.6178334106011436,0.5520565552699229,0.0,1.0,0.7407407407407407,0.9877820314409057,0.0,0.0,0.9726307510814,0.0,1.0,0.206896551724138,0.0,0.4375,0.0,0.6118456801304111,0.0,0.0,1.0,0.0,0.0,0.0,0.0,0.0,0.0,0.6156472684085511,0.0,0.0,0.0,0.0,0.0,0.0,0.0,0.0,0.0,0.0,0.15736360769473345,0.0,0.1428571428571428,0.0,0.04831804281345553,0.3999999999999999,0.0,0.8148148148148148,0.0,0.0,0.868449662970211,0.7272727272727273,0.2887773722627738,0.0,1.0,0.0,0.0,0.0,0.6666666666666666,0.6356324150412225,0.2857142857142856,0.11111111111111105,0.0,0.0,0.36363636363636365,0.0,0.34642755479647036,0.0,0.0625,0.4274376417233561,0.971830985915493,0.0,0.4,0.0,0.8461538461538461,0.20603576751117725,0.0,0.0,1.0,0.25,0.0,0.7777777777777778,0.33333333333333326,0.0,0.0,0.64298490377048,0.44000000000000006,0.0,0.8084866691701089,0.0,0.8,0.75,0.9718100980757142,0.0,0.0,0.9022346368715084,0.0,0.0,0.375,0.0,0.2713635597505477,0.0,0.0,0.0,0.0,0.7341772151898733,0.0,0.0,0.0,0.0,0.0,0.0,0.5384615384615385,0.0,0.0,0.0,0.0,0.0,0.0,0.0,0.0,0.0,0.0,0.0,0.5,0.5606694560669456,0.7171052631578947,0.0,0.6363636363636364,0.0,0.6666666666666667,0.0,0.0,0.3390105433901054,0.0,0.3403543965229019,0.0,0.0,0.0,0.20567685589519646,0.0,0.75,0.09999999999999998,0.6,0.0,0.0,0.5,0.5,0.0,0.09090909090909094,0.0,0.4,0.0,0.6849415204678363,0.0,0.5714285714285714,0.7,0.0,0.9523809523809523,0.4409448818897638,0.5,0.3619479983491539,1.0,0.3928571428571429,0.4,1.0,0.6315139879319802,0.22972972972972971,0.0,0.0,0.6188957055214723,0.0,0.0,0.5714285714285714,0.7368421052631579,0.875,0.0,0.8750283446712018,0.8625040910578566,0.0,0.7777777777777778,0.1428571428571428,0.0,0.5,0.0,0.0025818998759346012,0.0,0.0,0.7777777777777778,0.0,0.0,0.2857142857142857,qsampled
0.0,0.0,0.8974358974358975,0.0,0.0,0.0,0.22266185139943717,0.0,0.0,0.875,0.0,0.0,0.0,0.0,0.8904757309659366,0.0,0.3846153846153846,0.8461538461538461,0.0,0.43211578221915936,0.6743933671919087,0.0,0.0,0.0,0.0,0.0,0.4067796610169492,0.31818181818181823,0.8,1.0,0.16698526931294277,0.0,0.19999999999999996,0.8989400584795322,0.0,0.0,0.0625,0.2222222222222222,0.0,0.0,0.7647058823529412,0.8796992481203008,0.052631578947368474,0.2886221294363256,0.0,0.0,0.009763424708974844,0.2222222222222222,0.9253333333333333,0.938207136640557,0.8846153846153846,0.20277716552788194,0.3460152182619144,0.0,0.47213914685975134,0.0,0.0,0.32895498206226126,0.5384927066450567,0.6050968610794571,0.8687967369136642,0.0,0.0,0.0,0.1250000000000001,0.2592592592592592,0.779094662792476,0.0,1.0,0.3557643214541001,0.0,1.0,0.0,0.08695652173913038,1.0,0.44913830348999084,0.8461695607763023,0.9473684210526315,0.0,0.0,0.0,0.0,0.09090909090909094,0.0,0.0,1.0,0.0,0.0,0.0,0.3719955376762111,0.0,0.0,0.0,0.0,0.0,0.0,0.0,0.7419354838709677,0.0,0.03650586701434144,0.8974358974358975,0.02582311168495821,0.3999999999999999,0.33333333333333326,0.0,1.0,0.0,0.0,0.0,0.2887773722627738,0.2500000000000001,1.0,0.0,0.0,0.0,0.8,0.9200734643901776,0.0,0.0,0.11095603628750872,0.0,0.0,0.0,0.8757368169507727,0.0,0.0625,0.0,0.0,0.0,0.0,0.5416666666666667,0.8632411067193676,1.0,0.9101941747572816,0.7692307692307692,0.2777777777777777,0.0,0.3125,0.0,0.0,0.6219135802469136,0.647271413082761,0.4255319148936171,0.0,0.12,0.8076923076923077,0.0,0.0,0.25,0.8411532756936657,0.0,0.9782608695652174,0.7777777777777778,0.0,0.0,0.0,0.0,0.8200359928014397,0.6695979899497488,0.4605137963843957,0.9375,0.0,0.0,0.0,0.0,0.08333333333333337,0.0,0.0,0.8823529411764706,0.0,0.0,0.0,0.9090909090909091,0.0,0.0,1.0,0.0,0.0,1.0,0.0,1.0,0.0,0.3916317991631799,0.9487179487179487,0.0,0.6,0.0,0.0,0.3076923076923077,0.0,0.0,0.2857142857142857,0.3403543965229019,0.33333333333333337,0.8,0.0,0.0,0.5602409638554215,0.011080332409972193,0.033333333333333326,0.19999999999999996,0.33333333333333337,0.0,0.5,0.0,0.0,0.6363636363636364,0.028571428571428692,0.4,0.0,0.4629629629629629,0.0,0.4285714285714286,0.0,0.9743589743589743,0.6666666666666667,1.0,0.0,0.4024390243902439,0.0,0.07147220525351261,0.0,0.0,0.0,0.04166666666666652,0.13220565323837075,0.6923076923076923,0.0,0.0,0.0,0.4285714285714286,0.625,0.6666666666666666,0.0,0.7987352213362662,0.3351718285956725,0.7012113055181697,0.0,0.0,0.23809523809523803,0.8259201534588179,0.6666666666666666,0.07487246173852169,1.0,0.0,0.0,0.0,0.0,0.3571428571428571,qsampled
0.0,0.0,0.0,0.0,0.0,0.0,0.1739734624350009,0.0,0.0,0.0,0.0,0.650122959982115,0.0,0.0,0.2613740946740827,0.0,0.0,0.0,0.5789473684210527,0.4269311064718164,0.19520335299596403,0.7692307692307692,0.40803498223558343,0.0,0.0,0.0,0.4067796610169492,0.0,0.4,0.0,0.0,0.2727272727272728,0.19999999999999996,0.09374999999999989,0.44067796610169496,0.6363636363636364,1.0,0.0,0.25,0.6428571428571428,0.0,0.0,0.4736842105263158,0.0,0.0,0.3290322580645161,1.0,0.0,0.40760869565217384,0.34645669291338577,0.0,0.27428571428571424,0.0,0.0,0.4413458900978332,0.0,0.0,0.6567481402763018,0.6576048011465425,0.0,0.8928072625698324,0.334106011435636,0.0,0.0,0.375,0.5555555555555556,0.04498224385111127,0.0,0.0,0.9736200060994206,1.0,0.0,0.206896551724138,0.18518518518518512,0.4375,0.0,0.5707865168539326,0.0,0.0,0.0,0.0,0.0,0.09090909090909094,0.0,0.0,0.0,0.0,0.0,0.0,0.0,0.0,0.0,0.0,0.0,0.7391304347826086,0.0,0.0,0.6799999999999999,0.0,0.0,0.0,0.0,0.3999999999999999,0.5,0.8148148148148148,0.8208955223880597,1.0,0.0,0.0,0.0,0.0,1.0,0.0,0.07002314814814825,0.5070422535211268,0.6666666666666666,0.8122304978439827,0.2857142857142856,0.7777777777777778,0.0,0.0,0.0,0.75,0.0,0.0,0.6875,0.4274376417233561,0.0,0.20000000000000007,0.0,0.0,0.53376,0.20603576751117725,0.30080213903743314,0.0,0.0,0.0,0.7560975609756098,0.0,0.0,0.7519446845289541,0.9024959415584415,0.0,1.0,0.82,0.0,0.0,0.8,0.75,0.0,0.0,0.8166969147005445,0.9804469273743017,0.954248366013072,0.0,0.375,0.0,0.0,0.0,0.5979986948009572,0.0,0.0,0.0,0.0,0.0,0.08333333333333337,0.0,0.0,0.0,0.0,0.0,0.0,0.0,0.0,0.0,0.0,0.0,0.2222222222222222,0.0,0.0,1.0,0.5,0.0,0.7116704805491991,1.0,0.6,0.0,0.6666666666666667,0.46153846153846156,0.0,0.0,0.2857142857142857,0.43801652892561993,0.0,0.4,0.0,0.0,0.0,0.75,0.09999999999999998,0.0,0.33333333333333337,0.0,0.5,0.0,0.0,0.8,0.0,0.0,0.0,0.4444444444444444,0.37037037037037046,0.4285714285714286,0.7,0.2564102564102564,0.9523809523809523,0.0,0.4285714285714285,0.0,0.0,0.0,0.0,0.0,0.3791208791208792,0.0,0.16586345381526102,0.8666666666666667,0.19049951028403533,0.35096153846153844,0.0,0.5714285714285714,0.4736842105263157,1.0,0.0,0.5746150992394732,0.9598167206080221,0.7546012269938649,1.0,0.1428571428571428,0.23809523809523803,0.0,0.0,0.46448835844257486,0.0,0.0,0.0,0.0,0.0,0.3571428571428571,qsampled
0.0,0.0,0.0,0.0,0.0,0.5,0.0,0.0,0.6774547803617571,0.0,0.0,0.0,0.0,0.0,0.33214382816748256,0.96875,0.3846153846153846,0.5769230769230769,0.052631578947368474,0.6512749827705031,0.0,0.0,0.03573107663375652,0.0,0.0,0.959349593495935,0.4067796610169492,0.0,0.4,0.0,0.9122079285901812,0.0,0.35,0.7346491228070176,0.0,0.0,0.78125,0.2222222222222222,1.0,0.6428571428571428,0.0,0.0,0.5789473684210527,0.2886221294363256,0.3023868312757202,0.0,0.009763424708974844,0.33333333333333337,0.0,0.39175257731958757,0.0,0.0,0.16704892966360851,0.0,0.6094515568199779,0.0,0.0,0.0,0.4042457900394124,0.0,0.8928072625698324,0.334106011435636,0.5520565552699229,0.0,1.0,0.0,0.6914555673210068,0.0,0.0,0.8120926474548883,0.0,1.0,0.206896551724138,0.75,1.0,0.0,0.8569099800760731,0.0,0.0,0.7837837837837838,0.0,0.0,0.0,0.0,0.0,0.0,0.0,0.0,0.0,0.0,0.0,0.6206896551724137,1.0,0.0,0.0,0.0,0.0,0.15736360769473345,1.0,0.20761245674740492,0.641025641025641,0.6758409785932722,0.7333333333333334,0.3076923076923076,0.0,0.875,1.0,0.0,1.0,0.0,0.0,1.0,0.0,0.9311342592592593,0.0,0.0,0.7293381402625672,0.0,0.11111111111111105,0.8771566597653554,0.0,0.8636363636363636,0.75,0.0,0.0,0.8125,0.0,0.25352112676056326,0.4666666666666667,0.0,0.5833333333333333,0.0,0.3267511177347242,0.30080213903743314,0.23076923076923073,0.7142857142857142,0.0,0.8695652173913043,0.0,0.0,0.0,0.675679788961039,0.0,1.0,0.82,0.8084866691701089,0.0,0.0,0.0,0.5379211854528143,0.0,0.0,0.02164804469273729,0.0,1.0,0.375,0.0,0.2585297221245162,0.0,0.40056277414549357,0.0,0.0,0.9367088607594937,0.0,0.0,0.0,0.0,0.0,0.0,0.0,0.0,0.6000000000000001,0.0,0.0,0.8145539906103286,0.0,0.0,0.0,1.0,0.0,0.4779411764705883,1.0,0.3916317991631799,0.5641025641025641,0.05555555555555547,0.29999999999999993,0.27243589743589736,0.0,0.7857142857142857,0.0,0.0,0.7142857142857143,0.3403543965229019,0.0,0.4,0.0,1.0,0.553191489361702,0.2142857142857143,0.09999999999999998,0.0,0.0,0.6666666666666667,0.5,0.75,0.0,0.40909090909090917,0.0,0.0,0.0,0.8391812865497076,0.8148148148148149,0.4285714285714286,0.19999999999999996,0.46153846153846156,0.0,0.0,0.0,0.4024390243902439,0.0,0.0,0.0,0.0,0.6315139879319802,0.04166666666666652,0.055457288523566683,0.26923076923076916,0.19244823386114496,0.0,0.0,0.4285714285714286,0.0,0.9375,0.0,0.810893376052455,0.0,0.0,1.0,0.1428571428571428,0.23809523809523803,0.0,0.0,0.2014520163504362,0.0,0.0,0.9629629629629629,0.0,0.0,0.2857142857142857,qsampled
0.0,0.0,0.0,0.0,0.0,0.0,0.0,0.0,0.0,0.0,0.0,0.0,0.0,0.0,0.4866335094808829,0.734375,0.0,0.9583333333333334,0.0,0.0,0.3381939114863136,0.33333333333333326,0.0,0.0,0.0,0.0,0.72,0.31818181818181823,0.0,0.0,0.0,0.9090909090909091,0.5,0.09166976571216068,0.44067796610169496,0.0,0.0625,0.8333333333333334,0.4285714285714285,0.0,0.17647058823529416,1.0,0.052631578947368474,0.9761273209549072,0.2795450799406626,1.0,0.24225865209471764,0.0,0.41050518568082983,0.9347079037800687,0.9202975557917109,0.7671232876712328,0.9653179190751445,0.0,0.0,0.0,0.4285714285714285,0.4422683425898861,0.9152409530634181,0.45650228844764107,0.0,0.8610934520025428,0.9601542416452442,0.0,1.0,0.2592592592592592,0.0,0.0,0.0,0.0,0.0,1.0,0.0,0.0,0.32797427652733113,0.0,1.0,0.9473684210526315,0.0,1.0,0.0,0.0,0.09090909090909094,0.0,0.0,0.0,0.0,0.0,0.0,0.0,0.0,0.0,0.75,0.0,0.0,0.0,0.0,0.0,0.9557522123893806,0.0,0.9512195121951219,0.0,0.0,0.5,0.14814814814814825,0.0,1.0,0.0,0.0,0.7645693656523982,0.2500000000000001,1.0,0.0,0.0,0.5650406504065042,0.5,0.16484742251613427,0.2857142857142856,0.0,0.14238952536824878,0.8636363636363636,0.36363636363636365,0.0,0.3479859210011733,0.5313942751615882,0.0625,0.9772727272727273,0.323943661971831,1.0,0.09999999999999998,0.0,0.53376,1.0,0.0,0.5,1.0,0.0,0.0,0.0,0.33333333333333326,0.7468297101449275,1.0,0.675607419663851,0.75,0.0,1.0,0.0,0.8,0.25,0.0,0.0,0.0,0.0,0.0,1.0,0.0,0.0,0.0,0.0,0.7718390804597701,0.9375,0.0,0.7341772151898733,0.0,0.0,0.5,0.0,0.0,0.0,0.0,0.0,0.0,0.0,0.0,0.0,0.0,0.0,0.0,0.5,0.0,0.8970588235294118,0.0,0.21120186697782972,0.641025641025641,0.6785714285714286,0.0,0.0,0.75,0.0,0.0,0.0,0.2857142857142857,0.0,0.33333333333333337,0.0,0.0,0.0,0.0,0.5,0.06666666666666665,0.6,0.33333333333333337,0.0,0.75,0.5,0.0,0.09090909090909094,0.7428571428571429,0.4,0.1333333333333332,0.0,0.7407407407407407,1.0,0.7,0.2564102564102564,1.0,1.0,1.0,0.9474024574261695,0.0,0.25778863775198524,0.0,1.0,0.0,0.8378378378378378,0.0,0.0,0.7657807308970099,0.8477564102564102,0.0,0.5714285714285714,0.625,0.0,0.0,0.8170002987750224,0.6062402269173425,0.0,1.0,0.0,0.0,0.6360148663229829,0.0,0.673601366603624,1.0,0.0,0.7777777777777778,0.0,0.0,0.0,qsampled
0.0,0.0,0.0,0.896551724137931,0.0,0.5,0.0,0.0,0.0,0.0,0.0,0.0,0.0,0.0,0.0,0.890625,0.33333333333333326,0.8958333333333334,0.22222222222222232,0.0,0.9509324163470441,0.0,0.6259541984732824,0.0,0.0,0.0,0.0,0.0,0.0,0.0,0.0,0.0,0.35,0.0,0.44067796610169496,0.6363636363636364,0.0,1.0,0.25,0.0,0.0,0.9409090909090909,0.052631578947368474,0.0,0.0,1.0,0.24225865209471764,0.5555555555555556,0.0,0.39175257731958757,0.0,0.0,0.0,0.0,0.47213914685975134,0.0,0.0,0.338920826455689,0.4042457900394124,0.671100175505007,0.4148974451241453,0.67779632721202,0.0,0.36397058823529416,1.0,0.2592592592592592,0.6754151966267964,0.0,0.0,0.0,0.9440993788819876,0.0,0.206896551724138,0.18518518518518512,1.0,0.0,0.0,0.0,0.0,0.0,0.0,0.0,0.0,0.0,0.0,0.0,0.9166666666666666,0.0,0.0,0.0,0.0,0.0,0.75,0.0,0.0,0.0,0.0,0.06909547738693478,0.9557522123893806,0.2406639004149378,0.926829268292683,0.03615235635894121,0.0,0.9487179487179487,0.0,0.0,1.0,0.0,0.0,0.0,0.0,1.0,0.0,0.0,0.0,0.0,0.0,0.2857142857142856,0.7777777777777778,0.0,0.36363636363636365,0.0,0.0,0.6513426736719206,0.6198541519642438,0.0625,0.4274376417233561,0.0,0.9333333333333333,0.09999999999999998,0.5,0.0,0.3267511177347242,0.645466847090663,0.0,0.33333333333333326,0.0,1.0,0.0,0.0,0.7468297101449275,0.6417522583838634,0.8974744222651498,0.0,0.86,0.0,0.44444444444444453,0.9,0.25,0.5379211854528143,0.0,0.0,0.0,0.9673202614379085,0.0,0.375,0.0,0.8530254508680263,0.0,0.017256330211585125,0.0,0.0,0.0,0.0,0.0,0.0,0.0,0.0,0.0,0.5384615384615385,0.0,0.6000000000000001,0.0,0.0,0.0,0.0,0.0,0.0,0.5,0.0,0.0,0.29999999999999993,0.0,0.3846153846153846,0.75,0.0,0.8803191489361702,0.0,0.0,0.0,0.0,0.2857142857142857,0.08333333333333326,0.0,0.0,0.0,0.0,0.0,0.2142857142857143,0.0,0.6,0.33333333333333337,0.0,0.0,0.0,0.0,0.13636363636363635,0.028571428571428692,0.4,0.1333333333333332,0.4444444444444444,0.7407407407407407,1.0,1.0,0.46153846153846156,0.5,0.0,0.5,0.0,0.0,0.5789473684210527,0.0,0.0,0.0,0.05855855855855874,0.13703048590157096,0.6923076923076923,0.7657807308970099,0.5868613138686132,0.5,0.0,0.0,0.9375,0.0,0.831240314220061,0.6066606996345192,0.38267716535433083,0.0,0.1428571428571428,0.23809523809523803,0.46193501978180085,0.6666666666666667,0.0,0.0,0.0,0.0,0.0,0.0,0.2857142857142857,qsampled
0.0,0.0,0.0,0.0,0.692021890847015,0.0,0.1637175986667142,0.0,0.0,0.0,0.0,0.0,0.0,0.0,0.2593185730872405,0.0,0.2692307692307693,0.1794871794871794,0.5789473684210527,0.9814814814814815,0.25209497206703924,0.0,0.030472806777807948,0.0,0.5357420789327404,0.9924098671726755,0.4067796610169492,0.5909090909090908,0.0,0.5,0.5531149301825993,0.2727272727272728,0.19999999999999996,0.09374999999999989,0.0,0.0,1.0,0.0,1.0,0.6428571428571428,0.5882352941176471,0.0,0.0,0.9615384615384616,0.3361599371033863,0.3290322580645161,0.8333333333333333,0.2222222222222222,0.40760869565217384,0.0,0.6032719836400818,0.032620674454485354,0.24362922301066603,0.0,0.08471933471933468,0.6428571428571428,0.0,0.5926125640334322,0.40972435251325656,0.0,0.8407777193904362,0.9089100154764537,0.5861182519280206,0.0,0.1250000000000001,0.5555555555555556,0.0,0.0,0.35511363636363635,0.9736200060994206,0.0,0.0,0.206896551724138,0.75,0.32797427652733113,0.1990163777873275,0.2894534257120861,0.7368421052631579,0.0,0.0,0.0,0.0,0.0,0.0,0.0,0.0,0.0,0.8406617755674824,0.0,0.48944317582996666,0.0,0.0,0.0,0.0,0.0,0.0,0.0,0.6799999999999999,0.0,0.34419817470664926,0.28205128205128205,0.0,1.0,0.5,0.0,0.5223880597014926,0.0,0.2900552486187845,1.0,0.0,0.2500000000000001,1.0,1.0,0.8152130625248905,0.41889276035617506,0.8,0.879746835443038,0.0,0.0,0.6499999999999999,0.36363636363636365,0.8636363636363636,0.75,0.66929996089167,0.1923076923076923,0.0,1.0,0.323943661971831,1.0,0.09999999999999998,0.5416666666666667,0.53376,0.3267511177347242,0.019002375296912066,0.23076923076923073,0.0,0.0,0.0,0.7777777777777778,0.0,0.45812225599459644,0.675679788961039,0.0,1.0,0.0,0.4935536362498435,0.0,0.0,0.75,0.0,0.0,0.978316935714968,0.9804469273743017,0.0,0.0,0.375,0.0,0.5661764705882353,0.3522727272727272,0.16267123287671226,0.6875,0.0,0.0,0.0,0.0,0.0,0.0,0.0,0.0,0.0,0.8333333333333334,0.0,0.040983606557377095,0.0,0.0,0.0,0.0,0.0,0.0,0.0,0.0,0.5,0.5606694560669456,0.3638443935926773,1.0,0.9,0.6798245614035088,0.0,0.20512820512820518,0.0,0.8159246575342466,0.7142857142857143,0.3403543965229019,0.6666666666666667,0.0,0.0,0.07262569832402221,0.43673469387755093,0.75,0.09999999999999998,0.19999999999999996,0.33333333333333337,1.0,0.0,0.75,0.0,0.13636363636363635,0.0,0.4,0.0,0.0,0.37037037037037046,0.5714285714285714,0.0,0.2564102564102564,0.0,0.0,0.0,0.07954300495796529,0.0,0.3928571428571429,0.4,0.0,0.970722781335773,0.04166666666666674,0.28210556025966693,0.7692307692307693,0.9045454545454545,1.0,0.0,0.4285714285714286,0.4375,0.0,0.0,0.10141574905154072,0.32249293597057105,0.8542199488491049,1.0,0.1428571428571428,0.23809523809523803,0.6360148663229829,0.0,0.7293701583024588,1.0,0.0,0.0,0.0,0.0,0.2857142857142857,qsampled
0.0,0.0,0.0,0.0,0.0,0.0,0.22308201934543526,0.0,0.7475163557063242,0.0,0.0,0.6516803917204541,0.8465885307660108,0.0,0.8857348760859991,0.0,0.3846153846153846,0.0,0.052631578947368474,0.8928571428571429,0.11023102310231003,0.0,0.0,0.0,0.3882821064598644,0.0,0.4067796610169492,0.31818181818181823,0.6000000000000001,0.0,0.9122079285901812,0.9090909090909091,0.35,0.5794270833333334,0.45197740112994356,0.0,0.78125,0.25,0.0,0.0,0.17647058823529416,1.0,0.052631578947368474,0.2886221294363256,0.6811427107353318,0.791869918699187,0.5080736012016522,0.0,0.9366754617414248,0.0,0.9317269076305221,0.09714285714285709,0.062359066868927004,0.5,0.4522144522144521,0.0,0.0,0.27784852546916894,0.40972435251325656,0.0,0.7653631284916201,0.928450007726781,0.5520565552699229,0.0,1.0,0.7777777777777778,0.09251991913426105,0.0,1.0,0.8071058249466301,0.0,0.7000000000000001,0.0,0.75,1.0,0.6636263261485287,0.5707865168539326,0.0,0.0,0.0,0.0,0.0,0.0,0.0,0.0,0.0,0.0,0.0,0.0,0.5598844937434111,0.0,0.6206896551724137,0.75,0.0,0.7391304347826086,0.8705214433675166,0.0,0.8010091453800063,0.0,0.20761245674740492,0.0,0.609850939727803,1.0,0.3076923076923076,0.0,1.0,1.0,0.2801449025357944,0.0,0.0,0.2500000000000001,0.0,0.0,0.9311342592592593,0.5650406504065042,0.0,0.24758907725104062,0.2857142857142856,0.11111111111111105,0.8928376161837069,0.36363636363636365,0.0,0.0,0.35799005228924885,0.9047619047619048,0.0625,0.0,0.0,0.9333333333333333,0.8,0.0,1.0,0.0,0.10050251256281417,0.5,0.7142857142857142,0.25,0.8695652173913043,0.0,0.0,0.7454033771106942,0.675679788961039,0.0,1.0,0.86,0.7239307681304534,0.0,0.09999999999999987,0.875,0.28298908162783,0.0,0.13053964425685882,0.7993482309124768,0.0,1.0,0.0,0.0,0.0,0.7632919254658386,0.0,0.0,0.0,0.0,0.0,0.0,0.0,0.0,0.0,0.0,0.0,0.0,0.0,0.040983606557377095,0.0,0.7682926829268293,0.0,0.0,0.8,0.0,0.0,0.9423076923076923,0.5,1.0,0.0,0.05555555555555547,0.75,0.27243589743589736,0.0,0.3076923076923077,0.0,0.8025531914893618,0.2857142857142857,0.43801652892561993,0.33333333333333337,1.0,0.0,0.8268839103869654,0.16312056737588654,0.2315068493150686,0.06666666666666665,0.0,0.0,0.6666666666666667,0.0,0.0,0.0,0.0,0.4285714285714285,0.4,0.8235294117647058,0.5746084089035448,0.7407407407407407,0.7142857142857143,0.7,0.5128205128205128,0.8571428571428572,0.38235294117647045,0.04761904761904756,0.41580685101114323,1.0,0.0,0.0,0.0,0.0,0.05855855855855874,0.16586345381526102,0.8666666666666667,0.8102350636630754,0.0,0.0,0.5714285714285714,0.7368421052631579,0.9375,0.0,0.5912290661368151,0.7080257463907779,0.0,1.0,0.0,0.23809523809523803,0.0,0.6666666666666666,0.06082614616432114,0.0,0.0,0.0,0.0,0.0,0.2857142857142857,qsampled
0.0,0.0,0.0,0.0,0.0,0.0,0.17579949694574193,0.8938083708059495,0.0,0.0,0.798682883791278,0.0,0.0,0.0,0.2613740946740827,0.19999999999999996,0.3846153846153846,0.0,0.052631578947368474,0.8837209302325582,0.10077007700770069,0.33333333333333326,0.030472806777807948,0.0,0.555306905370844,0.16717791411042937,0.4067796610169492,0.31818181818181823,0.0,1.0,0.0,0.9090909090909091,0.4,0.58203125,0.0,0.6363636363636364,0.0625,0.25,0.25,0.0,0.5882352941176471,0.0,0.5789473684210527,0.2886221294363256,0.6770502225047679,0.0,0.2084115659031167,0.0,0.9225650332728372,0.4664926022628373,1.0,0.20277716552788194,0.0,0.0,0.30968272835329624,0.6428571428571428,0.0,0.5506895391860074,0.5822153357771817,0.5213015205125753,0.8687967369136642,0.6514930808448651,0.0,0.0,0.375,0.5555555555555556,0.04498224385111127,0.0,1.0,0.7298932384341636,0.6416184971098267,0.9987593052109182,0.0,0.0,0.4375,0.0,0.8461695607763023,0.0,0.0,0.0,0.5,0.0,0.09090909090909094,0.0,0.0,0.0,0.0,0.0,0.0,0.0,0.8799943293244807,0.0,0.75,1.0,0.0,0.0,0.0,0.15736360769473345,0.8871534556813745,0.03650586701434144,0.0,0.6758409785932722,0.3999999999999999,0.84375,0.14814814814814825,0.0,1.0,0.713472976467546,0.7272727272727273,0.0,0.2500000000000001,1.0,1.0,0.07002314814814825,1.0,0.5,0.24758907725104062,0.0,0.7777777777777778,0.12137780207763815,0.36363636363636365,0.0,0.0,0.5807932661650299,0.0,0.8125,0.0,0.0,0.0,0.4,0.0,1.0,0.4543795620437957,0.8923611111111112,0.7692307692307692,0.0,0.0,0.5121951219512195,0.7777777777777778,0.0,0.8333333333333334,0.9024959415584415,0.8977424624981435,0.0,0.0,0.0,0.0,0.8,0.75,0.0,0.0,1.0,0.7993482309124768,0.7320261437908497,1.0,0.0,0.0,0.0,0.0,0.33182295770948245,0.0,0.0,0.0,0.9248281786941581,0.0,0.5,0.0,0.0,0.0,0.0,0.0,0.0,0.0,0.9545454545454546,0.0,0.0,0.7876680139110819,0.0,0.5,0.0,0.0,0.29999999999999993,1.0,0.0,0.05555555555555547,1.0,0.0,0.75,0.20512820512820518,0.0,0.18765957446808512,0.0,0.3403543965229019,0.33333333333333337,0.0,0.0,0.1162361623616236,0.18367346938775508,0.5055401662049861,0.06666666666666665,0.19999999999999996,0.33333333333333337,0.0,0.0,0.0,0.0,0.13636363636363635,0.028571428571428692,0.0,0.8235294117647058,0.6370439663236669,0.0,0.5714285714285714,0.7,0.5128205128205128,0.0,1.0,0.0,0.07723577235772361,0.0,0.6793924466338259,0.4,0.0,0.24286889742183204,0.0,0.07269076305220878,0.6923076923076923,0.6197355533790402,0.35096153846153844,0.0,0.5714285714285714,0.4736842105263157,1.0,0.0,0.0,0.0,0.6032757051865332,0.4,0.0,0.0,0.0,0.0,0.07487246173852169,0.0,0.0,0.0,0.8095238095238095,0.0,0.0,qsampled
0.0,0.0,0.0,0.0,0.6984516762736837,0.5,0.5126056706815292,0.0,0.0,0.0,0.0,0.0,0.0,0.0,0.30720078643401316,0.0,1.0,0.47916666666666663,0.22222222222222232,0.6481481481481481,0.2951108759864216,0.33333333333333326,0.4007317073170732,0.0,0.0,0.17560975609756102,0.0,0.31818181818181823,0.4,1.0,0.0,0.0,0.4,0.7346491228070176,0.8813559322033898,0.0,0.0625,0.25,0.25,0.0,0.2941176470588236,0.9409090909090909,0.8947368421052632,0.2822361546499478,0.3023868312757202,0.3157894736842105,0.24225865209471764,0.0,0.48067915690866514,0.1872852233676976,0.0,0.4461839530332681,0.27001969149983596,0.5,0.0,0.0,0.0,0.6329793308210575,0.9678652664182354,0.5510204081632653,0.0,0.8964941569282137,0.5714285714285714,0.94,1.0,0.0,0.8194791295041027,0.8415841584158416,1.0,0.0,0.0,0.0,0.0,0.18518518518518512,0.7170418006430868,0.0,0.0,0.0,0.0,0.0,0.0,0.0,0.0,0.0,0.0,0.0,0.0,0.8406617755674824,0.0,0.5343350425131433,0.0,0.0,0.75,0.0,0.0,0.0,0.0,0.6153846153846154,0.0,0.9318479685452162,0.5609756097560976,0.02582311168495821,0.7333333333333334,0.0,0.14814814814814825,1.0,0.0,0.0,0.7272727272727273,0.0,0.2500000000000001,0.5,0.0,0.0,0.0,0.6,0.7293381402625672,0.8571428571428571,0.0,0.13568670711527853,0.36363636363636365,0.0,0.0,0.8265891349370719,0.3571428571428571,0.9375,0.0,0.25352112676056326,0.20000000000000007,0.09999999999999998,0.0,0.5652173913043479,0.1949626865671643,0.6310679611650486,0.0,0.0,0.25,0.0,0.0,0.0,0.9305555555555556,1.0,0.679144385026738,0.44000000000000006,0.82,0.0,0.9333333333333333,0.09999999999999987,0.0,0.8411532756936657,1.0,0.8695652173913043,0.0,0.0,0.0,0.0,0.0,0.8210541893791776,0.0,0.0,0.0,0.0,0.0,0.0,0.0,0.0,0.0,0.0,0.0,0.0,0.9,0.6000000000000001,0.9090909090909091,0.0,0.0,0.0,0.0,0.0,0.5,0.0,0.4779411764705883,0.5,0.6406067677946325,0.0,0.75,0.29999999999999993,0.537375415282392,0.75,0.46153846153846156,0.0,0.0,0.0,0.08333333333333326,0.33333333333333337,0.6,0.0,0.0,0.7777777777777778,0.5055401662049861,0.09999999999999998,0.0,0.33333333333333337,1.0,0.0,0.0,0.0,0.0,0.4285714285714285,0.8,0.0,0.8391812865497076,0.37037037037037046,1.0,0.7,0.46153846153846156,0.0,0.0,0.5,0.11019397441188616,1.0,0.0,0.0,0.0,0.2260577568838147,0.8378378378378378,0.8655660377358491,0.0,0.8984375,0.6774193548387097,1.0,0.5714285714285714,0.0,0.6666666666666666,0.92,0.4285252263906856,0.8922269019566029,0.15384615384615374,0.0,0.0,0.23809523809523803,0.8259201534588179,0.6666666666666667,0.14121736520956307,0.0,0.0,0.0,0.0,0.0,0.2857142857142857,qsampled
0.0,0.0,0.0,0.0,0.0,0.5,0.0,0.0,0.0,0.875,0.0,0.0,0.0,0.0,0.2581174680706251,0.0,0.0,0.0,0.052631578947368474,0.875,0.3467395548613823,0.33333333333333326,0.3777621062529384,0.0,0.716036036036036,0.0,0.0,0.31818181818181823,0.4,0.0,0.0,0.7547169811320755,0.85,0.4687499999999999,0.0,0.0,0.0,0.0,0.0,0.6428571428571428,0.0,1.0,0.4736842105263158,1.0,0.9431206764027671,0.0,0.0,0.8888888888888888,0.3897624623619941,0.8333333333333333,0.5301204819277108,0.3257142857142856,0.6040900332807848,0.0,0.30043033889187754,0.0,0.0,0.27784852546916894,0.7453645646721605,0.3156498039590705,0.4148974451241453,0.6178334106011436,0.9601542416452442,0.0,1.0,0.7407407407407407,0.9877820314409057,0.0,0.0,0.9755812321654114,0.0,1.0,0.206896551724138,0.08695652173913038,0.0,0.1990163777873275,0.9589322381930185,0.0,0.0,0.0,1.0,0.9375,0.09090909090909094,0.0,0.0,0.0,0.0,0.0,0.0,0.0,0.0,0.0,0.5476190476190477,0.0,0.0,0.0,0.0,0.15736360769473345,0.0,0.0,0.0,0.6758409785932722,0.7333333333333334,0.0,0.14814814814814825,0.0,1.0,0.868449662970211,0.0,0.0,0.2500000000000001,1.0,0.0,0.05714854639585809,0.5650406504065042,1.0,0.0,0.0,0.0,0.0,0.0,0.36363636363636365,0.75,0.0,0.5476190476190477,0.6875,0.9545454545454546,0.971830985915493,0.0,0.09999999999999998,0.9583333333333334,0.8461538461538461,0.0,0.9623115577889447,0.7692307692307692,0.4444444444444444,0.0,0.31464174454828653,0.0,0.0,0.7732185072610605,0.701958198051948,0.675607419663851,0.0,0.5517241379310345,1.0,0.0,0.8,0.75,0.9718100980757142,0.0,0.0,0.9022346368715084,0.0,0.0,0.375,0.0,0.0,0.3522727272727272,0.0,0.0,0.0,0.0,1.0,1.0,0.5,0.0,0.0,0.0,0.0,0.0,0.6000000000000001,0.0,0.0,0.0,0.4516295913088464,0.0,0.0,0.0,0.0,0.0,0.5,0.0,0.7171052631578947,0.05555555555555547,0.0,0.0,0.75,0.0,0.0,0.3390105433901054,0.2857142857142857,0.0,0.33333333333333337,0.4,0.0,0.0,0.16312056737588654,0.3125,0.0,0.0,0.33333333333333337,0.0,0.5,0.5,0.0,0.40909090909090917,0.4,0.0,0.17647058823529416,0.6849415204678363,0.8148148148148149,0.5714285714285714,0.8,0.0,0.8571428571428572,0.007874015748031482,1.0,0.34253071782711797,0.0,0.11494252873563238,0.0,0.0,0.0,0.918918918918919,0.0,0.6923076923076923,0.6188957055214723,0.8477564102564102,0.0,0.5714285714285714,0.75,0.7384615384615385,0.0,0.8750283446712018,0.8625040910578566,0.0,1.0,0.1428571428571428,0.23809523809523803,1.0,0.0,0.0025818998759346012,0.0,0.0,0.0,0.9523809523809523,0.9,0.0,qsampled
0.0,0.0,0.0,0.0,0.0,0.0,0.0,0.0,0.0,0.0,0.8339135799748805,0.0,0.0,0.0,0.0,0.0,0.0,0.8958333333333334,0.22222222222222232,0.0,0.2957850414550506,0.0,0.40731707317073185,0.0,0.3880584890333063,0.16717791411042937,0.96,0.5909090909090908,0.6000000000000001,0.0,0.0,0.0,0.85,0.09166976571216068,0.0,0.0,0.0,0.0,0.4285714285714285,0.0,0.0,1.0,0.052631578947368474,0.0,0.27775943655771973,0.0,0.4123861566484518,0.0,0.24355971896955508,0.8797250859106529,0.934643995749203,0.7671232876712328,0.0,0.0,0.4684922732004163,0.0,0.9285714285714286,0.3309107688758146,0.736801991768711,0.0,0.4025837988826817,0.866497139224412,0.5714285714285714,0.381782945736434,0.0,0.5555555555555556,0.08655757761125538,0.0,0.4,0.0,0.0,0.0,0.0,0.75,1.0,0.44913830348999084,0.5707865168539326,0.0,0.0,0.0,1.0,0.0,0.09090909090909094,0.0,0.0,0.0,0.0,0.0,0.0,0.0,0.0,0.0,0.75,0.8282208588957055,0.0,0.0,0.0,0.07692307692307687,0.0,0.0,0.926829268292683,0.02582311168495821,0.0,0.5,0.0,0.0,0.0,0.2791939373062349,0.7272727272727273,0.9726663228468283,0.2500000000000001,0.0,0.0,0.0,0.0,1.0,0.23392966464866327,0.0,0.11111111111111105,0.0,0.0,0.36363636363636365,0.0,0.6632149115819659,0.5313942751615882,0.0625,0.4274376417233561,0.323943661971831,0.0,0.4,0.0,0.39500601684717207,0.8987873134328358,0.9539918809201624,0.5,0.33333333333333326,0.0,0.3125,0.0,1.0,0.7454033771106942,0.8506204071798579,0.0,0.0,0.98,0.0,0.46666666666666656,0.9,0.75,0.0,0.0,0.8679245283018868,0.0,0.0,0.0,0.0,0.0,0.8210541893791776,0.6427246496290189,0.05611020818822099,0.0,0.0,0.0,0.9363360762234734,0.0,0.5,0.0,0.0,0.0,0.0,0.0,0.0,0.0,0.0,0.0,0.0,0.785428105060098,0.0,0.5,0.0,0.0,0.5,0.21120186697782972,0.3846153846153846,1.0,0.0,0.0,0.0,0.0,0.0,0.8025531914893618,0.0,0.517857142857143,0.6666666666666667,1.0,0.0,0.0,0.0,0.6506849315068493,0.06666666666666665,0.19999999999999996,0.0,0.0,0.5,0.5,0.0,0.6666666666666667,0.7428571428571429,0.4,0.1333333333333332,0.0,0.0,1.0,0.7,0.2564102564102564,1.0,1.0,0.04761904761904756,0.0,0.0,0.07147220525351261,0.0,0.5,0.0,0.0,0.0,0.6666666666666666,0.8351449275362318,0.6774193548387097,0.5,0.0,0.4375,1.0,0.0,0.0,0.6062402269173425,0.0,0.0,0.0,0.23809523809523803,0.8259201534588179,0.0,0.06082614616432114,0.0,0.0,0.0,0.8095238095238095,0.0,0.0,qsampled
0.0,0.0,0.8974358974358975,0.0,0.0,0.5,3.3306690738754696e-16,0.0,0.0,0.0,0.0,0.0,0.0,0.0,0.0,1.0,0.0,0.5769230769230769,0.0,0.8837209302325582,0.18881062910196889,0.0,0.3597977589505329,0.0,0.0,0.0,0.0,0.31818181818181823,0.4,1.0,0.5531149301825993,0.2727272727272728,0.19999999999999996,0.5794270833333334,0.7796610169491526,0.0,0.0625,0.0,0.25,0.0,0.0,0.0,0.0,0.2886221294363256,0.6770502225047679,0.0,0.0,0.5555555555555556,0.9203980099502488,0.938207136640557,0.0,0.3440599515098083,0.7585102122547056,0.0,0.0,0.0,0.9285714285714286,0.07113095238095246,0.5822153357771817,0.0,0.37338262476894624,0.22833211944646747,0.4130434782608695,0.0,0.375,0.2592592592592592,0.0,0.0,1.0,0.8071058249466301,0.6416184971098267,0.7000000000000001,0.0,0.0,1.0,0.0,0.8461695607763023,0.9473684210526315,0.0,0.7977977977977978,0.0,0.0,0.09090909090909094,0.0,0.0,0.8666666666666667,0.0,0.0,0.0,0.0,0.0,0.0,0.75,0.0,0.0,0.0,0.0,0.0935828877005348,0.8719211822660099,0.0,0.641025641025641,0.040777917189460444,0.3999999999999999,0.0,0.0,0.0,1.0,0.0,0.0,0.17888365837256237,0.2500000000000001,0.5,0.0,0.816358024691358,0.0,0.6666666666666666,0.24758907725104062,0.8571428571428571,0.0,0.13568670711527853,0.0,0.0,0.0,0.5807932661650299,0.3571428571428571,0.0,0.0,0.0,0.0,0.09999999999999998,0.5,0.9172683513838749,1.0,0.3076923076923076,0.0,0.4444444444444444,0.0,0.0,0.0,1.0,0.6219135802469136,0.8810790743719836,0.0,1.0,0.82,0.8084866691701089,0.0,0.8,0.25,0.28298908162783,0.0,0.9736614853195165,0.8219743907476249,0.7320261437908497,0.0,0.0,0.0,0.5403669266146771,0.0,0.33182295770948245,0.9375,0.0,0.7341772151898733,0.0,0.0,0.08333333333333337,0.0,0.0,0.8823529411764706,0.0,0.0,0.6000000000000001,0.0,0.0,0.0,0.0,0.0,0.0,0.5,0.0,0.0,1.0,1.0,0.5641025641025641,0.0,1.0,0.537375415282392,0.0,0.0,0.0,0.0,0.2857142857142857,0.0,0.33333333333333337,0.6,0.0,0.3030973451327432,0.43673469387755093,0.011080332409972193,0.06666666666666665,0.0,0.33333333333333337,0.0,0.5,0.0,0.0,0.13636363636363635,0.0,0.4,0.8235294117647058,0.6370439663236669,0.0,0.5714285714285714,1.0,0.5128205128205128,0.6666666666666667,1.0,0.9,0.0,0.0,0.3928571428571429,0.0,0.5,0.0,0.0,0.16586345381526102,0.26923076923076916,0.18829578844270312,0.0,0.0,0.5714285714285714,0.0,0.9375,0.0,0.009158742558521782,0.0,0.6032757051865332,1.0,0.0,0.0,0.46193501978180085,0.0,0.07487246173852169,1.0,0.0,0.7777777777777778,0.0,0.0,0.3571428571428571,qsampled
0.8451672010994045,0.0,0.0,0.0,0.0,0.0,0.0,0.0,0.0,0.0,0.0,0.0,0.9053337423850638,0.0,0.48088488621596315,0.19999999999999996,0.2692307692307693,0.3846153846153846,0.052631578947368474,0.43211578221915936,0.6950692423039605,0.0,0.3597977589505329,0.0,0.3882821064598644,0.27295597484276723,0.4067796610169492,0.5909090909090908,0.4,1.0,0.0,0.7547169811320755,0.0,0.0,0.0,0.0,0.0,0.2222222222222222,0.0,0.0,0.8823529411764706,0.8796992481203008,0.052631578947368474,1.0,0.3004291845493561,0.791869918699187,0.009763424708974844,0.33333333333333337,0.25373134328358193,0.0,0.9230769230769231,0.3440599515098083,0.004710632570659734,0.5,0.09072230124861713,0.6428571428571428,0.0,0.44091641834790674,0.0,0.45650228844764107,0.37338262476894624,0.0,0.5520565552699229,0.44999999999999996,1.0,0.0,0.0,0.0,1.0,0.3557643214541001,0.0,0.09999999999999998,0.0,0.0,0.0,0.0,0.4772902232486529,0.0,0.0,0.0,0.0,0.0,0.09090909090909094,0.8656716417910448,0.0,0.0,0.0,0.0,0.0,0.0,0.0,0.0,1.0,0.0,0.0,0.8992438563327032,0.0,0.45285398927783027,0.7945205479452054,0.16955017301038067,0.6666666666666666,0.6758409785932722,0.3999999999999999,0.33333333333333326,0.0,0.0,1.0,0.2801449025357944,0.7272727272727273,0.0,0.2500000000000001,1.0,0.0,0.6587837837837838,0.5650406504065042,1.0,0.0,0.0,0.11111111111111105,0.0,0.0,0.0,0.0,0.8297223308564724,0.3571428571428571,0.0625,0.9944444444444445,0.25352112676056326,1.0,0.0,0.5833333333333333,0.84256,0.0,0.0,0.0,0.33333333333333326,0.25,1.0,0.7777777777777778,0.0,0.6219135802469136,0.0,0.6866569449507838,1.0,0.8620689655172413,0.8084866691701089,0.46666666666666656,0.09999999999999987,0.0,0.37038689172289085,0.0,0.9858305697919807,0.8563535911602209,0.0,0.0,0.0,0.0,0.5717856428714256,0.0,0.0,0.0,0.0,0.0,0.0,0.0,0.08333333333333337,0.6842105263157895,0.0,0.0,0.0,0.0,0.0,0.0,0.0,0.0,0.0,0.0,0.0,0.0,0.0,0.888888888888889,1.0,0.5606694560669456,0.641025641025641,0.05555555555555547,0.6,0.0,0.0,0.0,0.0,0.814749000444247,0.0,0.3403543965229019,0.6666666666666667,0.4,0.0,0.10477719791248497,0.3313253012048192,0.0,0.0,0.19999999999999996,0.0,0.0,0.5,0.0,0.0,0.0,0.4285714285714285,0.4,1.0,0.8549382716049383,0.7407407407407407,0.4285714285714286,0.19999999999999996,0.0,0.8571428571428572,1.0,0.9,0.0,1.0,0.3549175320708613,0.4,0.0,0.0,0.2060185185185185,0.0,0.26923076923076916,0.0,0.0,0.5,0.5714285714285714,0.0,0.09230769230769231,0.0,0.8345875866179867,0.3351718285956725,0.9094766619519095,0.0,0.0,0.0,0.6360148663229829,0.6666666666666666,0.0,0.0,0.0,0.0,0.0,0.0,0.3571428571428571,qsampled
0.0,0.0,0.0,0.5416666666666667,0.0,0.0,0.0,0.0,0.0,0.875,0.0,0.0,0.0,0.0,0.4317722767626472,0.0,0.0,0.0,0.0,0.0,0.0,0.7692307692307692,0.3777621062529384,0.0,0.6015367068851671,0.0,0.4067796610169492,0.0,0.0,0.0,0.12289275712481473,0.9090909090909091,0.35,0.40364583333333337,0.0,0.0,0.78125,0.2222222222222222,0.0,0.0,1.0,0.0,0.4736842105263158,0.2931034482758621,0.0,0.529109589041096,0.2084115659031167,0.2222222222222222,0.3897624623619941,0.8333333333333333,0.9317269076305221,0.27428571428571424,0.2732253843637552,0.5,0.3036766018204534,0.0,0.4285714285714285,0.6186683006535947,0.0,0.5213015205125753,0.0,0.9089100154764537,0.5861182519280206,0.0,1.0,0.2592592592592592,0.7093247588424436,0.0,0.0,0.9755308676698073,0.0,0.0,0.0,0.18518518518518512,0.0,0.44913830348999084,0.0,0.7368421052631579,0.0,0.0,0.0,0.0,0.09090909090909094,0.0,0.0,0.0,0.6156472684085511,0.0,0.0,0.0,0.0,0.0,0.5476190476190477,0.0,0.0,0.0,0.0,0.45285398927783027,0.0,0.0,0.0,0.04831804281345553,0.0,0.0,0.8148148148148148,0.0,1.0,0.7175986129172085,0.0,0.0,0.0,1.0,0.0,0.0,0.5650406504065042,0.0,0.0,0.0,0.11111111111111105,0.8095238095238095,0.0,0.0,0.0,0.8861646234676007,0.0,0.6875,0.0,0.323943661971831,0.0,0.4,0.5416666666666667,0.84256,0.0,0.10050251256281417,0.0,0.8571428571428571,0.25,1.0,0.0,0.33333333333333326,0.45812225599459644,0.0,0.8974744222651498,0.75,0.86,0.4935536362498435,0.0,0.9,0.25,0.5379211854528143,0.0,0.0,0.9281767955801105,0.0,1.0,0.0,0.0,0.2713635597505477,0.6666666666666666,0.23056852513045867,0.6875,0.0,0.0,0.0,0.0,0.08333333333333337,0.0,0.0,0.0,0.5384615384615385,0.0,0.0,0.0,0.0,0.0,0.4516295913088464,0.0,0.0,0.0,0.0,1.0,0.5,0.0,0.7171052631578947,0.0,0.09090909090909083,0.0,0.6666666666666667,0.0,0.0,0.17518248175182471,0.2857142857142857,0.3403543965229019,0.0,0.0,0.0,0.20960698689956347,0.16312056737588654,0.5625,0.0,0.0,0.0,0.6666666666666667,0.5,0.0,0.0,0.6363636363636364,0.0,0.0,0.8235294117647058,0.0,0.0,0.5714285714285714,0.0,0.0,0.8571428571428572,1.0,0.5,0.11019397441188616,1.0,0.12585812356979387,0.0,1.0,0.9666758091058695,0.22972972972972971,0.07269076305220878,0.0,0.8,1.0,0.0,0.0,0.26315789473684204,0.9375,0.0,0.8750283446712018,0.866935183113299,0.0,1.0,0.0,0.23809523809523803,0.0,0.36363636363636365,0.0,1.0,0.0,0.0,0.0,0.0,0.3571428571428571,qsampled
0.0,0.0,0.0,0.0,0.0,0.5,0.0,0.0,0.0,0.875,0.0,0.0,0.8355784469096672,0.0,0.8482311231802067,0.09999999999999998,0.0,0.47916666666666663,0.22222222222222232,0.0,0.0,0.0,0.01439024390243926,0.0,0.39579599152680467,0.12730061349693256,1.0,0.31818181818181823,0.0,0.0,0.0,0.9090909090909091,0.4,0.09166976571216068,0.44067796610169496,0.6363636363636364,0.0,0.2222222222222222,0.9615384615384616,0.0,0.7647058823529412,0.9409090909090909,0.5789473684210527,0.0,0.27775943655771973,0.3290322580645161,0.7049180327868853,0.2222222222222222,0.8907103825136612,0.1872852233676976,0.924074074074074,0.4461839530332681,0.0,0.0,0.9394667307230363,0.6428571428571428,0.0,0.17220229140145815,0.7334485036329454,0.0,0.0,0.0,0.5714285714285714,0.39743589743589736,1.0,0.2592592592592592,0.04498224385111127,0.0,1.0,0.0,0.8901734104046243,0.0,0.206896551724138,0.0,1.0,0.9677403869233354,0.5707865168539326,0.0,0.0,1.0,0.0,0.0,0.0,0.0,0.0,0.0,0.0,0.0,0.0,0.0,0.0,0.0,0.0,0.0,0.0,0.8816881137825939,0.0,0.9615384615384616,0.8544891640866873,0.0,0.5609756097560976,0.04662840746054531,0.0,0.0,0.0,0.875,0.0,0.31263048016701445,0.5111111111111111,1.0,0.2500000000000001,1.0,0.0,0.0,0.704225352112676,0.5,0.23392966464866327,0.2857142857142856,0.7777777777777778,0.0,0.0,1.0,0.0,0.0,0.3571428571428571,0.8125,0.3765743073047859,0.323943661971831,0.20000000000000007,0.8,0.5416666666666667,0.6868231046931408,0.1949626865671643,0.0,0.0,0.33333333333333326,0.0,0.9375,0.7777777777777778,0.0,0.5689915458937198,0.7060595109023009,0.0,0.6666666666666667,0.12,0.2727272727272727,0.46666666666666656,0.09999999999999987,0.25,0.0,0.0,0.9811320754716981,0.0,0.954248366013072,0.0,0.375,0.0,0.8210541893791776,0.9862943116240726,0.05611020818822099,0.0,0.0,0.9873417721518988,0.0,0.0,0.0,0.0,0.0,0.0,0.0,0.0,0.6000000000000001,0.0,0.0,0.0,1.0,0.0,0.0,0.0,0.0,1.0,0.0,0.21120186697782972,0.0,1.0,0.0,0.7574750830564785,0.0,0.20512820512820518,0.0,0.8025531914893618,0.0,0.5895061728395061,0.33333333333333337,0.0,0.0,0.0,0.4444444444444444,0.5055401662049861,0.06666666666666665,0.0,0.33333333333333337,1.0,0.5,0.75,0.0,0.40909090909090917,0.4285714285714285,0.0,0.1333333333333332,0.0,0.37037037037037046,1.0,0.0,0.9743589743589743,0.0,1.0,0.5,0.0,0.0,0.8546120952962737,0.4,0.0,0.23586299529885835,0.918918918918919,0.0,0.0,0.0,0.6774193548387097,0.5,0.5714285714285714,0.625,1.0,0.0,0.4362386582348089,0.8853415358506577,0.9230769230769231,0.0,0.1428571428571428,0.0,0.8253968253968254,1.0,0.0,0.0,0.0,1.0,0.0,0.0,0.2857142857142857,qsampled
0.0,0.5757111773712628,0.0,0.0,0.0,0.0,0.0,0.0,0.0,0.0,0.0,0.0,0.0,0.0,0.42135476463834665,0.734375,0.3846153846153846,0.1794871794871794,0.8421052631578947,0.8571428571428572,0.0,0.33333333333333326,0.030472806777807948,0.0,0.5507717303005687,0.16717791411042937,0.8305084745762712,0.31818181818181823,0.4,0.0,0.12289275712481473,0.7547169811320755,0.0,0.09374999999999989,0.0,0.0,0.0625,1.0,0.4285714285714285,0.6428571428571428,0.0,0.0,0.4736842105263158,0.5480167014613779,0.9290289520881373,0.0,0.8711978971085242,0.33333333333333337,0.0,0.1872852233676976,0.5301204819277108,0.09714285714285709,0.6213767373211431,0.0,0.2962052962052961,0.0,0.4285714285714285,0.0,0.0,0.0,0.0,0.0,0.0,0.3402777777777778,0.0,0.7777777777777778,0.08655757761125538,0.0,1.0,0.8062391504135608,0.0,0.0,0.206896551724138,0.75,0.4375,0.44913830348999084,0.5707865168539326,0.0,0.0,0.0,0.0,0.0,0.0,0.0,0.7916666666666666,0.0,0.0,0.0,0.0,0.0,0.0,0.0,0.75,0.0,0.0,0.0,0.0,0.45285398927783027,0.4088669950738918,0.03650586701434144,0.28205128205128205,1.0,0.3999999999999999,0.5,0.14814814814814825,0.0,0.0,0.7039269720978298,0.7272727272727273,0.9354404841963685,0.2500000000000001,0.5,0.0,0.0,0.5650406504065042,1.0,0.6539437620546137,0.0,0.0,0.12137780207763815,0.8636363636363636,0.36363636363636365,0.75,0.0,0.0,0.6875,0.19841269841269848,0.25352112676056326,0.0,0.9,0.5833333333333333,0.0,0.20603576751117725,0.9623115577889447,0.5,1.0,0.0,0.3292682926829268,0.0,0.33333333333333326,0.0,0.0,0.0,0.75,0.12,0.0,0.33333333333333326,0.9,0.875,0.0,0.0,0.8166969147005445,0.9281767955801105,0.0,1.0,0.375,0.0,0.0,0.6682608695652175,0.0,0.0,0.0,0.0,0.0,0.0,0.0,0.0,1.0,0.0,0.0,0.0,0.0,0.0,0.0,0.0,0.0,0.0,0.0,0.5,0.0,1.0,0.0,1.0,0.3846153846153846,0.5,1.0,0.0,0.75,0.20512820512820518,0.0,0.18765957446808512,0.0,0.7655502392344498,0.33333333333333337,0.6,0.0,0.14052953156822834,0.16312056737588654,0.0,0.09999999999999998,0.19999999999999996,0.33333333333333337,0.0,0.75,0.5,0.0,0.8,0.0,0.0,1.0,0.8887056883759274,0.0,0.0,0.19999999999999996,0.46153846153846156,0.9523809523809523,1.0,0.04761904761904756,0.3619479983491539,0.0,0.11494252873563238,0.0,1.0,0.6315139879319802,0.22972972972972971,0.16586345381526102,0.0,0.0,0.35096153846153844,0.5,0.0,0.7368421052631579,1.0,0.0,0.5814058956916099,0.7080257463907779,0.0,1.0,0.1428571428571428,0.23809523809523803,0.0,0.6666666666666666,0.06082614616432114,0.0,0.0,0.0,0.0,0.0,0.2857142857142857,qsampled
0.0,0.0,0.0,0.5416666666666667,0.0,0.0,0.0,0.8973902728351126,0.0,0.0,0.0,0.6516803917204541,0.8399080811949444,0.0,0.0,0.0,0.7307692307692308,0.0,0.052631578947368474,1.0,0.0,0.33333333333333326,0.030472806777807948,0.0,0.0,0.0,0.5593220338983051,0.8636363636363636,0.0,0.5,0.238445968739458,0.7735849056603774,0.0,0.0,0.45197740112994356,0.6363636363636364,0.0625,0.2222222222222222,0.7142857142857142,0.0,0.17647058823529416,0.0,0.0,0.2886221294363256,0.9295613477431659,0.0,0.2084115659031167,0.2222222222222222,0.0,0.0,0.10224948875255624,0.3440599515098083,0.0,0.5,0.3179128563743948,0.0,0.9285714285714286,0.2674291938997819,0.0,0.0,0.0,0.928450007726781,0.0,0.6136363636363636,0.1250000000000001,0.5555555555555556,0.0,0.0,1.0,0.8062391504135608,0.0,0.7000000000000001,0.0,0.0,0.4375,0.44913830348999084,0.8461695607763023,0.7368421052631579,0.0,0.0,0.0,0.0,0.0,0.0,0.0,0.0,0.6156472684085511,0.0,0.0,0.0,0.8753431407052861,0.0,0.75,0.0,0.7391304347826086,0.8705132987117321,0.0,0.0,0.0,0.7923875432525952,0.0,0.6758409785932722,0.3999999999999999,0.3076923076923076,0.14814814814814825,0.0,1.0,0.0,0.0,0.8517538054268696,0.75,1.0,1.0,0.4810350939383198,0.41889276035617506,1.0,0.8533143843264643,0.2857142857142856,0.7777777777777778,0.12137780207763815,0.0,0.8636363636363636,0.0,0.35799005228924885,0.34065934065934067,0.0,0.0,0.25352112676056326,0.0,0.4,0.5416666666666667,0.0,0.0,0.9375,0.0,0.0,0.25,1.0,0.0,1.0,0.7468297101449275,0.0,0.0,0.6964285714285714,0.86,0.0,0.33333333333333326,0.0,0.75,0.28298908162783,0.0,1.0,0.9803921568627451,0.0,1.0,0.0,0.0,0.0,0.6682608695652175,0.33182295770948245,0.6875,0.0,0.0,0.0,0.0,0.0,0.0,0.0,0.0,0.5384615384615385,0.0,0.0,0.0,1.0,0.0,0.0,0.0,0.75,0.0,0.0,0.0,0.5,1.0,0.0,0.05555555555555547,1.0,0.7096491228070175,0.75,0.20512820512820518,0.0,0.0,0.2857142857142857,0.17352056168505514,0.8888888888888888,0.0,0.0,0.0,0.43673469387755093,0.0,0.033333333333333326,0.0,0.33333333333333337,0.0,0.5,0.75,0.0,0.09090909090909094,0.0,0.4,0.8235294117647058,0.9335827876520112,0.0,0.5714285714285714,0.0,0.46153846153846156,0.8571428571428572,0.4186046511627908,0.9,0.07723577235772361,1.0,0.6793924466338259,0.0,0.5,0.0,0.74,0.16586345381526102,0.0,0.8102350636630754,0.35096153846153844,0.5,0.4285714285714286,0.4736842105263157,0.9375,0.0,0.701305705364746,0.0,0.7825295723384895,1.0,0.0,0.0,0.0,0.6666666666666666,0.07487246173852169,1.0,0.0,0.0,0.0,0.0,0.2857142857142857,qsampled
0.0,0.0,0.0,0.896551724137931,0.0,0.0,0.0,0.9187682665943535,0.0,0.0,0.0,0.0,0.0,0.0,0.0,0.0,0.0,0.0,0.22222222222222232,0.43211578221915936,0.7038707439163404,0.0,0.6259541984732824,0.0,0.5995898178308602,0.0,0.96,0.0,0.6000000000000001,0.0,0.0,0.0,0.0,0.0,0.0,0.0,0.0625,0.0,0.0,0.0,0.17647058823529416,0.9409090909090909,0.052631578947368474,0.9761273209549072,0.27654320987654313,1.0,0.24225865209471764,0.0,0.41050518568082983,0.0,0.934643995749203,0.1585127201565557,0.9073426573426573,0.0,0.07654736167827703,0.6428571428571428,0.4285714285714285,0.6181231332498314,0.0,0.671100175505007,0.4148974451241453,0.0,0.9601542416452442,0.0,0.0,0.7407407407407407,0.0,0.8415841584158416,0.0,0.0,0.9751552795031055,0.0,0.206896551724138,0.0,0.32797427652733113,0.9070811249582199,1.0,0.9473684210526315,0.0,0.0,0.0,0.0,0.09090909090909094,0.0,0.0,0.0,0.9136442141623489,0.0,0.0,0.0,0.8784953092267055,0.0,0.75,0.0,0.0,0.0,0.0,0.11550151975683876,0.0,0.0,0.0,0.02786779001944273,0.3999999999999999,0.84375,0.0,0.0,0.0,0.740656851642129,0.0,0.9726663228468283,0.0,0.0,0.0,0.0,0.0,1.0,0.0,0.0,0.11111111111111105,0.14238952536824878,0.0,0.0,0.0,0.3479859210011733,0.9067405355493998,0.0625,0.9772727272727273,0.323943661971831,1.0,0.09999999999999998,0.0,0.53376,0.0,0.9665775401069518,0.23076923076923073,0.0,0.0,0.5015576323987538,0.7777777777777778,0.33333333333333326,0.48294082125603865,0.0,0.9044674736567099,0.0,0.8620689655172413,1.0,0.0,0.09999999999999987,0.75,0.0,1.0,0.0,0.0,0.954248366013072,0.0,0.375,0.0,0.0,0.9287838029166077,0.3380268199233717,1.0,0.0,0.0,0.0,0.0,0.5,0.0,0.0,0.0,0.5384615384615385,0.0,0.0,0.0,1.0,0.0,0.0,0.0,0.0,0.5,0.0,0.0,0.5,0.21120186697782972,0.5641025641025641,1.0,0.6,0.6025641025641025,0.0,0.0,0.0,0.17518248175182471,0.2857142857142857,0.10493827160493818,0.0,1.0,0.0,0.0,0.0,0.0,0.0,0.0,0.0,0.0,0.5,0.0,0.0,0.09090909090909094,0.4285714285714285,0.4,0.1333333333333332,0.0,0.7407407407407407,1.0,0.7,0.2564102564102564,0.5,1.0,0.0,0.6666666666666666,0.0,0.3549175320708613,0.4,1.0,0.9559435862995299,0.22972972972972971,0.13703048590157096,0.6923076923076923,0.0,0.8477564102564102,0.0,0.5714285714285714,0.75,0.0,0.92,0.6990136350449667,0.6062402269173425,0.9517819706498952,0.0,0.1428571428571428,0.0,0.6426553672316384,1.0,0.2014520163504362,0.6666666666666667,0.0,0.0,0.0,0.0,0.0,qsampled
0.0,0.882051282051282,0.0,0.0,0.0,0.0,0.0,0.0,0.0,0.0,0.0,0.0,0.0,0.0,0.4916455696202532,0.0,0.3846153846153846,0.0,0.052631578947368474,0.43211578221915936,0.2693739900231854,0.33333333333333326,0.3777621062529384,0.0,0.24535092981403728,0.0,0.4067796610169492,0.0,0.4,0.0,0.0,0.9090909090909091,0.35,0.8989400584795322,0.44067796610169496,0.6363636363636364,0.0,0.25,0.4285714285714285,0.0,0.4117647058823529,0.0,0.052631578947368474,0.44885177453027136,0.6324279835390947,1.0,0.5080736012016522,0.0,0.0,0.18728522336769748,0.9202975557917109,0.0,0.0,0.0,0.9402560455192034,0.0,0.4285714285714285,0.0,0.0,0.0,0.7635840230298668,0.334106011435636,0.9368530020703933,0.0,1.0,0.2592592592592592,1.0,0.0,0.0,0.8344349130455163,0.0,1.0,0.0,0.75,1.0,0.44913830348999084,0.8569099800760731,0.0,0.0,0.8038461538461539,0.0,0.0,0.0,0.0,0.7916666666666666,0.0,0.0,0.0,0.0,0.0,0.0,0.0,1.0,0.0,0.0,0.0,0.0,0.8368983957219251,0.0,0.2142857142857142,0.0,0.6649451258876695,0.3999999999999999,0.0,0.14814814814814825,0.0,1.0,0.2246140465318548,0.0,0.2998137802607076,0.0,1.0,0.0,0.11237149946827374,0.5650406504065042,0.0,0.920386499727817,0.2857142857142856,0.7777777777777778,0.0,0.36363636363636365,0.36363636363636365,0.0,0.3523058960887332,0.0,0.0625,0.7528344671201814,0.8309859154929577,0.9333333333333333,0.8,0.0,0.0,0.20603576751117725,0.0,0.23076923076923073,0.33333333333333326,0.0,0.9376947040498442,0.0,0.33333333333333326,0.0,0.0,0.0,1.0,0.82,1.0,0.0,0.0,0.25,0.9871226037973061,0.0,0.0,0.8563535911602209,0.0,0.0,0.0,0.0,0.8457615195216321,0.6695979899497488,0.40056277414549357,0.0,0.0,0.7341772151898733,0.0,0.0,0.0,0.0,0.9470404984423676,0.0,0.0,0.0,0.0,0.0,0.0,0.0,0.0,0.0,0.0,1.0,0.0,0.8970588235294118,0.0,0.3916317991631799,0.0,0.05555555555555547,0.6,0.0,0.75,0.0,0.0,0.6860670194003528,0.2857142857142857,0.3403543965229019,0.0,0.4,0.0,0.09862570735650766,0.6914893617021276,0.2142857142857143,0.033333333333333326,0.6,0.33333333333333337,0.0,0.0,0.5,0.0,0.09090909090909094,0.0,0.4,0.5333333333333333,0.2185672514619884,0.7407407407407407,0.7142857142857143,0.7,0.46153846153846156,0.9523809523809523,1.0,0.0,0.07723577235772361,0.0,0.8546120952962737,0.0,1.0,0.674916706330319,0.2060185185185185,0.055457288523566683,0.3846153846153846,0.19244823386114496,0.8335766423357664,0.0,0.4285714285714286,0.0,0.9375,0.0,0.831240314220061,0.0,0.0,0.0,0.0,0.23809523809523803,0.46193501978180085,0.6666666666666666,0.2014520163504362,0.0,0.0,0.7777777777777778,0.0,0.0,0.2857142857142857,qsampled
0.0,0.0,0.0,0.5416666666666667,0.0,0.0,0.0,0.0,0.6869924615071165,0.0,0.0,0.0,0.0,0.0,0.2733281868184889,0.0,0.2692307692307693,0.0,0.5789473684210527,0.6512749827705031,0.6716042851474673,0.7692307692307692,0.3777621062529384,0.0,0.24615925882490897,0.16717791411042937,0.5593220338983051,0.31818181818181823,0.4,0.0,0.0,0.2727272727272728,0.35,0.09166976571216068,0.0,0.0,0.0,0.2222222222222222,0.4285714285714285,0.6428571428571428,0.2941176470588236,0.8796992481203008,0.052631578947368474,0.0,0.3361599371033863,0.6703296703296703,0.0,0.33333333333333337,0.48067915690866514,0.18728522336769748,0.934643995749203,0.0,0.6227241111247495,0.5,0.8096114049206714,0.6428571428571428,0.0,0.627617234815712,0.4309740358721609,0.0,0.4025837988826817,0.0,0.5714285714285714,0.0,1.0,0.0,0.0,0.0,0.0,0.8344349130455163,0.9440993788819876,0.0,0.206896551724138,0.0,1.0,0.44913830348999084,0.29143271146531413,0.0,0.0,0.0,0.5,0.0,0.09090909090909094,0.0,0.0,0.0,0.6000000000000001,0.0,0.0,0.0,0.0,0.6206896551724137,1.0,0.0,0.0,0.0,0.0,0.0,0.0,0.34419817470664926,0.0,0.0,0.7333333333333334,0.84375,0.8148148148148148,0.0,0.0,0.2234805587013966,0.7272727272727273,0.8493611297915266,0.2500000000000001,1.0,0.0,0.11237149946827374,0.5070422535211268,0.0,0.23392966464866327,0.0,0.11111111111111105,0.0,0.0,0.36363636363636365,0.75,0.8265891349370719,0.904963537991061,0.0625,0.4274376417233561,0.323943661971831,0.0,0.09999999999999998,0.5833333333333333,0.0,0.1949626865671643,0.9539918809201624,0.23076923076923073,0.4444444444444444,0.25,0.3125,0.7777777777777778,0.0,0.48294082125603865,0.647271413082761,0.0,0.0,0.12,0.0,0.0,0.9,0.0,0.0,0.0,0.0,0.7777777777777778,0.9673202614379085,0.0,0.375,0.0,0.9919099542736546,0.6695979899497488,0.38756931225688984,0.0,0.0,0.0,0.9363360762234734,0.0,0.08333333333333337,0.0,0.0,0.0,0.5384615384615385,0.0,0.0,0.0,0.0,0.75,0.0,0.0,0.0,1.0,0.0,0.4779411764705883,0.0,0.5606694560669456,0.0,1.0,0.29999999999999993,0.6134751773049645,0.6666666666666667,0.0,0.0,0.6860670194003528,0.0,0.17352056168505514,0.33333333333333337,0.4,0.0,0.01628853984874934,0.0,0.2142857142857143,0.06666666666666665,0.0,0.0,0.0,0.5,0.5,0.0,0.0,0.4285714285714285,0.4,0.1333333333333332,0.0,0.0,0.5714285714285714,0.19999999999999996,0.46153846153846156,0.9523809523809523,1.0,0.0,0.3619479983491539,1.0,0.07147220525351261,0.4,0.0,0.9693479295573536,0.04166666666666652,0.0,0.6923076923076923,0.0,0.6774193548387097,0.0,0.0,0.0,1.0,0.0,0.7454182837429927,0.0,0.3826771653543307,0.0,0.1428571428571428,0.0,0.8259201534588179,0.6666666666666666,0.6003294490879141,0.0,0.0,0.0,0.8095238095238095,0.0,0.3571428571428571,qsampled
0.0,0.0,0.0,0.0,0.0,0.0,0.0,0.0,0.0,0.0,0.0,0.0,0.0,0.0,0.32968975174701576,0.19999999999999996,0.0,0.0,0.052631578947368474,0.9814814814814815,0.0,0.0,0.030472806777807948,0.0,0.38855519480519485,0.0,0.0,0.0,0.0,0.0,0.11815252416756161,0.2727272727272728,0.0,0.8989400584795322,0.9491525423728814,0.0,0.0,0.0,0.4285714285714285,0.0,0.17647058823529416,0.9022556390977443,0.5789473684210527,0.9528688524590164,0.27654320987654313,0.0,0.009763424708974844,0.0,0.3897624623619941,0.8797250859106529,0.0,0.032620674454485354,0.0,0.0,0.0,0.0,0.0,0.6176399555619958,0.4042457900394124,0.5923466051825597,0.0,0.6178334106011436,0.9601542416452442,0.0,0.1250000000000001,0.5555555555555556,0.8194791295041027,0.0,1.0,0.3320883041587691,0.0,1.0,0.0,0.75,0.0,0.9070811249582199,0.8257634077495509,0.0,0.0,0.0,0.0,0.0,0.0,0.0,0.0,0.0,0.0,0.0,0.0,0.0,0.0,0.0,1.0,0.0,0.0,0.0,0.0,0.15736360769473345,0.8878540939076446,0.0,0.0,0.6098509397278029,1.0,0.3076923076923076,0.0,0.875,0.0,0.2801449025357944,0.0,0.0,0.0,1.0,0.0,0.0,0.41889276035617506,1.0,0.9063819615966855,1.0,0.0,0.0,0.0,0.36363636363636365,0.0,0.3479859210011733,0.7857142857142857,0.8125,1.0,0.323943661971831,0.7142857142857143,0.0,0.0,0.8461538461538461,0.7894932935916542,0.019002375296912066,0.23076923076923073,0.2777777777777777,0.0,0.0,0.0,0.0,0.48294082125603865,0.675679788961039,0.3516502656100323,0.6237113402061856,0.5517241379310345,1.0,0.0,0.0,0.75,0.854220600769482,0.0,0.8950859210129636,0.02164804469273729,0.0,0.0,0.0,0.0,0.5717856428714256,0.9293831168831169,0.38198198198198186,0.0,0.0,0.0,0.0,0.0,0.0,0.0,0.0,0.0,0.0,0.0,0.0,0.0,0.0,0.0,0.0,0.0,0.0,1.0,0.0,0.4779411764705883,1.0,0.0,0.0,0.05555555555555547,0.9,0.7096491228070175,0.0,0.20512820512820518,0.0,0.814749000444247,0.2857142857142857,0.0,0.0,0.0,0.0,0.0,0.4518072289156626,0.0,0.033333333333333326,0.0,0.33333333333333337,1.0,0.5,0.5,0.0,0.09090909090909094,0.4,0.0,0.1333333333333332,0.0,0.0,0.4285714285714286,0.7,0.0,0.2857142857142857,0.0,0.0,0.9705882352941176,0.0,0.25778863775198524,0.0,0.0,0.9693479295573536,0.04166666666666652,0.8968383553510464,0.0,0.789056304520222,0.8477564102564102,0.0,0.4285714285714286,0.4375,0.46153846153846156,0.0,0.53431189926235,0.3351718285956725,0.0,0.0,0.0,0.23809523809523803,0.6426553672316384,0.6666666666666666,0.07487246173852169,0.0,0.0,0.0,0.0,0.0,0.2857142857142857,qsampled
0.0,0.0,0.0,0.0,0.0,0.5,0.8199724817148236,0.0,0.0,0.0,0.0,0.0,0.0,0.0,0.9238624034718234,0.0,1.0,0.47916666666666663,0.8518518518518519,0.0,0.2693739900231854,0.0,0.01439024390243926,0.0,0.0,0.0,0.72,0.5909090909090908,0.4,0.0,0.0,0.7547169811320755,0.85,0.897173670509483,0.44067796610169496,0.0,0.0625,1.0,0.0,0.0,0.2941176470588236,0.9409090909090909,0.0,0.8620689655172413,0.3023868312757202,0.0,0.24225865209471764,0.5555555555555556,0.0,0.0,0.6992561105207227,0.8160469667318982,0.06178208073514946,0.0,0.4684922732004163,0.0,0.0,0.6313392907962889,0.40972435251325656,0.9265976117553942,0.0,0.0,0.0,0.33333333333333337,0.1250000000000001,0.5555555555555556,0.04498224385111127,0.0,0.4,0.0,1.0,0.0,0.0,0.0,1.0,0.6636263261485287,0.0,0.0,0.0,0.0,1.0,0.0,0.0,0.0,0.0,0.0,0.0,0.0,0.0,0.6180998289535063,0.0,0.0,0.75,0.0,0.0,0.0,0.0,0.9616834170854272,0.0,0.9318479685452162,0.5609756097560976,0.5943719972546329,0.0,0.5,0.0,0.875,0.0,0.0,0.0,0.7645693656523982,0.2500000000000001,0.5,0.0,0.0,0.704225352112676,1.0,0.9200734643901776,0.2857142857142856,0.11111111111111105,0.13568670711527853,0.36363636363636365,0.0,0.0,0.8374927028604787,0.904963537991061,0.0,0.9251700680272109,0.25352112676056326,0.0,0.09999999999999998,0.5,0.0,0.0,0.790257104194858,0.7692307692307692,0.2777777777777777,0.0,0.31464174454828653,0.0,0.0,0.5424015009380863,0.6417522583838634,1.0,0.44000000000000006,0.12,0.0,0.44444444444444453,0.0,0.75,0.0,0.0,0.8578813127019215,0.0,0.9673202614379085,0.0,0.0,0.0,0.5470488123720494,0.7498969497114591,0.0,0.0,0.0,0.0,0.9363360762234734,0.0,0.0,0.0,0.0,0.0,0.0,0.0,0.6000000000000001,0.9090909090909091,0.0,0.0,0.0,0.0,0.0,0.5,0.0,1.0,0.5,0.6406067677946325,0.0,0.0,0.0,0.0,0.0,0.20512820512820518,0.0,0.0,0.2857142857142857,0.0,0.6666666666666667,0.6,0.0,0.0,0.0,0.6506849315068493,0.033333333333333326,0.0,0.0,0.0,0.0,0.0,0.0,0.6666666666666667,0.4285714285714285,0.4,1.0,0.8391812865497076,0.0,1.0,1.0,0.46153846153846156,0.5,0.6220472440944882,0.1428571428571428,0.41580685101114323,0.0,0.5789473684210527,0.0,0.0,0.9559435862995299,0.05855855855855874,0.6841119550515036,0.0,0.0,0.5868613138686132,0.5,0.4285714285714286,1.0,1.0,0.0,0.0,0.6066606996345192,0.38267716535433083,0.0,0.0,0.0,0.4664548022598869,1.0,0.0,0.0,0.0,0.0,0.8095238095238095,0.0,0.2857142857142857,qsampled
0.0,0.5757111773712628,0.0,0.0,0.6920009030024832,0.0,0.0,0.0,0.0,0.0,0.0,0.0,0.0,0.0,0.21663770022077133,0.0,0.3846153846153846,0.3846153846153846,0.5789473684210527,0.0,0.4770151636073423,0.0,0.3597977589505329,0.0,0.3869085677749361,0.16717791411042937,0.4067796610169492,0.31818181818181823,0.6000000000000001,0.5,0.12289275712481473,0.0,0.0,0.46484375,0.45197740112994356,0.0,0.0625,0.0,0.0,0.6428571428571428,0.0,0.0,0.052631578947368474,0.5480167014613779,0.9295613477431659,0.6838709677419355,0.009763424708974844,0.0,0.0,0.37285223367697595,0.9317269076305221,0.0,0.0,0.0,0.3037583037583037,0.6428571428571428,0.0,0.193218954248366,0.4042457900394124,0.0,0.8928072625698324,0.5237674110103914,0.5520565552699229,0.0,0.1250000000000001,0.2592592592592592,0.26460639606396064,0.0,1.0,0.7281908036097982,0.8333333333333334,0.9962779156327544,0.206896551724138,0.0,0.4375,0.6091954022988506,0.0,0.0,0.0,0.0,1.0,0.0,0.09090909090909094,0.0,0.7916666666666666,0.0,0.0,0.8406617755674824,0.0,0.0,0.0,0.0,0.75,0.0,0.0,0.0,0.0,0.15736360769473345,0.0,0.03650586701434144,0.6666666666666666,0.0,0.7333333333333334,0.84375,0.0,0.0,0.0,0.2791939373062349,0.7272727272727273,0.0,0.2500000000000001,0.0,1.0,0.0,0.0,1.0,0.0,0.2857142857142856,0.0,0.12137780207763815,0.0,0.0,0.75,0.0,0.0,0.0625,0.19841269841269848,0.25352112676056326,0.4666666666666667,0.0,0.0,0.0,0.3267511177347242,0.10050251256281417,0.23076923076923073,0.0,0.0,0.5121951219512195,0.7777777777777778,0.0,0.5592870544090056,0.675679788961039,0.0,1.0,0.0,0.8084866691701089,0.0,0.0,0.25,0.0,0.0,0.8166969147005445,0.8888888888888888,0.9673202614379085,1.0,0.375,0.0,0.0,0.6682608695652175,0.15983714210664557,0.0,0.0,0.0,0.9994272623138603,0.0,0.08333333333333337,0.0,0.9470404984423676,0.0,0.0,1.0,0.0,0.0,0.0,0.0,0.0,0.0,0.0,0.5,0.0,0.9423076923076923,0.5,1.0,0.641025641025641,1.0,0.0,0.6025641025641025,0.0,0.0,0.0,0.8025531914893618,0.0,0.43801652892561993,0.33333333333333337,1.0,0.0,0.13594704684317704,0.0,0.0,0.0,0.0,0.33333333333333337,0.0,0.5,0.0,0.0,0.8,0.0,0.4,1.0,0.8887056883759274,0.8148148148148149,0.4285714285714286,0.7,0.46153846153846156,0.0,1.0,0.0,0.0,0.0,0.9839816933638444,0.4,0.0,0.25740537575425126,0.05855855855855874,0.16586345381526102,0.8666666666666667,0.594434306569343,0.0,0.0,0.4285714285714286,0.26315789473684204,1.0,0.0,0.5912290661368151,0.7079510703363914,0.27453987730061336,0.0,0.1428571428571428,0.0,0.0,0.6666666666666666,0.0,0.0,0.0,0.0,0.9523809523809523,0.0,0.3571428571428571,qsampled
0.0,0.0,0.0,0.0,0.8206018518518519,0.0,0.0,0.932525755688894,0.6722772277227723,0.0,0.0,0.8397553516819571,0.9062857142857143,0.0,0.5393452039058013,0.890625,0.2692307692307693,0.3846153846153846,0.0,0.0,0.2939903740009715,0.33333333333333326,0.740183335613627,0.0,0.6067784683945115,0.0,0.0,0.31818181818181823,0.4,0.0,0.4447361512207929,0.0,0.0,0.09166976571216068,0.0,0.0,0.0625,0.0,0.0,0.0,0.7647058823529412,0.0,0.052631578947368474,0.0,0.0,1.0,0.0,0.2222222222222222,0.919705587152894,0.39175257731958757,0.9202975557917109,0.3257142857142856,0.6227241111247495,0.0,0.46627000080405245,0.6428571428571428,0.0,0.6307131880015937,0.6537534510714755,0.5923466051825597,0.0,0.0,0.0,0.0,1.0,0.2592592592592592,0.0,0.0,0.0,0.8227100638526305,0.9440993788819876,1.0,0.206896551724138,0.0,1.0,0.0,0.9427639920304293,0.0,0.0,0.0,0.0,0.0,0.09090909090909094,0.0,0.0,0.0,0.0,0.8581357086122774,0.0,0.6197682494425558,0.8774044141972683,0.6206896551724137,1.0,0.0,0.7391304347826086,0.8808091004387156,0.0,0.8368983957219251,0.7945205479452054,0.34419817470664926,0.6666666666666666,0.03615235635894121,0.0,0.5,0.14814814814814825,1.0,1.0,0.740656851642129,0.0,0.16909331568497699,0.2500000000000001,1.0,0.0,0.44907407407407407,0.0,0.0,0.23392966464866327,0.0,0.0,0.11095603628750872,0.36363636363636365,0.36363636363636365,0.0,0.0,0.0,0.0625,0.4274376417233561,0.0,0.9333333333333333,0.09999999999999998,0.5416666666666667,0.9172683513838749,0.3267511177347242,0.0,0.7692307692307692,0.4444444444444444,0.0,0.31464174454828653,0.7777777777777778,0.0,0.9305555555555556,0.8810790743719836,0.5628532589253774,0.44000000000000006,0.12,0.0,0.0,0.0,0.25,0.0,0.0,0.0,0.03600917431192674,0.9673202614379085,1.0,0.375,0.0,0.8457615195216321,0.0,0.7833319539849375,0.0,0.0,0.0,0.0,0.0,0.5,0.0,0.0,0.0,0.0,0.8972868217054264,0.0,0.625,0.9545454545454546,0.6774193548387096,0.0,0.0,0.2222222222222222,0.0,0.0,0.8970588235294118,1.0,0.5606694560669456,0.641025641025641,0.0,0.0,0.0,0.75,1.0,0.0,0.34832451499118167,0.2857142857142857,0.0,0.33333333333333337,0.4,0.0,0.6488119210632299,0.553191489361702,0.2142857142857143,0.06666666666666665,0.0,0.33333333333333337,0.0,0.0,0.5,0.0,0.40909090909090917,0.0,0.4,0.1333333333333332,0.4571645185746779,0.7407407407407407,0.5714285714285714,0.0,0.5128205128205128,0.0,1.0,1.0,0.3619479983491539,0.0,0.07147220525351261,0.4,0.0,0.22931937172774852,0.0,0.896784933929872,0.0,0.0,0.5868613138686132,0.0,0.4285714285714286,0.0,1.0,0.0,0.75,0.0,0.3826771653543307,1.0,0.1428571428571428,0.0,0.46193501978180085,0.0,0.673601366603624,0.0,0.0,0.0,0.0,0.0,0.0,qsampled
0.0,0.0,0.0,0.0,0.0,0.0,0.6666940823292347,0.0,0.0,0.875,0.0,0.0,0.0,0.0,0.0,0.0,0.33333333333333326,0.47916666666666663,0.0,0.0,0.9508544178036826,0.0,0.0,0.0,0.716189447145687,0.0,1.0,0.31818181818181823,0.4,0.0,0.23938525657723375,0.2727272727272728,0.0,0.0,0.44067796610169496,0.0,0.0625,0.25,0.25,0.0,0.0,1.0,0.4736842105263158,0.8620689655172413,0.0,0.529109589041096,0.24225865209471764,0.0,0.0,0.0,0.9202975557917109,0.0,0.0,0.0,0.0,0.6428571428571428,0.0,0.0,0.441804191066157,0.6050968610794571,0.4025837988826817,0.0,0.11904761904761907,0.0,1.0,0.7777777777777778,0.6914555673210068,0.0,0.0,0.0,0.0,0.0,0.0,0.18518518518518512,1.0,0.0,0.0,0.0,0.0,0.7977977977977978,0.0,0.0,0.09090909090909094,0.0,0.0,0.0,0.0,0.0,0.0,0.7898673581330409,0.0,0.0,0.0,0.0,0.0,0.0,0.0,0.07692307692307687,0.0,0.2406639004149378,0.5609756097560976,0.0,0.0,0.9487179487179487,0.0,0.875,0.0,0.8688773298656264,0.0,1.0,0.2500000000000001,1.0,0.0,0.07002314814814825,0.41889276035617506,0.0,0.0,0.2857142857142856,0.11111111111111105,0.13568670711527853,0.36363636363636365,0.0,0.0,0.6632149115819659,0.5238095238095237,0.6875,0.9251700680272109,0.0,0.0,0.09999999999999998,0.0,0.48766546329723226,0.0,0.0,0.0,0.33333333333333326,0.0,0.0,0.7777777777777778,0.0,0.0,0.647271413082761,0.3475935828877005,0.0,0.12,0.8846153846153846,0.0,0.9,0.875,0.7606167654684113,0.0,0.0,0.0,0.0,0.0,0.0,0.0,0.9903927186920614,0.0,0.017256330211585125,0.0,0.0,0.7341772151898733,0.0,0.0,0.5,0.0,0.0,0.0,0.0,0.0,0.0,0.9090909090909091,0.0,0.0,1.0,0.0,0.0,0.5,0.0,0.0,0.5,0.0,0.0,0.6785714285714286,0.0,0.8803191489361702,0.0,0.7857142857142857,0.0,0.3390105433901054,0.2857142857142857,0.5895061728395061,0.33333333333333337,0.4,0.0,0.01628853984874934,0.0,0.0,0.0,0.6,0.0,0.0,0.0,0.0,0.0,0.13636363636363635,0.7428571428571429,0.0,1.0,0.4444444444444444,0.0,1.0,0.7,0.0,0.5,1.0,0.5,0.0,0.0,0.0,0.4,0.0,0.6243116185359301,0.05855855855855874,0.13220565323837075,0.6923076923076923,0.0,0.09677419354838701,0.0,0.0,0.9375,1.0,0.0,0.8289249381358262,0.6066606996345192,0.0,0.0,0.0,0.23809523809523803,0.8259201534588179,0.6666666666666667,0.0,0.0,0.0,0.7777777777777778,0.0,0.0,0.0,qsampled
0.0,0.0,0.0,0.0,0.0,0.0,0.18650645062463844,0.0,0.6722772277227723,0.0,0.0,0.0,0.0,0.0,0.9152937519428038,0.734375,0.0,0.8461538461538461,0.052631578947368474,0.0,0.2710632755192981,0.33333333333333326,0.3777621062529384,0.0,0.716036036036036,0.16717791411042937,0.0,0.5909090909090908,0.6000000000000001,0.0,0.4370984569765526,0.9090909090909091,0.19999999999999996,0.09166976571216068,0.0,0.0,0.0,0.0,0.0,0.6428571428571428,0.0,1.0,0.4736842105263158,0.5480167014613779,0.0,0.6703296703296703,0.0,0.33333333333333337,0.41050518568082983,0.0,0.6992561105207227,0.09714285714285709,0.2732253843637552,0.5,0.8089083775675052,0.0,0.8571428571428571,0.6951671051349508,0.40972435251325656,0.671100175505007,0.0,0.0,0.5520565552699229,0.0,1.0,0.2592592592592592,0.0,0.0,0.0,0.8344349130455163,0.0,0.0,0.0,0.0,0.0,0.44913830348999084,0.29143271146531413,0.0,0.0,0.0,0.0,0.0,0.09090909090909094,0.0,0.0,0.0,0.0,0.0,0.0,0.6358521177810764,0.0,0.6206896551724137,1.0,0.0,0.0,0.0,0.0,0.8010091453800063,0.8114086146682189,0.0,0.8974358974358975,0.6845238095238095,0.0,0.5,0.14814814814814825,0.0,1.0,0.8678347393467445,0.7272727272727273,0.17888365837256237,0.2500000000000001,0.0,0.0,0.4810350939383198,0.5650406504065042,0.8,0.23392966464866327,0.0,0.0,0.0,0.36363636363636365,0.0,0.75,0.0,0.5313942751615882,0.6875,0.19841269841269848,0.0,0.0,0.09999999999999998,0.5833333333333333,0.53376,0.0,0.8168449197860963,0.5,0.8571428571428571,0.25,0.3292682926829268,0.0,1.0,0.9305555555555556,0.675679788961039,0.8974744222651498,0.75,0.12,0.8084866691701089,0.0,0.0,0.25,0.0,0.0,0.0,0.7777777777777778,0.0,0.0,0.0,0.0,0.2585297221245162,0.6682608695652175,0.38756931225688984,0.0,0.0,0.0,0.0,0.0,0.08333333333333337,0.0,0.0,0.0,0.0,0.0,0.0,0.625,0.0,0.75,0.0,0.0,0.0,1.0,0.0,1.0,0.9090909090909091,0.0,0.9487179487179487,0.33333333333333337,0.0,0.0,0.75,0.0,0.0,0.4850088183421517,0.0,0.0,0.6666666666666667,1.0,0.0,0.6475343573160874,0.6914893617021276,0.0,0.06666666666666665,0.0,0.33333333333333337,0.0,0.0,0.0,0.0,0.40909090909090917,0.7428571428571429,0.0,0.3999999999999999,0.4444444444444444,0.0,0.5714285714285714,0.19999999999999996,0.2564102564102564,0.8571428571428572,0.22000000000000008,1.0,0.11019397441188616,1.0,0.07147220525351261,0.0,0.0,0.24286889742183204,0.04166666666666652,0.13703048590157096,0.0,0.0,0.0,0.0,0.4285714285714286,0.26315789473684204,1.0,0.0,0.6990136350449667,0.0,0.0,0.0,0.0,0.0,0.0,0.6666666666666666,0.6003294490879141,0.0,0.0,0.0,0.0,0.0,0.3571428571428571,qsampled
0.0,0.0,0.8974358974358975,0.0,0.0,0.0,0.5255895064068542,0.0,0.0,0.0,0.0,0.0,0.0,0.0,0.0,0.0,0.33333333333333326,0.9583333333333334,0.0,0.42592592592592593,0.0,0.0,0.40731707317073185,0.0,0.0,0.17560975609756102,0.0,0.0,0.4,0.0,0.25655574298420514,0.7547169811320755,0.4,0.0,0.0,0.0,0.0625,0.2222222222222222,1.0,0.0,0.0,0.9409090909090909,0.4736842105263158,0.0,0.2919638344471275,0.7873170731707317,0.24225865209471764,0.2222222222222222,0.3897624623619941,0.0,0.6898148148148149,0.4461839530332681,0.0,0.0,0.2226004084411164,0.0,0.0,0.0,0.5785081805925009,0.0,0.8858595194085028,0.8964941569282137,0.9601542416452442,0.728,1.0,0.0,0.0,0.0,1.0,0.0,1.0,0.0,0.0,0.18518518518518512,0.0,0.2988958990536277,0.2894534257120861,0.0,0.0,0.0,0.0,0.9375,0.09090909090909094,0.0,0.0,0.8666666666666667,0.0,0.0,0.0,0.6909144369303146,0.0,0.0,0.75,0.0,0.0,0.0,0.0,0.11550151975683876,0.0,0.2406639004149378,0.9512195121951219,0.0,0.3999999999999999,0.3076923076923076,0.0,0.0,1.0,0.0,0.7272727272727273,0.0,0.0,0.5,0.0,0.44563918757467125,1.0,0.6,0.0,0.0,0.11111111111111105,0.14238952536824878,0.0,0.8636363636363636,0.0,0.0,0.3571428571428571,0.6875,0.0,0.25352112676056326,0.0,0.09999999999999998,0.5416666666666667,0.84256,0.0,0.777511961722488,0.0,0.2777777777777777,0.0,0.0,0.0,0.0,0.0,0.9024959415584415,0.0,0.0,1.0,1.0,0.8666666666666667,0.09999999999999987,0.0,0.37038689172289085,0.0,1.0,0.0,0.7320261437908497,0.0,0.0,0.0,0.5469748168611104,0.3060314314030863,0.4954971181556197,0.0,0.0,0.0,0.0,1.0,0.08333333333333337,0.0,0.0,0.8823529411764706,0.0,0.0,0.0,0.625,0.0,0.0,0.0,0.0,0.0,0.5,0.0,0.0,0.5,0.0,0.641025641025641,0.0,0.6,0.7096491228070175,0.0,0.0,0.0,0.0,0.0,0.08333333333333326,0.0,0.6,0.0,0.6475343573160872,0.4444444444444444,0.5055401662049861,0.0,0.19999999999999996,0.0,0.0,0.5,0.75,0.0,0.40909090909090917,0.4285714285714285,0.0,0.3999999999999999,0.8549382716049383,0.8148148148148149,1.0,0.0,0.0,0.5,0.5495495495495497,0.9,0.42013364949342535,0.0,0.25778863775198524,0.0,0.0,0.6243116185359301,0.0,0.055457288523566683,0.6923076923076923,0.3433001107419712,0.8477564102564102,0.0,0.5714285714285714,0.0,0.09230769230769231,0.0,0.9320467923403621,0.8922269019566029,0.7425595238095238,0.0,0.0,0.23809523809523803,0.6360148663229829,0.6666666666666667,0.6377913374012205,0.0,0.0,0.0,0.0,0.9,0.3571428571428571,qsampled
0.0,0.0,0.0,0.0,0.0,0.0,0.15840566873339246,0.0,0.6773255813953489,0.0,0.0,0.0,0.0,0.0,0.5695502580486606,0.0,0.0,0.3846153846153846,0.0,0.42592592592592593,0.2939903740009715,0.0,0.030472806777807948,0.0,0.5507717303005687,0.0,0.5593220338983051,0.5909090909090908,0.0,0.5,0.11815252416756161,0.0,0.0,0.09166976571216068,0.44067796610169496,0.0,0.0,0.8333333333333334,1.0,0.0,0.2941176470588236,0.0,0.0,0.5480167014613779,0.3004291845493561,0.0,0.0,0.8888888888888888,0.0,0.44734551784160137,0.0,0.0,0.0650860829190123,0.0,0.0,0.0,0.0,0.338920826455689,0.5384927066450567,0.5510204081632653,0.0,0.6178334106011436,0.0,0.39743589743589736,1.0,0.5555555555555556,0.0,0.0,1.0,0.3320883041587691,0.0,0.0,0.206896551724138,0.0,1.0,0.0,0.5707865168539326,0.0,0.0,0.0,0.0,0.0,0.09090909090909094,0.0,0.0,0.0,0.0,0.0,0.0,0.47529418325804473,0.0,0.6206896551724137,1.0,0.0,0.0,0.0,0.0,0.8387096774193549,0.0,0.0,0.6666666666666666,0.02582311168495821,0.3999999999999999,0.5,0.0,0.875,0.0,0.7039269720978298,0.0,0.8493611297915266,0.2500000000000001,1.0,1.0,0.0,0.0,0.0,0.23392966464866327,0.2857142857142856,0.11111111111111105,0.0,0.8636363636363636,0.8636363636363636,0.0,0.8265891349370719,0.3571428571428571,0.0,0.20833333333333326,0.25352112676056326,0.0,0.09999999999999998,0.9583333333333334,0.48766546329723226,0.4911380597014926,0.6283618581907091,0.5,0.2777777777777777,0.0,0.0,0.0,0.0,0.7468297101449275,0.647271413082761,0.75177304964539,0.44000000000000006,0.0,0.8076923076923077,0.46666666666666656,0.09999999999999987,0.75,0.0,0.0,1.0,0.03600917431192674,0.0,0.0,0.375,0.0,0.8200359928014397,0.0,0.06704237722315731,0.0,0.0,0.0,0.0,0.0,0.08333333333333337,0.0,0.0,0.0,0.0,0.0,0.0,0.9090909090909091,0.0,0.33333333333333337,0.0,0.0,0.0,1.0,0.0,0.888888888888889,0.0,0.0,0.641025641025641,0.0,0.6,0.537375415282392,0.0,0.20512820512820518,0.0,0.27543314082629944,0.2857142857142857,0.17352056168505514,0.6666666666666667,0.0,0.0,0.0,0.5602409638554215,0.0,0.06666666666666665,0.0,0.0,0.0,0.75,0.75,0.0,0.0,0.0,0.4,0.3999999999999999,0.8549382716049383,0.0,0.5714285714285714,0.8,0.0,0.0,0.0,0.09999999999999998,0.41580685101114323,0.0,0.25778863775198524,0.0,0.0,0.0,0.6,0.895837970175829,0.0,0.6202192448233862,0.0,0.5,0.5714285714285714,0.4375,1.0,0.0,0.9123453395655761,0.3351718285956725,0.7012113055181697,0.0,0.1428571428571428,0.0,0.8259201534588179,0.0,0.0,0.0,0.0,0.0,0.0,0.0,0.3571428571428571,qsampled
0.8122762148337596,0.0,0.0,0.896551724137931,0.0,0.5,0.0,0.9080818802122821,0.0,0.0,0.0,0.0,0.9387203364373686,0.0,0.5169535307393208,0.19999999999999996,1.0,0.47916666666666663,0.22222222222222232,0.0,0.7006620508414616,0.33333333333333326,0.40731707317073185,0.0,0.0,0.0,0.72,0.0,0.4,0.0,0.0,0.9433962264150944,0.19999999999999996,0.8970588235294118,0.0,0.0,0.0625,0.2222222222222222,0.25,0.6428571428571428,0.5882352941176471,0.0,0.0,1.0,0.3023868312757202,0.7873170731707317,0.24225865209471764,0.2222222222222222,0.25373134328358193,0.0,0.0,0.22309197651663393,0.8641025641025641,0.0,0.47213914685975134,0.6428571428571428,0.4285714285714285,0.29261459691832103,0.5822153357771817,0.45650228844764107,0.37338262476894624,0.0,0.0,0.39743589743589736,1.0,0.2592592592592592,0.9574562968248306,0.0,1.0,0.0,0.0,0.0,0.206896551724138,0.0,0.32797427652733113,0.1990163777873275,0.8257634077495509,0.7368421052631579,0.0,1.0,0.0,0.0,0.09090909090909094,0.8656716417910448,0.0,0.0,0.9116532667960447,0.0,0.0,0.0,0.6846846846846847,0.0,0.75,0.0,0.0,0.8984079156317439,0.0,0.0,0.9557522123893806,0.9375,0.5609756097560976,0.05810397553516822,0.0,0.33333333333333326,0.14814814814814825,0.0,0.0,0.0,0.0,0.7084826762246117,0.0,1.0,0.0,0.0,0.875725900116144,0.6666666666666666,0.8916653487268702,0.0,0.11111111111111105,0.14238952536824878,0.0,0.0,0.75,0.740953004748649,0.3571428571428571,0.0,0.9888888888888889,0.25352112676056326,0.0,0.09999999999999998,0.5416666666666667,0.8461538461538461,0.0,0.019002375296912066,0.23076923076923073,0.0,0.0,0.31464174454828653,0.7777777777777778,0.33333333333333326,0.0,0.9024959415584415,0.6866569449507838,1.0,0.8620689655172413,0.0,0.46666666666666656,0.09999999999999987,0.25,0.9526282669130708,0.0,1.0,0.0,0.0,0.0,0.375,0.0,0.5469748168611104,0.3060314314030863,0.3660842939481267,0.6875,0.0,0.9873417721518988,0.0,0.0,0.08333333333333337,0.6842105263157895,0.0,0.0,0.5384615384615385,0.0,0.6000000000000001,0.0,1.0,0.0,0.0,0.0,0.0,0.0,0.0,0.888888888888889,0.29999999999999993,0.6406067677946325,0.0,1.0,0.0,0.0,0.75,0.0,0.0,0.0,0.2857142857142857,0.0,0.0,0.4,0.0,0.0,0.0,0.011080332409972193,0.033333333333333326,0.19999999999999996,0.0,0.0,0.5,0.0,0.0,0.13636363636363635,0.0,0.4,0.5333333333333333,0.8549382716049383,0.8148148148148149,1.0,0.0,0.0,0.5,0.34251968503937,0.9,0.6666666666666666,0.0,0.07147220525351261,0.4,1.0,0.23586299529885835,0.0,0.0,0.26923076923076916,0.0,0.35096153846153844,0.5,0.5714285714285714,0.625,0.7384615384615385,0.0,0.8353640847113433,0.8853415358506577,0.9047619047619048,0.0,0.1428571428571428,0.0,1.0,0.6666666666666667,0.0549275511252697,1.0,0.0,1.0,0.0,0.0,0.3571428571428571,qsampled
0.0,0.0,0.0,0.0,0.0,0.5,0.0,0.0,0.0,0.0,0.0,0.7775192671222918,0.0,0.0,0.21682392151340202,0.0,0.0,0.0,0.052631578947368474,0.0,0.0,0.0,0.03573107663375652,0.0,0.24615925882490897,0.7286527514231499,0.4067796610169492,0.0,0.6000000000000001,0.0,0.12289275712481473,0.0,0.0,0.58203125,0.7796610169491526,0.0,0.0625,1.0,0.0,0.0,0.17647058823529416,0.0,0.052631578947368474,0.0,0.47120152574698027,0.6703296703296703,0.009763424708974844,0.5555555555555556,0.41050518568082983,0.0,0.5301204819277108,0.0,0.7442660550458715,0.0,0.3037583037583037,0.0,0.0,0.193218954248366,0.0,0.0,0.0,0.928450007726781,0.5861182519280206,0.3402777777777778,1.0,0.0,0.0,0.0,0.0,0.9755308676698073,0.7391304347826086,0.0,0.0,0.0,0.4375,0.6096169519152405,0.8569099800760731,0.0,0.0,0.0,1.0,0.9375,0.09090909090909094,0.0,0.0,0.0,0.0,0.0,0.0,0.0,0.0,0.0,0.0,0.0,0.7391304347826086,0.0,0.0,0.15736360769473345,0.0,0.0,0.0,0.6758409785932722,0.0,0.0,0.0,0.0,0.0,0.22801788375558874,0.7272727272727273,0.0,0.0,0.0,0.0,0.0,1.0,1.0,0.24758907725104062,0.8571428571428571,0.0,0.0,0.36363636363636365,0.0,0.0,0.3523058960887332,0.0,0.0625,0.4274376417233561,0.8309859154929577,0.0,0.0,0.5,0.53376,0.3267511177347242,0.9623115577889447,0.23076923076923073,1.0,0.0,0.5121951219512195,0.0,0.0,0.7207024653833165,0.0,0.0,0.6964285714285714,0.86,0.4935536362498435,0.33333333333333326,0.8,0.0,0.0,0.0,0.0,0.8888888888888888,0.7320261437908497,1.0,0.0,0.0,0.2713635597505477,0.6666666666666666,0.31014831090359785,0.0,0.0,0.0,1.0,1.0,0.08333333333333337,0.0,0.0,0.0,0.0,0.0,0.6000000000000001,0.0,0.0,0.0,0.0,0.0,0.2222222222222222,0.0,0.0,0.0,0.5,0.0,0.7171052631578947,0.05555555555555547,0.09090909090909083,0.27243589743589736,0.0,0.7857142857142857,0.0,0.673154906731549,0.0,0.3403543965229019,0.0,1.0,0.0,0.20567685589519646,0.0,0.3125,0.06666666666666665,0.8,0.33333333333333337,0.0,0.0,0.0,0.0,0.09090909090909094,0.0,0.4,0.0,0.2185672514619884,0.0,0.4285714285714286,1.0,0.2564102564102564,0.0,1.0,0.0,0.0,0.0,0.6793924466338259,0.0,0.0,0.25740537575425126,0.22972972972972971,0.16586345381526102,0.0,0.8098159509202454,1.0,0.5,0.5714285714285714,0.0,1.0,0.0,0.8750283446712018,0.8625040910578566,0.06929133858267733,1.0,0.0,0.0,0.0,0.36363636363636365,0.2014520163504362,0.0,0.0,0.0,0.9523809523809523,0.9,0.3571428571428571,qsampled
0.0,0.5757111773712628,0.0,0.0,0.0,0.0,0.0,0.0,0.49537037037037046,0.0,0.0,0.0,0.0,0.0,0.049475094929640306,0.734375,0.0,0.1794871794871794,0.5789473684210527,0.4642857142857143,0.18881062910196889,0.0,0.030472806777807948,0.0,0.8938406387485742,0.0,0.4067796610169492,0.9090909090909091,0.4,0.0,0.0,0.2727272727272728,0.4,0.46484375,0.0,0.0,0.9375,1.0,0.4285714285714285,0.6428571428571428,0.0,0.0,0.8947368421052632,0.2886221294363256,0.6770502225047679,0.0,0.009763424708974844,0.33333333333333337,0.9366754617414248,0.8797250859106529,0.9317269076305221,0.3257142857142856,0.0,0.5,0.29285910213038324,0.6428571428571428,0.0,0.4020247083047357,0.0,0.629721717509802,0.7635840230298668,0.0,0.0,0.0,1.0,0.0,0.25894639840270306,0.0,1.0,0.7028463929330935,1.0,0.9962779156327544,0.0,0.0,1.0,0.44913830348999084,0.8461695607763023,0.0,0.0,1.0,0.0,0.0,0.0,0.0,0.7916666666666666,0.0,0.0,0.0,0.0,0.0,0.0,0.6206896551724137,0.75,0.0,0.0,0.0,0.0,0.0935828877005348,0.4088669950738918,0.0,0.28205128205128205,0.0,0.0,0.5,0.0,0.0,0.0,1.0,0.0,0.0,1.0,0.5,0.0,0.11237149946827374,0.5070422535211268,0.5,0.0,0.0,0.0,0.9547710976282405,0.8636363636363636,0.36363636363636365,0.75,0.5807932661650299,0.5238095238095237,0.9375,0.0,0.0,0.0,0.0,0.5833333333333333,0.9172683513838749,0.7894932935916542,0.0,0.7692307692307692,0.33333333333333326,0.25,0.31464174454828653,0.7777777777777778,0.0,0.925328330206379,0.0,0.5628532589253774,1.0,0.12,0.0,0.0,0.09999999999999987,0.0,0.0,0.0,0.8578813127019215,0.9803921568627451,0.954248366013072,1.0,0.0,0.0,0.5403669266146771,0.6695979899497488,0.33182295770948245,0.0,0.0,0.7341772151898733,0.0,0.0,0.0,0.0,0.9130434782608696,0.0,0.0,0.0,0.0,0.0,0.0,0.4385964912280701,0.0,0.0,0.0,0.5,0.0,0.0,0.0,1.0,0.3846153846153846,1.0,1.0,0.0,0.0,0.20512820512820518,0.0,0.5497872340425533,0.2857142857142857,0.43801652892561993,0.8888888888888888,0.6,0.0,0.13902743142144636,0.0,0.510958904109589,0.0,0.19999999999999996,0.33333333333333337,1.0,0.75,0.5,0.0,0.6666666666666667,0.7428571428571429,0.8,0.8235294117647058,0.5746084089035448,0.0,0.4285714285714286,0.19999999999999996,0.5128205128205128,0.2857142857142857,1.0,0.1428571428571428,0.07723577235772361,1.0,0.11494252873563238,0.4,0.0,0.22931937172774852,0.22972972972972971,0.9151606425702811,0.8666666666666667,0.0,0.5868613138686132,0.0,0.5714285714285714,0.0,1.0,0.0,0.46447121529382984,0.7080257463907779,0.7546012269938649,0.0,0.0,0.0,0.46193501978180085,0.6666666666666666,0.20402481464669375,0.0,0.0,0.7777777777777778,0.0,0.0,0.2857142857142857,qsampled
0.0,0.5768488745980707,0.0,0.0,0.0,0.0,0.0,0.0,0.6246575342465753,0.0,0.0,0.7784727272727273,0.0,0.0,0.23382886972310502,0.09999999999999998,0.3846153846153846,0.1794871794871794,0.052631578947368474,0.6046511627906976,0.0,0.0,0.40803498223558343,0.0,0.3880584890333063,0.8849693251533742,0.4067796610169492,0.5909090909090908,0.4,1.0,0.11815252416756161,0.9090909090909091,0.4,0.46484375,0.0,0.6363636363636364,0.0,0.0,1.0,0.6428571428571428,0.5882352941176471,1.0,0.0,0.2886221294363256,0.47296951063284653,0.0,0.2084115659031167,0.33333333333333337,0.9225650332728372,0.4664926022628373,0.0,0.032620674454485354,0.6207703679369252,0.0,0.44398944398944384,0.0,0.9285714285714286,0.2753784056508578,0.5785081805925009,0.5213015205125753,0.8687967369136642,0.6514930808448651,0.0,0.6419753086419753,0.0,0.5555555555555556,0.0,0.9603960396039604,1.0,0.8071058249466301,0.0,0.0,0.0,0.75,0.4375,0.0,0.5707865168539326,0.9473684210526315,0.9919354838709677,0.0,0.0,0.0,0.09090909090909094,0.0,0.7916666666666666,0.0,0.0,0.0,0.0,0.4323113707212253,0.0,0.6206896551724137,0.75,0.0,0.7391304347826086,0.0,0.0,0.15736360769473345,0.8102303787582975,0.03650586701434144,0.28205128205128205,0.5235690235690236,0.7333333333333334,0.5,0.0,1.0,0.0,0.2791939373062349,1.0,0.0,0.2500000000000001,0.5,0.0,0.0,0.5650406504065042,0.6,0.0,0.0,0.7777777777777778,0.0,0.36363636363636365,1.0,0.75,0.5807932661650299,0.7857142857142857,0.0,0.0,0.8309859154929577,0.0,0.4,0.5833333333333333,1.0,0.0,0.9375,0.23076923076923073,1.0,0.0,0.7560975609756098,0.0,1.0,0.6219135802469136,0.9024959415584415,0.8977424624981435,0.0,0.0,0.0,1.0,0.9,0.75,0.0,1.0,1.0,0.7993482309124768,0.0,1.0,0.0,0.0,0.0,0.0,0.0,1.0,0.9866008462623413,0.0,0.0,0.0,0.08333333333333337,0.0,1.0,0.0,0.0,0.0,0.0,0.9090909090909091,0.0,0.6333333333333333,0.0,0.0,0.75,0.5,0.0,0.0,0.0,1.0,0.3846153846153846,0.05555555555555547,0.0,0.6798245614035088,0.0,0.46153846153846156,0.0,0.8025531914893618,0.7142857142857143,0.3403543965229019,0.6666666666666667,0.6,0.0,0.213560885608856,0.18367346938775508,0.5055401662049861,0.0,0.19999999999999996,0.33333333333333337,0.0,0.0,0.75,0.0,0.13636363636363635,0.4,0.4,0.8235294117647058,0.4144059869036484,0.0,0.5714285714285714,0.19999999999999996,0.5128205128205128,0.0,1.0,0.9,0.3619479983491539,0.0,0.0,0.0,0.5,0.0,0.0,0.07269076305220878,0.6923076923076923,0.6197355533790402,0.35096153846153844,0.0,0.0,0.4736842105263157,1.0,0.88,0.0,0.0,0.7825295723384895,1.0,0.0,0.23809523809523803,0.0,0.0,0.0,0.6666666666666667,1.0,0.0,0.0,0.0,0.3571428571428571,m2
0.0,0.0,0.0,0.0,0.654696449026346,0.5,0.0,0.0,0.0,0.875,0.0,0.0,0.8465885307660108,0.0,0.8857988875995358,0.0,0.2692307692307693,0.8461538461538461,0.0,0.75,0.13391922996442784,0.7692307692307692,0.030472806777807948,0.0,0.5496192531661033,0.0,0.5593220338983051,0.0,0.4,0.5,0.11815252416756161,0.9090909090909091,0.4,0.40364583333333337,0.0,0.0,0.78125,0.0,1.0,0.0,0.8823529411764706,0.0,0.5789473684210527,0.2886221294363256,0.0,0.0,0.2084115659031167,0.2222222222222222,0.41050518568082983,0.9347079037800687,0.6032719836400818,0.3440599515098083,0.062359066868927004,0.0,0.45475638051044087,0.0,0.8571428571428571,0.1958291288261017,0.6576048011465425,0.5213015205125753,0.0,0.0,0.9601542416452442,0.6363636363636364,1.0,0.0,0.0,0.0,0.5,0.7298932384341636,0.8901734104046243,0.6666666666666666,0.206896551724138,0.18518518518518512,1.0,0.0,0.5707865168539326,0.0,0.0,0.0,1.0,0.0,0.0,0.0,0.0,0.0,0.0,0.8406617755674824,0.0,0.0,0.0,0.0,0.0,0.0,0.0,0.8664232173745916,0.0,0.8010091453800063,0.0,0.16955017301038067,0.8974358974358975,0.04831804281345553,1.0,0.33333333333333326,0.8148148148148148,0.0,0.0,0.7088673816374575,0.0,0.8517538054268696,0.0,1.0,1.0,0.0,0.704225352112676,0.5,0.0,0.0,0.0,0.8928376161837069,0.36363636363636365,1.0,0.0,0.8102282872082642,0.0,0.8125,0.0,0.323943661971831,0.0,0.4,0.5416666666666667,0.53376,1.0,0.0,0.0,0.7142857142857142,0.0,0.8695652173913043,0.0,1.0,0.5689915458937198,0.9024959415584415,0.8974744222651498,0.6237113402061856,0.12,1.0,1.0,0.09999999999999987,0.0,0.28298908162783,0.0,0.8950859210129636,0.7993482309124768,0.954248366013072,1.0,0.375,0.0,0.0,0.0,0.0,0.0,0.0,0.0,0.9994272623138603,0.0,0.0,0.0,0.0,0.0,0.0,0.9060721062618595,0.6000000000000001,0.0,0.0,0.0,0.5084155542658154,0.0,0.0,0.0,0.0,0.8333333333333333,0.5,0.0,0.9487179487179487,0.0,0.75,0.0,0.6666666666666667,0.20512820512820518,0.0,0.18765957446808512,0.2857142857142857,0.17352056168505514,0.0,0.4,0.0,0.213560885608856,0.18367346938775508,0.5055401662049861,0.0,0.19999999999999996,0.33333333333333337,0.0,0.0,0.75,0.0,0.0,0.028571428571428692,0.0,0.8235294117647058,0.0,0.0,0.5714285714285714,0.0,0.2564102564102564,0.6666666666666667,0.0,0.5,0.41580685101114323,0.0,0.0,0.0,0.0,0.25740537575425126,0.0,0.15114309906858592,0.0,0.0,0.8477564102564102,0.0,0.5714285714285714,0.0,0.9375,0.0,0.07170025546409309,0.0,0.6791569086651054,0.4,0.1428571428571428,0.23809523809523803,0.0,0.0,0.0,0.0,0.0,0.0,0.9523809523809523,0.0,0.2857142857142857,m2
0.0,0.0,0.0,0.0,0.6607216799763383,0.0,0.0,0.0,0.6273964438263633,0.6363636363636364,0.0,0.7428732857362987,0.0,0.0,0.30122480224547055,0.0,0.33333333333333326,0.0,0.8518518518518519,0.4269311064718164,0.9508544178036826,0.0,0.01439024390243926,0.0,0.8945855294681361,0.0,0.72,0.0,0.8,0.0,0.23938525657723375,0.0,0.85,0.8989400584795322,0.8813559322033898,0.0,0.0625,1.0,1.0,0.6428571428571428,0.0,0.0,0.0,0.49195402298850566,0.6338725652030373,0.0,0.4123861566484518,0.2222222222222222,0.9366754617414248,0.37285223367697595,0.6992561105207227,0.1585127201565557,0.6227847062684608,0.0,0.46996996996997,0.6428571428571428,0.9285714285714286,0.338920826455689,0.9152409530634181,0.0,0.7635840230298668,0.3881118881118881,0.4130434782608695,0.0,0.375,0.7777777777777778,0.8003419702748915,0.0,0.4,0.0,1.0,0.0,0.0,0.75,1.0,0.0,0.5707865168539326,0.0,0.0,0.0,1.0,0.0,0.09090909090909094,0.0,0.0,0.0,0.0,0.8406617755674824,0.0,0.0,0.0,0.6206896551724137,0.0,0.0,0.7391304347826086,0.0,0.0,0.6092964824120604,0.0,0.27260812581913496,0.0,0.6649451258876695,0.3999999999999999,0.9487179487179487,0.0,0.875,0.0,1.0,0.0,0.730816077953715,0.0,1.0,0.0,0.07002314814814825,1.0,1.0,0.9200734643901776,0.8571428571428571,0.0,0.13568670711527853,0.8636363636363636,1.0,0.75,0.6513426736719206,0.0,0.0,0.19841269841269848,0.8309859154929577,0.0,0.4,0.5416666666666667,0.782608695652174,0.3267511177347242,0.790257104194858,0.23076923076923073,0.4444444444444444,0.0,0.31464174454828653,0.7777777777777778,1.0,0.7454033771106942,1.0,0.0,1.0,0.82,0.8084866691701089,0.0,0.8,0.875,0.854220600769482,0.0,0.09542314335060453,0.0,0.7320261437908497,0.0,0.0,0.0,0.5470488123720494,0.0,0.05611020818822099,0.0,0.0,0.0,0.9687267311988086,0.0,0.5,0.0,0.0,0.0,0.0,1.0,0.0,0.0,0.0,0.6333333333333333,1.0,0.0,0.8,0.5,0.0,0.68,0.5,0.0,0.5641025641025641,0.0,0.6,0.8803191489361702,0.0,0.20512820512820518,0.0,0.5497872340425533,0.2857142857142857,0.0,0.0,0.8,0.0,0.10028191703584388,0.0,0.6506849315068493,0.033333333333333326,0.0,0.33333333333333337,0.0,0.75,0.75,0.0,0.6666666666666667,0.0,0.4,0.3999999999999999,0.2185672514619884,0.0,1.0,0.0,0.5128205128205128,0.5,0.5495495495495497,0.0,0.3619479983491539,0.0,0.07147220525351261,0.4,0.5,0.0,0.8378378378378378,0.055457288523566683,0.8666666666666667,0.28381642512077276,0.0,0.0,0.5714285714285714,1.0,0.0,0.0,0.0,0.6062402269173425,0.12440944881889782,0.0,0.0,0.23809523809523803,0.46193501978180085,0.6666666666666667,0.06082614616432114,0.0,0.0,0.0,0.8095238095238095,0.0,0.0,m2
0.0,0.0,0.0,0.0,0.6550520654537133,0.5,0.0,0.0,0.0,0.0,0.0,0.0,0.0,0.0,0.3091668714671909,0.0,0.7307692307692308,0.0,0.0,0.0,0.9508544178036826,0.0,0.3597977589505329,0.0,0.38739817920459996,0.02626262626262632,0.0,0.5909090909090908,0.0,1.0,0.5531149301825993,1.0,0.4,0.10654239766081874,0.9491525423728814,0.0,0.0625,0.2222222222222222,0.0,0.6428571428571428,0.4117647058823529,0.8796992481203008,0.052631578947368474,0.2886221294363256,0.6338725652030373,0.7894736842105263,0.8711978971085242,0.33333333333333337,0.0,0.0,0.9175925925925926,0.0,0.0,0.0,0.47213914685975134,0.6428571428571428,0.0,0.3370161014045907,0.736801991768711,0.0,0.0,0.6178334106011436,0.0,0.0,0.0,0.7407407407407407,0.8001579778830964,0.0,1.0,0.355342075836129,0.7976878612716763,1.0,0.0,0.75,1.0,0.574712643678161,0.5707865168539326,0.0,0.96875,0.0,0.0,0.0,0.09090909090909094,0.0,0.0,0.0,0.0,0.8406617755674824,0.0,0.0,0.0,0.0,1.0,0.0,0.0,0.0,0.0,0.0,0.0,0.8435462842242503,0.0,0.0,0.0,0.9487179487179487,0.0,0.0,0.0,0.2801449025357944,0.75,0.0,0.2500000000000001,1.0,0.0,0.816358024691358,0.8683405422512923,0.5,0.23392966464866327,0.9285714285714286,0.11111111111111105,0.11095603628750872,0.0,0.0,0.75,0.3527162657320376,0.0,0.0625,0.0,0.8309859154929577,0.4666666666666667,0.9,0.5833333333333333,0.0,0.28169014084507027,1.0,0.5,0.33333333333333326,0.0,0.3125,0.7777777777777778,0.0,0.7468297101449275,0.8506204071798579,0.0,0.5,0.0,0.33939873417721533,0.0,0.9,0.75,0.8411532756936657,0.0,0.8695652173913043,0.02164804469273729,0.9673202614379085,0.0,0.0,0.0,0.8200359928014397,0.728414801279123,0.06704237722315731,0.0,0.9777948467285804,0.0,0.0,0.0,0.5,0.0,0.0,0.0,0.0,0.8972868217054264,0.6000000000000001,0.0,0.0,0.0,0.0,0.0,0.0,1.0,0.0,0.4779411764705883,0.0,0.6861924686192469,0.0,0.0,0.0,0.6486710963455149,0.0,0.0,0.0,0.814749000444247,0.0,0.0,0.6666666666666667,0.0,0.0,0.7691850089232599,0.0,0.5055401662049861,0.06666666666666665,0.6,0.0,1.0,0.5,0.0,0.0,0.09090909090909094,0.028571428571428692,0.4,0.0,0.2185672514619884,0.8148148148148149,0.0,0.19999999999999996,0.0,0.8571428571428572,0.8362068965517241,1.0,0.0,0.0,0.07147220525351261,0.4,0.0,0.0,0.0,0.0,0.0,0.7890563045202221,0.0,0.0,0.0,0.75,0.6666666666666666,0.0,0.4362386582348089,0.3351718285956725,0.7360594795539034,0.0,0.0,0.23809523809523803,0.82909604519774,0.6666666666666666,0.0,0.0,1.0,0.0,0.0,0.0,0.0,m2
0.0,0.0,0.8974358974358975,0.0,0.0,0.5,0.0,0.0,0.6868760369065984,0.0,0.9057097957045573,0.0,0.0,0.0,0.9238624034718234,0.0,0.3846153846153846,0.1794871794871794,0.5789473684210527,0.6481481481481481,0.0,0.0,0.0,0.0,0.5554667838453242,0.02626262626262632,0.4067796610169492,0.31818181818181823,0.4,0.5,0.11815252416756161,0.0,0.0,0.0,0.44067796610169496,0.0,0.0625,0.0,0.4285714285714285,0.0,0.4117647058823529,0.8796992481203008,0.4736842105263158,0.0,0.0,0.0,0.5080736012016522,0.2222222222222222,0.3897624623619941,0.8912097476066144,0.0,0.3440599515098083,0.0650860829190123,0.0,0.0,0.6428571428571428,0.0,0.17513802720701244,0.3874381164733005,0.45650228844764107,0.0,0.6178334106011436,0.9368530020703933,0.75,1.0,0.0,0.0,0.8415841584158416,1.0,0.10811387900355884,0.8333333333333334,0.9,0.0,0.0,1.0,0.574712643678161,0.9305413687436159,0.0,0.0,0.0,0.0,0.0,0.09090909090909094,0.0,0.0,0.9090909090909091,0.0,0.0,0.0,0.0,0.0,0.6206896551724137,1.0,0.8282208588957055,0.0,0.0,0.0,0.7433155080213903,0.0,0.20761245674740492,0.28205128205128205,0.0,0.7333333333333334,0.3076923076923076,0.0,1.0,1.0,0.7026047955839227,0.75,0.0,0.2500000000000001,1.0,1.0,0.0,0.0,1.0,0.0,0.2857142857142856,0.11111111111111105,0.11095603628750872,0.36363636363636365,0.36363636363636365,0.0,0.3523058960887332,0.3571428571428571,0.6875,0.375,0.0,0.0,0.8,0.5416666666666667,0.48766546329723226,0.7894932935916542,0.6283618581907091,0.0,0.2777777777777777,0.0,0.0,0.7777777777777778,0.0,0.5689915458937198,0.6417522583838634,0.650750037130551,0.6237113402061856,0.0,1.0,0.44444444444444453,0.09999999999999987,0.0,0.37038689172289085,0.20000000000000007,1.0,0.02164804469273729,0.9673202614379085,0.9279999999999999,0.0,0.0,0.5403669266146771,0.728414801279123,0.7943350655053795,0.0,0.0,0.0,0.0,0.0,0.08333333333333337,0.0,0.0,0.8823529411764706,0.0,0.0,0.6000000000000001,0.0,0.0,0.7682926829268293,0.0,0.9494047619047619,0.0,1.0,0.0,1.0,0.0,0.3916317991631799,0.3846153846153846,1.0,0.29999999999999993,0.7574750830564785,0.0,0.3076923076923077,0.0,0.27543314082629944,0.0,0.3403543965229019,0.33333333333333337,0.4,0.0,0.0,0.5602409638554215,0.6468144044321329,0.0,0.0,0.0,0.0,0.0,0.5,0.0,0.09090909090909094,0.4285714285714285,0.0,0.1333333333333332,0.4771451483560546,0.0,0.7142857142857143,0.0,0.0,0.2857142857142857,0.0,0.9,0.41580685101114323,0.0,0.25778863775198524,0.4,0.0,0.2625416468348406,0.6,0.0,0.0,0.595005675368899,0.8335766423357664,0.5,0.5714285714285714,0.0,0.9375,0.92,0.9131619729599744,0.3351718285956725,0.0,0.9090909090909091,0.0,0.0,0.4664548022598869,0.6666666666666666,0.6253376012803842,0.0,0.0,0.0,0.0,0.0,0.3571428571428571,m2
0.8122762148337596,0.0,0.0,0.0,0.0,0.0,0.0,0.0,0.0,0.0,0.0,0.0,0.0,0.0,0.0,0.19999999999999996,1.0,0.9583333333333334,0.8518518518518519,0.0,0.9490737479749243,0.0,0.04127981716897566,0.0,0.0,0.9497991967871486,0.72,0.0,0.4,1.0,0.6115626437662937,0.9090909090909091,0.33333333333333326,0.09166976571216068,0.0,0.0,0.0625,1.0,0.9615384615384616,0.0,0.4117647058823529,0.8954545454545455,0.5789473684210527,0.2822361546499478,0.2795450799406626,0.0,0.7049180327868853,0.2222222222222222,0.3897624623619941,0.0,0.924074074074074,0.0,0.6227847062684608,0.0,0.4684922732004163,0.6428571428571428,0.0,0.32895498206226137,0.6576048011465425,0.671100175505007,0.882816605359958,0.3881118881118881,0.9368530020703933,0.6133333333333334,0.375,0.0,0.0,0.0,1.0,0.0,0.0,1.0,0.206896551724138,0.75,1.0,0.9677403869233354,0.9305413687436159,0.0,0.9919354838709677,0.0,0.0,0.0,0.09090909090909094,0.8656716417910448,0.0,0.0,0.0,0.0,0.0,0.0,0.0,0.0,0.75,0.0,0.0,0.0,0.0,0.06909547738693478,0.9557522123893806,1.0,0.9512195121951219,0.3867403314917127,0.0,1.0,0.0,0.875,1.0,0.0,1.0,0.7645693656523982,0.0,0.5,0.0,0.816358024691358,0.5650406504065042,0.6666666666666666,0.23392966464866327,0.0,0.11111111111111105,0.13568670711527853,0.8636363636363636,1.0,0.0,0.3523058960887332,0.7857142857142857,0.8125,0.0,0.323943661971831,0.0,0.8,0.5416666666666667,0.48766546329723226,0.27193315609570823,0.0,0.5,0.4444444444444444,0.0,0.31464174454828653,0.7777777777777778,0.0,0.7468297101449275,0.8810790743719836,0.8974744222651498,0.0,0.82,1.0,0.8888888888888888,0.8,0.0,0.0,0.0,0.9775208297908519,0.0,0.0,1.0,0.375,0.0,0.5470488123720494,0.9862943116240726,0.7812862781518459,0.0,0.9782861044725162,0.0,0.0,0.0,0.5,0.8695652173913043,0.0,0.0,0.0,0.0,0.0,0.0,0.0,0.0,0.0,0.0,0.0,0.5,0.0,0.0,0.29999999999999993,0.7432905484247374,0.641025641025641,0.0,0.0,0.6486710963455149,0.0,0.20512820512820518,0.0,0.0,0.7142857142857143,0.0,0.0,0.6,0.0,0.7539140907266157,0.4444444444444444,0.011080332409972193,0.06666666666666665,0.19999999999999996,0.0,1.0,0.75,0.75,0.0,0.09090909090909094,0.4,0.0,0.0,0.0,0.0,1.0,0.0,0.0,0.5,1.0,1.0,0.3619479983491539,0.0,0.07147220525351261,0.4,0.0,0.0,0.0,0.24699421107317798,0.6923076923076923,0.8984375,0.8335766423357664,0.0,0.5714285714285714,0.0,1.0,0.0,0.44082809224318653,0.8853415358506577,0.15384615384615374,1.0,0.1428571428571428,0.23809523809523803,0.46031746031746035,1.0,0.6253376012803842,0.0,1.0,0.0,0.0,0.0,0.0,m2
0.0,0.5768488745980707,0.0,0.0,0.6546328346253969,0.5,0.1629924619542027,0.9076787182845482,0.7067232521777977,0.0,0.0,0.0,0.0,0.0,0.8256314580941446,0.09999999999999998,0.3846153846153846,0.1794871794871794,0.8421052631578947,0.6512749827705031,0.0,0.0,0.4153456872813873,0.0,0.0,0.0,0.0,0.5909090909090908,0.4,0.0,0.0,0.9090909090909091,0.0,0.58203125,0.0,0.0,0.0,0.0,0.0,0.6428571428571428,0.17647058823529416,0.6796116504854369,0.052631578947368474,0.9615384615384616,0.0,0.3290322580645161,0.8333333333333333,0.33333333333333337,0.0,0.30456852791878175,0.6153846153846154,0.0,0.240242261103634,0.0,0.4413458900978332,0.0,0.9285714285714286,0.9407535231521427,0.39715045731151855,0.5213015205125753,0.2902033271719039,0.6514930808448651,0.5520565552699229,0.6974358974358974,0.0,0.5555555555555556,0.25894639840270306,0.0,0.48863636363636365,0.9735014806494435,0.9075144508670521,0.0,0.0,0.0,0.32797427652733113,0.0,0.9004362329997434,0.0,0.0,0.0,0.0,0.0,0.09090909090909094,0.0,0.7916666666666666,0.0,0.0,0.8406617755674824,0.0,0.4269115591934518,0.8799943293244807,0.6206896551724137,0.0,0.0,0.0,0.0,0.0,0.96,0.8102303787582975,0.03650586701434144,0.28205128205128205,1.0,0.7333333333333334,0.84375,0.0,0.8208955223880597,1.0,0.0,0.0,0.17888365837256237,0.2500000000000001,0.5,0.0,0.6587837837837838,0.9436619718309859,0.0,0.0,0.0,0.11111111111111105,0.9,0.36363636363636365,0.0,0.75,0.3479859210011733,0.3571428571428571,0.0625,1.0,0.0,1.0,0.09999999999999998,0.5833333333333333,0.0,0.4543795620437957,0.019002375296912066,0.5,0.0,0.0,0.7476635514018692,0.0,1.0,0.26923076923076916,0.675679788961039,0.9051221290557784,1.0,0.5517241379310345,0.8084866691701089,0.8666666666666667,0.9,0.75,0.0,0.0,1.0,1.0,0.9673202614379085,0.0,0.0,0.0,0.5661764705882353,0.0,0.8384703196347032,0.0,0.0,0.0,0.0,0.0,0.5,0.0,1.0,0.0,0.0,0.8972868217054264,0.6000000000000001,0.9090909090909091,0.9545454545454546,0.33333333333333337,0.0,0.0,0.0,0.0,0.0,0.42222222222222217,0.0,0.3916317991631799,0.3638443935926773,0.3917525773195877,0.29999999999999993,0.0,0.0,0.46153846153846156,0.0,0.0,0.2857142857142857,0.0,0.6666666666666667,0.6,0.0,0.0,0.7428571428571429,0.3022959183673469,0.06666666666666665,0.19999999999999996,0.0,1.0,0.0,0.0,0.0,0.09090909090909094,0.4285714285714285,0.4,0.0,0.4771451483560546,0.37037037037037046,0.5714285714285714,0.19999999999999996,0.46153846153846156,0.0,0.0,0.09999999999999998,0.07954300495796529,0.0,0.0,0.0,0.5,0.15919487648673392,0.04166666666666674,0.07269076305220878,0.3846153846153846,0.594434306569343,0.0,0.0,0.0,0.4375,0.0,0.0,0.0,0.3260500636402207,0.9567262464722484,1.0,0.0,0.0,0.6360148663229829,0.36363636363636365,0.5353654429100708,0.0,0.0,0.0,0.0,0.0,0.0,m2
0.0,0.0,0.0,0.0,0.0,0.5,0.0,0.0,0.6722772277227723,0.0,0.9057097957045573,0.0,0.0,0.0,0.29522618303106096,0.734375,0.3846153846153846,0.5769230769230769,0.052631578947368474,0.0,0.6710822625513313,0.0,0.0,0.0,0.7198311246628357,0.0,0.5593220338983051,0.31818181818181823,0.8,0.0,0.4447361512207929,0.2727272727272728,0.35,0.897173670509483,0.0,0.0,0.78125,1.0,0.25,0.6428571428571428,0.0,0.9022556390977443,0.052631578947368474,0.2886221294363256,0.0,0.9010989010989011,0.8711978971085242,0.33333333333333337,0.3947229551451188,0.0,0.934643995749203,0.09714285714285709,0.27249294218730824,0.0,0.46627000080405245,0.6428571428571428,0.9285714285714286,0.6307131880015937,0.6537534510714755,0.45650228844764107,0.7635840230298668,0.9089100154764537,0.9368530020703933,0.8188405797101449,1.0,0.0,0.0,0.0,0.0,0.8120926474548883,1.0,1.0,0.0,0.75,0.4662379421221865,0.0,0.0,0.0,0.0,0.0,0.5,0.0,0.09090909090909094,0.0,0.0,0.0,0.0,0.0,0.0,0.6386586284853052,0.0,0.6206896551724137,1.0,0.8282208588957055,0.0,0.0,0.0,0.0,0.8114086146682189,0.03650586701434144,0.641025641025641,0.6744040150564619,0.0,0.84375,0.0,1.0,1.0,0.8678347393467445,0.0,0.8493611297915266,0.2500000000000001,1.0,0.0,0.44907407407407407,0.39624432957062994,0.0,0.9200734643901776,0.0,0.11111111111111105,0.881367759944173,0.8636363636363636,0.0,0.75,0.6513426736719206,0.5476190476190477,0.0625,0.0,0.0,0.20000000000000007,0.9,0.5833333333333333,0.48766546329723226,0.0,0.9539918809201624,0.5,0.0,0.0,0.31464174454828653,0.7777777777777778,1.0,0.9305555555555556,0.8810790743719836,0.64298490377048,1.0,0.86,1.0,0.8888888888888888,0.8,0.0,0.0,0.0,0.0,0.02164804469273729,0.9673202614379085,1.0,0.0,0.0,0.8457615195216321,0.0,0.0006620872299926139,0.0,0.0,0.0,0.9363360762234734,0.0,0.08333333333333337,0.0,0.0,0.0,0.0,0.0,0.6000000000000001,0.625,0.0,0.6774193548387096,0.0,0.9365079365079365,0.0,1.0,0.0,0.4779411764705883,0.9090909090909091,0.3916317991631799,0.5641025641025641,0.09278350515463918,0.0,0.6134751773049645,0.0,0.8571428571428572,0.0,0.4850088183421517,0.2857142857142857,0.17352056168505514,0.33333333333333337,0.8,0.0,0.702152414194299,0.0,0.2142857142857143,0.033333333333333326,0.0,0.0,0.6666666666666667,0.75,0.0,0.0,0.13636363636363635,0.4,0.4,0.0,0.4444444444444444,0.37037037037037046,0.0,0.19999999999999996,0.0,0.8571428571428572,1.0,1.0,0.11019397441188616,0.0,0.5789473684210527,0.4,0.5,0.22931937172774852,0.0,0.0,0.3846153846153846,0.8013620885357549,0.8335766423357664,0.0,0.5714285714285714,0.0,1.0,0.0,0.75,0.0,0.815748031496063,1.0,0.0,0.23809523809523803,0.46193501978180085,0.0,0.0,0.0,0.0,0.0,0.8095238095238095,0.0,0.3571428571428571,m2
0.0,0.0,0.0,0.0,0.0,0.5,0.0,0.0,0.6868760369065984,0.0,0.0,0.0,0.0,0.0,0.3011360010211246,0.19999999999999996,0.2692307692307693,0.0,0.052631578947368474,0.981736733287388,0.9899225337629396,0.0,0.030472806777807948,0.0,0.8945012787723785,0.0,0.0,0.9090909090909091,0.0,1.0,0.0,0.9090909090909091,0.0,0.0,0.44067796610169496,0.0,0.0625,1.0,0.4285714285714285,0.0,0.2941176470588236,0.8796992481203008,0.4736842105263158,0.2886221294363256,0.0,0.0,0.009763424708974844,0.2222222222222222,0.356560717196414,0.8890339425587467,0.9230769230769231,0.20277716552788194,0.6221802194189917,0.0,0.46627000080405245,0.6428571428571428,0.9285714285714286,0.3370161014045907,0.3874381164733005,0.671100175505007,0.2902033271719039,0.0,0.9368530020703933,0.0,0.0,0.0,0.04498224385111127,0.0,1.0,0.355342075836129,0.9075144508670521,0.0,0.0,0.0,1.0,0.6636263261485287,0.5707865168539326,0.0,0.0,0.0,0.0,0.0,0.0,0.0,0.0,0.0,0.0,0.0,0.0,0.0,0.0,0.6206896551724137,1.0,0.0,0.0,0.0,0.0,0.0,0.8878540939076446,0.34419817470664926,0.0,0.5943719972546326,1.0,1.0,0.0,0.875,1.0,1.0,0.0,0.17888365837256237,1.0,1.0,0.0,0.07002314814814825,0.704225352112676,1.0,0.0,0.2857142857142856,0.0,0.11095603628750872,0.8636363636363636,0.36363636363636365,0.0,0.8374927028604787,0.3571428571428571,0.6875,0.0,0.0,0.0,0.0,0.5416666666666667,0.39500601684717207,0.8302919708029197,0.0,0.7692307692307692,0.4444444444444444,0.0,0.31464174454828653,0.7777777777777778,1.0,0.6219135802469136,0.6417522583838634,0.8977424624981435,1.0,0.12,1.0,0.0,0.9,0.0,0.0,0.0,0.9990477809896277,0.02164804469273729,0.9673202614379085,0.0,0.0,0.0,0.5403669266146771,0.728414801279123,0.06704237722315731,0.0,0.0,0.0,0.0,0.0,0.0,0.0,0.0,0.0,0.0,0.0,0.6000000000000001,0.0,0.0,0.33333333333333337,0.0,0.0,0.0,1.0,0.0,0.5555555555555556,1.0,0.5606694560669456,0.0,0.05555555555555547,0.9,0.9219269102990033,0.0,0.20512820512820518,0.0,0.6015104398045313,0.2857142857142857,0.0,0.8888888888888888,0.0,0.0,0.10477719791248497,0.3313253012048192,0.0,0.0,0.0,0.33333333333333337,0.0,0.75,0.5,0.0,0.0,0.4285714285714285,0.0,0.0,0.4629629629629629,0.0,0.4285714285714286,0.0,0.2564102564102564,0.2857142857142857,0.4568965517241379,0.0,0.3619479983491539,0.0,0.07147220525351261,0.4,0.5,0.0,0.04166666666666652,0.13703048590157096,0.3846153846153846,0.0,0.8335766423357664,0.0,0.0,0.0,1.0,0.0,0.8022536687631028,0.3351718285956725,0.7496635262449529,0.0,0.0,0.0,0.4664548022598869,0.6666666666666666,0.0,0.0,0.0,0.0,0.0,0.0,0.2857142857142857,m2
0.0,0.0,0.0,0.0,0.0,0.0,0.5250263832353385,0.9187462326702833,0.0,0.0,0.0,0.0,0.0,0.0,0.33024380962735445,0.19999999999999996,0.0,0.47916666666666663,0.8518518518518519,0.0,0.9580027290645373,0.0,0.0,0.0,0.8938795455470945,0.02626262626262632,0.72,0.8636363636363636,0.4,0.0,0.0,0.0,0.5,0.9422514619883041,0.0,0.0,0.0,0.0,0.0,0.6428571428571428,0.17647058823529416,0.0,0.5789473684210527,1.0,0.6339212131201581,0.0,0.9001821493624772,0.2222222222222222,0.38043478260869557,0.8797250859106529,0.9175925925925926,0.4461839530332681,0.24362922301066603,0.0,0.0,0.6428571428571428,0.9285714285714286,0.7006714002801526,0.6537534510714755,0.671100175505007,0.8407777193904362,0.0,0.9601542416452442,0.728,0.375,0.0,0.0,0.0,1.0,0.0,0.8901734104046243,1.0,0.0,0.0,0.32797427652733113,0.9070811249582199,0.9004362329997434,0.9473684210526315,0.0,0.0,1.0,0.0,0.0,0.0,0.0,0.0,0.0,0.0,0.0,0.663134557073457,0.6846846846846847,0.0,0.75,0.0,0.0,0.0,0.0,0.6453900709219857,0.901702786377709,0.0,0.5609756097560976,0.6098509397278029,0.0,0.9487179487179487,0.0,1.0,1.0,1.0,0.75,0.7645693656523982,0.75,0.5,0.0,0.0,0.0,0.6,0.9816747669508405,0.0,0.11111111111111105,0.0,0.36363636363636365,0.0,0.75,0.3479859210011733,0.3571428571428571,0.8125,0.9888888888888889,0.8309859154929577,0.7142857142857143,0.9,0.5416666666666667,0.84256,0.7894932935916542,1.0,0.0,0.0,0.0,0.0,0.7777777777777778,1.0,0.9305555555555556,0.9024959415584415,0.9044674736567099,1.0,0.8620689655172413,1.0,0.8666666666666667,0.8,0.0,0.37038689172289085,0.0,0.8950859210129636,0.0,0.954248366013072,1.0,0.0,0.0,0.5469748168611104,0.9287838029166077,0.7681916426512968,1.0,0.0,0.0,0.940045719035744,0.0,0.0,0.0,0.0,0.0,0.0,0.0,0.0,0.9090909090909091,0.7582417582417582,0.0,0.0,0.0,0.0,0.5,0.0,0.4779411764705883,0.29999999999999993,0.21120186697782972,0.0,0.0,0.0,0.6289473684210526,0.0,0.3076923076923077,0.0,0.5497872340425533,0.0,0.0,0.8888888888888888,0.6,0.0,0.0,0.7777777777777778,0.5055401662049861,0.7666666666666666,0.19999999999999996,0.0,1.0,0.0,0.0,0.0,0.09090909090909094,0.0,0.0,0.5333333333333333,0.17816527672479165,0.0,1.0,0.0,0.0,1.0,0.905511811023622,0.5,0.07954300495796529,0.0,0.25778863775198524,0.4,0.5,0.2260577568838147,0.0,0.24699421107317798,0.7692307692307693,0.0,0.8477564102564102,0.0,0.5714285714285714,0.0,0.09230769230769231,0.0,0.5213228894691035,0.8853415358506577,1.0,1.0,0.0,0.0,0.6426553672316384,1.0,0.6253376012803842,0.6666666666666667,0.0,0.0,0.8095238095238095,0.0,0.2857142857142857,m2
0.0,0.0,0.0,0.5416666666666667,0.6922787760318774,0.0,0.0,0.0,0.0,0.0,0.0,0.8397553516819571,0.9062857142857143,0.0,0.2953456394016416,0.09999999999999998,0.2692307692307693,0.5769230769230769,0.5789473684210527,0.0,0.0,0.0,0.2860757609585475,0.0,0.39579599152680467,0.0,0.4067796610169492,0.0,0.4,1.0,0.5531149301825993,0.0,0.0,0.7355894384529564,0.0,0.0,1.0,0.0,1.0,0.6428571428571428,0.0,0.9022556390977443,0.4736842105263158,0.0,0.2795450799406626,0.0,0.8711978971085242,0.2222222222222222,0.3980099502487562,0.4664926022628373,0.0,0.032620674454485354,0.6221802194189917,0.0,0.4684922732004163,0.0,0.8571428571428571,0.6329793308210575,0.0,0.45650228844764107,0.822550831792976,0.6514930808448651,0.4130434782608695,0.33333333333333337,0.0,0.5555555555555556,0.04498224385111127,0.0,1.0,0.10811387900355884,0.8901734104046243,1.0,0.0,0.0,1.0,0.6636263261485287,0.9305413687436159,0.0,0.0,0.0,0.0,0.0,0.6818181818181819,0.0,0.0,0.0,0.6330545991146089,0.8406617755674824,0.0,0.0,0.0,0.0,1.0,0.0,0.7391304347826086,0.8808091004387156,0.0,0.0,0.8114086146682189,0.34419817470664926,0.641025641025641,0.0,0.0,0.0,0.0,0.0,1.0,0.31263048016701445,0.0,0.0,0.0,0.5,0.0,0.816358024691358,0.0,1.0,0.7293381402625672,0.0,0.0,1.0,0.36363636363636365,1.0,0.75,0.6513426736719206,0.7857142857142857,0.6875,0.3765743073047859,0.323943661971831,0.0,0.9,0.5416666666666667,0.39500601684717207,0.4543795620437957,0.6310679611650486,0.23076923076923073,0.4444444444444444,0.0,0.31464174454828653,0.0,1.0,0.8333333333333334,0.0,0.650750037130551,1.0,0.0,0.7239307681304534,0.44444444444444453,0.9,0.75,0.0,0.0,0.9990477809896277,0.02164804469273729,0.954248366013072,1.0,0.0,0.0,0.5403669266146771,0.728414801279123,0.7943350655053795,0.0,0.0,0.0,0.0,0.0,0.75,0.0,0.0,0.0,0.5384615384615385,0.8333333333333334,0.0,0.0,0.0,0.0,0.0,0.0,0.23333333333333328,0.0,0.0,0.5555555555555556,0.9090909090909091,0.5606694560669456,0.5641025641025641,1.0,0.0,0.7574750830564785,0.0,0.0,0.0,0.814749000444247,0.2857142857142857,0.3403543965229019,0.0,0.6,0.0,0.7547999999999999,0.5602409638554215,0.0,0.09999999999999998,0.19999999999999996,0.33333333333333337,0.8333333333333334,0.0,0.75,0.0,0.13636363636363635,0.4,0.0,0.1333333333333332,0.0,0.0,0.0,0.0,0.2564102564102564,0.0,0.0,0.9,0.3619479983491539,0.0,0.07147220525351261,0.0,0.0,0.22931937172774852,0.2060185185185185,0.0,0.7692307692307693,0.595005675368899,0.0,0.5,0.0,1.0,1.0,0.0,0.8022536687631028,0.3351718285956725,0.5827725437415882,1.0,0.0,0.0,0.4664548022598869,0.6666666666666666,0.6253376012803842,0.0,0.0,0.0,0.0,0.0,0.7142857142857143,m2
0.0,0.0,0.0,0.0,0.0,0.5,0.0,0.8938083708059495,0.0,0.0,0.0,0.0,0.9062857142857143,0.0,0.2581174680706251,0.19999999999999996,0.0,0.1794871794871794,0.5789473684210527,0.6046511627906976,0.4933160415003991,0.0,0.3597977589505329,0.0,0.0,0.0,0.0,0.0,0.4,1.0,0.0,1.0,0.35,0.8125,0.943502824858757,0.6363636363636364,0.0,1.0,0.4285714285714285,0.6428571428571428,0.5882352941176471,1.0,0.5789473684210527,0.9528688524590164,0.0,0.0,0.2084115659031167,0.2222222222222222,0.4035087719298245,0.938207136640557,0.0,0.20277716552788194,0.5955585464333784,0.0,0.0,0.6428571428571428,0.8571428571428571,0.2753784056508578,0.0,0.5213015205125753,0.0,0.0,0.9601542416452442,0.44999999999999996,0.1250000000000001,0.5555555555555556,0.09251991913426105,0.0,1.0,0.7298932384341636,0.0,0.0,0.0,0.08695652173913038,0.0,0.9070811249582199,0.4772902232486529,0.0,0.0,0.0,0.5,0.0,0.09090909090909094,0.0,0.0,0.0,0.0,0.0,0.0,0.0,0.869608195542775,0.0,0.75,0.0,0.0,0.8769238346179419,0.0,0.15736360769473345,0.8871534556813745,0.0,0.28205128205128205,0.0,0.7333333333333334,0.33333333333333326,0.0,0.0,0.0,0.0,0.0,0.16909331568497699,0.0,1.0,1.0,0.05714854639585809,0.875725900116144,0.0,0.9831190754447474,1.0,0.7777777777777778,0.0,0.8636363636363636,0.36363636363636365,0.75,0.6045940479630164,0.7857142857142857,0.8125,1.0,0.323943661971831,0.7142857142857143,0.4,0.5416666666666667,0.53376,1.0,0.9375,0.7692307692307692,0.4444444444444444,0.0,0.0,0.7777777777777778,1.0,0.6219135802469136,0.0,0.9051221290557784,0.6237113402061856,0.8620689655172413,1.0,0.46666666666666656,0.0,0.75,0.28298908162783,0.0,0.9858305697919807,0.7993482309124768,0.0,1.0,0.0,0.0,0.5717856428714256,0.9293831168831169,0.0,0.0,0.0,0.0,0.9248281786941581,0.0,0.5,0.0,0.0,0.0,0.0,0.0,0.6000000000000001,0.0,0.7582417582417582,0.0,0.0,0.0,0.0,0.0,0.0,0.0,0.29999999999999993,1.0,0.3846153846153846,1.0,0.0,0.0,0.0,0.0,0.0,0.0,0.2857142857142857,0.0,0.0,0.4,0.0,0.27488938053097356,0.0,0.2119113573407203,0.7666666666666666,0.6,0.33333333333333337,0.0,0.75,0.5,0.0,0.13636363636363635,0.4,0.0,0.0,0.0,0.0,0.5714285714285714,0.0,0.2564102564102564,0.6666666666666667,1.0,0.0,0.34253071782711797,0.0,0.3928571428571429,0.4,0.0,0.0,0.22972972972972971,0.07269076305220878,0.0,0.0,0.8477564102564102,0.5,0.4285714285714286,0.4375,0.09230769230769231,0.0,0.0,0.0,0.9238005644402634,0.0,0.0,0.23809523809523803,0.6426553672316384,0.6666666666666666,0.0,0.0,0.0,0.0,0.8095238095238095,0.0,0.0,m2
0.0,0.0,0.0,0.5416666666666667,0.0,0.5,0.0,0.9108391117599169,0.0,0.0,0.0,0.0,0.8421092165552468,0.0,0.0,0.890625,0.7307692307692308,0.0,0.5789473684210527,1.0,0.8659262651705977,0.0,0.40803498223558343,0.0,0.5509358885866256,0.9194029850746268,0.4067796610169492,0.31818181818181823,0.0,0.0,0.4370984569765526,0.0,0.4,0.0,0.0,0.6363636363636364,0.0625,1.0,0.7142857142857142,0.6428571428571428,0.4342105263157895,0.0,0.052631578947368474,0.4482758620689655,0.0,0.0,0.8711978971085242,0.33333333333333337,0.0,0.8591549295774648,0.5301204819277108,0.09714285714285709,0.062359066868927004,0.0,0.4522144522144521,0.0,0.0,0.08090268486308105,0.6537534510714755,0.0,0.0,0.44550077382268416,0.0,1.0,0.1250000000000001,0.5555555555555556,0.0,0.9603960396039604,1.0,0.8585163918007612,0.0,0.0,0.0,0.0,1.0,0.44913830348999084,0.0,0.0,0.0,0.7977977977977978,0.0,0.0,0.09090909090909094,0.0,0.0,0.0,0.6156472684085511,0.0,0.0,0.5278818711999007,0.6491754122938531,0.0,0.0,0.0,0.0,0.8992438563327032,0.0,0.0,0.8898628048780488,0.7923875432525952,0.0,0.0,1.0,0.9487179487179487,0.0,1.0,0.0,0.7026047955839227,1.0,0.0,0.2500000000000001,1.0,0.0,0.4810350939383198,0.0,0.6,0.8021902806297057,0.0,0.7777777777777778,0.0,0.8636363636363636,0.8636363636363636,0.75,0.8265891349370719,0.6190476190476191,0.0625,0.7528344671201814,0.323943661971831,0.0,0.9,0.5833333333333333,0.8421052631578947,0.0,0.9558823529411765,0.5,0.2777777777777777,0.0,0.8,0.0,0.0,0.7789541918755403,0.0,0.0,0.875,0.82,0.8076923076923077,0.8888888888888888,0.0,0.75,0.37038689172289085,1.0,0.09542314335060453,0.8888888888888888,0.0,0.9256198347107438,0.0,0.0,0.9644821547492786,0.0,0.15983714210664557,0.0,0.0,0.7341772151898733,0.0,0.0,0.5,0.0,0.0,0.0,0.5384615384615385,0.0,0.6000000000000001,0.625,1.0,0.0,0.0,0.0,0.0,0.5420560747663552,0.0,0.9423076923076923,0.29999999999999993,0.6861924686192469,0.7171052631578947,1.0,0.8181818181818181,0.85,0.0,0.46153846153846156,0.0,0.18765957446808512,0.7142857142857143,0.43801652892561993,0.33333333333333337,0.0,0.0,0.15170008718395822,0.0,0.0,0.033333333333333326,0.19999999999999996,0.33333333333333337,0.0,0.75,0.75,0.0,0.6666666666666667,0.028571428571428692,0.4,0.17647058823529416,0.0,0.0,0.0,0.19999999999999996,0.0,0.8571428571428572,1.0,0.04761904761904756,0.42105263157894735,0.0,0.0,0.0,0.0,0.0,0.0,0.16586345381526102,0.0,0.24434285714285708,0.0,0.0,0.4285714285714286,0.4375,0.09230769230769231,0.88,0.4581862612001085,0.866935183113299,0.0,0.7777777777777778,0.0,0.0,0.984174559405347,0.36363636363636365,0.0,0.0,0.0,0.7777777777777778,0.0,0.0,0.0,m2
0.0,0.0,0.0,0.0,0.6546702903733371,0.0,0.0,0.0,0.0,0.0,0.0,0.0,0.8465885307660108,0.0,0.0,1.0,0.2692307692307693,0.5769230769230769,0.052631578947368474,0.875,0.13391922996442784,0.0,0.40803498223558343,0.0,0.8941510966693745,0.6973125884016973,0.0,0.0,0.4,1.0,0.0,0.9090909090909091,0.0,0.46484375,0.0,0.6363636363636364,0.0,1.0,0.25,0.6428571428571428,0.4117647058823529,0.0,0.4736842105263158,0.4482758620689655,0.0,0.3290322580645161,0.5080736012016522,0.2222222222222222,0.3151111111111111,0.8611111111111112,0.0,0.0,0.5975170204245095,0.0,0.30968272835329624,0.6428571428571428,0.9285714285714286,0.0,0.45895020188425306,0.0,0.38205302515295714,0.6514930808448651,0.5714285714285714,0.6974358974358974,1.0,0.0,0.0,0.0,1.0,0.8593428476601395,0.0,0.9516129032258065,0.0,0.0,0.7170418006430868,0.0,0.8461695607763023,0.0,0.0,1.0,0.0,0.9375,0.09090909090909094,0.0,0.0,0.0,0.0,0.7706611570247934,0.0,0.0,0.0,0.0,0.0,0.0,0.0,0.8889515464364725,0.0,0.0,1.0,0.34419817470664926,0.641025641025641,0.6649451258876694,0.7333333333333334,0.84375,0.0,1.0,0.0,1.0,0.7272727272727273,0.16909331568497699,0.0,1.0,1.0,0.07002314814814825,0.5650406504065042,1.0,0.0,0.0,0.7777777777777778,1.0,0.8636363636363636,0.0,0.75,0.3527162657320376,0.0,0.6875,0.7455919395465995,0.323943661971831,0.20000000000000007,0.8,0.5416666666666667,0.39500601684717207,0.0,0.3076923076923076,0.5,0.0,0.0,0.5,0.7777777777777778,1.0,0.39102564102564097,0.647271413082761,0.4255319148936171,1.0,0.0,0.0,0.8666666666666667,0.09999999999999987,0.0,0.0,0.0,1.0,0.9022346368715084,0.0,0.9256198347107438,0.0,0.0,0.8210541893791776,0.0,0.33182295770948245,0.0,0.0,0.7341772151898733,0.0,1.0,0.08333333333333337,0.0,0.0,0.0,0.0,1.0,0.0,0.0,0.0,0.0,0.0,0.0,0.0,0.5420560747663552,0.0,0.0,0.8,0.5606694560669456,0.7719298245614035,0.05555555555555547,0.0,0.0,0.0,0.46153846153846156,0.0,0.5497872340425533,0.0,0.0,0.0,0.4,0.0,0.0,0.18367346938775508,0.3022959183673469,0.0,0.19999999999999996,0.33333333333333337,0.0,0.75,0.0,0.0,0.09090909090909094,0.028571428571428692,0.0,0.17647058823529416,0.0,0.37037037037037046,0.7142857142857143,0.0,0.2564102564102564,0.8571428571428572,1.0,0.09999999999999998,0.5528455284552845,0.0,0.6793924466338259,0.4,0.5,0.2625416468348406,0.05855855855855874,0.10662460567823329,0.26923076923076916,0.6188957055214724,0.6774193548387097,0.0,0.5714285714285714,0.0,1.0,0.0,0.009067357512953178,0.08554306321595262,0.7012113055181697,0.7777777777777778,0.0,0.0,0.8259201534588179,0.0,0.07487246173852169,0.0,0.0,0.7777777777777778,0.0,0.9,0.3571428571428571,m2
0.0,0.5757111773712628,0.0,0.5416666666666667,0.6546702903733371,0.5,0.0,0.0,0.0,0.0,0.0,0.0,0.0,0.0,0.0,0.734375,0.0,0.3846153846153846,0.052631578947368474,0.4642857142857143,0.18881062910196889,0.0,0.3597977589505329,0.0,0.5496192531661033,0.0,0.5593220338983051,0.31818181818181823,0.0,0.0,0.0770805985823052,0.2727272727272728,0.0,0.8125,0.8587570621468926,0.0,0.9375,0.2222222222222222,0.25,0.0,0.2941176470588236,0.0,0.5789473684210527,0.44885177453027136,0.0,0.0,0.5080736012016522,0.2222222222222222,0.3897624623619941,0.0,0.5301204819277108,0.09714285714285709,0.0,0.0,0.3036766018204534,0.6428571428571428,0.0,0.6464706380815186,0.6576048011465425,0.8694415224251697,0.0,0.6178334106011436,0.0,0.0,0.0,0.7407407407407407,0.0,0.9603960396039604,1.0,0.8071058249466301,1.0,0.7000000000000001,0.206896551724138,0.0,1.0,0.0,0.8461695607763023,0.0,0.0,0.0,0.0,0.0,0.09090909090909094,0.0,0.7916666666666666,0.0,0.6330545991146089,0.8406617755674824,0.0,0.0,0.0,0.0,0.75,0.0,0.0,0.0,0.0,0.0935828877005348,0.4088669950738918,0.0,0.6666666666666666,0.6744040150564619,0.0,0.0,0.0,0.0,0.0,0.7088673816374575,0.0,0.8493611297915266,0.2500000000000001,1.0,0.0,0.0,0.5070422535211268,1.0,0.980002030250736,1.0,0.0,0.9547710976282405,0.0,0.0,0.0,0.8102282872082642,0.6190476190476191,0.8125,0.7528344671201814,0.323943661971831,0.0,0.8,0.5416666666666667,0.48766546329723226,0.0,0.9312320916905444,0.5,0.33333333333333326,0.0,1.0,0.7777777777777778,0.0,0.5424015009380863,0.8810790743719836,1.0,0.44000000000000006,0.0,0.0,0.0,0.9,0.75,0.28298908162783,1.0,0.09542314335060453,0.8219743907476249,0.954248366013072,0.0,0.375,0.0,0.5403669266146771,0.0,0.33182295770948245,0.0,0.0,0.0,0.0,0.0,0.08333333333333337,0.0,0.925414364640884,0.0,0.5384615384615385,1.0,0.6000000000000001,0.0,0.0,0.0,0.0,0.0,0.0,0.5,0.0,0.0,0.0,1.0,0.641025641025641,0.05555555555555547,1.0,0.0,0.0,0.0,0.0,0.18765957446808512,0.2857142857142857,0.24445411048281862,0.33333333333333337,0.0,0.0,0.4183291770573566,0.0,0.0,0.7666666666666666,0.0,0.33333333333333337,1.0,0.5,0.0,0.0,0.6666666666666667,0.028571428571428692,0.0,0.17647058823529416,0.0,0.0,0.7142857142857143,0.0,0.0,0.8571428571428572,1.0,0.04761904761904756,0.07723577235772361,0.0,0.11494252873563238,0.4,0.0,0.9693479295573536,0.0,0.6360441767068272,0.0,0.6197355533790402,0.5868613138686132,0.0,0.0,1.0,0.9375,0.88,0.46447121529382984,0.7080257463907779,0.7546012269938649,1.0,0.1428571428571428,0.0,0.46193501978180085,0.0,0.20402481464669375,0.0,0.0,0.0,0.0,0.0,0.3571428571428571,m2
0.0,0.0,0.0,0.5416666666666667,0.0,0.0,0.0,0.0,0.0,0.0,0.0,0.0,0.0,0.0,0.8650834271675709,0.0,0.0,0.3846153846153846,0.0,0.0,0.11023102310231003,0.0,0.030472806777807948,0.0,0.49355841848067517,0.9891891891891892,0.0,0.0,0.0,0.5,0.4447361512207929,0.9090909090909091,0.19999999999999996,0.5794270833333334,0.0,0.0,1.0,0.2222222222222222,0.0,0.6428571428571428,0.4117647058823529,0.0,0.5789473684210527,0.2931034482758621,0.3361599371033863,0.791869918699187,0.0,0.2222222222222222,0.919705587152894,0.7007874015748031,0.0,0.27428571428571424,0.6227847062684608,0.0,0.18314099347717006,0.0,0.0,0.54735883424408,0.6576048011465425,0.8694415224251697,0.0,0.44550077382268416,0.9368530020703933,0.36397058823529416,1.0,0.0,0.09251991913426105,0.0,0.0,0.9655492864254895,0.0,0.5333333333333333,0.0,0.18518518518518512,1.0,0.6636263261485287,0.31181477698331617,0.0,0.0,0.0,0.9142857142857143,0.0,0.8636363636363636,0.0,0.0,0.0,0.6156472684085511,0.0,0.0,0.0,0.0,0.0,0.0,0.0,0.0,0.0,0.0,1.0,0.0,0.0,0.6666666666666666,0.0027453671928621137,0.0,0.3076923076923076,0.0,0.5223880597014926,1.0,0.6774392120652508,1.0,0.17888365837256237,0.0,1.0,1.0,0.44907407407407407,0.5650406504065042,0.6666666666666666,0.4464915719325755,0.0,0.11111111111111105,1.0,0.0,0.0,0.75,0.3523058960887332,0.0,0.8125,0.0,0.323943661971831,0.9333333333333333,0.9,0.5416666666666667,0.9172683513838749,0.7894932935916542,0.645466847090663,0.0,0.4444444444444444,0.0,0.75,0.0,0.0,0.9360414866032843,0.8810790743719836,1.0,0.6237113402061856,0.82,1.0,0.44444444444444453,0.09999999999999987,0.0,0.2829484113103736,0.0,0.09542314335060453,0.9804469273743017,0.0,0.712,0.0,0.0,0.5367647058823529,0.7298075815186083,0.12007831194257135,0.0,0.0,0.0,0.9185905224787363,0.0,0.8333333333333334,0.0,0.0,0.0,0.5384615384615385,0.0,0.0,0.0,0.0,0.0,0.0,0.0,0.0,0.0,0.0,1.0,0.5,0.0,0.0,0.0,0.0,0.4308510638297872,0.0,0.20512820512820518,0.0,0.2148972602739725,0.7142857142857143,0.0,0.0,0.0,0.0,0.15170008718395833,0.16312056737588654,0.75,0.06666666666666665,0.19999999999999996,0.0,0.6666666666666667,0.5,0.0,0.0,0.0,0.0,0.0,0.8235294117647058,0.0,0.7407407407407407,0.0,0.0,0.5128205128205128,0.2857142857142857,0.0,0.4285714285714285,0.3619479983491539,0.0,0.0,0.0,0.0,0.15919487648673392,0.0,0.6360441767068272,0.0,0.24589416058394153,0.8335766423357664,0.5,0.5714285714285714,0.0,0.9375,0.0,0.36860925460814786,0.9587901842321176,0.0,0.7777777777777778,0.0,0.23809523809523803,0.4664548022598869,0.13636363636363646,0.6423400508706711,0.0,0.0,0.0,0.8095238095238095,0.0,0.9285714285714286,m2
0.0,0.5757111773712628,0.0,0.0,0.0,0.0,0.1591406967705462,0.0,0.0,0.0,0.0,0.0,0.0,0.0,0.2733155002891846,0.703125,0.2692307692307693,0.1794871794871794,0.5789473684210527,0.9815588030619345,0.6501791611044755,0.0,0.3597977589505329,0.0,0.6955352778230406,0.16717791411042937,0.0,0.0,0.0,0.0,0.6425237493822415,0.9090909090909091,0.0,0.7355894384529564,0.7140102827763496,0.0,0.0625,0.2222222222222222,0.0,0.6428571428571428,0.4117647058823529,1.0,0.5789473684210527,0.0,0.27654320987654313,0.0,0.0,0.33333333333333337,0.0,0.37285223367697595,0.934643995749203,0.09714285714285709,0.06178208073514946,0.0,0.604291776763552,0.0,0.9285714285714286,0.3309107688758146,0.40972435251325656,0.45650228844764107,0.0,0.0,0.4130434782608695,0.0,0.0,0.7777777777777778,0.25894639840270306,0.0,0.4,0.3557643214541001,1.0,0.0,0.206896551724138,0.0,1.0,0.44913830348999084,0.0,0.0,1.0,0.0,0.0,0.0,0.09090909090909094,0.0,0.7916666666666666,0.0,0.0,0.0,0.0,0.3728435906957901,0.0,0.0,1.0,0.0,0.0,0.0,0.0,0.0,0.763290648040357,0.34419817470664926,0.28205128205128205,0.0,1.0,0.84375,0.0,0.0,1.0,0.8700417536534446,0.7272727272727273,0.17888365837256237,0.0,1.0,0.0,0.82701169797944,0.9436619718309859,0.0,0.7293381402625672,0.8571428571428571,0.11111111111111105,0.11095603628750872,0.0,0.0,0.75,0.3523058960887332,0.5248176899553046,0.8125,0.4274376417233561,0.323943661971831,0.0,0.09999999999999998,0.5833333333333333,0.0,0.0,0.9539918809201624,0.5,0.2777777777777777,0.0,0.7476635514018692,0.0,1.0,0.7454033771106942,0.6417522583838634,0.64298490377048,0.6964285714285714,0.12,0.8084866691701089,0.0,0.9,0.875,0.0,0.0,0.8578813127019215,0.7777777777777778,0.954248366013072,0.0,0.375,0.0,0.5403669266146771,0.6695979899497488,0.0,0.0,0.9851965644857202,0.0,0.0,0.0,0.08333333333333337,0.0,1.0,0.0,0.0,0.0,0.0,0.040983606557377095,0.0,0.0,0.0,0.0,0.0,1.0,0.0,0.68,0.9090909090909091,0.5606694560669456,0.3846153846153846,1.0,0.9,0.6134751773049645,0.0,0.0,0.0,0.4064860062194581,0.0,0.0,0.0,0.0,0.0,0.7844998022933967,1.0,0.0,0.09999999999999998,0.0,0.0,0.0,0.5,0.0,0.0,0.0,0.7428571428571429,0.0,0.1333333333333332,0.0,0.0,0.5714285714285714,0.19999999999999996,0.46153846153846156,0.0,1.0,0.04761904761904756,0.41580685101114323,0.0,0.7532894736842106,0.0,0.5,0.0,0.04166666666666652,0.0,0.0,0.0,0.0,0.0,0.0,1.0,1.0,0.0,0.0,0.0,0.8913385826771654,0.0,0.1428571428571428,0.0,0.46193501978180085,0.6666666666666666,0.0,0.0,1.0,0.0,0.0,0.0,0.3571428571428571,m2
0.0,0.0,0.0,0.5416666666666667,0.0,0.0,0.0,0.9339941428249605,0.49537037037037046,0.0,0.0,0.0,0.0,0.0,0.8857348760859991,0.19999999999999996,0.0,0.1794871794871794,0.052631578947368474,0.0,0.8837041780054427,0.0,0.0,0.0,0.3869085677749361,0.026315789473684292,0.5593220338983051,0.8636363636363636,0.0,0.5,0.25515574650913,0.7735849056603774,0.0,0.8125,0.0,0.0,0.0625,0.25,1.0,0.6428571428571428,0.17647058823529416,0.0,0.4736842105263158,0.0,0.9420216147488875,0.0,0.2084115659031167,0.0,0.3897624623619941,0.37285223367697595,1.0,0.0,0.7479419835358683,0.0,0.292859102130383,0.6428571428571428,0.8571428571428571,0.5506895391860074,0.9156623866076515,0.0,0.0,0.0,0.9601542416452442,0.6419753086419753,0.0,0.0,0.04963138493944175,0.0,0.5,0.748091603053435,0.7976878612716763,0.9508684863523573,0.206896551724138,0.75,0.4375,0.574712643678161,0.8461695607763023,0.0,0.0,0.0,0.5,0.0,0.09090909090909094,0.0,0.0,0.0,0.6000000000000001,0.0,0.0,0.4323113707212253,0.9770354906054279,0.6206896551724137,0.75,0.0,0.0,0.0,0.0,0.8010091453800063,0.8871534556813745,0.0,0.28205128205128205,0.6098509397278029,0.7333333333333334,1.0,0.0,1.0,1.0,0.2791939373062349,0.75,0.8493611297915266,0.75,1.0,1.0,0.44907407407407407,0.39624432957062994,0.0,0.980002030250736,0.0,0.0,0.12137780207763815,0.36363636363636365,1.0,0.75,0.35799005228924885,0.0,0.6875,0.3765743073047859,0.971830985915493,0.0,0.4,0.0,0.84256,0.3267511177347242,0.8923611111111112,0.5,1.0,0.0,0.3292682926829268,0.7777777777777778,1.0,0.9305555555555556,1.0,0.0,0.5,0.12,1.0,1.0,0.9,0.0,0.0,0.0,0.978316935714968,0.7993482309124768,0.9673202614379085,0.0,0.375,0.0,0.0,0.7632919254658386,0.33182295770948245,0.0,0.0,0.0,0.9248281786941581,0.0,0.5,0.0,0.0,0.0,0.5384615384615385,0.0,0.0,0.625,0.9545454545454546,0.6774193548387096,0.0,0.0,0.0,0.5,0.0,0.8333333333333333,0.29999999999999993,1.0,0.3846153846153846,0.05555555555555547,0.0,0.6289473684210526,0.0,0.3076923076923077,0.0,0.8025531914893618,0.0,0.17352056168505514,0.8888888888888888,0.0,0.0,0.0,0.43673469387755093,0.0,0.7666666666666666,0.19999999999999996,0.33333333333333337,1.0,0.0,0.75,0.0,0.09090909090909094,0.028571428571428692,0.0,0.0,0.957131079967024,0.0,0.5714285714285714,0.7,0.0,0.0,0.38235294117647045,1.0,0.0,0.0,0.11494252873563238,0.4,0.0,0.24286889742183204,0.8378378378378378,0.28210556025966693,0.0,0.0,0.8477564102564102,0.0,0.0,0.0,1.0,0.0,0.06309523809523832,0.0,0.0,0.52,0.1428571428571428,0.23809523809523803,0.0,0.6666666666666666,0.07487246173852169,0.0,0.0,0.0,0.8095238095238095,0.0,0.0,m2
0.0,0.0,0.0,0.0,0.819094304388422,0.5,0.2420252512239115,0.9340609879599415,0.0,0.0,0.0,0.0,0.0,0.0,0.8650834271675709,0.0,0.3846153846153846,0.8461538461538461,0.052631578947368474,0.0,0.19520335299596403,0.0,0.41067230841560876,0.0,0.6072390769591192,0.02626262626262632,0.5593220338983051,0.31818181818181823,0.4,0.5,0.6553426096088213,0.0,0.4,0.40364583333333337,0.0,0.0,0.0625,0.2222222222222222,0.4285714285714285,0.0,0.2941176470588236,1.0,0.0,0.0,0.6811427107353318,0.5789473684210527,0.5080736012016522,0.33333333333333337,0.41050518568082983,0.39175257731958757,0.5301204819277108,0.3257142857142856,0.6227241111247495,0.0,0.0,0.0,0.9285714285714286,0.0,0.40972435251325656,0.5213015205125753,0.0,0.928450007726781,0.4130434782608695,0.36397058823529416,1.0,0.0,0.9555919634388204,0.0,0.0,0.9789119310530568,1.0,0.0,0.0,0.0,1.0,0.574712643678161,0.6118456801304111,0.0,0.0,0.0,0.0,0.0,0.09090909090909094,0.0,0.0,0.0,0.0,0.8581357086122774,0.0,0.5205925366797188,0.8735024825764133,0.0,0.75,0.0,0.0,0.0,0.0,0.7433155080213903,0.0,0.03650586701434144,0.8974358974358975,0.5943719972546329,0.0,0.0,0.0,1.0,1.0,0.7175986129172085,0.75,0.7855839416058394,0.2500000000000001,1.0,1.0,0.816358024691358,0.0,0.6,0.0,0.0,0.0,0.13568670711527853,0.0,0.36363636363636365,0.0,0.8102282872082642,0.5570175438596492,0.0,0.4274376417233561,0.0,0.0,0.8,0.5833333333333333,0.3849802371541502,0.3267511177347242,0.9312320916905444,0.7692307692307692,0.4444444444444444,0.0,0.0,0.0,1.0,0.5689915458937198,0.6417522583838634,0.8974744222651498,0.44000000000000006,0.86,0.7239307681304534,0.44444444444444453,0.9,0.0,0.8896244942712996,0.0,0.0,0.7993482309124768,0.9673202614379085,1.0,0.0,0.0,0.8457615195216321,0.728414801279123,0.0,0.0,0.0,0.0,0.0,0.0,0.5,0.0,0.0,0.0,0.0,1.0,0.6000000000000001,0.040983606557377095,0.9545454545454546,0.0,0.0,0.0,0.0,0.5,0.0,0.8333333333333333,0.5,1.0,0.9487179487179487,0.05555555555555547,1.0,0.0,0.0,1.0,0.0,0.17518248175182471,0.0,0.17352056168505514,0.33333333333333337,0.4,0.0,0.2785132382892058,0.0,0.5,0.0,0.0,0.33333333333333337,0.0,0.5,0.5,0.0,0.0,0.4,0.4,0.0,0.5746084089035448,0.0,0.7142857142857143,0.19999999999999996,0.2564102564102564,0.0,1.0,1.0,0.3619479983491539,0.0,0.3928571428571429,0.0,0.5,0.2625416468348406,0.05855855855855874,0.07269076305220878,0.0,0.8102350636630754,0.0,0.5,0.0,0.0,0.0,0.0,0.8645314225682191,0.7080257463907779,0.27453987730061336,0.0,0.0,0.0,0.4664548022598869,0.6666666666666666,0.06015496308950041,0.0,0.0,0.0,0.0,0.0,0.0,m2
0.0,0.5757575757575758,0.0,0.5416666666666667,0.0,0.5,0.0,0.0,0.0,0.0,0.0,0.0,0.0,0.0,0.9291948772330533,0.0,0.0,0.1794871794871794,0.8421052631578947,0.6481481481481481,0.2939903740009715,0.7692307692307692,0.3597977589505329,0.0,0.3869085677749361,0.0,0.5593220338983051,0.31818181818181823,0.4,1.0,0.25515574650913,0.2727272727272728,0.35,0.0,0.44067796610169496,0.6363636363636364,0.0625,0.25,0.0,0.0,0.5882352941176471,0.8796992481203008,0.5789473684210527,0.44885177453027136,0.0,0.32357723577235775,0.0,0.0,0.3897624623619941,0.44734551784160137,0.0,0.0,0.0,0.0,0.6094515568199779,0.6428571428571428,0.0,0.29251372964640143,0.3874381164733005,0.9265976117553942,0.0,0.0,0.9601542416452442,0.6419753086419753,0.1250000000000001,0.2592592592592592,0.9529028436018957,0.0,1.0,0.355342075836129,0.8333333333333334,1.0,0.206896551724138,0.0,0.4375,0.574712643678161,0.5707865168539326,0.0,0.0,1.0,0.0,0.0,0.0,0.0,0.7916666666666666,0.0,0.6000000000000001,0.0,0.0,0.0,0.0,0.0,1.0,0.0,0.0,0.0,0.0,0.8010091453800063,0.0,0.0,0.28205128205128205,1.0,0.7333333333333334,0.0,0.8148148148148148,0.0,0.0,0.28346592874437915,0.75,0.7855839416058394,0.2500000000000001,1.0,0.0,0.44907407407407407,0.39624432957062994,0.0,0.0,0.2857142857142856,0.7777777777777778,0.09316770186335399,0.36363636363636365,0.0,0.0,0.6965556504412184,0.0,0.8125,0.75,0.0,0.20000000000000007,0.09999999999999998,0.0,0.8461538461538461,0.3267511177347242,0.011961722488038284,0.5,0.0,0.0,0.7560975609756098,0.7777777777777778,0.0,0.5689915458937198,0.675679788961039,1.0,0.44000000000000006,0.12,1.0,1.0,0.0,0.25,0.9526282669130708,0.0,1.0,0.02164804469273729,0.9673202614379085,0.0,0.375,0.0,0.0,0.7632919254658386,0.06704237722315731,0.0,0.0,0.9367088607594937,0.0,0.0,0.0,0.0,0.9130434782608696,0.0,0.5384615384615385,0.0,0.6000000000000001,0.0,0.0,0.0,0.0,0.0,0.0,1.0,0.0,1.0,0.0,0.0,0.3846153846153846,0.5,0.29999999999999993,0.6798245614035088,0.6666666666666667,0.0,0.0,0.814749000444247,0.0,0.17352056168505514,0.33333333333333337,0.4,0.0,0.702152414194299,0.4518072289156626,0.2119113573407203,0.0,0.0,0.33333333333333337,0.0,0.0,0.0,0.0,0.13636363636363635,0.028571428571428692,0.0,0.5333333333333333,0.4629629629629629,0.37037037037037046,0.5714285714285714,0.7,0.0,0.0,0.3857142857142858,0.09999999999999998,0.0,0.0,0.0,0.4,0.0,0.25740537575425126,0.6,0.6841119550515036,0.0,0.0,0.8477564102564102,0.0,0.4285714285714286,0.26315789473684204,0.875,0.0,0.9320467923403621,0.3351718285956725,0.0,0.0,0.1428571428571428,0.0,0.0,0.6666666666666666,0.0,0.0,0.0,0.9629629629629629,0.0,0.0,0.2857142857142857,m2
0.8361986628462273,0.0,0.0,0.5416666666666667,0.0,0.0,0.0,0.0,0.0,0.0,0.0,0.0,0.8446291560102301,0.0,0.23382886972310502,0.09999999999999998,0.9615384615384616,0.3846153846153846,0.052631578947368474,0.6481481481481481,0.47550824395709945,0.0,0.0,0.0,0.0,0.6780238500851788,0.8305084745762712,0.31818181818181823,0.0,0.5,0.11815252416756161,0.0,0.19999999999999996,0.58203125,0.8813559322033898,0.6363636363636364,1.0,0.2222222222222222,0.0,0.6428571428571428,0.17647058823529416,0.0,0.4736842105263158,0.0,0.27654320987654313,0.0,0.6666666666666666,0.2222222222222222,0.919705587152894,0.0,0.0,0.3440599515098083,0.0,0.0,0.2962052962052961,0.6428571428571428,0.8571428571428571,0.8502291722836344,0.9156623866076515,0.629721717509802,0.0,0.6178334106011436,0.9601542416452442,0.0,0.375,0.0,0.0,0.9603960396039604,0.35511363636363635,0.9710670085851265,0.0,0.0,0.0,0.0,0.4375,0.6636263261485287,0.8461695607763023,0.0,0.0,0.0,0.0,0.0,0.0,0.8656716417910448,0.0,0.0,0.6156472684085511,0.0,0.0,0.47529418325804473,0.0,0.0,0.0,0.0,0.0,0.87831749672346,0.0,0.6799999999999999,0.8102303787582975,1.0,0.6666666666666666,0.6209068010075567,0.7333333333333334,0.84375,0.0,0.7164179104477613,0.0,0.0,0.75,0.9364659166115156,0.2500000000000001,1.0,1.0,0.0,0.0,0.8,0.4464915719325755,0.8571428571428571,0.7777777777777778,0.0,0.0,0.0,0.75,0.3523058960887332,0.3571428571428571,0.6875,0.3765743073047859,0.323943661971831,0.0,0.4,0.5416666666666667,1.0,0.3267511177347242,0.9334916864608076,0.0,0.0,0.0,0.3292682926829268,0.7777777777777778,1.0,0.7732185072610605,1.0,0.5628532589253774,0.6237113402061856,0.0,1.0,0.0,0.8,0.0,0.0,1.0,0.978316935714968,0.9804469273743017,0.0,0.0,0.0,0.0,0.0,0.764213942457717,0.9356101805525343,0.0,0.0,0.0,0.0,0.0,0.0,0.6842105263157895,0.0,0.0,0.5384615384615385,0.0,0.0,0.9090909090909091,0.0,0.0,0.0,0.0,0.0,0.5420560747663552,0.0,0.0,0.0,0.9372384937238494,0.0,0.05555555555555547,0.29999999999999993,0.0,0.0,0.3076923076923077,0.0,0.0,0.0,0.6863925108659311,0.33333333333333337,0.0,0.0,0.19825327510917035,0.2979591836734694,0.75,0.06666666666666665,0.0,0.33333333333333337,1.0,0.5,0.0,0.0,0.09090909090909094,0.0,0.0,0.0,0.0,0.0,0.5714285714285714,0.0,0.5128205128205128,0.0,1.0,0.5,0.07723577235772361,0.0,0.11494252873563238,0.4,0.0,0.6373626373626374,0.8333333333333334,0.9226644086931979,0.0,0.7903225806451614,0.8477564102564102,0.0,0.5714285714285714,0.0,1.0,0.88,0.11556297532925253,0.3260500636402207,0.4964871194379391,1.0,0.0,0.0,0.0,0.13636363636363646,0.0,0.0,0.0,0.0,0.0,0.0,0.2857142857142857,m2
0.0,0.0,0.0,0.5416666666666667,0.0,0.5,0.15840566873339246,0.0,0.0,0.6363636363636364,0.0,0.7544799639801891,0.0,0.0,0.15062628825114943,0.19999999999999996,0.7307692307692308,0.0,0.0,0.0,0.9886345445813991,0.0,0.04591798764605193,0.0,0.555306905370844,0.0,0.0,0.0,0.0,1.0,0.25515574650913,0.2727272727272728,0.0,0.46484375,0.0,0.0,0.0625,0.0,0.0,0.0,0.4117647058823529,0.0,0.8947368421052632,0.2931034482758621,0.470935454895419,0.3290322580645161,0.8711978971085242,0.33333333333333337,0.0,0.3055555555555557,1.0,0.20277716552788194,0.26938406541480064,0.0,0.292859102130383,0.6428571428571428,0.8571428571428571,0.0,0.5384927066450567,0.0,0.0,0.0,0.0,0.6974358974358974,0.0,0.2592592592592592,0.04963138493944175,0.0,1.0,0.8922943986987903,0.7976878612716763,0.0,0.206896551724138,0.0,0.7170418006430868,0.574712643678161,0.9305413687436159,0.0,0.0,0.0,1.0,0.0,0.09090909090909094,0.0,0.0,0.0,0.6000000000000001,0.0,0.0,0.5153950154332797,0.0,0.0,0.5476190476190477,0.0,0.7391304347826086,0.0,0.0,0.0,0.8898628048780488,0.8435462842242503,0.0,0.013726835964310014,0.0,1.0,0.0,0.0,0.0,0.7039269720978298,0.0,0.17888365837256237,0.0,1.0,0.0,0.44907407407407407,0.39624432957062994,0.0,0.0,0.0,0.11111111111111105,0.0,0.36363636363636365,0.0,0.0,0.3527162657320376,0.0,0.9375,0.0,0.8309859154929577,0.20000000000000007,0.9,0.5833333333333333,0.48766546329723226,0.7094430992736077,0.4358974358974359,0.7692307692307692,0.0,0.0,0.3125,0.7777777777777778,1.0,0.39102564102564097,0.647271413082761,0.4255319148936171,0.5,0.12,0.33939873417721533,0.8666666666666667,0.9,0.25,0.0,0.0,1.0,0.9022346368715084,0.9673202614379085,0.0,0.375,0.0,0.8210541893791776,0.7298075815186083,0.7612949829261886,0.0,0.0,0.0,0.9185905224787363,0.0,0.5,0.0,0.0,0.0,0.5384615384615385,0.0,0.6000000000000001,0.625,0.0,0.0,0.4516295913088464,0.0,0.23333333333333328,0.0,0.0,0.0,0.29999999999999993,0.6861924686192469,0.7171052631578947,0.0,0.09090909090909083,0.9219269102990033,0.0,0.20512820512820518,0.0,0.18765957446808512,0.2857142857142857,0.0,0.0,0.0,0.0,0.0,0.43673469387755093,0.5522959183673469,0.0,0.19999999999999996,0.0,0.0,0.0,0.0,0.0,0.09090909090909094,0.028571428571428692,0.8,0.8235294117647058,0.1483560545308742,0.37037037037037046,0.0,0.19999999999999996,0.0,0.0,0.38235294117647045,0.0,0.11019397441188616,0.0,0.11494252873563238,0.4,0.0,0.2625416468348406,0.05855855855855874,0.10662460567823329,0.0,0.0,0.0,0.0,0.0,0.625,1.0,0.0,0.009067357512953178,0.08554306321595262,0.0,1.0,0.1428571428571428,0.0,0.82909604519774,0.13636363636363646,0.6253376012803842,0.0,0.0,0.0,0.8095238095238095,0.0,0.0,m2
0.0,0.5757111773712628,0.0,0.0,0.655025578005773,0.0,0.0011844938980617448,0.0,0.0,0.875,0.0,0.0,0.0,0.0,0.5771655477321107,0.0,0.0,0.0,0.5789473684210527,0.4269311064718164,0.6710822625513313,0.0,0.030472806777807948,0.0,0.5554667838453242,0.17560975609756102,0.0,0.0,0.4,0.5,0.0,1.0,0.19999999999999996,0.0,0.44067796610169496,0.6363636363636364,0.0,0.25,0.25,0.0,0.4117647058823529,0.0,0.0,0.0,0.27775943655771973,0.32357723577235775,0.8711978971085242,0.0,0.0,0.9347079037800687,0.0,0.09714285714285709,0.0,0.0,0.6094515568199779,0.0,0.9285714285714286,0.338920826455689,0.7245317717659585,0.8176732621982803,0.8928072625698324,0.0,0.5714285714285714,0.0,1.0,0.2592592592592592,0.0,0.0,0.4,0.10811387900355884,1.0,0.9,0.0,0.0,1.0,0.0,0.5707865168539326,0.0,0.0,0.7977977977977978,0.0,0.0,0.09090909090909094,0.0,0.7916666666666666,0.0,0.0,0.7706611570247934,0.0,0.47232192933258554,0.0,0.0,0.0,0.0,0.0,0.0,0.0,0.8387096774193549,0.0,0.0,0.0,0.0,0.3999999999999999,0.33333333333333326,0.0,0.875,0.0,0.7115085536547434,0.7272727272727273,0.17888365837256237,0.0,1.0,1.0,0.07002314814814825,1.0,0.8,0.0,0.2857142857142856,0.7777777777777778,0.0,0.36363636363636365,0.0,0.0,0.3527162657320376,0.0,0.0,0.4274376417233561,0.323943661971831,0.20000000000000007,0.9,0.0,0.48766546329723226,1.0,0.645466847090663,0.5,0.33333333333333326,0.0,0.8,0.0,1.0,0.7454033771106942,0.8506204071798579,0.20320855614973266,1.0,0.12,0.0,0.0,0.09999999999999987,0.25,0.30843251456064813,0.0,0.10869565217391297,0.03600917431192674,0.7320261437908497,0.9230769230769231,0.0,0.0,0.8200359928014397,0.0,0.06704237722315731,0.0,0.0,0.7341772151898733,0.0,0.0,0.5,0.0,0.925414364640884,0.0,0.0,0.8333333333333334,0.0,0.9090909090909091,0.0,0.0,1.0,0.0,0.0,1.0,0.0,0.92,0.0,0.0,0.0,1.0,0.6,0.6134751773049645,0.0,0.20512820512820518,0.0,0.27543314082629944,0.0,0.0,0.0,0.4,0.0,0.021033653846153855,0.8617021276595744,0.021917808219177992,0.0,0.0,0.33333333333333337,0.0,0.0,0.0,0.0,0.0,0.0,0.4,0.1333333333333332,0.0,0.37037037037037046,0.0,0.7,0.0,0.6666666666666667,0.0,0.04761904761904756,0.0,0.0,0.0,0.0,0.5,0.0,0.0,0.151346539060761,0.8666666666666667,0.0,0.6774193548387097,0.0,0.5714285714285714,0.625,1.0,0.0,0.0,0.0,0.06929133858267733,0.9090909090909091,0.0,0.0,0.8259201534588179,0.0,0.06082614616432114,0.0,0.0,0.7777777777777778,0.0,0.0,0.0,m2
0.0,0.0,0.0,0.0,0.8931056981296216,0.0,0.0,0.0,0.0,0.0,0.0,0.0,0.8465885307660108,0.0,0.0,0.734375,0.2692307692307693,0.1794871794871794,0.8421052631578947,0.875,0.11023102310231003,0.0,0.0,0.0,0.6069858758717692,0.9194029850746268,0.4067796610169492,0.31818181818181823,0.4,0.0,0.0770805985823052,0.9090909090909091,0.0,0.0,0.7796610169491526,0.0,0.9375,0.8333333333333334,0.25,0.6428571428571428,0.8823529411764706,1.0,0.0,0.4482758620689655,0.6771461568073912,0.8458904109589042,0.0,0.0,0.3897624623619941,0.0,0.32730923694779124,0.0,0.0,0.0,0.3036766018204534,0.6428571428571428,0.9285714285714286,0.27784852546916894,0.7453645646721605,0.5213015205125753,0.4025837988826817,0.0,0.5520565552699229,0.0,1.0,0.2592592592592592,0.6750883849271363,0.8415841584158416,0.0,0.9718825747374091,1.0,0.7777777777777778,0.206896551724138,0.0,0.4375,0.0,0.9427639920304293,0.0,0.0,0.0,0.0,0.0,0.09090909090909094,0.0,0.0,0.0,0.0,0.8581357086122774,0.0,0.0,0.0,0.0,0.0,0.0,0.0,0.8606464950197331,0.0,0.0,0.5488721804511277,0.16955017301038067,0.28205128205128205,1.0,0.3999999999999999,0.3076923076923076,0.0,1.0,0.0,0.7175986129172085,1.0,0.0,0.2500000000000001,1.0,0.0,0.0,0.5391918978795232,1.0,0.8533143843264643,0.8571428571428571,0.11111111111111105,0.9523809523809523,0.8636363636363636,0.0,0.75,0.8374927028604787,0.9047619047619048,0.0,0.7528344671201814,0.0,0.20000000000000007,0.09999999999999998,0.0,0.84256,0.3267511177347242,0.8442211055276382,0.23076923076923073,0.0,0.0,1.0,0.7777777777777778,1.0,0.7732185072610605,0.701958198051948,0.8974744222651498,0.0,0.12,0.8084866691701089,0.0,0.9,0.25,0.5379211854528143,0.20000000000000007,0.0,0.9132589838909542,0.9673202614379085,1.0,0.375,0.0,0.2713635597505477,0.0,0.7635951661631419,0.0,0.0,0.0,0.0,0.0,0.08333333333333337,0.0,0.0,0.0,0.0,0.9060721062618595,0.0,0.0,0.0,0.0,0.0,0.0,0.0,0.5420560747663552,0.0,0.2777777777777778,0.0,0.5606694560669456,0.30043859649122806,0.3917525773195877,0.6363636363636364,0.27243589743589736,0.0,0.8571428571428572,0.0,0.17518248175182471,0.7142857142857143,0.3403543965229019,0.33333333333333337,0.4,0.0,0.20960698689956347,0.16312056737588654,0.3125,0.033333333333333326,0.8,0.0,1.0,0.75,0.0,0.0,0.0,0.4285714285714285,0.4,0.17647058823529416,0.4571645185746779,0.37037037037037046,0.5714285714285714,0.7,0.0,0.0,0.4186046511627908,0.0,0.0,0.0,0.11494252873563238,0.4,0.5,0.0,0.918918918918919,0.07269076305220878,0.6923076923076923,0.0,0.0,0.0,0.0,0.26315789473684204,0.9375,0.92,0.9206074368435992,0.8625040910578566,0.815748031496063,0.4,0.1428571428571428,0.0,0.0,0.0,0.673601366603624,0.0,0.0,0.0,0.0,0.0,0.3571428571428571,m2
0.0,0.0,0.0,0.0,0.0,0.0,0.0,0.0,0.6773255813953489,0.0,0.8339135799748805,0.0,0.0,0.0,0.0,0.734375,0.7307692307692308,0.0,0.052631578947368474,0.981736733287388,0.2957850414550506,0.0,0.41067230841560876,0.0,0.0,0.9616564417177914,0.4067796610169492,0.0,0.0,0.0,0.4370984569765526,0.0,0.35,0.7355894384529564,0.9090909090909091,0.0,0.0625,0.0,1.0,0.6428571428571428,0.5882352941176471,0.0,0.4736842105263158,0.2886221294363256,0.27654320987654313,0.9010989010989011,0.2084115659031167,0.33333333333333337,0.41050518568082983,0.39175257731958757,0.0,0.0,0.0,0.0,0.08209375251266393,0.6428571428571428,0.8571428571428571,0.4422683425898861,0.4042457900394124,0.671100175505007,0.0,0.0,0.5520565552699229,0.8263888888888888,0.0,0.7777777777777778,0.0,0.0,0.0,0.8134010042654285,0.0,0.9998759305210918,0.206896551724138,0.0,0.4375,0.44913830348999084,0.0,0.0,1.0,0.0,0.0,0.9375,0.09090909090909094,0.0,0.0,0.0,0.0,0.0,0.0,0.0,0.0,0.6206896551724137,1.0,0.8282208588957055,0.0,0.0,0.0,0.0,0.45205479452054786,0.8435462842242503,0.0,0.5235690235690236,1.0,0.5,0.0,1.0,0.0,0.0,1.0,0.0,0.0,1.0,0.0,0.4810350939383198,0.0,0.0,0.7293381402625672,0.9285714285714286,0.11111111111111105,0.09316770186335399,0.36363636363636365,1.0,0.75,0.6513426736719206,0.0,0.6875,0.0,0.323943661971831,0.20000000000000007,0.4,0.5833333333333333,0.53376,0.0,0.30080213903743314,0.23076923076923073,0.0,0.0,0.5121951219512195,0.7777777777777778,1.0,0.7468297101449275,0.675679788961039,0.8974744222651498,0.75,0.12,0.8084866691701089,1.0,0.09999999999999987,0.875,0.0,0.0,0.0,0.7647058823529411,0.0,0.923076923076923,0.375,0.0,0.2585297221245162,0.6682608695652175,0.0006620872299926139,0.0,0.992762034824172,0.0,0.0,1.0,0.5,0.0,0.0,0.0,0.0,0.0,0.0,0.0,0.0,0.75,0.0,0.7872863801139306,0.0,1.0,0.0,0.0,0.9090909090909091,0.6861924686192469,0.0,0.09278350515463918,0.9,0.0,0.0,1.0,0.0,0.0,0.7142857142857143,0.3403543965229019,0.0,0.0,0.0,0.6488119210632299,0.553191489361702,0.2142857142857143,0.09999999999999998,1.0,0.0,0.0,0.0,0.75,0.0,0.13636363636363635,0.0,0.0,0.0,0.0,0.37037037037037046,0.5714285714285714,0.19999999999999996,0.2564102564102564,0.0,0.0,0.0,0.0,0.0,0.049342105263158076,0.4,0.0,0.0,0.04166666666666652,0.13703048590157096,0.0,0.0,0.0,0.0,0.5714285714285714,0.7368421052631579,1.0,0.0,0.810893376052455,0.0,0.0,0.9090909090909091,0.1428571428571428,0.0,0.0,0.6666666666666666,0.0,0.0,1.0,0.0,0.0,0.9,0.0,m2
0.0,0.0,0.0,0.0,0.6546702903733371,0.0,0.0,0.9058220690873753,0.0,0.0,0.0,0.0,0.0,0.0,0.19147302692189572,0.0,0.0,0.3846153846153846,0.8947368421052632,1.0,0.9886671987230646,0.0,0.40803498223558343,0.0,0.3880584890333063,0.9803439803439803,0.0,0.0,0.4,0.0,0.4447361512207929,0.0,0.0,0.0,0.0,0.0,0.78125,0.0,0.0,0.6428571428571428,0.4117647058823529,0.0,0.8947368421052632,0.8620689655172413,0.47120152574698027,0.0,0.5080736012016522,0.33333333333333337,0.0,0.8591549295774648,0.5301204819277108,0.0,0.0,0.0,0.441345890097833,0.0,0.9285714285714286,0.0,0.6537534510714755,0.0,0.4148974451241453,0.8525730180806677,0.4130434782608695,0.0,0.0,0.0,0.0,0.8415841584158416,1.0,0.8922943986987903,0.0,0.0,0.0,0.75,1.0,0.6636263261485287,0.8461695607763023,0.0,0.0,0.0,1.0,0.0,0.09090909090909094,0.0,0.0,0.0,0.0,0.8406617755674824,0.0,0.5278818711999007,0.8774044141972683,0.0,0.0,0.0,0.0,0.0,0.0,0.0,0.0,0.0,0.6666666666666666,1.0,1.0,1.0,0.0,1.0,1.0,0.2791939373062349,1.0,0.17888365837256237,0.0,1.0,0.0,0.44907407407407407,0.0,0.0,0.8533143843264643,0.0,0.0,1.0,0.36363636363636365,0.0,0.75,0.3523058960887332,0.6198541519642438,0.9375,0.9251700680272109,0.8309859154929577,0.0,0.8,0.5833333333333333,0.0,0.0,0.9312320916905444,0.23076923076923073,0.33333333333333326,0.0,0.7476635514018692,0.0,1.0,0.7519446845289541,0.8810790743719836,0.0,0.0,0.98,0.7239307681304534,0.0,0.9,0.0,0.0,1.0,0.8578813127019215,0.9022346368715084,0.0,0.0,0.0,0.0,0.5470488123720494,0.7298075815186083,0.33182295770948245,0.0,0.0,0.0,0.9185905224787363,0.0,0.5,0.0,0.0,0.0,0.0,1.0,0.0,0.625,1.0,0.0,0.0,0.0,0.0,0.0,0.0,0.9423076923076923,0.5,0.0,0.0,0.6666666666666667,0.8181818181818181,0.9601063829787234,0.0,0.46153846153846156,0.0,0.8025531914893618,0.8571428571428572,0.0,0.0,0.4,0.0,0.15170008718395822,0.0,0.29209183673469397,0.033333333333333326,0.19999999999999996,0.33333333333333337,0.6666666666666667,0.0,0.0,0.0,0.0,0.028571428571428692,0.8,0.6470588235294117,0.2185672514619884,0.0,0.7142857142857143,0.19999999999999996,0.46153846153846156,0.8571428571428572,1.0,0.0,0.07723577235772361,0.0,0.0,0.0,0.5,0.2625416468348406,0.0,0.16586345381526102,0.6666666666666666,0.8083435582822086,0.0,0.0,0.0,0.0,1.0,0.92,0.46447121529382984,0.8625040910578566,0.0,1.0,0.0,0.23809523809523803,0.4664548022598869,0.13636363636363646,0.20402481464669375,0.0,0.0,0.0,0.8095238095238095,0.0,0.0,m2
0.0,0.5757575757575758,0.0,0.0,0.0,0.5,3.3306690738754696e-16,0.0,0.0,0.0,0.0,0.0,0.0,0.0,0.9291948772330533,0.0,0.7307692307692308,0.1794871794871794,0.5789473684210527,0.6481481481481481,0.6710822625513313,0.33333333333333326,0.2860757609585475,0.0,0.6987176926457077,0.0,0.4067796610169492,0.31818181818181823,0.0,1.0,0.0,0.2727272727272728,0.0,0.10654239766081874,0.9491525423728814,0.6363636363636364,0.0625,0.2222222222222222,0.4285714285714285,0.0,0.17647058823529416,0.0,0.4736842105263158,0.0,0.2795450799406626,0.0,0.5080736012016522,0.33333333333333337,0.9184782608695652,0.0,0.0,0.0,0.0656619579500658,0.0,0.46996996996997,0.0,0.9285714285714286,0.0,0.5822153357771817,0.9265976117553942,0.8259687287559483,0.928450007726781,0.5520565552699229,0.0,0.0,0.0,0.0,0.9603960396039604,1.0,0.10811387900355884,0.8333333333333334,1.0,0.206896551724138,0.75,1.0,0.574712643678161,0.9305413687436159,0.0,0.0,0.0,0.0,0.0,0.09090909090909094,0.0,0.7916666666666666,0.0,0.0,0.0,0.0,0.0,0.0,0.0,1.0,0.0,0.0,0.0,0.0,0.8010091453800063,0.0,0.7923875432525952,0.28205128205128205,0.0,0.7333333333333334,0.33333333333333326,0.14814814814814825,0.0,0.0,0.8664826634466103,0.0,0.0,0.2500000000000001,1.0,0.0,0.07002314814814825,0.39624432957062994,0.0,0.23392966464866327,1.0,0.7777777777777778,0.09316770186335399,0.0,0.36363636363636365,0.0,0.3523058960887332,0.3571428571428571,0.6875,0.375,0.323943661971831,0.0,0.8,0.5833333333333333,1.0,0.0,0.011961722488038284,0.5,0.7142857142857142,0.0,1.0,0.0,1.0,0.0,0.9024959415584415,1.0,1.0,0.86,0.7239307681304534,0.0,0.9,0.0,0.37038689172289085,1.0,1.0,0.02164804469273729,0.9673202614379085,1.0,0.375,0.0,0.0,0.7632919254658386,0.7943350655053795,0.0,0.0,0.0,0.0,0.0,0.08333333333333337,0.0,0.9130434782608696,0.0,0.0,0.0,0.6000000000000001,0.0,0.0,0.0,0.0,0.0,0.0,1.0,0.0,1.0,0.0,0.6861924686192469,0.3846153846153846,1.0,0.29999999999999993,0.0,0.75,0.0,0.0,0.4064860062194581,0.2857142857142857,0.3403543965229019,0.33333333333333337,0.0,0.0,0.013961605584642323,0.4518072289156626,0.2119113573407203,0.06666666666666665,0.0,0.33333333333333337,0.0,0.5,0.5,0.0,0.09090909090909094,0.0,0.0,0.1333333333333332,0.0,0.0,0.7142857142857143,0.19999999999999996,0.5128205128205128,0.8571428571428572,0.0,0.09999999999999998,0.41580685101114323,0.0,0.07147220525351261,0.0,0.5,0.6315139879319802,0.19999999999999996,0.6841119550515036,0.7692307692307693,0.8013620885357549,0.0,0.0,0.0,0.0,0.9375,0.88,0.9320467923403621,0.3351718285956725,0.0,1.0,0.1428571428571428,0.23809523809523803,0.0,0.6666666666666666,0.6253376012803842,0.0,0.0,0.0,0.0,0.0,0.3571428571428571,m2
0.0,0.0,0.0,0.0,0.0,0.0,0.0,0.0,0.0,0.0,0.9057097957045573,0.7378547378547378,0.832992700729927,0.0,0.8723404255319149,0.96875,0.0,0.1794871794871794,0.052631578947368474,0.0,0.6907995560957565,0.0,0.0,0.0,0.3869085677749361,0.9668874172185431,0.5593220338983051,0.5909090909090908,0.0,0.0,0.6553426096088213,0.2727272727272728,0.19999999999999996,0.8970588235294118,0.44067796610169496,0.6363636363636364,0.0625,0.0,1.0,0.6428571428571428,0.4342105263157895,0.8796992481203008,0.5789473684210527,0.0,0.3361599371033863,0.791869918699187,0.5080736012016522,0.33333333333333337,0.48067915690866514,0.8797250859106529,0.9383634431455898,0.0,0.0,0.0,0.2312113174182141,0.0,0.9285714285714286,0.0,0.0,0.45650228844764107,0.4025837988826817,0.0,0.0,0.0,0.1250000000000001,0.5555555555555556,0.9529028436018957,0.0,0.4,0.355342075836129,0.8333333333333334,1.0,0.0,0.0,1.0,0.0,0.31181477698331617,0.0,0.0,0.0,0.0,0.0,0.0,0.0,0.0,0.0,0.0,0.0,0.0,0.0,0.0,0.0,1.0,0.8282208588957055,0.7391304347826086,0.8854205960015088,0.0,0.7419354838709677,1.0,0.0,0.28205128205128205,0.6735751295336788,0.0,0.33333333333333326,0.0,1.0,0.0,0.28346592874437915,1.0,0.7921273772666961,0.2500000000000001,1.0,0.0,0.816358024691358,0.39624432957062994,0.6666666666666666,0.8881632653061224,0.2857142857142856,0.7777777777777778,0.11095603628750872,0.36363636363636365,1.0,0.75,0.863852961198094,0.904963537991061,0.8125,0.4274376417233561,0.323943661971831,0.9333333333333333,0.8,0.5833333333333333,0.0,0.7894932935916542,1.0,0.23076923076923073,0.33333333333333326,0.0,0.0,0.0,1.0,0.0,0.0,0.4,0.0,0.12,0.8076923076923077,0.0,0.0,0.75,0.9526282669130708,0.0,0.0,0.02164804469273729,0.9673202614379085,0.0,0.0,0.0,0.9640071985602879,0.34659090909090917,0.3761253019102686,0.0,0.0,0.0,0.0,0.0,0.0,0.0,0.0,0.0,0.0,0.0,0.0,0.0,0.0,0.0,0.0,0.9494047619047619,0.2222222222222222,0.0,0.0,1.0,1.0,0.0,0.3846153846153846,0.33333333333333337,0.0,0.6,0.0,0.3076923076923077,0.0,0.814749000444247,0.7142857142857143,0.24445411048281862,0.6666666666666667,0.0,0.0,0.8138452588714369,0.0,0.021917808219177992,0.033333333333333326,0.0,0.33333333333333337,0.0,0.0,0.75,0.0,0.6666666666666667,0.4285714285714285,0.0,0.1333333333333332,0.0,0.7407407407407407,0.7142857142857143,0.19999999999999996,0.46153846153846156,0.2857142857142857,0.478723404255319,0.0,0.0,0.0,0.25778863775198524,0.0,0.5,0.674916706330319,0.2060185185185185,0.0,0.6666666666666666,0.0,0.0,0.0,0.4285714285714286,0.4375,0.7384615384615385,0.0,0.0,0.0,0.8146453089244852,0.0,0.0,0.0,1.0,0.0,0.612643754570232,0.0,0.0,0.0,0.0,0.0,0.2857142857142857,m2
0.0,0.0,0.0,0.0,0.0,0.0,0.0,0.0,0.0,0.0,0.0,0.0,0.9053337423850638,0.0,0.0,0.0,0.0,0.1794871794871794,0.5789473684210527,0.0,0.0,0.33333333333333326,0.3597977589505329,0.0,0.8945012787723785,0.26201923076923084,0.0,0.5909090909090908,0.0,0.5,0.4370984569765526,0.0,0.35,0.58203125,0.45197740112994356,0.0,0.0,0.2222222222222222,0.0,0.6428571428571428,0.4117647058823529,0.0,0.8947368421052632,0.44885177453027136,0.47120152574698027,0.6838709677419355,0.0,0.2222222222222222,0.38043478260869557,0.8797250859106529,0.32730923694779124,0.3257142857142856,0.6227847062684608,0.0,0.292859102130383,0.0,0.8571428571428571,0.4020247083047357,0.4042457900394124,0.8694415224251697,0.8949262324577186,0.5237674110103914,0.4130434782608695,0.0,1.0,0.0,0.26460639606396064,0.0,1.0,0.7281908036097982,0.8333333333333334,0.9962779156327544,0.0,0.0,1.0,0.6091954022988506,0.0,0.0,0.0,0.0,0.0,0.0,0.09090909090909094,0.0,0.0,0.0,0.0,0.0,0.0,0.0,0.0,0.0,0.75,0.0,0.0,0.8972306260181522,0.0,0.0935828877005348,0.0,0.0,0.28205128205128205,0.0,0.7333333333333334,0.0,0.14814814814814825,0.0,0.0,1.0,0.7272727272727273,0.16909331568497699,0.2500000000000001,1.0,1.0,0.4810350939383198,0.0,0.0,0.24758907725104062,0.2857142857142856,0.0,0.0,0.0,0.0,0.75,0.35799005228924885,0.6190476190476191,0.9375,0.7528344671201814,0.8309859154929577,0.4666666666666667,0.09999999999999998,0.5416666666666667,0.48766546329723226,0.7894932935916542,0.7707736389684814,0.7692307692307692,0.4444444444444444,0.0,0.31464174454828653,0.0,1.0,0.925328330206379,0.6417522583838634,1.0,1.0,0.0,0.8084866691701089,0.0,0.09999999999999987,0.0,0.0,0.0,0.8578813127019215,0.9803921568627451,0.9673202614379085,1.0,0.0,0.0,0.5403669266146771,0.6695979899497488,0.15983714210664557,0.0,0.0,0.0,0.0,0.0,0.08333333333333337,0.0,0.0,0.0,0.0,0.0,0.0,0.0,0.0,0.0,0.0,0.0,0.0,0.0,0.0,0.0,0.5,1.0,0.3846153846153846,1.0,0.0,0.4308510638297872,0.75,0.0,0.0,0.5497872340425533,0.0,0.0,0.6666666666666667,0.0,0.0,0.0,0.0,0.2315068493150686,0.06666666666666665,0.0,0.33333333333333337,0.0,0.5,0.0,0.0,0.0,0.028571428571428692,0.8,0.17647058823529416,0.4476504534212695,0.8148148148148149,0.5714285714285714,0.0,0.0,0.2857142857142857,0.4186046511627908,0.1428571428571428,0.3619479983491539,0.0,0.12585812356979387,0.0,0.0,0.22931937172774852,0.05855855855855874,0.6360441767068272,0.8666666666666667,0.594434306569343,0.0,0.0,0.5714285714285714,0.0,1.0,0.0,0.45963418904722153,0.7079510703363914,0.27453987730061336,0.0,0.0,0.0,0.46193501978180085,0.6666666666666666,0.0,0.0,0.0,0.0,0.0,0.0,0.3571428571428571,m2
0.0,0.0,0.0,0.0,0.0,0.0,0.0,0.8919828286344124,0.0,0.0,0.0,0.0,0.0,0.0,0.8729618602013327,0.0,0.2692307692307693,0.3846153846153846,0.0,0.0,0.10077007700770069,0.7692307692307692,0.40803498223558343,0.0,0.38739817920459996,0.0,0.5593220338983051,0.8636363636363636,0.4,0.0,0.11815252416756161,0.9090909090909091,0.0,0.40364583333333337,0.0,0.0,0.0625,1.0,0.9615384615384616,0.0,0.5882352941176471,1.0,0.4736842105263158,0.0,0.6770502225047679,0.0,0.8711978971085242,0.33333333333333337,0.25373134328358193,0.9444444444444444,0.07692307692307698,0.0,0.0,0.0,0.3036766018204534,0.6428571428571428,0.0,0.6185334517870567,0.0,0.3156498039590705,0.38205302515295714,0.0,0.0,0.6363636363636364,0.0,0.0,0.8001579778830964,0.9603960396039604,1.0,0.8583650825479581,0.7976878612716763,1.0,0.206896551724138,0.0,0.4375,0.9540229885057472,0.8461695607763023,0.0,1.0,1.0,0.0,0.0,0.09090909090909094,0.0,0.0,0.0,0.0,0.0,0.0,0.0,0.9770354906054279,0.0,0.0,0.0,0.0,0.0,0.0,0.8010091453800063,0.0,0.34419817470664926,0.6666666666666666,0.0,0.0,0.33333333333333326,0.8148148148148148,1.0,1.0,0.2801449025357944,0.0,0.7855839416058394,0.75,0.5,0.0,0.0,0.5391918978795232,1.0,0.0,0.9285714285714286,0.11111111111111105,0.0,0.8636363636363636,1.0,0.0,0.6513426736719206,0.3571428571428571,0.6875,0.3765743073047859,0.0,0.0,0.9,0.5833333333333333,0.8461538461538461,0.4787339268051435,0.9270833333333334,0.5,0.0,0.0,0.3292682926829268,0.7777777777777778,0.0,1.0,0.0,0.650750037130551,1.0,0.12,0.0,1.0,0.9,0.0,0.854220600769482,1.0,0.9858305697919807,0.8306831566548881,0.9673202614379085,0.0,0.375,0.0,0.0,0.9925107657741996,0.33182295770948245,0.0,0.9903307888040712,0.7341772151898733,0.0,0.0,0.08333333333333337,0.0,0.0,0.0,0.0,0.0,0.0,0.0,0.9545454545454546,0.0,0.0,0.0,0.0,0.0,0.0,0.0,0.5,0.5606694560669456,0.0,0.0,0.09090909090909083,0.0,0.6666666666666667,0.46153846153846156,0.0,0.8025531914893618,0.2857142857142857,0.17352056168505514,0.8888888888888888,0.6,0.0,0.20218340611353702,0.18367346938775508,0.3022959183673469,0.0,0.0,0.0,0.0,0.75,0.75,0.0,0.13636363636363635,0.4285714285714285,0.0,0.0,0.4629629629629629,0.0,0.0,0.19999999999999996,0.0,0.9523809523809523,0.4285714285714286,0.09999999999999998,0.07723577235772361,0.0,0.11494252873563238,0.4,0.0,0.9666758091058695,0.22972972972972971,0.0,0.26923076923076916,0.0,0.35096153846153844,0.0,0.0,0.0,0.0,0.88,0.0,0.08554306321595262,0.0,0.7777777777777778,0.1428571428571428,0.0,0.0,0.9090909090909091,0.07487246173852169,0.0,1.0,0.7777777777777778,0.0,0.0,0.3571428571428571,m2
0.0,0.0,0.0,0.5416666666666667,0.6538538825893497,0.5,3.3306690738754696e-16,0.0,0.0,0.0,0.0,0.0,0.0,0.0,0.9291948772330533,0.0,0.0,0.3846153846153846,0.8947368421052632,0.0,0.2939903740009715,0.7692307692307692,0.7815660016397923,0.0,0.5554667838453242,0.0,0.0,0.31818181818181823,0.0,1.0,0.11815252416756161,0.0,0.4,0.10654239766081874,0.9491525423728814,0.0,1.0,0.2222222222222222,0.0,0.6428571428571428,0.17647058823529416,0.8796992481203008,0.5789473684210527,0.0,0.27775943655771973,0.791869918699187,0.0,0.2222222222222222,0.3897624623619941,0.0,0.0,0.20277716552788194,0.27012155059132725,0.0,0.47213914685975134,0.0,0.8571428571428571,0.4478032565757779,0.5822153357771817,0.45650228844764107,0.8687967369136642,0.6178334106011436,0.0,0.6136363636363636,0.375,0.0,0.0,0.0,1.0,0.15426485230667097,0.8333333333333334,0.0,0.206896551724138,0.08695652173913038,0.0,0.0,0.5707865168539326,0.9473684210526315,0.0,0.7977977977977978,0.0,0.0,0.09090909090909094,0.0,0.0,0.0,0.6000000000000001,0.7706611570247934,0.0,0.0,0.0,0.0,1.0,0.0,0.0,0.0,0.0,0.8010091453800063,0.0,0.0,0.6666666666666666,1.0,0.0,0.0,0.8148148148148148,1.0,0.0,0.7026047955839227,0.0,0.17888365837256237,0.2500000000000001,1.0,0.0,0.0,0.0,0.5,0.23392966464866327,1.0,0.0,1.0,0.0,0.36363636363636365,0.75,0.3523058960887332,0.0,0.8125,0.375,0.323943661971831,0.9333333333333333,0.09999999999999998,0.5416666666666667,0.84256,0.0,0.011961722488038284,0.7692307692307692,0.8571428571428571,0.0,1.0,0.0,1.0,0.7468297101449275,0.9024959415584415,0.650750037130551,0.0,0.0,0.0,0.33333333333333326,0.8,0.0,0.37038689172289085,0.0,1.0,0.02164804469273729,0.9673202614379085,0.6752136752136751,0.375,0.0,0.0,0.0,0.06704237722315731,1.0,0.0,0.7341772151898733,0.0,0.0,0.5,0.0,0.0,0.0,0.5384615384615385,0.8333333333333334,0.6000000000000001,0.0,0.0,0.0,0.0,0.0,0.0,1.0,0.0,1.0,0.0,0.0,0.641025641025641,0.6666666666666667,0.0,0.6798245614035088,0.6666666666666667,0.7948717948717949,0.0,0.27543314082629944,0.2857142857142857,0.0,0.33333333333333337,0.0,0.0,0.0,0.5602409638554215,0.5055401662049861,0.06666666666666665,0.6,0.33333333333333337,0.8333333333333334,0.5,0.5,0.0,0.09090909090909094,0.028571428571428692,0.0,0.1333333333333332,0.0,0.7407407407407407,0.5714285714285714,0.0,0.0,0.8571428571428572,0.0,0.0,0.11019397441188616,0.0,0.07147220525351261,0.0,0.0,0.0,0.19999999999999996,0.0,0.6923076923076923,0.6202192448233862,0.35096153846153844,0.5,0.5714285714285714,0.0,0.9375,0.0,0.9338555265448216,0.3351718285956725,0.0,1.0,0.1428571428571428,0.23809523809523803,0.0,0.0,0.0,0.6666666666666667,0.0,0.7777777777777778,0.0,0.0,0.0,m2
0.0,0.5757111773712628,0.8974358974358975,0.0,0.0,0.5,0.17214013621147406,0.0,0.0,0.0,0.0,0.8418875440478015,0.0,0.0,0.2953456394016416,0.09999999999999998,0.2692307692307693,0.1794871794871794,0.5789473684210527,0.0,0.6716042851474673,0.7692307692307692,0.7815660016397923,0.0,0.5554667838453242,0.8080808080808081,0.0,0.0,0.4,0.5,0.8607948442534908,1.0,0.35,0.7346491228070176,0.0,0.0,0.0,0.8333333333333334,0.7142857142857142,0.6428571428571428,0.7647058823529412,0.9022556390977443,0.8947368421052632,0.44885177453027136,0.27654320987654313,0.32357723577235775,0.0,0.0,0.0,0.9347079037800687,0.8666666666666667,0.032620674454485354,0.5985804416403786,0.0,0.6094515568199779,0.0,0.8571428571428571,0.6329793308210575,0.0,0.45650228844764107,0.882816605359958,0.0,0.0,0.75,0.1250000000000001,0.2592592592592592,0.0,0.0,1.0,0.10811387900355884,0.6416184971098267,1.0,0.0,0.0,0.4662379421221865,0.5778321108394459,0.8461695607763023,0.0,0.0,0.0,0.5,0.0,0.09090909090909094,0.0,0.7916666666666666,0.8666666666666667,0.0,0.0,0.0,0.370271186440678,0.0,0.0,1.0,0.0,0.7391304347826086,0.0,0.0,0.0,0.8114086146682189,0.16955017301038067,0.28205128205128205,0.0,0.0,0.33333333333333326,0.8148148148148148,1.0,0.0,0.7115085536547434,0.875,0.17888365837256237,0.0,0.5,1.0,0.9311342592592593,1.0,0.0,0.7293381402625672,0.0,0.11111111111111105,0.0,0.8636363636363636,0.8636363636363636,0.75,0.0,0.7857142857142857,0.9375,0.7455919395465995,0.323943661971831,0.20000000000000007,0.09999999999999998,0.0,0.0,1.0,0.9101941747572816,0.23076923076923073,0.0,0.0,0.75,0.0,1.0,0.9305555555555556,0.0,0.64298490377048,0.0,0.12,0.0,0.44444444444444453,0.0,0.25,0.37038689172289085,0.0,0.8540587219343696,0.02164804469273729,0.7320261437908497,1.0,0.0,0.0,0.5403669266146771,0.728414801279123,0.4605137963843957,0.0,0.0,0.0,0.9363360762234734,0.0,0.08333333333333337,0.0,0.9130434782608696,0.8823529411764706,0.0,0.0,0.6000000000000001,0.040983606557377095,0.0,0.0,0.0,0.0,0.2679738562091504,1.0,0.0,0.4779411764705883,0.9090909090909091,0.5606694560669456,0.3846153846153846,1.0,0.0,0.0,0.6666666666666667,0.7948717948717949,0.0,0.27543314082629944,0.7142857142857143,0.0,0.0,0.6,0.0,1.0,0.0,0.2119113573407203,0.09999999999999998,0.19999999999999996,0.0,1.0,0.75,0.75,0.0,0.40909090909090917,0.4,0.8,0.5333333333333333,0.0,0.37037037037037046,0.5714285714285714,0.7,0.46153846153846156,0.6666666666666667,1.0,0.0,0.5528455284552845,0.0,0.0,0.0,0.0,0.22931937172774852,0.2060185185185185,0.0,0.6923076923076923,0.0,0.5868613138686132,0.5,0.4285714285714286,0.0,0.9375,0.0,0.44082809224318653,0.3351718285956725,0.0,1.0,0.0,0.0,0.4664548022598869,0.6666666666666666,0.07487246173852169,0.0,0.0,0.0,0.8095238095238095,0.0,0.3571428571428571,m2
0.0,0.0,0.8974358974358975,0.0,0.0,0.5,0.004082074994581242,0.0,0.0,0.0,0.8206153846153846,0.0,0.9435897435897436,0.0,0.8857348760859991,0.19999999999999996,0.0,0.1794871794871794,0.052631578947368474,0.875,0.26906860866232274,0.7692307692307692,0.3597977589505329,0.0,0.6986503753394027,0.0,0.5593220338983051,0.31818181818181823,0.8,1.0,0.25515574650913,0.9090909090909091,0.19999999999999996,0.40364583333333337,0.0,0.0,0.0,0.0,0.0,0.6428571428571428,0.8823529411764706,1.0,0.8947368421052632,0.6538461538461539,0.0,0.0,0.5080736012016522,0.2222222222222222,0.356560717196414,0.9444444444444444,0.07692307692307698,0.032620674454485354,0.240242261103634,0.0,0.4522144522144521,0.0,0.0,0.2753784056508578,0.5785081805925009,0.3156498039590705,0.2902033271719039,0.0,0.5520565552699229,0.0,0.0,0.0,0.7779059040590406,0.0,1.0,0.8480567904775562,0.7976878612716763,1.0,0.0,0.75,0.32797427652733113,0.9891304347826086,0.4772902232486529,0.0,0.0,0.0,0.0,0.0,0.09090909090909094,0.0,0.0,0.9090909090909091,0.0,0.0,0.0,0.4269115591934518,0.0,0.0,0.0,0.8282208588957055,0.0,0.8790397289642943,0.0,0.8010091453800063,0.8898628048780488,0.0,0.28205128205128205,0.6098509397278029,0.7333333333333334,0.0,0.8148148148148148,0.0,0.0,0.8664826634466103,0.0,0.7921273772666961,0.2500000000000001,1.0,1.0,0.44563918757467125,0.9122270281675282,0.8,0.0,0.0,0.0,0.0,0.36363636363636365,0.0,0.75,0.8297223308564724,0.3571428571428571,0.9375,0.7444444444444445,0.323943661971831,0.7142857142857143,0.8,0.5416666666666667,0.36182336182336194,0.19616788321167877,0.9270833333333334,0.23076923076923073,0.0,0.0,0.7476635514018692,0.0,0.0,0.0,0.9024959415584415,0.6866569449507838,1.0,0.8620689655172413,0.7239307681304534,0.0,0.9,0.0,0.854220600769482,0.0,0.9858305697919807,0.8888888888888888,0.9673202614379085,1.0,0.0,0.0,0.5469748168611104,0.9886363636363636,0.0,0.0,0.0,0.0,0.0,0.0,0.08333333333333337,0.0,0.0,0.8823529411764706,0.0,0.0,0.6000000000000001,0.625,0.0,0.0,0.0,0.9494047619047619,0.0,0.5420560747663552,0.0,0.0,0.29999999999999993,0.0,0.30043859649122806,0.05555555555555547,0.0,0.6798245614035088,0.6666666666666667,0.0,0.0,0.33319148936170206,0.2857142857142857,0.17352056168505514,0.33333333333333337,0.8,0.0,0.08743633276740226,0.7428571428571429,0.75,0.0,0.19999999999999996,0.33333333333333337,0.0,0.0,0.0,0.0,0.0,0.4285714285714285,0.8,0.8235294117647058,0.0,0.0,0.7142857142857143,0.0,0.2564102564102564,0.9523809523809523,0.4285714285714286,0.9,0.07954300495796529,0.0,0.0,0.0,0.0,0.0,0.0,0.0,0.3846153846153846,0.0,0.0,0.0,0.0,0.0,0.46153846153846156,0.0,0.0,0.08554306321595262,0.0,1.0,0.0,0.23809523809523803,0.6426553672316384,0.9090909090909091,0.0,0.0,0.0,0.0,0.0,0.0,0.3571428571428571,m2
0.0,0.0,0.0,0.0,0.0,0.0,0.1739734624350009,0.0,0.6774547803617571,0.0,0.0,0.0,0.0,0.0,0.3065744482437054,0.96875,0.2692307692307693,0.5769230769230769,0.8947368421052632,0.6440501043841336,0.0,0.0,0.2860757609585475,0.0,0.6956945572705118,0.16717791411042937,0.864406779661017,0.0,0.4,0.5,0.9081873592883423,0.0,0.5,0.897173670509483,0.0,0.0,0.0625,0.0,0.0,0.0,0.5882352941176471,0.0,0.0,0.5480167014613779,0.0,0.3290322580645161,0.2084115659031167,0.33333333333333337,0.38043478260869557,0.37285223367697595,0.0,0.0,0.6213767373211431,0.0,0.0,0.6428571428571428,0.9285714285714286,0.0,0.6576048011465425,0.671100175505007,1.0,0.0,0.5520565552699229,0.0,0.375,0.0,0.08655757761125538,0.9603960396039604,0.4,0.3557643214541001,0.0,0.0,0.206896551724138,0.75,0.4375,0.44913830348999084,0.9305413687436159,0.0,0.0,0.0,0.0,0.9375,0.8636363636363636,0.0,0.0,0.0,0.0,0.0,0.0,0.0,0.0,0.6206896551724137,1.0,0.0,0.0,0.0,0.0,0.15736360769473345,1.0,0.34419817470664926,0.641025641025641,1.0,0.7333333333333334,0.0,0.0,0.0,1.0,0.8656562177058216,0.7272727272727273,0.956960322797579,0.0,0.5,1.0,0.93512938674229,0.0,0.5,0.9200734643901776,0.0,0.11111111111111105,0.09316770186335399,0.36363636363636365,0.0,0.0,0.6513426736719206,0.0,0.0,0.19841269841269848,0.0,0.20000000000000007,0.4,0.5833333333333333,0.84256,0.3267511177347242,0.30080213903743314,0.23076923076923073,1.0,0.0,0.0,0.7777777777777778,1.0,0.0,0.9024959415584415,0.8974744222651498,1.0,0.12,0.8084866691701089,0.0,0.8,0.0,0.0,1.0,0.8166969147005445,0.7777777777777778,0.0,0.0,0.375,0.0,0.0,0.6682608695652175,0.7943350655053795,0.0,0.0,0.0,0.0,1.0,0.8333333333333334,0.0,0.0,0.0,0.0,0.0,0.0,0.0,0.0,0.6333333333333333,0.0,0.0,0.0,1.0,0.0,0.68,1.0,0.5606694560669456,0.5641025641025641,0.6907216494845361,0.29999999999999993,0.27243589743589736,0.0,0.0,0.0,0.4064860062194581,0.0,0.799043062200957,0.0,0.6,0.0,1.0,0.553191489361702,0.510958904109589,0.033333333333333326,0.19999999999999996,0.0,0.0,0.0,0.0,0.0,0.6666666666666667,0.0,0.4,0.3999999999999999,0.4571645185746779,0.37037037037037046,0.5714285714285714,0.19999999999999996,0.0,0.0,0.0,0.0,0.3619479983491539,0.0,0.25778863775198524,0.4,0.5,0.6315139879319802,0.0,0.13703048590157096,1.0,0.0,0.0,0.0,0.5714285714285714,0.0,1.0,0.88,0.0,0.0,0.0,0.0,0.1428571428571428,0.23809523809523803,0.0,0.6666666666666666,0.6761991224088364,0.0,0.0,0.0,0.0,0.9,0.9285714285714286,m2
0.0,0.0,0.0,0.0,0.0,0.0,0.0,0.0,0.6722772277227723,0.0,0.0,0.0,0.8421092165552468,0.0,0.0,0.0,0.3846153846153846,0.0,0.052631578947368474,0.6481481481481481,0.2951108759864216,0.0,0.40803498223558343,0.0,0.3960174288390276,0.0,0.4067796610169492,0.0,0.0,0.0,0.238445968739458,0.0,0.0,0.0,0.9491525423728814,0.6363636363636364,0.0,0.0,0.7142857142857142,0.6428571428571428,0.8823529411764706,0.8796992481203008,0.0,0.0,0.27654320987654313,0.0,0.2084115659031167,0.33333333333333337,0.0,0.0,0.6898148148148149,0.0,0.6213767373211431,0.0,0.09198672356567095,0.0,0.9285714285714286,0.6972790777197011,0.4042457900394124,0.671100175505007,0.8442559753276793,0.0,0.5520565552699229,0.6363636363636364,0.1250000000000001,0.7777777777777778,0.0,0.0,1.0,0.10714797306976076,0.8901734104046243,1.0,0.206896551724138,0.0,0.4375,0.44913830348999084,0.0,0.0,0.9919354838709677,0.0,0.0,0.0,0.0,0.0,0.0,0.0,0.0,0.0,0.0,0.0,0.0,0.6206896551724137,1.0,0.0,0.0,0.8705132987117321,0.0,0.0,0.0,0.20761245674740492,0.0,0.5154109589041096,0.7333333333333334,0.0,0.0,1.0,0.0,0.314151190164792,0.0,0.0,0.0,1.0,0.0,0.4810350939383198,0.0,1.0,0.0,0.9285714285714286,0.7777777777777778,0.0,0.36363636363636365,0.8636363636363636,0.75,0.8374927028604787,0.0,0.0,0.3765743073047859,0.323943661971831,0.0,0.4,0.5833333333333333,0.0,0.27193315609570823,0.7719714964370546,0.5,1.0,0.0,1.0,0.0,1.0,0.9305555555555556,0.675679788961039,0.8974744222651498,1.0,0.12,0.8084866691701089,1.0,0.0,0.875,0.37038689172289085,0.0,0.8950859210129636,0.7647058823529411,0.954248366013072,1.0,0.375,0.0,0.0,0.6682608695652175,0.0,0.0,0.9633346823148523,0.0,0.0,0.0,0.0,0.0,0.0,0.0,0.0,0.0,0.0,0.0,0.0,0.8145539906103286,0.0,0.0,0.0,0.0,0.0,0.0,0.0,0.3916317991631799,0.0,0.09278350515463918,0.29999999999999993,0.6798245614035088,0.0,0.46153846153846156,0.0,0.814749000444247,0.2857142857142857,0.3403543965229019,0.0,0.0,0.0,0.5696000000000001,0.5602409638554215,0.0,0.0,0.6,0.33333333333333337,1.0,0.0,0.75,0.0,0.0,0.028571428571428692,0.4,0.1333333333333332,0.0,0.0,0.5714285714285714,0.19999999999999996,0.46153846153846156,0.8571428571428572,0.22000000000000008,1.0,0.3619479983491539,0.0,0.049342105263158076,0.0,0.5,0.24286889742183204,0.04166666666666652,0.24699421107317798,0.7692307692307693,0.0,0.0,0.0,0.4285714285714286,0.7368421052631579,0.9375,0.0,0.5213228894691035,0.3499226955270033,0.828996282527881,1.0,0.1428571428571428,0.0,0.0,0.6666666666666666,0.14121736520956307,0.0,1.0,0.0,0.0,0.0,0.2857142857142857,m2
0.0,0.5757111773712628,0.0,0.0,0.6546702903733371,0.5,0.22308201934543526,0.0,0.7067232521777977,0.6363636363636364,0.0,0.723191768384949,0.9392712550607287,0.0,0.8650834271675709,0.0,0.3846153846153846,0.1794871794871794,0.8421052631578947,0.0,0.8872244644520335,0.33333333333333326,0.0,0.0,0.0,0.27295597484276723,0.0,0.8636363636363636,0.4,0.5,0.0770805985823052,0.0,0.0,0.0,0.0,0.6363636363636364,0.0,0.0,0.25,0.0,0.0,1.0,0.5789473684210527,0.2886221294363256,0.47296951063284653,0.7894736842105263,0.009763424708974844,0.2222222222222222,0.41050518568082983,0.1872852233676976,0.32730923694779124,0.3257142857142856,0.0,0.0,0.3036766018204534,0.0,0.9285714285714286,0.4093720871112617,0.40972435251325656,0.0,0.0,0.334106011435636,0.9368530020703933,0.0,1.0,0.7777777777777778,0.8001579778830964,0.9603960396039604,1.0,0.8071058249466301,0.8333333333333334,1.0,0.0,0.08695652173913038,1.0,0.0,0.5707865168539326,0.0,0.0,0.0,0.5,0.0,0.09090909090909094,0.0,0.7916666666666666,0.0,0.0,0.8406617755674824,0.0,0.3745539020941351,0.0,0.6206896551724137,0.0,0.0,0.7391304347826086,0.8682743865395283,0.0,0.7433155080213903,0.0,0.03650586701434144,0.28205128205128205,1.0,0.7333333333333334,0.9487179487179487,0.14814814814814825,1.0,1.0,0.0,0.7272727272727273,0.0,0.75,0.5,1.0,0.0,0.0,0.0,0.8533143843264643,0.0,0.7777777777777778,0.0,0.36363636363636365,0.0,0.0,0.5807932661650299,0.9067405355493998,0.8125,0.0,0.8309859154929577,0.4666666666666667,0.0,0.5416666666666667,0.3849802371541502,0.20603576751117725,0.7707736389684814,0.7692307692307692,0.33333333333333326,0.0,0.31464174454828653,0.0,1.0,0.925328330206379,0.6417522583838634,0.0,0.5,0.82,1.0,0.0,0.09999999999999987,0.875,0.8269697972302311,1.0,0.09542314335060453,0.7993482309124768,0.9673202614379085,0.0,0.0,0.0,0.5403669266146771,0.0,0.0,0.0,0.0,0.0,0.30434782608695654,0.0,0.5,0.0,1.0,0.0,0.0,0.9060721062618595,0.6000000000000001,0.9090909090909091,0.0,0.33333333333333337,0.5084155542658154,0.0,0.8,0.0,0.0,0.9423076923076923,0.5,1.0,0.3846153846153846,0.5,0.0,0.8803191489361702,0.75,0.3076923076923077,0.0,0.0,0.0,0.0,0.8888888888888888,0.6,0.0,0.13594704684317704,0.0,0.0,0.033333333333333326,0.19999999999999996,0.33333333333333337,0.0,0.0,0.0,0.0,0.6666666666666667,0.4285714285714285,0.0,0.8235294117647058,0.4476504534212695,0.8148148148148149,0.4285714285714286,0.0,0.2564102564102564,0.9523809523809523,0.4186046511627908,0.1428571428571428,0.0,0.0,0.11494252873563238,0.0,0.5,0.22931937172774852,0.05855855855855874,0.16586345381526102,0.0,0.19049951028403533,0.8335766423357664,0.0,0.5714285714285714,1.0,0.0,0.88,0.46447121529382984,0.7080257463907779,0.27453987730061336,1.0,0.0,0.23809523809523803,0.46193501978180085,0.0,0.06082614616432114,0.0,0.0,0.0,0.8095238095238095,0.0,0.0,m2
0.0,0.0,0.0,0.0,0.0,0.5,0.22266185139943717,0.0,0.0,0.0,0.8206153846153846,0.0,0.9062857142857143,0.0,0.0,0.09999999999999998,0.2692307692307693,0.0,0.0,0.0,0.18881062910196889,0.7692307692307692,0.030472806777807948,0.0,0.0,0.0,0.5593220338983051,0.9090909090909091,0.4,1.0,0.0,1.0,0.85,0.40364583333333337,0.0,0.0,0.0625,0.0,0.0,0.0,0.7647058823529412,0.0,0.4736842105263158,0.4482758620689655,0.47120152574698027,0.0,0.5080736012016522,0.2222222222222222,0.9225650332728372,0.0,0.6153846153846154,0.0,0.0,0.0,0.0,0.0,0.8571428571428571,0.4124149659863945,0.39715045731151855,0.3156498039590705,0.0,0.0,0.9368530020703933,0.0,0.0,0.0,0.0,0.0,1.0,0.8922943986987903,0.7976878612716763,0.0,0.0,0.75,1.0,0.574712643678161,0.8461695607763023,0.0,1.0,0.0,0.0,0.0,0.0,0.0,0.0,0.0,0.0,0.0,0.0,0.5269309195802456,0.0,0.0,0.0,0.8282208588957055,0.0,0.8606464950197331,0.0,0.0935828877005348,0.5488721804511277,0.16955017301038067,0.0,0.0,0.0,0.0,0.8148148148148148,0.0,1.0,0.0,0.0,0.8517538054268696,1.0,0.5,0.0,0.07002314814814825,0.8683405422512923,1.0,0.0,0.0,0.0,0.0,0.36363636363636365,0.0,0.0,0.0,0.3571428571428571,0.6875,0.7455919395465995,0.8309859154929577,0.0,0.8,0.5416666666666667,0.9172683513838749,0.4861878453038674,0.3076923076923076,0.5,0.33333333333333326,0.0,0.0,0.0,1.0,0.26923076923076916,0.6417522583838634,0.650750037130551,0.44000000000000006,0.12,1.0,0.0,0.9,0.0,0.37038689172289085,0.0,0.9736614853195165,0.9132589838909542,0.9673202614379085,0.0,0.0,0.0,0.5470488123720494,0.7298075815186083,0.33182295770948245,0.0,0.9348268839103869,0.0,0.0,0.0,0.0,0.0,0.0,0.0,0.0,0.0,0.6000000000000001,0.9090909090909091,0.0,0.0,0.0,0.9494047619047619,0.0,0.5420560747663552,0.0,0.0,0.0,0.5606694560669456,0.7171052631578947,0.0,0.09090909090909083,0.537375415282392,0.6666666666666667,0.20512820512820518,0.0,0.0,0.2857142857142857,0.17352056168505514,0.8888888888888888,0.6,0.0,0.058659217877094716,0.0,0.3125,0.0,0.19999999999999996,0.33333333333333337,0.0,0.0,0.0,0.0,0.40909090909090917,0.0,0.0,0.17647058823529416,0.19212962962962954,0.0,0.7142857142857143,0.0,0.5128205128205128,0.2857142857142857,0.0,0.09999999999999998,0.07723577235772361,0.0,0.3928571428571429,0.0,0.0,0.22931937172774852,0.05855855855855874,0.0,0.0,0.0,0.8335766423357664,0.0,0.0,0.0,0.9375,0.0,0.00108775460256183,0.08554306321595262,0.0,1.0,0.0,0.23809523809523803,0.4664548022598869,0.13636363636363646,0.07487246173852169,0.0,0.5,0.0,0.0,0.0,0.2857142857142857,m2
0.0,0.0,0.0,0.0,0.0,0.0,0.22308201934543526,0.0,0.0,0.0,0.0,0.0,0.0,0.0,0.8258064516129031,0.734375,0.3846153846153846,0.3846153846153846,0.0,0.0,0.10077007700770069,0.33333333333333326,0.0,0.0,0.6987176926457077,0.17560975609756102,0.8305084745762712,0.0,0.0,0.0,0.6425237493822415,0.7547169811320755,0.85,0.0,0.0,0.0,0.0,1.0,0.0,0.0,0.5882352941176471,0.0,0.5789473684210527,0.0,0.9295613477431659,0.0,0.8711978971085242,0.2222222222222222,0.38043478260869557,0.9347079037800687,0.32730923694779124,0.0,0.0,0.0,0.45475638051044087,0.6428571428571428,0.9285714285714286,0.193218954248366,0.40972435251325656,0.0,1.0,0.6178334106011436,0.9601542416452442,0.3750000000000001,0.0,0.0,0.0,0.0,1.0,0.7281908036097982,1.0,0.0,0.0,0.0,0.4375,0.6096169519152405,0.8461695607763023,0.9473684210526315,0.96875,0.0,0.0,0.0,0.6818181818181819,0.0,0.0,0.0,0.0,0.0,0.0,0.5138945752302968,0.0,0.0,0.75,0.0,0.0,0.0,0.0,0.8010091453800063,0.8102303787582975,0.20761245674740492,0.6666666666666666,0.0,0.7333333333333334,0.33333333333333326,0.14814814814814825,1.0,1.0,0.8724727838258165,0.7272727272727273,0.9354404841963685,0.0,1.0,0.0,0.82701169797944,1.0,1.0,0.8533143843264643,0.0,0.11111111111111105,0.0,0.8636363636363636,0.0,0.0,0.5807932661650299,0.0,0.8125,0.4274376417233561,0.25352112676056326,0.0,0.9,0.5416666666666667,0.84256,1.0,0.8442211055276382,0.23076923076923073,0.0,0.0,0.8695652173913043,0.7777777777777778,1.0,0.5592870544090056,0.675679788961039,0.0,1.0,0.0,1.0,0.33333333333333326,0.9,0.0,0.28298908162783,0.0,0.13053964425685882,0.8888888888888888,0.7320261437908497,1.0,0.0,0.0,0.0,0.6682608695652175,0.33182295770948245,1.0,0.9021113243761996,0.0,0.0,0.0,0.75,0.0,0.0,0.0,0.0,0.0,0.0,0.040983606557377095,0.0,0.0,0.0,0.0,0.0,0.5,0.0,0.9423076923076923,0.0,1.0,0.641025641025641,0.0,0.0,0.6025641025641025,0.75,0.3076923076923077,0.0,0.33319148936170206,0.0,0.7655502392344498,0.0,0.0,0.0,0.2785132382892058,0.16312056737588654,0.6506849315068493,0.033333333333333326,0.19999999999999996,0.0,0.0,0.75,0.0,0.0,0.6666666666666667,0.0,0.0,0.0,0.8887056883759274,0.0,0.0,0.0,0.0,0.6666666666666667,0.4186046511627908,0.0,0.07723577235772361,0.0,0.0,0.4,0.5,0.25740537575425126,0.05855855855855874,0.16586345381526102,1.0,0.6197355533790402,0.8477564102564102,0.5,0.0,0.0,0.9375,0.0,0.5912290661368151,0.7080257463907779,0.09509202453987697,0.0,0.0,0.0,0.0,0.6666666666666666,0.20402481464669375,0.6666666666666667,1.0,0.0,0.0,0.0,0.7142857142857143,m2
0.0,0.0,0.0,0.0,0.0,0.5,0.22266185139943717,0.9099501808503379,0.6868760369065984,0.875,0.0,0.0,0.0,0.0,0.2953456394016416,0.734375,0.2692307692307693,0.0,0.0,0.0,0.2939903740009715,0.0,0.3597977589505329,0.0,0.8945392082451165,0.17560975609756102,0.4067796610169492,0.0,0.4,0.0,0.25515574650913,0.2727272727272728,0.4,0.0,0.44067796610169496,0.0,0.0,0.25,0.0,0.6428571428571428,0.0,0.8796992481203008,0.8947368421052632,0.44885177453027136,0.27654320987654313,0.0,0.0,0.8888888888888888,0.38043478260869557,0.19408181026979987,0.8666666666666667,0.032620674454485354,1.0,0.0,0.4699699699699701,0.0,0.8571428571428571,0.338920826455689,0.39715045731151855,0.45650228844764107,0.822550831792976,0.0,0.0,0.0,0.1250000000000001,0.5555555555555556,0.0,0.0,1.0,0.355342075836129,1.0,0.09999999999999998,0.206896551724138,0.0,0.4662379421221865,0.0,0.8461695607763023,0.9473684210526315,0.0,0.7977977977977978,0.0,0.0,0.09090909090909094,0.0,0.0,0.0,0.0,0.0,0.0,0.5153950154332797,0.5414507772020725,0.6206896551724137,0.0,0.0,0.0,0.0,0.0,0.0,0.8114086146682189,0.16955017301038067,0.0,0.040777917189460444,0.0,0.0,0.0,0.0,0.0,1.0,0.7272727272727273,0.0,0.0,1.0,0.0,0.44907407407407407,0.0,0.6,0.0,0.2857142857142856,0.11111111111111105,0.0,0.36363636363636365,0.36363636363636365,0.75,0.6513426736719206,0.3571428571428571,0.9375,0.75,0.323943661971831,0.0,0.09999999999999998,0.9583333333333334,0.48766546329723226,0.20603576751117725,0.9168704156479218,0.23076923076923073,1.0,0.0,1.0,0.0,1.0,0.7468297101449275,0.6417522583838634,0.650750037130551,1.0,0.12,0.0,0.0,0.0,0.75,0.37038689172289085,0.0,1.0,0.02164804469273729,0.7320261437908497,0.0,0.375,0.0,0.5403669266146771,0.0,0.4605137963843957,1.0,0.0,0.7341772151898733,0.0,0.0,0.5,0.0,0.0,0.0,0.0,0.0,0.6000000000000001,0.625,0.9545454545454546,0.7682926829268293,1.0,0.0,0.0,1.0,0.0,0.5555555555555556,0.9090909090909091,0.5606694560669456,0.0,0.0,0.0,0.537375415282392,0.0,0.0,0.0,0.6015104398045313,0.0,0.3403543965229019,0.0,0.4,0.0,0.702152414194299,0.4518072289156626,0.5055401662049861,0.0,0.0,0.0,0.0,0.0,0.5,0.0,0.13636363636363635,0.4285714285714285,0.8,0.5333333333333333,0.0,0.0,0.5714285714285714,0.8,0.0,0.9523809523809523,1.0,0.9,1.0,0.0,0.07147220525351261,0.0,0.0,0.0,0.6,0.0,0.7692307692307693,0.0,0.5868613138686132,0.0,0.4285714285714286,1.0,0.9375,0.0,0.9130085653104925,0.3351718285956725,0.41184387617765816,0.0,0.1428571428571428,0.0,0.46193501978180085,0.0,0.07487246173852169,0.6666666666666667,0.0,0.7777777777777778,0.0,0.0,0.0,m2
0.8451672010994045,0.5757575757575758,0.0,0.0,0.0,0.5,0.0,0.9099501808503379,0.0,0.0,0.0,0.0,0.0,0.0,0.33473741422650993,0.734375,0.2692307692307693,0.8461538461538461,0.0,0.42592592592592593,0.9508544178036826,0.7692307692307692,0.40803498223558343,0.0,0.6955352778230406,0.16717791411042937,0.5593220338983051,0.0,0.0,0.5,0.0,0.0,0.0,0.09166976571216068,0.44067796610169496,0.0,0.0,0.0,1.0,0.6428571428571428,0.0,0.8796992481203008,0.0,0.44885177453027136,0.0,0.3290322580645161,0.2084115659031167,0.33333333333333337,0.9184782608695652,0.44734551784160137,0.0,0.0,0.27012155059132725,0.0,0.26212922510922043,0.0,0.0,0.29251372964640143,0.0,0.0,0.38205302515295714,0.5237674110103914,0.5520565552699229,0.0,0.0,0.2592592592592592,0.04498224385111127,0.0,1.0,0.15426485230667097,1.0,0.9514888337468983,0.0,0.0,0.0,0.0,0.31181477698331617,0.0,0.0,1.0,0.0,0.0,0.09090909090909094,0.8656716417910448,0.7916666666666666,0.0,0.0,0.0,0.0,0.0,0.8799943293244807,0.0,1.0,0.0,0.0,0.0,0.0,0.15736360769473345,0.8114086146682189,0.34419817470664926,0.8974358974358975,0.06190476190476191,0.3999999999999999,1.0,0.8148148148148148,1.0,0.0,0.8700417536534446,0.7272727272727273,0.8493611297915266,0.0,1.0,1.0,0.07002314814814825,0.0,1.0,0.23392966464866327,0.2857142857142856,0.11111111111111105,0.0,0.36363636363636365,0.8636363636363636,0.75,0.0,0.3571428571428571,0.0,0.75,0.0,0.20000000000000007,0.4,0.5833333333333333,1.0,0.3267511177347242,0.011961722488038284,0.5,0.8571428571428571,0.0,0.0,0.0,0.0,0.5689915458937198,0.0,0.0,1.0,0.0,0.8084866691701089,0.0,0.9,0.25,0.0,0.0,1.0,0.02164804469273729,0.954248366013072,0.6752136752136751,0.0,0.0,0.0,0.0,0.3761253019102686,0.0,0.0,0.7341772151898733,0.0,0.0,0.5,0.6842105263157895,1.0,0.0,0.0,0.0,0.6000000000000001,0.0,0.9545454545454546,0.0,0.0,0.0,0.0,1.0,0.0,0.5555555555555556,0.9090909090909091,0.5606694560669456,0.9487179487179487,0.0,0.6,0.6289473684210526,0.6666666666666667,0.46153846153846156,0.0,0.4064860062194581,0.0,0.17352056168505514,0.0,0.0,0.0,0.10028191703584388,0.5602409638554215,0.0,0.06666666666666665,0.0,0.0,0.0,0.0,0.75,0.0,0.40909090909090917,0.4285714285714285,0.4,0.5333333333333333,0.4629629629629629,0.37037037037037046,0.5714285714285714,0.19999999999999996,0.5128205128205128,0.0,0.0,0.09999999999999998,0.11019397441188616,0.0,0.25778863775198524,0.0,0.0,0.25740537575425126,0.5384615384615384,0.055457288523566683,0.26923076923076916,0.595005675368899,0.0,0.0,0.0,0.26315789473684204,1.0,0.0,0.9338555265448216,0.3499226955270033,0.5827725437415882,1.0,0.0,0.0,0.0,0.0,0.6377913374012205,0.0,0.0,0.7777777777777778,0.0,0.0,0.0,m2
0.0,0.0,0.0,0.0,0.0,0.0,0.1591406967705462,0.0,0.0,0.0,0.0,0.0,0.0,0.0,0.0,0.0,0.2692307692307693,0.1794871794871794,0.0,0.6481481481481481,0.6716042851474673,0.7692307692307692,0.030472806777807948,0.0,0.555306905370844,0.9497991967871486,0.8305084745762712,0.0,0.4,0.5,0.25515574650913,0.2727272727272728,0.19999999999999996,0.0,0.8813559322033898,0.0,0.78125,0.25,0.0,0.6428571428571428,0.5882352941176471,0.0,0.5789473684210527,0.0,0.27775943655771973,0.0,0.5080736012016522,0.8888888888888888,0.0,0.37285223367697595,0.8666666666666667,0.3440599515098083,0.6213767373211431,0.0,0.0,0.0,0.8571428571428571,0.7006714002801526,0.40972435251325656,0.671100175505007,0.0,0.0,0.5520565552699229,0.6419753086419753,0.375,0.5555555555555556,0.25894639840270306,0.0,1.0,0.3552376085845683,0.6416184971098267,0.0,0.0,0.18518518518518512,0.4375,0.9315403422982885,0.5707865168539326,0.0,0.0,1.0,0.0,0.0,0.09090909090909094,0.0,0.0,0.0,0.0,0.0,0.0,0.4323113707212253,0.0,0.0,1.0,0.0,0.0,0.0,0.0,0.0,0.0,0.34419817470664926,0.28205128205128205,0.02786779001944273,0.7333333333333334,0.84375,0.8148148148148148,0.875,0.0,0.713472976467546,1.0,0.9354404841963685,0.0,0.5,1.0,0.44907407407407407,0.0,0.8,0.0,0.8571428571428571,0.0,0.8771566597653554,0.36363636363636365,0.0,0.75,0.6513426736719206,0.34065934065934067,0.8125,0.3765743073047859,0.323943661971831,0.0,0.8,0.9583333333333334,0.0,0.3267511177347242,0.9334916864608076,0.0,1.0,0.0,0.0,0.0,1.0,0.9305555555555556,0.675679788961039,0.8974744222651498,0.6666666666666667,0.12,0.7239307681304534,1.0,0.8,0.75,0.0,0.0,0.978316935714968,0.7647058823529411,0.7320261437908497,0.0,0.0,0.0,0.0,0.9628571428571429,0.06704237722315731,0.0,0.0,0.7341772151898733,0.0,0.0,0.5,0.0,0.0,0.0,0.0,0.0,0.0,0.625,0.0,0.0,0.0,0.0,0.0,1.0,0.0,0.0,0.0,0.5606694560669456,0.3846153846153846,0.0,0.29999999999999993,0.0,0.6666666666666667,0.20512820512820518,0.0,0.27543314082629944,0.7142857142857143,0.6863925108659311,0.0,0.6,0.0,0.5875576036866359,0.4518072289156626,0.011080332409972193,0.0,0.0,0.33333333333333337,0.0,0.0,0.0,0.0,0.13636363636363635,0.0,0.0,0.1333333333333332,0.0,0.0,0.7142857142857143,0.8,0.46153846153846156,0.0,1.0,0.5,0.3619479983491539,0.0,0.25778863775198524,0.0,0.0,0.24286889742183204,0.04166666666666652,0.24699421107317798,0.0,0.0,0.0,0.0,0.5714285714285714,0.4736842105263157,1.0,0.0,0.5213228894691035,0.3351718285956725,0.0,0.0,0.0,0.23809523809523803,0.0,1.0,0.0,0.0,0.0,0.7777777777777778,0.0,0.0,0.0,m2
0.0,0.0,0.0,0.0,0.0,0.0,0.0,0.0,0.0,0.0,0.0,0.0,0.9063986628380405,0.0,0.0,0.734375,0.2692307692307693,0.1794871794871794,0.8947368421052632,0.875,0.8837041780054427,0.7692307692307692,0.24517717882063228,0.0,0.0,0.9943422913719944,0.5593220338983051,0.31818181818181823,0.0,0.0,0.12289275712481473,0.2727272727272728,0.0,0.46484375,0.8587570621468926,0.0,0.9375,1.0,0.0,0.0,0.0,0.0,0.052631578947368474,0.0,0.0,0.6703296703296703,0.8711978971085242,0.2222222222222222,0.919705587152894,0.0,0.0,0.0,0.6227241111247495,0.0,0.0,0.0,0.8571428571428571,0.013469457789979433,0.6537534510714755,0.3156498039590705,0.0,0.0,0.9368530020703933,0.0,1.0,0.7407407407407407,0.0,0.0,0.0,0.9755308676698073,1.0,0.0,0.206896551724138,0.75,1.0,0.6091954022988506,0.9427639920304293,0.0,0.0,0.0,0.0,0.0,0.0,0.0,0.0,0.0,0.0,0.0,0.0,0.5784969025105967,0.0,0.0,0.0,0.0,0.0,0.884114844031554,0.0,0.0,0.8147865853658537,0.34419817470664926,0.28205128205128205,1.0,0.7333333333333334,1.0,0.8148148148148148,0.0,0.0,0.0,1.0,0.8517538054268696,0.2500000000000001,1.0,0.0,0.0,0.39624432957062994,0.0,0.0,1.0,0.11111111111111105,0.0,0.8636363636363636,0.0,0.0,0.6513426736719206,0.6190476190476191,0.0625,0.4274376417233561,0.323943661971831,0.0,0.9,0.5416666666666667,0.9172683513838749,0.3267511177347242,0.6074498567335245,0.23076923076923073,0.4444444444444444,0.0,0.0,0.0,1.0,0.0,0.8810790743719836,0.64298490377048,0.875,0.12,1.0,0.0,0.9,0.75,0.0,0.0,0.0,0.8888888888888888,0.9673202614379085,0.0,0.375,0.0,0.8530254508680263,0.6666666666666667,0.7635951661631419,0.0,0.0,0.0,0.0,0.0,0.0,0.0,0.0,0.0,0.0,0.0,0.0,0.9090909090909091,0.0,0.0,0.0,0.0,0.0,0.5420560747663552,0.0,0.0,0.0,0.5606694560669456,0.30043859649122806,0.6907216494845361,0.0,0.8803191489361702,0.6666666666666667,0.0,0.0,0.0,0.7142857142857143,0.17352056168505514,0.33333333333333337,0.0,0.0,0.3974871501998857,0.0,0.3125,0.0,1.0,0.0,1.0,0.75,0.0,0.0,0.13636363636363635,0.028571428571428692,0.4,0.0,0.0,0.0,0.0,0.0,0.5128205128205128,0.0,0.0,0.0,0.3619479983491539,0.0,0.3928571428571429,0.0,0.0,0.674916706330319,0.0,0.0,0.0,0.0,0.8335766423357664,0.0,0.0,1.0,1.0,0.0,0.8645314225682191,0.8625040910578566,0.815748031496063,1.0,0.1428571428571428,0.23809523809523803,0.46193501978180085,0.36363636363636365,0.673601366603624,0.0,0.0,0.0,0.0,0.0,0.2857142857142857,m2
0.0,0.5768488745980707,0.0,0.0,0.0,0.5,0.0,0.0,0.7067232521777977,0.0,0.0,0.0,0.0,0.0,0.0,0.09999999999999998,0.0,0.0,0.0,0.6046511627906976,0.1007700770077008,0.0,0.2860757609585475,0.0,0.0,0.0,0.5593220338983051,0.5909090909090908,0.0,1.0,0.0,0.9090909090909091,0.0,0.0,0.943502824858757,0.0,0.78125,0.0,1.0,0.0,0.4117647058823529,1.0,0.5789473684210527,0.44885177453027136,0.0,0.0,0.009763424708974844,0.2222222222222222,0.0,0.19408181026979976,0.0,0.032620674454485354,0.0,0.0,0.30043033889187754,0.6428571428571428,0.9285714285714286,0.4124149659863945,0.3874381164733005,0.3156498039590705,0.37338262476894624,0.0,0.9368530020703933,0.0,0.1250000000000001,0.5555555555555556,0.0,0.0,1.0,0.7298932384341636,0.7976878612716763,0.0,0.0,0.75,1.0,0.574712643678161,0.9305413687436159,0.9473684210526315,0.0,0.7977977977977978,0.0,0.0,0.8636363636363636,0.0,0.7916666666666666,0.0,0.0,0.0,0.0,0.0,0.0,0.6206896551724137,0.75,0.0,0.0,0.0,0.0,0.0935828877005348,0.4088669950738918,0.0,0.0,0.019307589880159903,0.7333333333333334,0.33333333333333326,0.0,0.0,0.0,0.0,0.0,0.8493611297915266,0.2500000000000001,1.0,0.0,0.07002314814814825,0.5391918978795232,0.0,0.8533143843264643,1.0,0.11111111111111105,0.8963044677330392,0.36363636363636365,1.0,0.0,0.35799005228924885,0.3571428571428571,0.8125,0.7455919395465995,0.323943661971831,0.0,0.0,0.5416666666666667,0.0,0.19616788321167877,0.3076923076923076,0.23076923076923073,0.33333333333333326,0.0,1.0,0.7777777777777778,1.0,0.8333333333333334,0.6417522583838634,0.650750037130551,1.0,0.12,1.0,0.0,0.0,0.75,0.28298908162783,0.0,0.9736614853195165,0.8219743907476249,0.9673202614379085,1.0,0.0,0.0,0.5403669266146771,0.728414801279123,0.7612949829261886,1.0,0.0,0.7341772151898733,0.0,0.0,0.8333333333333334,0.0,0.9470404984423676,0.0,0.0,0.0,0.6000000000000001,0.0,0.0,0.7682926829268293,0.0,0.0,0.0,0.5,0.0,0.0,0.0,1.0,0.0,0.0,0.0,0.0,0.0,0.0,0.0,0.0,0.2857142857142857,0.17352056168505514,0.6666666666666667,0.0,0.0,0.1162361623616236,0.18367346938775508,0.2119113573407203,0.033333333333333326,0.6,0.0,0.6666666666666667,0.0,0.75,0.0,0.09090909090909094,0.4285714285714285,0.0,0.17647058823529416,0.0,0.0,0.4285714285714286,0.0,0.46153846153846156,0.9523809523809523,1.0,0.9,0.0,0.0,0.11494252873563238,0.4,0.5,0.22931937172774852,0.05855855855855874,0.0,0.26923076923076916,0.0,0.8335766423357664,0.0,0.4285714285714286,1.0,0.9375,0.0,0.00108775460256183,0.0,0.0,0.0,0.0,0.23809523809523803,0.4664548022598869,0.6666666666666666,0.6253376012803842,0.6666666666666667,0.0,0.7777777777777778,0.0,0.0,0.9285714285714286,m2
0.0,0.0,0.0,0.0,0.0,0.5,0.0,0.9108391117599169,0.0,0.875,0.9057097957045573,0.0,0.9062857142857143,0.0,0.2581174680706251,0.0,0.3846153846153846,0.0,0.5789473684210527,0.25,0.4933160415003991,0.0,0.030472806777807948,0.0,0.6958057574404157,0.9940298507462687,0.0,0.5909090909090908,0.0,0.0,0.0,0.0,0.19999999999999996,0.40364583333333337,0.45197740112994356,0.6363636363636364,0.0625,0.25,1.0,0.0,0.8823529411764706,0.0,0.5789473684210527,1.0,0.0,0.0,0.0,0.0,0.41050518568082983,0.0,0.32730923694779124,0.09714285714285709,0.0,0.0,0.03361766181635728,0.0,0.9285714285714286,0.5483243967828417,0.0,0.3156498039590705,0.0,0.9089100154764537,0.5520565552699229,0.0,0.1250000000000001,0.0,0.09251991913426105,0.0,1.0,0.8922943986987903,0.0,0.0,0.0,0.75,0.0,0.1990163777873275,0.2894534257120861,0.0,0.0,0.7977977977977978,1.0,0.0,0.09090909090909094,0.0,0.0,0.0,0.0,0.0,0.0,0.0,0.869608195542775,0.0,0.5476190476190477,0.8282208588957055,0.0,0.8832729667434969,0.0,0.15736360769473345,0.0,0.20761245674740492,0.0,0.0,0.0,0.33333333333333326,0.0,0.0,0.0,0.8664826634466103,1.0,0.16909331568497699,0.2500000000000001,1.0,0.0,0.05714854639585809,0.0,0.6666666666666666,0.0,0.2857142857142856,0.7777777777777778,0.6499999999999999,0.36363636363636365,1.0,0.0,0.8297223308564724,0.6269621421975993,0.8125,0.9545454545454546,0.323943661971831,0.7142857142857143,0.09999999999999998,0.0,0.53376,0.3267511177347242,0.8442211055276382,0.5,0.2777777777777777,0.0,0.0,0.0,1.0,0.9360414866032843,0.0,0.675607419663851,0.6237113402061856,0.0,0.8084866691701089,0.0,0.0,0.0,0.37038689172289085,0.0,0.13053964425685882,0.9022346368715084,0.0,0.0,0.0,0.0,0.5469748168611104,0.3522727272727272,0.6438172043010753,0.0,0.0,0.7341772151898733,1.0,0.0,0.08333333333333337,0.0,0.0,0.0,0.0,0.0,0.6000000000000001,0.0,0.9545454545454546,0.0,0.4516295913088464,0.9494047619047619,0.0,0.5420560747663552,0.0,0.9423076923076923,0.5,0.3916317991631799,0.7171052631578947,1.0,0.09090909090909083,0.6025641025641025,0.0,0.20512820512820518,0.0,0.33319148936170206,0.7142857142857143,0.0,0.6666666666666667,0.0,0.0,0.0,0.0,0.75,0.0,0.0,0.33333333333333337,0.0,0.0,0.75,0.0,0.6666666666666667,0.028571428571428692,0.0,0.17647058823529416,0.0,0.0,0.5714285714285714,0.7,0.2564102564102564,0.0,0.4186046511627908,0.04761904761904756,0.42013364949342535,0.0,0.3928571428571429,0.0,0.5,0.22931937172774852,0.22972972972972971,0.0,0.0,0.8,0.0,0.0,0.4285714285714286,0.0,0.09230769230769231,0.0,0.5912290661368151,0.866935183113299,0.0,1.0,0.0,0.23809523809523803,0.6360148663229829,0.0,0.6036314117113026,0.0,0.0,0.7777777777777778,0.9523809523809523,0.0,0.3571428571428571,m2
0.0,0.0,0.0,0.0,0.6534957901089111,0.0,0.22626940383949734,0.0,0.0,0.0,0.0,0.0,0.0,0.0,0.0,0.0,0.3846153846153846,0.1794871794871794,0.0,0.5818181818181818,0.24610753581067035,0.7692307692307692,0.3597977589505329,0.0,0.5507717303005687,0.0,0.0,0.31818181818181823,0.0,1.0,0.25515574650913,0.2727272727272728,0.4,0.0,0.45197740112994356,0.6363636363636364,0.9375,0.2222222222222222,1.0,0.6428571428571428,0.17647058823529416,0.0,0.0,1.0,0.47120152574698027,0.791869918699187,0.5080736012016522,0.2222222222222222,0.3897624623619941,0.8936170212765957,0.6032719836400818,0.20277716552788194,0.6384615384615385,0.0,0.0,0.6428571428571428,0.8571428571428571,0.0,0.39715045731151855,0.0,0.0,0.334106011435636,0.0,0.0,0.375,0.5555555555555556,0.9574562968248306,0.0,1.0,0.8922943986987903,0.0,1.0,0.206896551724138,0.08695652173913038,0.0,0.1990163777873275,0.8257634077495509,0.9473684210526315,0.0,1.0,1.0,0.0,0.09090909090909094,0.0,0.0,0.0,0.0,0.7706611570247934,0.0,0.551948446714086,0.0,0.0,0.0,0.0,0.0,0.0,0.0,0.0,0.0,0.2142857142857142,0.28205128205128205,0.04831804281345553,0.7333333333333334,0.0,0.8148148148148148,0.0,0.0,0.702698028363888,0.0,0.0,0.2500000000000001,1.0,0.0,0.44563918757467125,0.41889276035617506,0.6,0.7896357106208313,0.2857142857142856,0.7777777777777778,0.9,0.0,1.0,0.75,0.3364990993941378,0.0,0.0,1.0,0.8309859154929577,1.0,0.8,0.5416666666666667,0.8461538461538461,0.0,0.0,0.7692307692307692,0.4444444444444444,0.0,0.0,0.7777777777777778,1.0,0.0,0.675679788961039,0.0,0.44000000000000006,1.0,0.0,0.0,0.8,0.75,0.9526282669130708,0.0,1.0,0.9132589838909542,0.0,0.0,0.375,0.0,0.5469748168611104,0.3522727272727272,0.2920911148839841,1.0,0.0,0.7341772151898733,0.9246987951807228,0.0,0.5,0.0,0.0,0.0,0.0,0.9060721062618595,0.0,0.625,0.0,0.0,0.0,0.0,0.0,0.0,0.0,0.0,0.5,0.3916317991631799,0.30043859649122806,0.0,0.0,0.6798245614035088,0.6666666666666667,0.0,0.0,0.18765957446808512,0.2857142857142857,0.0,0.33333333333333337,0.0,0.0,0.09629629629629632,0.43673469387755093,0.0,0.033333333333333326,0.0,0.33333333333333337,1.0,0.5,0.75,0.0,0.09090909090909094,0.028571428571428692,0.4,0.17647058823529416,0.19212962962962954,0.7407407407407407,0.7142857142857143,0.0,0.0,0.8571428571428572,0.4409448818897638,0.0,0.0,0.0,0.3928571428571429,0.4,0.0,0.674916706330319,0.5800000000000001,0.16586345381526102,0.0,0.18650306748466272,0.35096153846153844,0.0,0.5714285714285714,0.4375,0.7384615384615385,0.0,0.7017290249433107,0.08554306321595262,0.9094766619519095,1.0,0.1428571428571428,0.23809523809523803,1.0,0.0,0.0549275511252697,0.6666666666666667,0.0,0.7777777777777778,0.8095238095238095,0.0,0.0,m2
0.0,0.5757111773712628,0.8974358974358975,0.0,0.0,0.0,0.0,0.0,0.0,0.0,0.0,0.0,0.0,0.0,0.0,0.734375,0.0,0.5769230769230769,0.052631578947368474,0.75,0.11023102310231003,0.0,0.3597977589505329,0.0,0.5494541306827441,0.7757575757575758,0.5593220338983051,0.0,0.0,0.0,0.0,0.9090909090909091,0.4,0.09375,0.8587570621468926,0.6363636363636364,0.9375,0.0,0.0,0.6428571428571428,0.0,0.0,0.5789473684210527,0.0,0.0,0.32357723577235775,0.2084115659031167,0.2222222222222222,0.3897624623619941,0.9154929577464789,0.5301204819277108,0.27428571428571424,0.5985804416403786,0.0,0.0,0.6428571428571428,0.8571428571428571,0.07410388950088975,0.6576048011465425,0.5213015205125753,0.0,0.0,0.0,0.8188405797101449,0.1250000000000001,0.0,0.952946205445219,0.0,1.0,0.8491814946619217,1.0,1.0,0.0,0.0,0.4662379421221865,0.6636263261485287,0.8461695607763023,0.0,0.0,1.0,0.0,0.0,0.09090909090909094,0.0,0.7916666666666666,0.8666666666666667,0.0,0.0,0.0,0.0,0.0,0.0,0.0,0.0,0.0,0.0,0.0,0.0935828877005348,0.5488721804511277,0.0,0.641025641025641,0.6065246338215713,0.3999999999999999,0.3076923076923076,0.0,0.0,1.0,0.7090336134453782,0.75,0.7855839416058394,0.0,1.0,0.0,0.07002314814814825,0.704225352112676,0.5,0.6356324150412225,1.0,0.7777777777777778,0.0,0.36363636363636365,0.0,0.75,0.6965556504412184,0.6190476190476191,0.8125,0.4274376417233561,0.323943661971831,0.20000000000000007,0.4,0.5416666666666667,0.0,1.0,0.9312320916905444,0.0,0.0,0.0,0.0,0.7777777777777778,1.0,0.7789541918755403,0.8810790743719836,0.8974744222651498,0.6237113402061856,0.12,0.0,0.8888888888888888,0.0,0.0,0.9526282669130708,0.0,0.0,0.9132589838909542,0.954248366013072,1.0,0.0,0.0,0.5470488123720494,0.7298075815186083,0.33182295770948245,0.0,0.0,0.7341772151898733,0.0,0.0,0.08333333333333337,0.0,1.0,0.8823529411764706,0.0,0.0,0.0,0.0,0.0,0.0,0.0,0.0,0.0,0.0,0.0,0.0,0.0,0.0,0.7719298245614035,0.05555555555555547,0.6363636363636364,0.4308510638297872,0.0,0.0,0.0,0.18765957446808512,0.0,0.24445411048281862,0.0,0.0,0.0,0.0,0.16312056737588654,0.0,0.09999999999999998,0.0,0.33333333333333337,1.0,0.0,0.0,0.0,0.6666666666666667,0.028571428571428692,0.0,0.0,0.0,0.37037037037037046,0.5714285714285714,0.0,0.0,0.6666666666666667,0.0,0.4285714285714285,0.5528455284552845,0.0,0.3928571428571429,0.4,0.0,0.0,0.0,0.07269076305220878,0.0,0.0,0.5868613138686132,0.0,0.4285714285714286,0.0,0.875,0.0,0.45963418904722153,0.8625040910578566,0.8913385826771654,0.0,0.0,0.0,0.6578947368421053,0.13636363636363646,0.13265306122448994,0.0,0.0,0.7777777777777778,0.0,0.0,0.3571428571428571,m2
0.0,0.5757575757575758,0.0,0.0,0.0,0.5,0.22266185139943717,0.0,0.0,0.875,0.0,0.0,0.0,0.0,0.5730613680323544,0.734375,0.3846153846153846,0.1794871794871794,0.052631578947368474,0.0,0.19520335299596403,0.0,0.0,0.0,0.3871289897335518,0.7783783783783783,0.4067796610169492,0.31818181818181823,0.4,0.0,0.25515574650913,0.0,0.0,0.5794270833333334,0.8587570621468926,0.6363636363636364,0.9375,0.25,0.0,0.0,0.4117647058823529,1.0,0.5789473684210527,0.4482758620689655,0.943025792377775,0.0,0.009763424708974844,0.8888888888888888,0.24355971896955508,0.0,0.6032719836400818,0.3440599515098083,0.0650860829190123,0.0,0.3004303388918773,0.6428571428571428,0.8571428571428571,0.4093720871112617,0.5384927066450567,0.35306735306735315,0.0,0.334106011435636,0.11904761904761907,0.44999999999999996,0.1250000000000001,0.5555555555555556,0.0,0.0,1.0,0.8922943986987903,0.8333333333333334,0.0,0.206896551724138,0.0,1.0,0.574712643678161,0.9305413687436159,0.0,0.0,0.0,0.0,0.0,0.09090909090909094,0.0,0.7916666666666666,0.0,0.0,0.0,0.0,0.3745539020941351,0.0,0.0,0.5476190476190477,0.0,0.0,0.0,0.0,0.7419354838709677,0.8147865853658537,0.20761245674740492,0.28205128205128205,0.6065246338215713,0.0,0.0,0.0,1.0,0.0,0.2801449025357944,0.75,0.0,0.2500000000000001,1.0,0.0,0.44907407407407407,0.0,0.0,0.24758907725104062,1.0,0.7777777777777778,0.0,0.36363636363636365,0.0,0.0,0.3527162657320376,0.3571428571428571,0.8125,0.75,0.971830985915493,0.0,0.0,0.9583333333333334,0.39500601684717207,0.4911380597014926,0.25,0.0,0.2777777777777777,0.0,1.0,0.7777777777777778,1.0,0.939547450185748,0.647271413082761,0.19148936170212782,0.44000000000000006,0.82,0.7935126582278481,0.46666666666666656,0.0,0.75,0.30843251456064813,0.0,1.0,0.9022346368715084,0.9673202614379085,0.0,0.375,0.0,0.8210541893791776,0.7298075815186083,0.7612949829261886,0.0,0.0,0.0,0.0,0.0,0.08333333333333337,0.0,1.0,0.0,0.0,0.0,0.6000000000000001,0.625,0.0,0.0,0.4516295913088464,0.0,0.0,0.0,0.0,0.0,0.0,0.3916317991631799,0.30043859649122806,0.09278350515463918,0.09090909090909083,0.537375415282392,0.0,0.3076923076923077,0.0,0.8025531914893618,0.0,0.3403543965229019,0.33333333333333337,0.4,0.0,0.15170008718395822,0.2979591836734694,0.5522959183673469,0.06666666666666665,0.0,0.33333333333333337,1.0,0.0,0.0,0.0,0.09090909090909094,0.4285714285714285,0.0,0.17647058823529416,0.4667201283079392,0.0,0.4285714285714286,0.8,0.2564102564102564,0.0,0.0,0.9,0.41580685101114323,0.0,0.11494252873563238,0.4,0.0,0.22931937172774852,0.5800000000000001,0.21703470031545746,0.0,0.24434285714285708,0.09677419354838701,0.5,0.4285714285714286,0.4375,1.0,0.0,0.6947365553315534,0.08554306321595262,0.0,1.0,0.1428571428571428,0.0,0.82909604519774,0.13636363636363646,0.6253376012803842,0.0,0.0,0.0,0.0,0.0,0.3571428571428571,m2
0.0,0.5757111773712628,0.0,0.0,0.0,0.0,0.1591406967705462,0.0,0.6722772277227723,0.0,0.0,0.0,0.0,0.0,0.2564620156565408,1.0,0.2692307692307693,0.1794871794871794,0.5789473684210527,0.6481481481481481,0.0,0.33333333333333326,0.0,0.0,0.0,0.16717791411042937,0.0,0.31818181818181823,0.0,0.5,0.5351962217474417,0.9090909090909091,0.4,0.09166976571216068,0.0,0.6363636363636364,0.0625,0.25,0.0,0.6428571428571428,0.2941176470588236,0.8796992481203008,0.4736842105263158,0.0,0.0,0.3290322580645161,0.0,0.8888888888888888,0.0,0.0,0.6898148148148149,0.0,0.27001969149983596,0.0,0.0,0.6428571428571428,0.8571428571428571,0.6280523087605601,0.40972435251325656,0.0,0.0,0.0,0.9368530020703933,0.0,1.0,0.2592592592592592,0.25894639840270306,0.0,1.0,0.3557643214541001,0.6416184971098267,0.0,0.206896551724138,0.0,0.4662379421221865,0.6096169519152405,0.0,0.0,1.0,1.0,0.0,0.0,0.09090909090909094,0.0,0.7916666666666666,0.0,0.0,0.0,0.0,0.4939424667769653,0.0,0.6206896551724137,1.0,0.0,0.0,0.0,0.0,0.0,1.0,0.34419817470664926,0.28205128205128205,0.0,0.7333333333333334,0.0,0.14814814814814825,1.0,1.0,0.0,0.7272727272727273,0.17888365837256237,0.2500000000000001,1.0,1.0,0.82701169797944,1.0,0.6,0.23392966464866327,0.0,0.7777777777777778,0.11095603628750872,0.36363636363636365,0.0,0.75,0.8374927028604787,0.0,0.6875,0.3765743073047859,0.0,0.20000000000000007,0.09999999999999998,0.9583333333333334,0.0,0.22696629213483155,0.7233009708737865,0.5,0.0,0.0,0.0,0.7777777777777778,1.0,0.9305555555555556,0.6417522583838634,0.0,0.6964285714285714,0.12,1.0,0.0,0.09999999999999987,0.25,0.0,0.0,0.9775208297908519,0.7777777777777778,0.7320261437908497,0.0,0.375,0.0,0.5403669266146771,0.6695979899497488,0.0,0.0,0.9844886088221038,0.7341772151898733,0.0,0.0,0.08333333333333337,0.0,1.0,0.0,0.0,0.0,0.0,0.040983606557377095,0.0,0.75,0.0,0.0,0.0,1.0,0.0,0.4779411764705883,1.0,0.5606694560669456,0.3846153846153846,1.0,0.29999999999999993,0.7574750830564785,0.75,0.3076923076923077,0.0,0.0,0.0,0.0,0.33333333333333337,0.0,0.0,0.7539140907266157,0.3313253012048192,0.5055401662049861,0.06666666666666665,0.19999999999999996,0.33333333333333337,1.0,0.0,0.0,0.0,0.0,0.028571428571428692,0.0,0.1333333333333332,0.4444444444444444,0.37037037037037046,0.5714285714285714,0.8,0.46153846153846156,0.8571428571428572,0.22000000000000008,1.0,0.11019397441188616,0.0,0.0,0.4,0.0,0.22931937172774852,0.04166666666666652,0.13062193854831516,0.0,0.0,0.8335766423357664,0.0,0.5714285714285714,0.0,1.0,0.0,0.44082809224318653,0.3499226955270033,0.0,0.0,0.1428571428571428,0.0,0.46193501978180085,0.6666666666666666,0.14121736520956307,0.0,0.5,0.7777777777777778,0.0,0.0,0.3571428571428571,m2
0.0,0.0,0.0,0.0,0.0,0.5,0.0011844938980617448,0.0,0.0,0.0,0.0,0.0,0.8465885307660108,0.0,0.8857348760859991,0.703125,0.7307692307692308,0.3846153846153846,0.8421052631578947,0.25,0.47550824395709945,0.7692307692307692,0.0,0.0,0.0,0.0,0.0,0.0,0.0,0.5,0.6553426096088213,1.0,0.4,0.07421875000000011,0.0,0.0,0.0625,1.0,1.0,0.0,0.17647058823529416,1.0,0.5789473684210527,0.5517241379310345,0.0,0.0,0.009763424708974844,0.2222222222222222,0.9184782608695652,0.0,0.0,0.0,0.6213767373211431,0.0,0.0,0.0,0.9285714285714286,0.5483243967828417,0.9156623866076515,0.5213015205125753,0.8928072625698324,0.0,0.5520565552699229,1.0,0.0,0.2592592592592592,0.0,0.0,1.0,0.8922943986987903,0.8333333333333334,0.0,0.0,0.75,0.4375,0.0,0.5707865168539326,0.0,0.0,0.0,0.0,0.0,0.09090909090909094,0.0,0.0,0.0,0.0,0.0,0.0,0.47410636930214345,0.0,0.0,0.0,0.0,0.0,0.8635317935032667,0.0,0.8010091453800063,0.7606707317073171,0.7923875432525952,0.6666666666666666,1.0,0.0,0.33333333333333326,0.8148148148148148,1.0,1.0,0.0,0.0,0.16909331568497699,0.0,1.0,1.0,0.816358024691358,0.8683405422512923,0.6,0.6539437620546137,0.0,0.11111111111111105,0.0,0.8636363636363636,1.0,0.0,0.3523058960887332,0.9047619047619048,0.8125,0.19841269841269848,0.323943661971831,0.0,0.0,0.5416666666666667,1.0,0.3267511177347242,0.0,0.23076923076923073,1.0,0.0,0.0,0.0,1.0,0.9360414866032843,1.0,0.8974744222651498,1.0,0.12,0.8084866691701089,1.0,0.9,0.25,0.37038689172289085,0.0,0.13053964425685882,0.9022346368715084,0.9673202614379085,1.0,0.0,0.0,0.0,0.0,0.0,0.0,0.0,0.0,0.0,0.0,0.5,0.0,0.0,0.0,0.0,0.0,0.6000000000000001,0.040983606557377095,0.0,0.0,0.0,0.0,0.0,0.5420560747663552,0.0,0.9423076923076923,1.0,0.6861924686192469,0.0,0.5,0.09090909090909083,0.6025641025641025,0.6666666666666667,0.3076923076923077,0.0,0.0,0.2857142857142857,0.0,0.0,0.0,0.0,0.057430432208407045,0.34751773049645385,0.0,0.09999999999999998,0.19999999999999996,0.0,0.0,0.75,0.75,0.0,0.0,0.4285714285714285,0.0,1.0,0.0,0.0,0.4285714285714286,0.0,0.5128205128205128,0.0,0.0,0.0,0.3619479983491539,0.0,0.3928571428571429,0.0,0.5,0.24286889742183204,0.8378378378378378,0.07269076305220878,0.8666666666666667,0.0,0.0,0.0,0.0,0.26315789473684204,0.9375,0.0,0.5814058956916099,0.8625040910578566,0.815748031496063,1.0,0.0,0.23809523809523803,0.0,0.0,0.06082614616432114,0.0,0.0,0.0,0.0,0.0,0.0,m2
0.0,0.5768488745980707,0.0,0.0,0.0,0.0,0.15840566873339246,0.0,0.0,0.0,0.0,0.0,0.8465885307660108,0.0,0.14682099254796266,0.0,0.0,0.3846153846153846,0.0,0.875,0.18881062910196889,0.7692307692307692,0.0,0.0,0.0,0.6973125884016973,0.8305084745762712,0.31818181818181823,0.0,0.0,0.0,0.0,0.35,0.58203125,0.0,0.6363636363636364,1.0,0.0,0.25,0.0,0.2941176470588236,0.0,0.4736842105263158,0.0,0.0,0.6838709677419355,0.2084115659031167,0.2222222222222222,0.0,0.0,0.0,0.20277716552788194,0.0,0.0,0.0,0.0,0.0,0.07113095238095246,0.5384927066450567,0.050193050193050204,0.0,0.22833211944646747,0.5714285714285714,0.0,0.1250000000000001,0.5555555555555556,0.0,0.8415841584158416,1.0,0.8491814946619217,0.0,0.9997518610421836,0.0,0.08695652173913038,1.0,0.0,0.5707865168539326,0.0,1.0,0.0,0.0,0.0,0.0,0.0,0.7916666666666666,0.0,0.0,0.0,0.0,0.5278818711999007,0.0,0.0,0.0,0.0,0.0,0.8808091004387156,0.0,0.0,0.0,0.0,0.6666666666666666,0.0,0.7333333333333334,0.5,0.8148148148148148,1.0,0.0,0.0,0.7272727272727273,0.9364659166115156,0.2500000000000001,1.0,0.0,0.07002314814814825,0.0,0.0,0.24758907725104062,0.8571428571428572,0.7777777777777778,1.0,0.36363636363636365,0.0,0.0,0.8265891349370719,0.7142857142857143,0.6875,0.3765743073047859,0.323943661971831,0.4666666666666667,0.4,0.5416666666666667,0.48766546329723226,0.48468606431853,0.3076923076923076,0.7692307692307692,0.33333333333333326,0.0,0.0,0.0,0.0,0.0,0.647271413082761,0.0,0.44000000000000006,0.82,0.0,0.0,0.0,0.75,0.0,1.0,1.0,0.9022346368715084,0.0,0.9917355371900827,0.0,0.0,0.8210541893791776,0.0,0.0,0.0,0.9910672308415609,0.0,0.0,0.0,0.0,0.0,0.9470404984423676,0.0,0.0,0.0,0.0,0.9090909090909091,0.0,0.0,0.0,0.0,0.0,0.5420560747663552,0.0,0.0,0.5,0.0,0.0,0.0,0.0,0.537375415282392,0.6666666666666667,0.3076923076923077,0.0,0.0,0.0,0.6863925108659311,0.33333333333333337,0.0,0.0,0.0,0.2979591836734694,0.5522959183673469,0.06666666666666665,0.0,0.33333333333333337,0.8333333333333334,0.0,0.0,0.0,0.0,0.7428571428571429,0.0,0.0,0.0,0.8148148148148149,0.5714285714285714,0.0,0.0,0.2857142857142857,1.0,0.0,0.0,0.0,0.3928571428571429,0.0,0.0,0.0,0.05855855855855874,0.0,0.0,0.18871165644171795,0.6774193548387097,0.0,0.4285714285714286,0.4375,1.0,0.92,0.000980766087288143,0.08554306321595262,0.7012113055181697,0.4,0.0,0.23809523809523803,0.8259201534588179,0.0,0.0,0.0,1.0,0.0,0.0,0.0,0.2857142857142857,m2
0.7391304347826086,0.0,0.8974358974358975,0.5416666666666667,0.6920566378790922,0.5,0.0,0.9187462326702833,0.0,0.0,0.0,0.0,0.0,0.0,0.07490768419201699,0.09999999999999998,0.3846153846153846,0.1794871794871794,0.052631578947368474,0.0,0.20551866269750396,0.7692307692307692,0.0,0.0,0.555306905370844,0.9530075187969925,0.4067796610169492,0.0,0.0,0.0,0.0,0.2727272727272728,0.19999999999999996,0.09374999999999989,0.45197740112994356,0.6363636363636364,0.0,0.0,0.4285714285714285,0.0,0.368421052631579,0.0,0.5789473684210527,0.44885177453027136,0.0,0.0,0.009763424708974844,0.2222222222222222,0.5644028103044497,0.37285223367697595,0.10224948875255624,0.8629050033061494,0.31399451195609573,0.0,0.0,0.0,0.9285714285714286,0.04039339655778018,0.4042457900394124,0.3156498039590705,0.4996144949884348,0.6178334106011436,0.0,0.0,0.0,0.5555555555555556,0.04963138493944175,0.8415841584158416,0.5,0.8071058249466301,0.7976878612716763,0.0,0.206896551724138,0.0,1.0,0.574712643678161,0.8461695607763023,0.9473684210526315,0.0,0.0,0.0,0.9375,0.09090909090909094,0.8656716417910448,0.0,0.9090909090909091,0.6000000000000001,0.8406617755674824,0.0,0.0,0.8799421979011205,0.0,0.75,0.0,0.0,0.0,0.0,0.09677419354838712,0.4088669950738918,0.03650586701434144,0.28205128205128205,0.6152304609218437,0.7333333333333334,0.5,0.8148148148148148,1.0,0.0,0.7039269720978298,1.0,0.0,0.0,1.0,0.0,0.07002314814814825,0.39624432957062994,0.6666666666666666,0.5975359342915811,0.2857142857142856,0.7777777777777778,0.0,0.36363636363636365,0.36363636363636365,0.0,0.590943057838888,0.0,0.8125,0.7455919395465995,0.323943661971831,0.0,0.0,0.5416666666666667,1.0,0.3267511177347242,0.8333333333333333,0.9615384615384616,0.2777777777777777,0.0,0.0,0.0,1.0,0.5689915458937198,0.125,0.4,1.0,0.0,0.33939873417721533,0.0,0.9,0.75,0.0,1.0,0.9775208297908519,0.8219743907476249,0.9673202614379085,0.0,0.375,0.0,0.9640071985602879,0.9293831168831169,0.33182295770948245,1.0,0.0,0.0,0.0,1.0,0.08333333333333337,1.0,0.0,0.8823529411764706,0.5384615384615385,1.0,0.6000000000000001,0.0,0.9545454545454546,0.0,0.0,0.0,0.0,0.5,0.0,0.2777777777777778,0.0,1.0,0.3846153846153846,0.05555555555555547,0.0,0.7083333333333333,0.6666666666666667,0.3076923076923077,0.0,0.18765957446808512,0.7142857142857143,0.3403543965229019,0.0,0.0,0.0,0.2383849557522123,0.43673469387755093,0.011080332409972193,0.09999999999999998,0.0,0.33333333333333337,1.0,0.0,0.5,0.0,0.13636363636363635,0.028571428571428692,0.0,0.17647058823529416,0.0,0.0,0.4285714285714286,0.0,0.5128205128205128,0.0,0.5294117647058822,0.5,1.0,0.0,0.3928571428571429,0.0,0.5,0.2625416468348406,0.05855855855855874,0.0,0.26923076923076916,0.7903225806451614,0.0,0.0,0.0,0.4375,0.0,0.92,0.004235677436872143,0.0,0.0,1.0,0.1428571428571428,0.0,0.9844632768361582,0.6666666666666666,0.07487246173852169,0.6666666666666667,0.0,0.0,0.0,0.9,0.3571428571428571,m2
0.0,0.882051282051282,0.0,0.0,0.0,0.0,0.0690476190476188,0.0,0.6773255813953489,0.0,0.0,0.0,0.9062857142857143,0.0,0.33200788471995657,0.734375,0.3846153846153846,0.5769230769230769,0.0,0.0,0.7012056701811028,0.33333333333333326,0.0,0.0,0.7160767846430713,0.1417322834645669,0.5593220338983051,0.31818181818181823,0.4,0.0,0.0,0.7735849056603774,0.5,0.9422514619883041,0.9491525423728814,0.6363636363636364,0.78125,0.0,0.0,0.0,0.17647058823529416,0.8796992481203008,0.5789473684210527,0.9528688524590164,0.30146695236525467,0.5789473684210527,0.8711978971085242,0.33333333333333337,0.0,0.39175257731958757,0.9202975557917109,0.0,0.2584077771939045,0.0,0.46996996996997,0.6428571428571428,0.9285714285714286,0.4478032565757779,0.0,0.45650228844764107,0.0,0.928450007726781,0.5520565552699229,0.8360655737704918,1.0,0.2592592592592592,1.0,0.0,0.0,0.8332553679187913,0.0,1.0,0.0,0.0,0.32797427652733113,0.9070811249582199,1.0,0.0,0.0,0.8038461538461539,0.0,0.0,0.6818181818181819,0.0,0.7916666666666666,0.0,0.0,0.0,0.0,0.6969036413178102,0.0,0.6206896551724137,1.0,0.0,0.0,0.8854205960015088,0.0,0.15736360769473345,0.8114086146682189,0.2142857142857142,0.641025641025641,0.04282115869017633,0.0,0.33333333333333326,0.14814814814814825,1.0,1.0,0.868449662970211,0.75,0.7979251240414975,0.2500000000000001,1.0,0.0,0.05714854639585809,0.41889276035617506,0.6,0.9816674637334608,1.0,0.7777777777777778,0.8830006882312457,0.36363636363636365,0.0,0.0,0.3479859210011733,0.6198541519642438,0.8125,0.9772727272727273,0.25352112676056326,0.7142857142857143,0.9,0.5833333333333333,0.0,0.3267511177347242,0.0,0.23076923076923073,0.0,0.0,0.31464174454828653,0.7777777777777778,1.0,0.7468297101449275,0.0,0.675607419663851,0.6237113402061856,0.0,0.7239307681304534,0.8666666666666667,0.0,0.25,0.9871226037973061,0.0,0.0,0.02164804469273729,0.0,0.0,0.0,0.0,0.0,0.9293831168831169,0.7847329633336366,0.0,0.0,0.7341772151898733,0.0,0.0,0.75,0.0,0.9130434782608696,0.0,0.0,0.0,0.0,0.9090909090909091,0.0,0.7192982456140351,0.0,0.0,0.0,0.0,0.0,0.4779411764705883,0.9090909090909091,0.3916317991631799,0.5641025641025641,0.0,0.0,0.6025641025641025,0.75,0.8571428571428572,0.0,0.4850088183421517,0.0,0.17352056168505514,0.33333333333333337,0.4,0.0,0.01628853984874934,0.0,0.5,0.7666666666666666,1.0,0.33333333333333337,0.6666666666666667,0.0,0.0,0.0,0.09090909090909094,0.028571428571428692,0.0,0.1333333333333332,0.8104624715693708,0.0,0.0,0.19999999999999996,0.46153846153846156,0.0,0.0,0.0,0.07954300495796529,0.0,0.07147220525351261,0.4,0.5,0.0,0.2060185185185185,0.0,0.0,0.8013620885357549,0.0,0.0,0.4285714285714286,0.625,0.9076923076923077,0.0,0.6990136350449667,0.0,0.0,0.0,0.0,0.0,0.6426553672316384,0.6666666666666666,0.673601366603624,0.0,0.0,0.7777777777777778,0.0,0.0,0.7142857142857143,m2
0.0,0.0,0.0,0.5416666666666667,0.0,0.0,0.15840566873339246,0.0,0.0,0.0,0.798682883791278,0.0,0.8421092165552468,0.0,0.0,0.09999999999999998,0.0,0.5769230769230769,0.0,0.6512749827705031,0.7661166116611662,0.0,0.030472806777807948,0.0,0.558220329485599,0.6973125884016973,0.8305084745762712,0.31818181818181823,0.4,1.0,0.0,0.9090909090909091,0.4,0.58203125,0.0,0.0,1.0,0.0,1.0,0.6428571428571428,0.5882352941176471,0.5825242718446602,0.052631578947368474,0.0,0.0,0.3290322580645161,0.8333333333333333,0.33333333333333337,0.27404718693284924,0.6776649746192893,0.5384615384615385,0.20277716552788194,0.27012155059132725,0.0,0.0,0.6428571428571428,0.0,0.6819096922634456,0.39715045731151855,0.5213015205125753,0.0,0.0,0.9601542416452442,0.345679012345679,0.1250000000000001,0.5555555555555556,0.25894639840270306,0.9603960396039604,0.48863636363636365,0.9628276751181779,0.8901734104046243,0.9987593052109182,0.206896551724138,0.08695652173913038,0.0,0.44913830348999084,0.5707865168539326,0.0,0.0,1.0,0.0,0.0,0.09090909090909094,0.0,0.0,0.0,0.6330545991146089,0.0,0.0,0.4969627841587311,0.0,0.0,0.0,0.8282208588957055,0.0,0.884114844031554,0.0,0.15999999999999992,0.4088669950738918,0.0,0.641025641025641,0.06190476190476191,0.7333333333333334,1.0,0.0,0.5223880597014926,1.0,0.40654205607476623,0.7272727272727273,0.9364659166115156,0.2500000000000001,0.5,1.0,0.11237149946827374,0.704225352112676,0.6,0.4464915719325755,0.0,0.11111111111111105,0.6190476190476191,0.36363636363636365,1.0,0.75,0.6513426736719206,0.7142857142857143,0.0625,0.3765743073047859,0.0,0.20000000000000007,0.09999999999999998,0.5833333333333333,0.84256,0.8302919708029197,1.0,0.7692307692307692,0.8571428571428571,0.0,0.0,0.7777777777777778,0.0,0.39102564102564097,0.675679788961039,0.8977424624981435,0.875,0.12,1.0,0.33333333333333326,0.0,0.75,0.0,1.0,1.0,1.0,0.954248366013072,1.0,0.375,0.0,0.0,0.6666666666666666,0.5979986948009572,0.0,0.0,0.7341772151898733,0.0,0.0,0.08333333333333337,0.0,0.0,0.0,0.5384615384615385,0.0,0.0,0.9090909090909091,0.0,0.0,0.0,0.7876680139110819,0.0,0.5420560747663552,0.0,0.33333333333333337,0.0,0.0,0.8443935926773455,0.0,0.29999999999999993,0.6289473684210526,0.0,0.20512820512820518,0.0,0.8159246575342466,0.0,0.6863925108659311,0.33333333333333337,0.6,0.0,0.0,0.18367346938775508,0.0,0.06666666666666665,0.19999999999999996,0.0,0.0,0.0,0.75,0.0,0.13636363636363635,0.7428571428571429,0.4,0.0,0.4629629629629629,0.37037037037037046,0.5714285714285714,0.19999999999999996,0.0,0.2857142857142857,0.8604651162790697,0.0,0.11019397441188616,0.0,0.3928571428571429,0.4,0.0,0.3791208791208792,0.04166666666666674,0.07269076305220878,0.0,0.0,0.8477564102564102,0.5,0.4285714285714286,0.4736842105263157,1.0,0.88,0.0,0.3260500636402207,0.635122838944495,0.4,0.1428571428571428,0.23809523809523803,0.0,0.36363636363636365,0.01566183900303164,0.0,0.0,0.7777777777777778,0.0,0.0,0.3571428571428571,m2
0.8451672010994045,0.0,0.8974358974358975,0.0,0.0,0.0,0.20389362860773264,0.0,0.0,0.875,0.0,0.0,0.0,0.0,0.30720078643401316,0.890625,0.2692307692307693,0.0,0.052631578947368474,0.0,0.693780152513358,0.0,0.030472806777807948,0.0,0.0,0.8849693251533742,0.5593220338983051,0.0,0.8,0.5,0.0770805985823052,0.2727272727272728,0.0,0.7355894384529564,0.0,0.0,0.0625,0.0,0.0,0.0,0.7763157894736842,0.8796992481203008,0.4736842105263158,0.8622129436325678,0.6324279835390947,0.3290322580645161,0.009763424708974844,0.8888888888888888,0.24707259953161587,0.8797250859106529,0.0,0.0,0.6036848294786359,0.0,0.604291776763552,0.0,0.0,0.6412244661767259,0.9152409530634181,0.45650228844764107,0.8928072625698324,0.334106011435636,0.0,0.8188405797101449,0.375,0.0,0.0,0.0,0.4,0.10811387900355884,0.0,1.0,0.206896551724138,0.75,0.9421221864951769,0.0,0.8461695607763023,0.0,0.0,0.0,0.5,0.0,0.09090909090909094,0.8656716417910448,0.0,1.0,0.0,0.0,0.0,0.0,0.0,0.0,0.0,0.0,0.0,0.0,0.0,0.0,0.8878540939076446,0.34419817470664926,0.0,0.6735751295336788,0.0,0.84375,0.0,0.875,0.0,0.0,1.0,0.8493611297915266,0.0,1.0,1.0,0.0,0.41889276035617506,1.0,0.7112299465240641,0.0,0.11111111111111105,0.11095603628750872,0.0,0.36363636363636365,0.0,0.8757368169507727,0.6269621421975993,0.6875,0.9251700680272109,0.8309859154929577,0.20000000000000007,0.0,0.9583333333333334,0.5526315789473684,0.7894932935916542,0.678082191780822,0.23076923076923073,0.0,0.0,0.75,0.0,0.0,0.925328330206379,0.5,0.4,1.0,0.82,0.8076923076923077,0.8888888888888888,0.8,0.0,0.0,0.0,0.8578813127019215,0.02164804469273729,0.0,1.0,0.375,0.0,0.9640071985602879,0.34659090909090917,0.4605137963843957,0.0,0.0,0.0,0.9395914819643634,0.0,0.5,1.0,0.0,0.8823529411764706,0.0,0.0,0.0,0.0,0.0,0.0,1.0,0.0,0.0,1.0,0.0,0.68,1.0,0.5606694560669456,0.0,0.05555555555555547,0.0,0.6,0.0,0.20512820512820518,0.0,0.0,0.7142857142857143,0.24445411048281862,0.0,0.8,0.0,0.0,0.0,0.0,0.09999999999999998,0.19999999999999996,0.0,0.0,0.5,0.5,0.0,0.8666666666666667,0.028571428571428692,0.0,1.0,0.2185672514619884,0.37037037037037046,0.4285714285714286,0.8,0.2564102564102564,0.2857142857142857,0.0,0.0,0.6666666666666667,0.0,0.0,0.0,0.0,0.22931937172774852,0.8333333333333333,0.0,0.8666666666666667,0.19244823386114496,0.0,0.0,0.5714285714285714,0.0,0.0,0.0,0.0,0.0,0.0,1.0,0.1428571428571428,0.23809523809523803,0.984174559405347,0.0,0.20402481464669375,0.0,0.0,0.0,0.8095238095238095,0.0,0.0,m2
0.0,0.0,0.0,0.0,0.8187120858609426,0.0,0.0,0.9184142835527311,0.6246575342465753,0.0,0.0,0.0,0.9435897435897436,0.0,0.11760361099712757,0.734375,0.3846153846153846,0.1794871794871794,0.052631578947368474,0.0,0.0,0.0,0.03573107663375652,0.0,0.27314343845371325,0.88,0.0,0.31818181818181823,0.0,0.0,0.4447361512207929,0.9090909090909091,0.85,0.0,0.0,0.0,1.0,0.0,0.0,0.0,0.2941176470588236,0.33009708737864085,0.0,0.5517241379310345,0.0,0.8458904109589042,1.0,0.2222222222222222,0.3897624623619941,0.2844827586206897,0.32730923694779124,0.3257142857142856,0.27249294218730824,0.0,0.3179128563743948,0.0,0.0,0.35291438979963563,0.4042457900394124,0.5213015205125753,0.0,0.44550077382268416,0.4130434782608695,0.0,1.0,0.0,0.9873887965588034,0.0,0.019886363636363535,1.0,0.9440993788819876,1.0,0.0,0.08695652173913038,0.4662379421221865,0.9516105803850031,0.0,0.0,0.0,1.0,0.0,0.0,0.0,0.0,0.0,0.0,0.0,0.9411347517730496,0.0,0.0,0.5414507772020725,0.6206896551724137,0.0,0.0,0.0,0.8982207061860422,0.0,0.33333333333333337,0.8102303787582975,0.2142857142857142,0.28205128205128205,0.6065246338215713,0.0,0.0,0.0,0.5223880597014926,1.0,0.46153846153846145,0.9111111111111111,0.0,0.2500000000000001,1.0,0.0,0.44907407407407407,0.704225352112676,1.0,0.9232804232804233,0.0,0.0,1.0,0.36363636363636365,0.0,0.0,0.879020779960148,0.6190476190476191,0.0,0.19841269841269848,0.0,0.20000000000000007,0.0,0.5416666666666667,0.0,0.20603576751117725,0.790257104194858,0.7692307692307692,0.0,0.0,0.5015576323987538,0.0,0.0,0.7732185072610605,0.6417522583838634,0.8974744222651498,0.0,0.82,0.7239307681304534,0.0,0.9,0.0,0.9689991880244009,0.0,0.08333333333333326,1.0,0.9673202614379085,0.0,0.0,0.0,0.8536585365853658,0.9402004839267197,0.0,0.0,0.0,0.7341772151898733,0.0,0.0,0.0,0.0,0.0,0.0,0.0,0.8627450980392157,0.0,0.0,0.9545454545454546,0.8145539906103286,0.0,0.0,0.0,0.5420560747663552,0.0,0.0,0.0,0.3916317991631799,0.3638443935926773,0.09278350515463918,0.0,0.0,0.0,0.7857142857142857,0.0,0.6688311688311688,0.7142857142857143,0.0,0.33333333333333337,0.0,0.0,0.15021834061135386,0.16312056737588654,0.3125,0.033333333333333326,0.0,0.33333333333333337,0.0,0.0,0.0,0.0,0.0,0.028571428571428692,0.4,1.0,0.4444444444444444,0.37037037037037046,0.4285714285714286,0.0,0.0,0.9523809523809523,0.0,1.0,0.11019397441188616,0.0,0.9839816933638444,0.0,0.0,0.0,0.04166666666666674,0.07269076305220878,0.0,0.24589416058394153,0.0,0.0,0.0,0.0,0.875,0.0,0.8251245157719977,0.9587901842321176,0.37269938650306733,1.0,0.0,0.23809523809523803,0.6578947368421053,0.9090909090909091,0.0,0.0,0.0,0.7777777777777778,0.0,0.0,0.2857142857142857,m2
0.0,0.0,0.0,0.5416666666666667,0.692021890847015,0.0,0.22308201934543526,0.0,0.6246575342465753,0.0,0.0,0.0,0.8232447125903335,0.0,0.00604026845637573,0.0,0.2692307692307693,0.0,0.5789473684210527,0.9814814814814815,0.0,0.7692307692307692,0.0,0.0,0.8680326998619811,0.0,0.864406779661017,0.9090909090909091,0.4,1.0,0.8542674013268863,0.9090909090909091,0.35,0.07421875000000011,0.0,0.6363636363636364,1.0,0.0,0.4285714285714285,0.0,0.0,0.5825242718446602,0.5789473684210527,0.8620689655172413,0.6324279835390947,0.7894736842105263,0.6666666666666666,0.33333333333333337,0.5644028103044497,0.16535433070866135,0.5439672801635992,0.032620674454485354,0.762223974763407,0.0,0.4522144522144521,0.0,0.0,0.0,0.441804191066157,0.050193050193050204,0.4996144949884348,0.334106011435636,0.0,0.0,0.1250000000000001,0.0,0.77814467823683,0.0,0.35511363636363635,0.9735014806494435,0.6416184971098267,1.0,0.0,0.75,1.0,0.6096169519152405,0.8461695607763023,0.0,0.0,1.0,0.0,0.0,0.09090909090909094,0.0,0.0,0.0,0.6330545991146089,0.7706611570247934,0.0,0.5598844937434111,0.0,0.6206896551724137,0.0,0.0,0.0,0.8335275835275835,0.0,0.05555555555555569,0.0,0.34419817470664926,0.0,0.0,1.0,0.0,0.8148148148148148,0.7164179104477613,0.0,0.9965648854961832,0.0,0.9433878814683768,1.0,1.0,0.0,0.93512938674229,1.0,0.0,0.8122304978439827,0.0,0.7777777777777778,0.0,0.36363636363636365,0.36363636363636365,0.0,0.6632149115819659,0.7142857142857143,0.8125,0.9143576826196473,0.8309859154929577,0.9333333333333333,0.4,0.5833333333333333,0.782608695652174,0.0,1.0,0.23076923076923073,0.4444444444444444,0.0,0.75,0.0,0.0,0.7207024653833165,0.647271413082761,0.20320855614973266,1.0,0.82,0.8076923076923077,0.0,0.0,0.0,0.7242700156985871,0.0,0.8695652173913043,1.0,0.7320261437908497,0.0,0.0,0.0,0.8161764705882353,0.6666666666666667,0.9356101805525343,0.0,0.0,0.7341772151898733,0.0,0.0,0.5,0.0,0.0,0.0,0.5384615384615385,0.8333333333333334,0.0,0.040983606557377095,0.0,0.75,0.0,0.0,0.0,0.5420560747663552,0.0,0.0,0.5,0.5606694560669456,0.7116704805491991,1.0,0.9,0.537375415282392,0.6666666666666667,0.3076923076923077,0.0,0.39982876712328763,0.2857142857142857,0.7311935807422267,0.8888888888888888,0.4,0.0,0.759825327510917,0.18367346938775508,0.5522959183673469,0.09999999999999998,0.19999999999999996,0.33333333333333337,1.0,0.0,0.5,0.0,0.13636363636363635,0.7428571428571429,0.0,0.6470588235294117,0.2185672514619884,0.7407407407407407,0.5714285714285714,0.19999999999999996,0.5128205128205128,0.8571428571428572,0.8604651162790697,0.0,0.0,0.0,0.0,0.0,0.0,0.2543458371454712,0.04166666666666674,0.0,0.26923076923076916,0.17661290322580658,0.0,0.0,0.4285714285714286,0.0,0.6666666666666666,0.0,0.0,0.3260500636402207,0.3723653395784543,1.0,0.0,0.23809523809523803,0.8259201534588179,0.36363636363636365,0.0,0.0,0.0,0.7777777777777778,0.0,0.0,0.0,m2
0.0,0.0,0.0,0.0,0.0,0.0,0.0,0.9058220690873753,0.0,0.0,0.0,0.0,0.9062857142857143,0.0,0.30026792549119674,0.0,0.7307692307692308,0.0,0.5789473684210527,0.6440501043841336,0.6490103543002043,0.33333333333333326,0.3597977589505329,0.0,0.3960174288390276,0.27295597484276723,0.0,0.0,0.0,0.0,0.4447361512207929,0.9090909090909091,0.19999999999999996,0.9422514619883041,0.0,0.0,0.9375,0.25,0.25,0.6428571428571428,0.2941176470588236,0.9022556390977443,0.0,0.0,0.27775943655771973,0.0,0.0,0.0,0.38043478260869557,0.8797250859106529,0.0,0.27428571428571424,0.6227847062684608,0.0,0.6094515568199779,0.0,0.9285714285714286,0.338920826455689,0.9152409530634181,0.0,0.8949262324577186,0.928450007726781,0.0,1.0,0.0,0.2592592592592592,0.0,0.0,0.4,0.355342075836129,1.0,0.09999999999999998,0.0,0.18518518518518512,1.0,0.0,0.5707865168539326,0.0,0.0,0.0,0.0,0.0,0.0,0.0,0.0,0.0,0.0,0.0,0.0,0.0,0.5414507772020725,0.0,1.0,0.0,0.0,0.8705214433675166,0.0,0.0,0.0,0.7923875432525952,0.0,0.0,0.7333333333333334,0.33333333333333326,0.14814814814814825,0.0,0.0,0.314151190164792,0.7272727272727273,0.16909331568497699,0.0,1.0,0.0,0.44907407407407407,0.704225352112676,0.6666666666666666,0.9797972927011768,0.0,0.0,0.9630146545708305,0.36363636363636365,0.0,0.75,0.8374927028604787,0.5476190476190477,0.0,0.4274376417233561,0.323943661971831,0.0,0.09999999999999998,0.0,0.48766546329723226,0.7894932935916542,0.645466847090663,0.0,0.4444444444444444,0.0,0.75,0.0,1.0,0.7454033771106942,1.0,0.0,1.0,0.86,0.0,0.8888888888888888,0.9,0.25,0.37038689172289085,0.0,0.09542314335060453,0.02164804469273729,0.954248366013072,0.0,0.0,0.0,0.5403669266146771,0.0,0.06704237722315731,0.0,0.0,0.0,0.0,0.0,0.0,0.0,0.0,0.0,0.0,0.0,0.0,0.0,0.7582417582417582,0.0,0.0,0.0,0.0,0.0,0.0,0.68,0.0,0.6861924686192469,0.0,1.0,0.29999999999999993,0.6134751773049645,0.75,0.0,0.0,0.814749000444247,0.0,0.0,0.0,0.0,0.0,0.6475343573160872,0.6914893617021276,0.021917808219177992,0.7666666666666666,0.19999999999999996,0.33333333333333337,1.0,0.0,0.0,0.0,0.6666666666666667,0.4,0.4,0.1333333333333332,0.0,0.0,0.5714285714285714,0.7,0.0,0.2857142857142857,0.0,0.4285714285714285,0.3619479983491539,0.0,0.0,0.0,0.5,0.0,0.8333333333333333,0.055457288523566683,0.8666666666666667,0.8112058465286236,0.5868613138686132,0.0,0.0,0.0,0.9375,0.0,0.0,0.0,0.8913385826771654,0.0,0.0,0.23809523809523803,0.46193501978180085,0.0,0.06082614616432114,0.0,0.0,0.0,0.0,0.0,0.2857142857142857,m2
0.0,0.0,0.0,0.0,0.6546702903733371,0.0,0.0,0.0,0.0,0.0,0.0,0.0,0.0,0.0,0.7872980677858726,0.890625,0.0,0.5769230769230769,0.8421052631578947,0.75,0.4770151636073423,0.33333333333333326,0.3597977589505329,0.0,0.0,0.9351351351351351,0.0,0.0,0.0,0.0,0.0,0.0,0.0,0.40364583333333337,0.943502824858757,0.0,0.0,0.0,0.4285714285714285,0.6428571428571428,0.7647058823529412,1.0,0.4736842105263158,0.0,0.0,0.0,0.009763424708974844,0.2222222222222222,0.48067915690866514,0.0,0.32730923694779124,0.8857142857142857,0.27001969149983596,0.0,0.30043033889187754,0.0,0.0,0.07410388950088975,0.4309740358721609,0.050193050193050204,0.0,0.0,0.0,0.8404255319148937,0.1250000000000001,0.0,0.0,0.0,1.0,0.8922943986987903,1.0,0.0,0.0,0.0,0.7170418006430868,0.6636263261485287,0.5707865168539326,0.0,0.0,0.7977977977977978,1.0,0.0,0.09090909090909094,0.0,0.0,0.0,0.0,0.7706611570247934,0.0,0.0,0.0,0.0,0.0,0.0,0.0,0.0,0.0,0.7419354838709677,0.8898628048780488,0.0,0.641025641025641,1.0,0.3999999999999999,0.33333333333333326,0.14814814814814825,0.0,0.0,0.0,1.0,0.17888365837256237,0.0,1.0,0.0,0.07002314814814825,0.0,1.0,0.0,1.0,0.11111111111111105,1.0,0.36363636363636365,0.36363636363636365,0.75,0.0,0.5485768054575395,0.6875,0.4274376417233561,0.323943661971831,0.0,0.0,0.5416666666666667,0.0,0.4911380597014926,0.7707736389684814,0.9615384615384616,0.0,0.0,1.0,0.0,0.0,0.7789541918755403,0.647271413082761,0.20320855614973266,0.6237113402061856,0.12,0.33939873417721533,0.8666666666666667,0.0,0.0,0.30843251456064813,0.0,0.10869565217391297,0.9022346368715084,0.954248366013072,0.0,0.0,0.0,0.8210541893791776,0.7298075815186083,0.0,0.0,0.0,0.7341772151898733,0.9185905224787363,0.0,0.5,0.0,0.0,0.0,0.0,0.9060721062618595,0.0,0.0,0.0,0.0,0.0,0.0,0.0,0.0,0.0,0.9423076923076923,0.29999999999999993,0.0,0.7719298245614035,0.5,0.6363636363636364,0.6134751773049645,0.75,0.0,0.0,0.0,0.8571428571428572,0.0,0.0,0.0,0.0,0.0,0.0,0.29209183673469397,0.0,0.6,0.0,0.0,0.0,0.5,0.0,0.8,0.4,0.0,0.0,0.0,0.0,0.4285714285714286,0.0,0.46153846153846156,0.0,0.5294117647058822,0.8571428571428571,0.11019397441188616,0.0,0.11494252873563238,0.0,0.0,0.0,0.05855855855855874,0.0,0.0,0.0,0.0,0.0,0.4285714285714286,0.0,1.0,0.0,0.47290587219343694,0.8625040910578566,0.8913385826771654,1.0,0.0,0.0,0.82909604519774,0.13636363636363646,0.06082614616432114,0.0,0.0,0.7777777777777778,0.8095238095238095,0.0,0.0,m2
0.8122762148337596,0.0,0.0,0.0,0.0,0.0,0.0,0.0,0.0,0.0,0.0,0.8424289008455035,0.0,0.0,0.8904757309659365,0.0,0.33333333333333326,0.0,1.0,0.9814814814814815,0.6710822625513313,0.0,0.40731707317073185,0.0,0.0,0.959349593495935,0.0,0.5909090909090908,0.4,0.0,0.06833435021354506,1.0,0.4,0.0,0.9491525423728814,0.6363636363636364,0.0,0.2222222222222222,0.0,0.6428571428571428,0.4117647058823529,0.9409090909090909,0.052631578947368474,0.0,0.27654320987654313,0.0,0.7049180327868853,0.33333333333333337,0.0,0.37285223367697595,0.6898148148148149,0.22309197651663393,0.6227847062684608,0.0,0.6094515568199779,0.0,0.9285714285714286,0.6270686263163985,0.4309740358721609,0.9886045788873925,0.3731688511950656,0.0,0.11904761904761907,0.0,0.1250000000000001,0.2592592592592592,0.0,0.0,1.0,0.0,0.7976878612716763,0.0,0.0,0.75,1.0,0.6091954022988506,0.0,0.0,0.0,0.0,0.0,0.0,0.0,0.8656716417910448,0.0,0.0,0.0,0.0,0.0,0.0,0.0,0.0,0.75,0.0,0.7391304347826086,0.0,0.0,0.9615384615384616,0.0,0.2406639004149378,0.0,1.0,1.0,0.33333333333333326,0.0,0.0,0.0,0.0,1.0,0.0,0.2500000000000001,1.0,0.0,0.11237149946827374,0.8683405422512923,0.5,0.0,1.0,0.7777777777777778,0.0,0.0,0.0,0.75,0.3527162657320376,0.0,0.0625,0.3765743073047859,0.323943661971831,0.0,0.8,0.5833333333333333,0.48766546329723226,0.4911380597014926,0.7233009708737865,0.23076923076923073,0.4444444444444444,0.0,0.8,0.0,1.0,0.48294082125603865,0.647271413082761,1.0,1.0,0.12,0.8846153846153846,0.0,0.0,0.25,0.30843251456064813,0.0,0.8695652173913043,0.0,0.9673202614379085,0.0,0.0,0.0,0.8210541893791776,0.6427246496290189,0.0,0.0,0.0,0.0,0.0,0.0,0.0,1.0,0.0,0.0,0.0,0.0,0.0,0.0,0.0,0.0,0.0,0.0,0.8461538461538461,0.5,0.0,1.0,0.5,0.0,0.5641025641025641,0.5,0.9,0.0,0.0,0.0,0.0,0.0,0.7142857142857143,0.08333333333333326,0.6666666666666667,0.4,0.0,0.03331350386674592,0.0,0.5055401662049861,0.0,0.0,0.33333333333333337,1.0,0.5,0.0,0.0,0.09090909090909094,0.028571428571428692,0.4,0.1333333333333332,0.0,0.0,1.0,0.19999999999999996,0.0,0.5,0.5495495495495497,0.0,0.3619479983491539,0.0,0.7532894736842106,0.0,0.5,0.9559435862995299,0.05855855855855874,0.9323899371069182,0.3846153846153846,0.0,0.09677419354838701,0.0,0.4285714285714286,0.625,1.0,0.0,0.4285252263906856,0.8922269019566029,0.8461538461538461,0.0,0.0,0.23809523809523803,0.8259201534588179,0.0,0.14121736520956307,0.0,0.0,0.0,0.0,0.0,0.2857142857142857,m2
0.0,0.0,0.8974358974358975,0.0,0.6546702903733371,0.0,0.0,0.0,0.0,0.0,0.0,0.0,0.0,0.0,0.0,0.09999999999999998,0.0,0.3846153846153846,0.052631578947368474,0.0,0.4770151636073423,0.0,0.3597977589505329,0.0,0.3871289897335518,0.8780487804878049,0.0,0.31818181818181823,0.4,1.0,0.25515574650913,0.2727272727272728,0.0,0.07421875000000011,0.0,0.0,0.0625,0.8333333333333334,0.0,0.0,0.4117647058823529,1.0,0.4736842105263158,0.44885177453027136,0.0,0.32357723577235775,0.5080736012016522,0.0,0.0,0.4664926022628373,0.6153846153846154,0.20277716552788194,0.0650860829190123,0.0,0.4522144522144521,0.0,0.9285714285714286,0.0071428571428571175,0.3874381164733005,0.3156498039590705,0.0,0.0,0.0,0.0,0.1250000000000001,0.0,0.0,0.8415841584158416,1.0,0.7298932384341636,0.6416184971098267,0.6666666666666666,0.206896551724138,0.0,1.0,0.0,0.0,0.0,0.0,0.0,0.0,0.0,0.09090909090909094,0.0,0.0,0.8666666666666667,0.0,0.8406617755674824,0.0,0.0,0.0,0.0,0.75,0.0,0.0,0.0,0.0,0.0935828877005348,0.4088669950738918,0.0,0.6666666666666666,0.6744040150564619,0.0,0.33333333333333326,0.0,0.0,0.0,0.3164852255054432,1.0,0.17888365837256237,0.2500000000000001,1.0,1.0,0.44907407407407407,0.0,1.0,0.6539437620546137,0.0,0.11111111111111105,0.13568670711527853,0.8636363636363636,0.36363636363636365,0.0,0.35799005228924885,0.7857142857142857,0.6875,0.7455919395465995,0.323943661971831,0.20000000000000007,0.8,0.0,0.0,0.4543795620437957,0.3076923076923076,0.7692307692307692,0.2777777777777777,0.0,0.75,0.0,1.0,0.45833333333333326,0.6417522583838634,0.650750037130551,0.6237113402061856,0.12,0.0,0.0,0.0,0.0,0.28298908162783,0.20000000000000007,0.9736614853195165,0.8219743907476249,0.7320261437908497,1.0,0.375,0.0,0.5403669266146771,0.0,0.15983714210664557,0.0,0.0,0.0,0.0,0.0,0.5,0.0,0.0,0.8823529411764706,0.0,1.0,0.0,0.0,0.0,0.0,0.0,0.0,0.0,0.5,0.0,0.0,0.0,1.0,0.641025641025641,0.09278350515463918,1.0,0.0,0.0,0.0,0.0,0.8025531914893618,0.7142857142857143,0.0,0.33333333333333337,0.4,0.0,0.0,0.43673469387755093,0.0,0.09999999999999998,0.19999999999999996,0.0,0.0,0.75,0.5,0.0,0.09090909090909094,0.4,0.0,0.17647058823529416,0.0,0.37037037037037046,0.7142857142857143,0.7,0.46153846153846156,0.0,0.0,0.0,0.41580685101114323,0.0,0.0,0.0,0.5,0.674916706330319,0.05855855855855874,0.0,0.0,0.0,0.5868613138686132,0.0,0.4285714285714286,0.0,0.9375,0.92,0.00108775460256183,0.0,0.6032757051865332,0.4,0.1428571428571428,0.0,0.46193501978180085,0.0,0.14121736520956307,0.0,0.0,0.0,0.0,0.0,0.0,m2
0.8451672010994045,0.0,0.0,0.0,0.0,0.0,0.0,0.0,0.6773255813953489,0.6363636363636364,0.0,0.772733507063503,0.0,0.0,0.33465878194670995,0.09999999999999998,0.2692307692307693,0.0,0.8421052631578947,0.981736733287388,0.9516864175022789,0.7692307692307692,0.3597977589505329,0.0,0.0,0.0,0.0,0.0,0.0,1.0,0.0,1.0,0.85,0.7355894384529564,0.0,0.0,0.0625,0.0,1.0,0.0,0.5882352941176471,0.0,0.4736842105263158,0.0,0.27654320987654313,0.0,0.5080736012016522,0.2222222222222222,0.4035087719298245,0.8890339425587467,0.6923076923076923,0.032620674454485354,0.6027070063694268,0.0,0.46627000080405245,0.0,0.0,0.29261459691832103,0.5785081805925009,0.671100175505007,0.0,0.22833211944646747,0.5520565552699229,0.0,0.1250000000000001,0.7777777777777778,0.04963138493944175,0.0,1.0,0.15426485230667097,0.7976878612716763,0.9514888337468983,0.206896551724138,0.0,0.0,0.0,0.8461695607763023,0.0,0.0,0.0,0.0,0.0,0.0,0.8656716417910448,0.0,0.0,0.0,0.0,0.0,0.5269309195802456,0.0,0.6206896551724137,0.0,0.0,0.7391304347826086,0.0,0.0,0.15736360769473345,0.8114086146682189,0.34419817470664926,0.0,1.0,1.0,1.0,0.8148148148148148,0.0,1.0,0.0,0.0,0.17888365837256237,0.0,1.0,1.0,0.07002314814814825,0.8683405422512923,1.0,0.7293381402625672,0.0,0.11111111111111105,0.09316770186335399,0.36363636363636365,0.8636363636363636,0.0,0.6513426736719206,0.1923076923076923,0.6875,0.3765743073047859,0.323943661971831,0.0,0.8,0.5416666666666667,0.53376,0.8302919708029197,0.7719714964370546,0.23076923076923073,0.8571428571428571,0.0,0.3292682926829268,0.0,0.0,0.0,0.9024959415584415,0.8977424624981435,0.5,0.82,0.8084866691701089,0.0,0.0,0.875,0.0,0.0,1.0,0.02164804469273729,0.9673202614379085,0.6752136752136751,0.375,0.0,0.0,0.0,0.4605137963843957,0.0,0.0,0.0,0.0,0.0,0.0,0.6842105263157895,0.0,0.0,0.0,0.0,0.0,0.9090909090909091,0.0,0.6333333333333333,1.0,0.0,0.23333333333333328,1.0,0.0,0.5555555555555556,0.9090909090909091,0.5606694560669456,0.0,0.5,0.9,0.6289473684210526,0.6666666666666667,0.0,0.0,0.0,0.2857142857142857,0.0,0.0,0.0,0.0,0.03331350386674592,0.0,0.6468144044321329,0.09999999999999998,0.19999999999999996,0.0,0.0,0.0,0.75,0.0,0.13636363636363635,0.0,0.0,0.1333333333333332,0.0,0.0,0.7142857142857143,0.0,0.2564102564102564,0.2857142857142857,0.22000000000000008,0.9,0.5528455284552845,0.0,0.07147220525351261,0.0,0.0,0.25740537575425126,0.0,0.13703048590157096,0.0,0.19244823386114496,0.0,0.0,0.4285714285714286,0.7368421052631579,1.0,0.0,0.8353640847113433,0.3351718285956725,0.0,1.0,0.1428571428571428,0.0,0.0,0.0,0.07487246173852169,0.0,0.0,0.0,0.0,0.0,0.2857142857142857,m2
0.7391304347826086,0.5757575757575758,0.0,0.5416666666666667,0.0,0.0,0.0,0.0,0.0,0.0,0.0,0.0,0.0,0.0,0.0,0.96875,0.7307692307692308,0.5769230769230769,0.0,0.75,0.10077007700770069,0.0,0.40803498223558343,0.0,0.0,0.0,0.8305084745762712,0.0,0.0,0.5,0.16698526931294277,0.9090909090909091,0.0,0.07421875000000011,0.0,0.0,0.0625,0.25,1.0,0.0,0.0,1.0,0.4736842105263158,0.0,0.0,0.0,0.5080736012016522,0.8888888888888888,0.0,0.8912097476066144,0.6032719836400818,0.032620674454485354,0.5975170204245095,0.0,0.3106371586650011,0.6428571428571428,0.8571428571428571,0.0,0.45895020188425306,0.050193050193050204,0.0,0.928450007726781,0.11904761904761907,0.0,0.0,0.2592592592592592,0.0,0.0,1.0,0.7466114709220806,1.0,0.5,0.0,0.0,0.7170418006430868,0.6096169519152405,0.8461695607763023,0.0,0.0,0.7977977977977978,0.5,0.0,0.09090909090909094,0.8656716417910448,0.7916666666666666,0.0,0.6330545991146089,0.0,0.0,0.0,0.0,0.0,0.75,0.0,0.0,0.0,0.0,0.0,1.0,0.7923875432525952,0.641025641025641,0.03615235635894121,1.0,0.33333333333333326,0.0,1.0,0.0,0.0,0.0,0.9354404841963685,0.0,1.0,1.0,0.0,1.0,1.0,0.6539437620546137,0.0,0.11111111111111105,0.13568670711527853,0.36363636363636365,1.0,0.0,0.590943057838888,0.3571428571428571,0.6875,0.375,0.323943661971831,0.0,0.8,0.9583333333333334,0.48766546329723226,0.8987873134328358,0.25,0.23076923076923073,0.0,0.0,1.0,0.7777777777777778,1.0,0.5689915458937198,0.647271413082761,0.0,0.6964285714285714,0.86,0.8846153846153846,0.0,0.9,0.25,0.0,0.0,1.0,0.8888888888888888,0.7320261437908497,0.9256198347107438,0.0,0.0,0.8200359928014397,0.6695979899497488,0.33182295770948245,0.0,0.0,0.7341772151898733,0.9187386294724076,0.0,0.08333333333333337,0.6842105263157895,1.0,0.0,0.5384615384615385,0.0,0.0,0.0,0.0,0.0,0.0,0.0,0.0,0.5,0.0,0.0,0.8,1.0,0.5641025641025641,0.0,0.75,0.0,0.0,0.46153846153846156,0.0,0.0,0.2857142857142857,0.6863925108659311,0.0,0.0,0.0,0.14052953156822834,0.18367346938775508,0.0,0.09999999999999998,0.19999999999999996,0.0,0.0,0.0,0.75,0.0,0.13636363636363635,0.4285714285714285,0.0,0.0,0.0,0.0,0.7142857142857143,0.8,0.0,0.2857142857142857,0.0,0.9,0.5528455284552845,0.0,0.6793924466338259,0.4,0.0,0.2625416468348406,0.5800000000000001,0.0,0.0,0.8102350636630754,0.09677419354838701,0.0,0.0,0.625,1.0,0.0,0.6976198186528497,0.0,0.6032757051865332,0.52,0.0,0.0,0.8259201534588179,0.6666666666666666,0.07487246173852169,0.0,0.0,0.7777777777777778,0.8095238095238095,0.0,0.3571428571428571,m2
0.0,0.0,0.0,0.0,0.0,0.0,0.0,0.0,0.0,0.0,0.0,0.8418875440478015,0.0,0.0,0.33024380962735445,0.0,0.0,0.8461538461538461,0.052631578947368474,0.0,0.2951108759864216,0.0,0.7500186053434547,0.0,0.555306905370844,0.026315789473684292,0.0,0.9090909090909091,0.0,1.0,0.5531149301825993,1.0,0.0,0.7355894384529564,0.8813559322033898,0.0,0.0625,0.0,1.0,0.0,0.0,0.0,0.5789473684210527,0.44885177453027136,0.6339212131201581,0.0,0.0,0.33333333333333337,0.0,0.8797250859106529,0.8666666666666667,0.0,0.0,0.0,0.604291776763552,0.6428571428571428,0.8571428571428571,0.7006714002801526,0.0,0.671100175505007,0.3731688511950656,0.334106011435636,0.0,0.345679012345679,0.0,0.0,0.04498224385111127,0.0,1.0,0.355342075836129,0.6416184971098267,0.0,0.0,0.0,0.4375,0.5778321108394459,0.9305413687436159,0.9473684210526315,0.0,0.0,1.0,0.0,0.6818181818181819,0.0,0.0,0.0,0.0,0.0,0.0,0.0,0.0,0.0,1.0,0.0,0.7391304347826086,0.0,0.0,0.15736360769473345,0.0,0.0,0.8974358974358975,0.609850939727803,0.0,0.5,0.0,1.0,1.0,0.713472976467546,0.75,0.17888365837256237,1.0,1.0,0.0,0.816358024691358,1.0,1.0,0.7293381402625672,0.8571428571428571,0.0,0.09316770186335399,0.36363636363636365,1.0,0.0,0.0,0.34065934065934067,0.8125,0.7455919395465995,0.8309859154929577,0.0,0.09999999999999998,0.5833333333333333,0.0,0.7894932935916542,0.9334916864608076,0.5,0.0,0.0,0.7560975609756098,0.7777777777777778,1.0,0.9305555555555556,0.0,0.8974744222651498,1.0,0.82,0.0,0.33333333333333326,0.9,0.0,0.0,0.0,0.978316935714968,0.02164804469273729,0.7320261437908497,0.0,0.0,0.0,0.0,0.7632919254658386,0.7943350655053795,1.0,0.0,0.0,1.0,0.0,0.75,0.0,0.0,0.0,0.0,0.0,0.0,0.0,0.0,0.0,0.0,0.0,0.2679738562091504,1.0,0.0,0.4779411764705883,0.0,0.0,0.9487179487179487,0.09278350515463918,0.0,0.6798245614035088,0.0,0.7948717948717949,0.0,0.27543314082629944,0.0,0.0,0.8888888888888888,0.0,0.0,0.7691850089232599,0.0,0.6468144044321329,0.09999999999999998,0.0,0.33333333333333337,1.0,0.0,0.75,0.0,0.40909090909090917,0.0,0.0,0.5333333333333333,0.17816527672479165,0.0,0.5714285714285714,0.19999999999999996,0.46153846153846156,0.2857142857142857,1.0,1.0,0.0,0.0,0.0,0.4,0.0,0.24286889742183204,0.2060185185185185,0.24699421107317798,0.3846153846153846,0.35169762972453567,0.35096153846153844,0.5,0.0,0.0,1.0,0.0,0.53431189926235,0.3351718285956725,0.0,0.0,0.0,0.0,0.0,0.6666666666666666,0.6253376012803842,0.6666666666666667,0.0,0.0,0.9523809523809523,0.0,0.7142857142857143,m2
0.7835178351783518,0.0,0.0,0.0,0.0,0.0,0.0011844938980617448,0.0,0.6623544631306597,0.0,0.0,0.0,0.0,0.0,0.8650834271675709,0.19999999999999996,0.7307692307692308,0.1794871794871794,0.052631578947368474,0.5818181818181818,0.47550824395709945,0.33333333333333326,0.0,0.0,0.0,0.9891891891891892,0.5593220338983051,0.5909090909090908,0.4,1.0,0.11815252416756161,0.0,0.33333333333333326,0.40364583333333337,0.7796610169491526,0.0,0.9375,0.2222222222222222,0.0,0.6428571428571428,0.7647058823529412,0.0,0.0,0.4482758620689655,0.6771461568073912,0.3157894736842105,0.8711978971085242,0.33333333333333337,0.3897624623619941,0.0,0.10224948875255624,0.032620674454485354,0.0,0.0,0.45475638051044087,0.0,0.0,0.0,0.6537534510714755,0.5213015205125753,0.0,0.334106011435636,0.9368530020703933,0.20000000000000007,0.1250000000000001,0.2592592592592592,0.8003419702748915,0.0,0.5,0.8922943986987903,0.9075144508670521,1.0,0.0,0.75,1.0,0.6636263261485287,0.9305413687436159,0.0,0.0,0.0,0.0,0.0,0.09090909090909094,0.8656716417910448,0.0,0.0,0.0,0.0,0.0,0.3745539020941351,0.0,0.6666666666666667,0.0,0.0,0.0,0.0,0.0,0.7433155080213903,0.8898628048780488,0.8435462842242503,0.28205128205128205,0.5943719972546326,0.7333333333333334,0.33333333333333326,0.14814814814814825,1.0,1.0,0.0,1.0,0.7855839416058394,0.2500000000000001,1.0,0.0,0.0,0.0,0.8,0.0,0.8571428571428571,0.11111111111111105,0.0,0.0,0.0,0.75,0.0,0.0,0.0,0.7455919395465995,0.0,0.20000000000000007,0.9,0.5833333333333333,0.0,0.3267511177347242,0.0,0.23076923076923073,0.33333333333333326,0.0,0.7476635514018692,0.0,0.0,0.7207024653833165,0.8810790743719836,0.8974744222651498,0.6237113402061856,0.82,1.0,0.8888888888888888,0.0,0.25,0.854220600769482,0.0,0.8540587219343696,0.9022346368715084,0.9673202614379085,0.0,0.0,0.0,0.5470488123720494,0.7298075815186083,0.7612949829261886,0.0,0.0,0.0,0.0,0.0,0.5,1.0,0.0,0.0,0.0,0.0,0.0,0.9090909090909091,0.0,0.6774193548387096,0.0,0.0,0.0,0.0,0.0,0.8333333333333333,0.29999999999999993,0.6861924686192469,0.30043859649122806,0.09278350515463918,0.0,0.0,0.75,0.3076923076923077,0.0,0.0,0.7142857142857143,0.17352056168505514,0.6666666666666667,0.4,0.0,0.19825327510917035,0.2979591836734694,0.75,0.0,0.0,0.0,0.5,0.5,0.0,0.0,0.40909090909090917,0.028571428571428692,0.4,0.17647058823529416,0.4571645185746779,0.37037037037037046,0.0,0.19999999999999996,0.0,0.0,0.5294117647058822,0.0,0.0,0.0,0.0,0.0,0.0,0.2625416468348406,0.0,0.15114309906858592,0.0,0.3389941214892227,0.8335766423357664,0.0,0.4285714285714286,0.0,0.0,0.0,0.0,0.08554306321595262,0.3977695167286245,1.0,0.0,0.23809523809523803,0.4664548022598869,0.13636363636363646,0.6253376012803842,0.0,0.0,0.0,0.0,0.0,0.0,m2
0.0,0.5768488745980707,0.0,0.0,0.6546702903733371,0.0,0.24259481406293248,0.0,0.6531387565579208,0.0,0.0,0.0,0.0,0.0,0.0,0.0,0.0,0.1794871794871794,0.052631578947368474,0.0,0.24610753581067035,0.0,0.030472806777807948,0.0,0.38739817920459996,0.7757575757575758,0.0,0.0,0.0,1.0,0.11815252416756161,0.0,0.0,0.40364583333333337,0.0,0.0,1.0,0.0,0.0,0.6428571428571428,0.17647058823529416,0.0,0.4736842105263158,0.9615384615384616,0.0,0.0,0.0,0.2222222222222222,0.31947840260798677,0.3055555555555557,0.0,0.032620674454485354,0.6384615384615385,0.0,0.3106371586650011,0.0,0.9285714285714286,0.5506895391860074,0.5822153357771817,0.3156498039590705,0.2902033271719039,0.22833211944646747,0.5520565552699229,0.4375,0.0,0.0,0.9788704581358609,0.0,1.0,0.8922943986987903,0.7976878612716763,1.0,0.0,0.0,0.0,0.9239130434782609,0.8257634077495509,0.0,0.0,0.0,0.0,0.0,0.6818181818181819,0.0,0.7916666666666666,0.0,0.0,0.8406617755674824,0.0,0.0,0.0,0.6666666666666667,0.0,0.0,0.0,0.0,0.0,0.0,0.0,0.0,0.28205128205128205,0.609850939727803,0.0,0.0,0.0,0.0,0.0,0.28346592874437915,0.75,0.0,0.0,1.0,1.0,0.0,0.0,1.0,0.0,0.0,0.0,1.0,0.36363636363636365,0.0,0.75,0.3479859210011733,0.3571428571428571,0.6875,1.0,0.323943661971831,0.7142857142857143,0.09999999999999998,0.5416666666666667,0.84256,0.4543795620437957,0.9375,0.23076923076923073,0.4444444444444444,0.0,0.5015576323987538,0.0,1.0,0.26923076923076916,0.9024959415584415,0.6866569449507838,1.0,1.0,0.7239307681304534,0.46666666666666656,0.9,0.0,0.9762225284572922,0.0,0.9858305697919807,0.9132589838909542,0.9673202614379085,0.0,0.0,0.0,0.5469748168611104,0.9318181818181818,0.2920911148839841,0.0,0.0,0.0,0.0,0.0,0.75,0.0,1.0,0.0,0.0,1.0,0.0,0.0,0.0,0.6206896551724137,0.0,0.0,0.0,0.0,0.0,0.0,0.5,0.0,0.30043859649122806,0.05555555555555547,0.09090909090909083,0.6798245614035088,0.0,0.20512820512820518,0.0,0.8025531914893618,0.0,0.0,0.0,0.0,0.0,0.19825327510917035,0.2979591836734694,0.3022959183673469,0.0,0.19999999999999996,0.33333333333333337,0.8333333333333334,0.0,0.0,0.0,0.09090909090909094,0.0,0.0,0.0,0.0,0.0,0.5714285714285714,0.0,0.0,0.0,1.0,0.9,0.0,0.0,0.6793924466338259,0.0,0.5,0.22931937172774852,0.0,0.0,0.3846153846153846,0.18650306748466272,0.0,0.5,0.0,0.0,0.9076923076923077,0.0,0.0,0.08554306321595262,0.0,1.0,0.0,0.0,0.6426553672316384,0.13636363636363646,0.07487246173852169,0.0,0.0,0.0,0.0,0.0,0.7142857142857143,m2
0.0,0.882051282051282,0.0,0.896551724137931,0.0,0.5,0.0,0.0,0.0,0.0,0.8339135799748805,0.0,0.0,0.0,0.9292218205539399,0.0,0.33333333333333326,0.9583333333333334,0.0,0.981736733287388,0.6710822625513313,0.0,0.6259541984732824,0.0,0.6069858758717692,0.0,0.0,0.0,0.0,0.0,0.23938525657723375,0.0,0.19999999999999996,0.0,0.9491525423728814,0.0,0.0625,0.2222222222222222,0.0,0.0,0.0,1.0,0.4736842105263158,0.0,0.6324279835390947,0.529109589041096,0.0,0.2222222222222222,0.3947229551451188,0.0,0.0,0.1585127201565557,0.0,0.0,0.6094515568199779,0.0,0.9285714285714286,0.6985740437421717,0.0,0.671100175505007,0.7653631284916201,0.0,0.5520565552699229,0.0,1.0,0.0,0.6754151966267964,0.0,0.0,0.0,0.7391304347826086,1.0,0.0,0.0,0.4375,0.5778321108394459,0.0,0.9473684210526315,0.0,0.0,0.0,0.0,0.09090909090909094,0.0,0.7916666666666666,0.0,0.9136442141623489,0.0,0.0,0.0,0.0,0.0,0.75,0.8282208588957055,0.0,0.0,0.0,0.9608240459304289,0.0,0.2406639004149378,0.9512195121951219,0.0,1.0,0.33333333333333326,0.0,0.0,1.0,0.7413084112149533,0.0,0.0,0.0,1.0,0.0,0.07002314814814825,1.0,0.6666666666666666,0.0,1.0,0.11111111111111105,0.12137780207763815,0.0,0.0,0.0,0.0,0.5238095238095237,0.6875,0.4274376417233561,0.8309859154929577,0.0,0.0,0.5416666666666667,0.84256,0.0,0.30080213903743314,0.23076923076923073,0.0,0.0,0.8695652173913043,0.0,1.0,0.9305555555555556,0.0,0.8974744222651498,1.0,0.12,0.7239307681304534,0.0,0.8,0.0,0.5379211854528143,0.0,0.0,0.0,0.7320261437908497,1.0,0.0,0.0,0.2713635597505477,0.7735804786485219,0.017256330211585125,1.0,0.0,0.0,0.0,0.0,0.08333333333333337,0.0,0.9470404984423676,0.0,0.5384615384615385,0.0,0.6000000000000001,0.0,0.0,0.0,0.0,0.7870346263993752,0.0,0.5,0.0,1.0,0.5,0.0,0.641025641025641,0.6785714285714286,0.9,0.6025641025641025,0.0,0.0,0.0,0.17518248175182471,0.2857142857142857,0.08333333333333326,0.0,0.0,0.0,0.10189287152637949,0.0,0.0,0.0,1.0,0.0,0.0,0.5,0.0,0.0,0.40909090909090917,0.7428571428571429,0.0,0.1333333333333332,0.2185672514619884,0.0,0.0,0.0,0.0,0.5,0.0,0.0,0.0,0.0,0.7532894736842106,0.0,0.5,0.24692816635160675,0.22972972972972971,0.13703048590157096,0.3846153846153846,0.0,0.0,0.0,0.5714285714285714,0.0,0.9375,0.0,0.810893376052455,0.6066606996345192,0.12440944881889782,1.0,0.0,0.0,0.0,1.0,0.0,0.6666666666666667,0.0,0.0,0.0,0.0,0.3571428571428571,m2
0.0,0.5757111773712628,0.0,0.0,0.0,0.5,0.08132757048257289,0.0,0.0,0.0,0.0,0.0,0.0,0.0,0.900278369084657,0.0,0.7307692307692308,0.0,0.5789473684210527,0.0,0.6743933671919087,0.7692307692307692,0.0,0.0,0.39579599152680467,0.0,0.864406779661017,0.5909090909090908,0.0,0.5,0.4447361512207929,0.9433962264150944,0.0,0.09166976571216068,0.8813559322033898,0.6363636363636364,0.0625,0.0,0.7142857142857142,0.6428571428571428,0.0,0.8796992481203008,0.5789473684210527,0.0,0.8206691940003297,0.0,0.009763424708974844,0.2222222222222222,0.2011083303539506,0.0,0.6992561105207227,0.3257142857142856,0.27001969149983596,0.0,0.46627000080405245,0.6428571428571428,0.9285714285714286,0.6307131880015937,0.0,0.0,0.7653631284916201,0.0,0.11904761904761907,0.0,0.0,0.0,0.04498224385111127,0.0,0.4,0.10811387900355884,1.0,1.0,0.0,0.08695652173913038,0.7170418006430868,0.6636263261485287,0.9305413687436159,0.9473684210526315,0.0,0.0,1.0,0.0,0.0,0.0,0.7916666666666666,0.0,0.0,0.0,0.0,0.5269309195802456,0.0,0.0,1.0,0.0,0.0,0.0,0.0,0.7419354838709677,0.0,0.8435462842242503,0.0,0.0,0.0,0.84375,0.8148148148148148,1.0,0.0,0.31263048016701445,0.0,0.956960322797579,0.2500000000000001,1.0,1.0,0.44907407407407407,0.9154929577464789,0.0,0.23392966464866327,0.8571428571428571,0.7777777777777778,0.11095603628750872,0.36363636363636365,0.8636363636363636,0.75,0.6632149115819659,0.6269621421975993,0.8125,0.4274376417233561,0.971830985915493,0.0,0.0,0.5416666666666667,0.39500601684717207,0.0,0.790257104194858,0.7692307692307692,0.0,0.0,0.3125,0.7777777777777778,1.0,0.925328330206379,0.0,0.0,1.0,0.12,0.7935126582278481,0.0,0.9,0.0,0.0,0.0,0.8679245283018868,0.02164804469273729,0.954248366013072,1.0,0.0,0.0,0.8200359928014397,0.728414801279123,0.7943350655053795,1.0,0.0,0.0,1.0,0.0,0.0,0.0,0.925414364640884,0.0,0.0,0.0,0.6000000000000001,0.625,0.0,0.0,0.0,0.0,0.0,1.0,0.0,1.0,0.0,0.6861924686192469,0.0,1.0,0.0,0.6134751773049645,0.6666666666666667,0.3076923076923077,0.0,0.814749000444247,0.2857142857142857,0.799043062200957,0.6666666666666667,0.0,0.0,0.6923076923076923,0.8617021276595744,0.0,0.06666666666666665,0.0,0.33333333333333337,0.0,0.0,0.75,0.0,0.6666666666666667,0.028571428571428692,0.0,0.1333333333333332,0.5549658832448825,0.0,0.4285714285714286,0.0,0.2564102564102564,0.8571428571428572,0.34482758620689646,0.1428571428571428,0.11019397441188616,0.0,0.07147220525351261,0.4,0.5,0.22931937172774852,0.2060185185185185,0.0,0.8666666666666667,0.0,0.09677419354838701,0.0,0.0,0.0,1.0,0.0,0.0,0.0,0.8913385826771654,1.0,0.0,0.23809523809523803,0.82909604519774,0.6666666666666666,0.6761991224088364,0.6666666666666667,0.0,0.0,0.9523809523809523,0.0,0.2857142857142857,m2
0.0,0.5757111773712628,0.8974358974358975,0.5416666666666667,0.0,0.0,0.0011844938980617448,0.0,0.0,0.0,0.0,0.0,0.0,0.0,0.0,0.09999999999999998,0.0,0.3846153846153846,0.052631578947368474,0.0,0.993509074049543,0.7692307692307692,0.3597977589505329,0.0,0.38739817920459996,0.02626262626262632,0.4067796610169492,0.0,0.4,0.0,0.5531149301825993,0.0,0.85,0.7346491228070176,0.9491525423728814,0.6363636363636364,0.0,0.8333333333333334,1.0,0.6428571428571428,1.0,0.8796992481203008,0.0,0.44885177453027136,0.27654320987654313,0.3157894736842105,0.2084115659031167,0.0,0.3897624623619941,0.37285223367697595,0.0,0.3440599515098083,0.062359066868927004,0.0,0.0,0.0,0.9285714285714286,0.44648118630150235,0.6537534510714755,0.671100175505007,0.0,0.44550077382268416,0.9601542416452442,0.6363636363636364,0.1250000000000001,0.0,0.8003419702748915,0.9603960396039604,1.0,0.10811387900355884,0.6416184971098267,1.0,0.0,0.0,1.0,0.5778321108394459,0.0,0.0,0.0,0.0,0.0,0.0,0.0,0.0,0.7916666666666666,0.8666666666666667,0.6330545991146089,0.0,0.0,0.47529418325804473,0.0,0.0,1.0,0.0,0.0,0.0,0.0,0.0,0.45205479452054786,0.0,0.6666666666666666,0.6209068010075567,0.0,1.0,0.8148148148148148,0.0,0.0,0.3164852255054432,0.75,0.2887773722627738,0.0,1.0,0.0,0.816358024691358,1.0,1.0,0.7293381402625672,1.0,0.7777777777777778,0.0,0.8636363636363636,1.0,0.75,0.8861646234676007,0.0,0.0,0.7455919395465995,0.323943661971831,0.20000000000000007,0.4,0.0,0.8461538461538461,0.3267511177347242,0.019002375296912066,0.0,0.7142857142857142,0.0,0.0,0.0,1.0,0.7468297101449275,0.9024959415584415,0.8974744222651498,0.5,0.82,1.0,1.0,0.0,0.0,0.854220600769482,1.0,0.8950859210129636,0.10512185047501033,0.7320261437908497,1.0,0.0,0.0,0.0,0.7632919254658386,0.0,0.0,0.0,0.0,0.0,0.0,0.0,0.0,0.9470404984423676,0.8823529411764706,0.5384615384615385,0.0,0.0,0.040983606557377095,0.0,0.0,0.0,0.0,0.0,1.0,0.0,0.0,0.9090909090909091,0.0,0.641025641025641,0.09278350515463918,0.0,0.9175438596491228,0.6666666666666667,0.0,0.0,0.814749000444247,0.0,0.3403543965229019,0.0,0.4,0.0,0.7547999999999999,0.5602409638554215,0.6468144044321329,0.09999999999999998,0.0,0.33333333333333337,1.0,0.75,0.75,0.0,0.6363636363636364,0.028571428571428692,0.4,0.5333333333333333,0.0,0.37037037037037046,0.5714285714285714,0.7,0.0,0.0,0.0,0.5,0.41580685101114323,0.0,0.0,0.0,0.5,0.0,0.0,0.24699421107317798,0.0,0.35169762972453567,0.8477564102564102,0.0,0.4285714285714286,0.0,0.0,0.88,0.53431189926235,0.3499226955270033,0.0,1.0,0.0,0.0,0.0,0.6666666666666666,0.14121736520956307,0.0,0.0,0.0,0.0,0.0,0.2857142857142857,m2
0.0,0.5757111773712628,0.0,0.0,0.0,0.0,0.0,0.9059577878706919,0.6246575342465753,0.0,0.0,0.0,0.0,0.0,0.0,0.0,0.2692307692307693,0.3846153846153846,0.8421052631578947,0.6440501043841336,0.4873486494877367,0.0,0.0,0.0,0.8680326998619811,0.78,0.0,0.0,0.0,0.5,0.0,1.0,0.0,0.40364583333333337,0.44067796610169496,0.0,0.0,0.25,0.0,0.6428571428571428,0.4117647058823529,0.33009708737864085,0.052631578947368474,0.0,0.27775943655771973,0.7894736842105263,1.0,0.0,0.24355971896955508,0.16535433070866135,0.32730923694779124,0.3257142857142856,0.0,0.0,0.0,0.6428571428571428,0.0,0.0,0.4309740358721609,0.050193050193050204,0.0,0.334106011435636,0.5714285714285714,0.4016393442622951,0.375,0.0,0.9788899118768907,0.0,0.0,0.9655492864254895,1.0,0.8333333333333333,0.206896551724138,0.0,1.0,0.0,0.5707865168539326,0.0,0.0,0.0,0.9142857142857143,0.0,0.09090909090909094,0.0,0.7916666666666666,0.0,0.0,0.0,0.0,0.0,0.8726672474666421,0.6206896551724137,0.0,0.0,0.0,0.0,0.0,0.0,0.0,0.1428571428571428,0.6666666666666666,1.0,0.7333333333333334,0.33333333333333326,0.0,0.7164179104477613,0.0,0.9965250965250966,0.7272727272727273,0.0,0.0,1.0,1.0,0.07002314814814825,1.0,1.0,0.0,0.2857142857142856,0.0,0.0,0.36363636363636365,0.36363636363636365,0.75,0.3527162657320376,0.6269621421975993,0.0625,0.4274376417233561,0.323943661971831,0.4666666666666667,0.0,0.0,0.39500601684717207,0.0,0.790257104194858,0.7692307692307692,0.33333333333333326,0.0,0.0,0.7777777777777778,0.0,0.7519446845289541,0.647271413082761,0.20320855614973266,0.6237113402061856,0.82,0.0,0.46666666666666656,0.8,0.0,0.945054945054945,0.0,0.10869565217391297,0.9826517967781908,0.7320261437908497,0.6923076923076923,0.375,0.0,0.8161764705882353,0.0,0.5979986948009572,0.0,0.0,0.0,0.9185905224787363,0.0,0.5,0.0,0.925414364640884,0.0,0.0,0.0,0.0,0.0,1.0,0.0,0.0,0.0,0.0,0.0,0.0,0.0,0.5,0.5606694560669456,0.0,0.5,0.29999999999999993,0.6134751773049645,0.0,0.3076923076923077,0.0,0.39982876712328763,0.0,0.0,0.0,0.0,0.0,0.0,0.34751773049645385,0.29209183673469397,0.0,0.0,0.33333333333333337,1.0,0.0,0.5,0.0,0.0,0.028571428571428692,0.4,0.0,0.0,0.8148148148148149,0.4285714285714286,0.7,0.2564102564102564,0.8571428571428572,0.0,0.1428571428571428,0.0,0.0,0.3928571428571429,0.4,0.0,0.2543458371454712,0.04166666666666674,0.0,0.0,0.19049951028403533,0.6774193548387097,0.5,0.5714285714285714,0.0,0.6666666666666666,0.0,0.395986824997833,0.9598167206080221,0.09509202453987697,0.7777777777777778,0.1428571428571428,0.0,0.8259201534588179,0.0,0.46448835844257486,0.0,0.0,0.0,0.8095238095238095,0.0,0.0,m2
0.0,0.0,0.0,0.0,0.6546702903733371,0.0,0.0011844938980617448,0.0,0.0,0.0,0.0,0.6516803917204541,0.0,0.0,0.15101362052581557,0.890625,0.0,0.1794871794871794,0.5789473684210527,0.4642857142857143,0.47550824395709945,0.0,0.7815660016397923,0.0,0.39579599152680467,0.0,0.5593220338983051,0.5909090909090908,0.8,0.0,0.0,0.0,0.4,0.09375,0.0,0.0,0.0,0.0,0.0,0.6428571428571428,0.0,0.0,0.4736842105263158,0.5480167014613779,0.47120152574698027,0.7873170731707317,0.009763424708974844,0.2222222222222222,0.5644028103044497,0.37285223367697595,0.9317269076305221,0.0,0.0,0.0,0.9205666128743052,0.0,0.8571428571428571,0.07410388950088975,0.7245317717659585,0.35306735306735315,0.8928072625698324,0.6178334106011436,0.5714285714285714,0.381782945736434,0.0,0.0,0.952946205445219,0.8415841584158416,1.0,0.8071058249466301,1.0,1.0,0.0,0.75,1.0,0.6636263261485287,0.8461695607763023,0.0,0.0,0.0,0.5,0.0,0.09090909090909094,0.0,0.0,0.0,0.0,0.8406617755674824,0.0,0.3745539020941351,0.0,0.0,0.75,0.0,0.7391304347826086,0.0,0.0,0.0,0.8871534556813745,0.0,0.28205128205128205,0.0,0.0,0.33333333333333326,0.0,1.0,0.0,0.31932773109243695,0.75,0.7855839416058394,0.2500000000000001,1.0,0.0,0.07002314814814825,0.0,0.6,0.6356324150412225,0.0,0.11111111111111105,0.0,0.36363636363636365,0.0,0.75,0.0,0.6190476190476191,0.6875,0.19841269841269848,0.8309859154929577,0.4666666666666667,0.0,0.5416666666666667,0.7826086956521738,0.4911380597014926,0.0,0.23076923076923073,0.33333333333333326,0.0,0.9375,0.0,1.0,0.7454033771106942,0.8506204071798579,0.0,1.0,0.0,0.0,0.46666666666666656,0.9,0.0,0.8985871271585557,1.0,0.16216216216216217,0.7993482309124768,0.954248366013072,0.0,0.0,0.0,0.8200359928014397,0.728414801279123,0.33182295770948245,0.0,0.0,0.0,0.9187386294724076,0.0,0.5,0.0,0.0,0.0,0.0,1.0,0.0,0.9090909090909091,0.0,0.0,0.0,0.0,0.8,0.5,0.0,0.9423076923076923,0.29999999999999993,1.0,0.3846153846153846,1.0,1.0,0.6134751773049645,0.0,0.7948717948717949,0.0,0.8025531914893618,0.0,0.24445411048281862,0.6666666666666667,0.8,0.0,0.02240325865580417,0.0,0.510958904109589,0.09999999999999998,0.19999999999999996,0.0,0.0,0.0,0.0,0.0,0.6666666666666667,0.028571428571428692,0.0,1.0,0.4476504534212695,0.8148148148148149,0.4285714285714286,0.0,0.5128205128205128,0.0,0.75,0.0,0.07723577235772361,0.0,0.8747947454844006,0.0,0.0,0.0,0.0,0.21703470031545746,0.8666666666666667,0.6197355533790402,0.6774193548387097,0.5,0.0,0.0,0.0,0.92,0.4778782760311665,0.7080257463907779,0.7546012269938649,1.0,0.0,0.23809523809523803,0.631578947368421,0.6666666666666666,0.13265306122448994,0.0,0.0,0.0,0.8095238095238095,0.0,0.0,m2
0.8451672010994045,0.0,0.0,0.0,0.6923347045249323,0.5,0.0,0.0,0.0,0.0,0.0,0.0,0.0,0.0,0.3001786967898399,0.0,0.3846153846153846,0.1794871794871794,0.052631578947368474,0.6481481481481481,0.6710822625513313,0.0,0.3597977589505329,0.0,0.0,0.17560975609756102,0.8305084745762712,0.0,0.4,1.0,0.11815252416756161,1.0,0.4,0.10654239766081874,0.8813559322033898,0.0,0.78125,0.2222222222222222,1.0,0.0,0.7647058823529412,1.0,0.8947368421052632,0.5480167014613779,0.27654320987654313,0.0,0.2084115659031167,0.33333333333333337,0.919705587152894,0.37285223367697595,0.8666666666666667,0.3440599515098083,0.27001969149983596,0.0,0.9405005509208249,0.0,0.8571428571428571,0.6308096380038826,0.6576048011465425,0.671100175505007,0.0,0.44550077382268416,0.4130434782608695,0.0,1.0,0.7407407407407407,0.0,0.0,1.0,0.355342075836129,0.7976878612716763,0.09999999999999998,0.206896551724138,0.18518518518518512,0.4662379421221865,0.0,0.0,0.0,0.0,0.0,0.0,0.0,0.09090909090909094,0.8656716417910448,0.0,0.0,0.0,0.8406617755674824,0.0,0.0,0.0,0.0,1.0,0.0,0.0,0.0,0.0,0.0,0.0,0.20761245674740492,0.28205128205128205,0.6649451258876695,0.7333333333333334,0.33333333333333326,0.0,0.0,1.0,0.0,0.7272727272727273,0.9354404841963685,0.0,0.5,0.0,0.0,0.8683405422512923,0.5,0.23392966464866327,0.8571428571428571,0.11111111111111105,0.881367759944173,0.0,1.0,0.0,0.8861646234676007,0.7142857142857143,0.9375,0.2103274559193954,0.323943661971831,0.0,0.4,0.5833333333333333,0.9172683513838749,0.3267511177347242,0.9101941747572816,0.0,0.0,0.0,1.0,0.0,1.0,0.48294082125603865,0.8810790743719836,0.8974744222651498,0.6237113402061856,0.82,0.8084866691701089,0.0,0.09999999999999987,0.75,0.37038689172289085,0.0,0.8540587219343696,0.02164804469273729,0.9673202614379085,0.0,0.375,0.0,0.5403669266146771,0.0,0.0,0.0,0.0,0.0,0.0,0.0,0.08333333333333337,1.0,0.0,0.0,0.0,0.8627450980392157,0.6000000000000001,0.0,0.0,0.0,0.0,0.0,0.0,1.0,0.0,0.4779411764705883,0.0,0.3916317991631799,0.3846153846153846,0.09278350515463918,0.29999999999999993,0.0,0.0,0.0,0.0,0.0,0.0,0.6863925108659311,0.0,0.6,0.0,0.0,0.0,0.5055401662049861,0.06666666666666665,0.0,0.0,0.0,0.5,0.75,0.0,0.6363636363636364,0.7428571428571429,0.8,0.3999999999999999,0.0,0.0,0.5714285714285714,0.19999999999999996,0.5128205128205128,0.0,1.0,0.5,0.11019397441188616,0.0,0.9177631578947368,0.0,0.0,0.9693479295573536,0.0,0.24699421107317798,0.0,0.35169762972453567,0.0,0.0,0.5714285714285714,1.0,0.9375,0.0,0.44082809224318653,0.3499226955270033,0.7360594795539034,0.0,0.1428571428571428,0.23809523809523803,0.46193501978180085,0.0,0.14121736520956307,0.0,0.0,0.0,0.0,0.0,0.3571428571428571,m2
0.0,0.0,0.0,0.5416666666666667,0.0,0.0,0.22266185139943717,0.0,0.0,0.0,0.0,0.7784727272727273,0.0,0.0,0.0034609802389192756,0.0,0.0,0.0,0.5789473684210527,0.0,0.4873486494877367,0.0,0.40803498223558343,0.0,0.5511363636363636,0.959349593495935,0.0,0.0,0.4,0.0,0.238445968739458,0.2727272727272728,0.85,0.40364583333333337,0.7796610169491526,0.0,0.0,0.0,0.4285714285714285,0.0,0.7647058823529412,0.0,0.0,0.0,0.6770502225047679,0.3157894736842105,0.2084115659031167,0.33333333333333337,0.3151111111111111,0.4664926022628373,0.6153846153846154,0.0,0.7585102122547056,0.0,0.4522144522144521,0.6428571428571428,0.0,0.4050796383986225,0.5384927066450567,0.0,0.38205302515295714,0.22833211944646747,0.0,0.0,1.0,0.5555555555555556,0.779094662792476,0.0,1.0,0.7281908036097982,0.0,0.6666666666666667,0.206896551724138,0.75,1.0,0.44913830348999084,0.8461695607763023,0.0,0.9919354838709677,0.0,0.0,0.0,0.0,0.0,0.0,0.0,0.6156472684085511,0.0,0.0,0.5153950154332797,0.0,0.0,0.75,0.0,0.7391304347826086,0.0,0.0,0.09677419354838712,0.0,0.0,0.0,0.45584299732381806,0.0,0.33333333333333326,0.0,1.0,0.0,0.7026047955839227,1.0,0.0,0.0,1.0,0.0,0.4810350939383198,0.41889276035617506,1.0,0.0,0.8571428571428571,0.11111111111111105,0.0,0.36363636363636365,0.36363636363636365,0.0,0.0,0.1923076923076923,0.0,0.3765743073047859,0.0,0.20000000000000007,0.4,0.5833333333333333,0.3849802371541502,0.0,0.3076923076923076,0.5,0.4444444444444444,0.0,0.75,0.7777777777777778,0.0,0.8333333333333334,0.647271413082761,0.4255319148936171,1.0,0.82,0.8076923076923077,0.0,0.09999999999999987,0.75,0.7240816326530612,0.0,0.9782608695652174,0.9803921568627451,0.0,0.9917355371900827,0.375,0.0,0.8200359928014397,0.6695979899497488,0.33182295770948245,0.0,0.9866008462623413,0.0,0.0,0.0,0.0,0.0,0.0,0.0,0.5384615384615385,0.0,0.0,0.625,0.0,0.0,0.0,0.0,0.75,0.5,0.0,0.0,0.5,1.0,0.0,1.0,1.0,0.0,0.0,0.46153846153846156,0.0,0.18765957446808512,0.7142857142857143,0.0,0.0,0.4,0.0,0.0,0.43673469387755093,0.6468144044321329,0.0,0.0,0.0,0.0,0.0,0.5,0.0,0.40909090909090917,0.0,0.4,0.0,0.6370439663236669,0.37037037037037046,0.5714285714285714,0.19999999999999996,0.2564102564102564,0.0,0.0,0.09999999999999998,0.0,0.0,0.0,0.4,0.0,0.22931937172774852,0.05855855855855874,0.10662460567823329,0.26923076923076916,0.18829578844270312,0.0,0.0,0.5714285714285714,0.4375,0.6666666666666666,0.0,0.009067357512953178,0.0,0.7825295723384895,0.4,0.1428571428571428,0.23809523809523803,0.8259201534588179,0.6666666666666666,0.07487246173852169,0.0,1.0,0.0,0.0,0.0,0.2857142857142857,m2
0.0,0.5757111773712628,0.0,0.0,0.0,0.0,0.0,0.0,0.0,0.0,0.0,0.0,0.0,0.0,0.8651800327332242,0.0,0.3846153846153846,0.1794871794871794,0.5789473684210527,0.0,0.4770151636073423,0.0,0.7815660016397923,0.0,0.6986093350383632,0.9616564417177914,0.0,0.31818181818181823,0.0,0.0,0.4447361512207929,1.0,0.4,0.58203125,0.0,0.0,0.0625,0.2222222222222222,0.0,0.6428571428571428,0.4117647058823529,1.0,0.0,0.8622129436325678,0.0,0.0,0.009763424708974844,0.33333333333333337,0.0,0.0,0.9317269076305221,0.3257142857142856,0.6227847062684608,0.0,0.292859102130383,0.6428571428571428,0.9285714285714286,0.0,0.4042457900394124,0.8694415224251697,0.7635840230298668,0.0,0.4130434782608695,0.0,1.0,0.5555555555555556,0.04498224385111127,0.9603960396039604,1.0,0.7298932384341636,1.0,0.9962779156327544,0.206896551724138,0.0,1.0,0.0,0.0,0.0,0.0,1.0,0.0,0.0,0.0,0.0,0.7916666666666666,0.0,0.0,0.0,0.0,0.0,0.0,0.0,0.75,0.0,0.0,0.0,0.0,0.7433155080213903,0.0,0.03650586701434144,0.28205128205128205,0.0,0.7333333333333334,0.84375,0.0,1.0,1.0,0.8712179984484096,1.0,0.17888365837256237,0.2500000000000001,1.0,0.0,0.44907407407407407,1.0,0.5,0.24758907725104062,0.0,0.0,0.13568670711527853,0.0,0.36363636363636365,0.75,0.35799005228924885,0.5485768054575395,0.0,0.9251700680272109,0.323943661971831,0.0,0.0,0.5833333333333333,0.0,0.0,0.0,0.7692307692307692,0.4444444444444444,0.0,0.31464174454828653,0.7777777777777778,1.0,0.5592870544090056,0.6417522583838634,1.0,1.0,0.12,0.8084866691701089,0.0,0.09999999999999987,0.75,0.0,1.0,0.8578813127019215,0.7993482309124768,0.7320261437908497,1.0,0.375,0.0,0.5403669266146771,0.0,0.15983714210664557,0.0,0.0,0.7341772151898733,0.0,0.0,0.0,0.0,0.9130434782608696,0.0,0.0,0.0,0.0,0.0,0.0,0.0,0.0,0.0,0.0,0.5,0.0,0.9423076923076923,0.5,1.0,0.3846153846153846,1.0,0.0,0.6134751773049645,0.0,0.7948717948717949,0.0,0.33319148936170206,0.7142857142857143,0.0,0.33333333333333337,0.0,0.0,0.0,0.34751773049645385,0.510958904109589,0.06666666666666665,0.19999999999999996,0.33333333333333337,0.0,0.5,0.5,0.0,0.0,0.4,0.4,0.6470588235294117,0.0,0.0,0.4285714285714286,0.19999999999999996,0.46153846153846156,0.8571428571428572,1.0,0.1428571428571428,0.3619479983491539,0.0,0.12585812356979387,0.4,0.5,0.2625416468348406,0.05855855855855874,0.6360441767068272,0.8666666666666667,0.0,0.0,0.0,0.5714285714285714,1.0,1.0,0.88,0.45963418904722153,0.7079510703363914,0.09509202453987697,0.0,0.1428571428571428,0.0,0.46193501978180085,0.0,0.0,0.0,0.0,0.7777777777777778,0.0,0.0,0.2857142857142857,m2
0.0,0.0,0.0,0.0,0.6534957901089111,0.0,3.3306690738754696e-16,0.8973902728351126,0.0,0.0,0.0,0.0,0.0,0.0,0.7872980677858726,0.0,0.0,0.0,0.5789473684210527,1.0,0.0,0.7692307692307692,0.3597977589505329,0.0,0.3960174288390276,0.02626262626262632,0.5593220338983051,0.0,0.4,0.5,0.0,0.9433962264150944,0.35,0.8125,0.7796610169491526,0.0,0.0,0.0,0.0,0.0,0.4117647058823529,1.0,0.0,0.44885177453027136,0.9420216147488875,0.7873170731707317,0.2084115659031167,0.2222222222222222,0.0,0.8912097476066144,1.0,0.20277716552788194,0.0,0.0,0.0,0.6428571428571428,0.0,0.4093720871112617,0.6971736204576042,0.0,0.38205302515295714,0.0,0.11904761904761907,0.728,1.0,0.2592592592592592,0.0,0.0,1.0,0.7298932384341636,1.0,0.0,0.206896551724138,0.08695652173913038,1.0,0.6636263261485287,0.8461695607763023,0.0,0.0,0.0,0.0,0.9375,0.6818181818181819,0.0,0.0,0.0,0.0,0.8406617755674824,0.0,0.0,0.5414507772020725,0.0,0.75,0.0,0.0,0.0,0.0,0.7419354838709677,0.0,0.0,0.0,0.0,0.3999999999999999,0.3076923076923076,0.8148148148148148,0.0,0.0,0.314151190164792,0.75,0.8493611297915266,0.0,1.0,1.0,0.07002314814814825,0.9154929577464789,0.0,0.980002030250736,0.8571428571428571,0.11111111111111105,0.0,0.36363636363636365,0.0,0.0,0.3597369600956508,0.3571428571428571,0.0,0.75,0.971830985915493,0.4666666666666667,0.4,0.5416666666666667,0.48766546329723226,0.8987873134328358,0.4722222222222222,0.7692307692307692,0.33333333333333326,0.0,0.0,0.7777777777777778,0.0,0.9305555555555556,1.0,0.4255319148936171,1.0,0.12,0.7935126582278481,0.8666666666666667,0.09999999999999987,0.25,0.0,0.0,1.0,0.7993482309124768,0.954248366013072,0.9917355371900827,0.375,0.0,0.8200359928014397,0.728414801279123,0.33182295770948245,0.0,0.0,0.0,0.0,1.0,0.75,0.0,0.0,0.0,0.0,1.0,0.0,0.0,0.7582417582417582,0.0,0.0,0.0,0.0,0.5,0.0,0.0,0.5,1.0,0.0,1.0,1.0,0.7574750830564785,0.6666666666666667,0.0,0.0,0.8025531914893618,0.0,0.17352056168505514,0.0,0.4,0.0,0.18017456359102257,0.0,0.2119113573407203,0.7666666666666666,0.0,0.0,0.0,0.0,0.0,0.0,0.09090909090909094,0.4285714285714285,0.4,0.17647058823529416,0.8054256314312442,0.8148148148148149,0.5714285714285714,0.0,0.0,0.2857142857142857,0.38235294117647045,0.0,0.07723577235772361,0.0,0.3928571428571429,0.4,0.0,0.22931937172774852,0.35,0.10662460567823329,0.26923076923076916,0.0,0.09677419354838701,0.0,0.5714285714285714,0.625,1.0,0.0,0.6947365553315534,0.0,0.635122838944495,0.0,0.1428571428571428,0.23809523809523803,0.82909604519774,0.6666666666666666,0.07487246173852169,0.0,0.0,0.0,0.0,0.9,0.7142857142857143,m2
0.0,0.0,0.0,0.0,0.0,0.0,0.0,0.0,0.0,0.0,0.0,0.0,0.8465885307660108,0.0,0.0,0.0,0.3846153846153846,0.0,0.0,0.8837209302325582,0.8837041780054427,0.7692307692307692,0.3597977589505329,0.0,0.555306905370844,0.1727528089887641,0.4067796610169492,0.9090909090909091,0.4,1.0,0.11815252416756161,0.0,0.19999999999999996,0.09374999999999989,0.45197740112994356,0.0,0.0625,0.25,0.0,0.6428571428571428,0.17647058823529416,1.0,0.5789473684210527,0.0,0.0,0.0,0.2084115659031167,0.8888888888888888,0.9225650332728372,0.8890339425587467,0.07692307692307698,0.0,0.6027070063694268,0.0,0.44398944398944384,0.0,0.8571428571428571,0.1958291288261017,0.5785081805925009,0.5213015205125753,0.0,0.0,0.5520565552699229,0.6419753086419753,0.1250000000000001,0.7777777777777778,0.04498224385111127,0.0,1.0,0.8071058249466301,0.6416184971098267,0.0,0.206896551724138,0.0,0.0,0.5778321108394459,0.8461695607763023,0.0,0.0,0.0,0.0,0.0,0.0,0.0,0.0,0.0,0.0,0.0,0.0,0.5278818711999007,0.0,0.0,0.75,0.0,0.0,0.8808091004387156,0.0,0.0,0.0,0.03650586701434144,0.0,0.02786779001944273,0.3999999999999999,1.0,0.8148148148148148,0.0,1.0,0.713472976467546,0.75,0.0,1.0,1.0,1.0,0.0,1.0,0.8,0.6539437620546137,0.2857142857142856,0.0,0.12137780207763815,0.36363636363636365,0.0,0.75,0.35799005228924885,0.7857142857142857,0.8125,0.3765743073047859,0.323943661971831,0.0,0.4,0.9583333333333334,1.0,0.8302919708029197,0.9270833333333334,0.5,0.8571428571428571,0.0,0.7560975609756098,0.0,1.0,0.0,0.9024959415584415,0.8977424624981435,0.5,0.12,0.7239307681304534,1.0,0.0,0.875,0.0,0.0,1.0,0.8219743907476249,0.7320261437908497,1.0,0.375,0.0,0.0,0.7632919254658386,0.33182295770948245,0.0,0.0,0.0,0.0,0.0,0.0,0.0,0.0,0.0,0.0,0.0,0.0,0.9090909090909091,0.0,0.0,0.0,0.0,0.0,0.0,0.0,0.0,0.5,1.0,0.0,0.0,1.0,0.6289473684210526,0.6666666666666667,0.0,0.0,0.18765957446808512,0.0,0.3403543965229019,0.8888888888888888,0.4,0.0,0.20940959409594107,0.2979591836734694,0.011080332409972193,0.09999999999999998,0.0,0.33333333333333337,0.0,0.0,0.0,0.0,0.09090909090909094,0.4,0.0,0.0,0.0,0.0,0.5714285714285714,0.8,0.5128205128205128,0.2857142857142857,0.5294117647058822,0.09999999999999998,0.5528455284552845,0.0,0.0,0.0,0.0,0.25740537575425126,0.0,0.07269076305220878,0.0,0.0,0.0,0.0,0.4285714285714286,0.7368421052631579,1.0,0.0,0.0,0.0,0.6032757051865332,1.0,0.1428571428571428,0.0,0.0,0.6666666666666666,0.07487246173852169,0.0,0.0,0.0,0.0,0.0,0.2857142857142857,m2
0.0,0.0,0.0,0.0,0.0,0.0,0.0,0.0,0.7484855827477587,0.0,0.0,0.0,0.0,0.0,0.0,0.0,0.2692307692307693,0.3846153846153846,0.0,0.0,0.0,0.7692307692307692,0.3597977589505329,0.0,0.8945392082451165,0.0,0.0,0.5909090909090908,0.4,1.0,0.238445968739458,0.0,0.85,0.5794270833333334,0.0,0.0,0.0625,1.0,0.4285714285714285,0.0,0.5882352941176471,1.0,0.0,0.0,0.9420216147488875,0.0,0.2084115659031167,0.2222222222222222,0.37862796833773094,0.8797250859106529,0.6032719836400818,0.032620674454485354,0.0,0.0,0.0,0.6428571428571428,0.9285714285714286,0.6179867422948131,0.4042457900394124,0.0,0.3731688511950656,0.6178334106011436,0.5520565552699229,0.6363636363636364,0.375,0.2592592592592592,0.0,0.0,0.5,0.7281908036097982,0.7976878612716763,0.0,0.0,0.75,0.4375,0.6091954022988506,0.8461695607763023,0.0,0.0,0.0,0.0,0.0,0.09090909090909094,0.0,0.0,0.0,0.0,0.0,0.0,0.0,0.0,0.6206896551724137,0.75,0.0,0.0,0.0,0.0,0.0,0.0,0.16955017301038067,0.6666666666666666,0.04831804281345553,0.7333333333333334,0.3076923076923076,0.8148148148148148,0.0,1.0,1.0,0.0,0.17888365837256237,0.2500000000000001,1.0,0.0,0.4810350939383198,0.0,1.0,0.24758907725104062,0.0,0.0,0.12137780207763815,0.8636363636363636,0.36363636363636365,0.0,0.5807932661650299,0.3571428571428571,0.0,0.3765743073047859,0.971830985915493,0.0,0.4,0.5416666666666667,0.53376,0.7894932935916542,0.0,0.23076923076923073,0.0,0.0,0.0,0.7777777777777778,1.0,0.48294082125603865,0.675679788961039,0.0,1.0,0.0,0.8084866691701089,1.0,0.8,0.25,0.28298908162783,0.0,0.8950859210129636,0.9803921568627451,0.9673202614379085,1.0,0.0,0.0,0.0,0.6682608695652175,0.33182295770948245,0.0,0.0,0.0,0.0,0.0,0.5,0.0,0.0,0.0,0.0,0.0,0.0,0.0,0.0,0.8145539906103286,0.0,0.0,0.0,0.5,0.0,0.2777777777777778,0.5,0.0,0.641025641025641,0.0,0.0,0.7096491228070175,0.6666666666666667,0.0,0.0,0.5497872340425533,0.2857142857142857,0.0,0.6666666666666667,0.4,0.0,0.0,0.2979591836734694,0.6468144044321329,0.06666666666666665,0.19999999999999996,0.33333333333333337,1.0,0.75,0.5,0.0,0.13636363636363635,0.4285714285714285,0.4,0.0,0.957131079967024,0.0,0.5714285714285714,0.0,0.2564102564102564,0.2857142857142857,0.0,0.0,0.07723577235772361,0.0,0.3928571428571429,0.4,0.5,0.9666758091058695,0.05855855855855874,0.28210556025966693,0.3846153846153846,0.7903225806451614,0.0,0.0,0.5714285714285714,0.26315789473684204,0.9375,0.0,0.07170025546409309,0.0,0.0,0.0,0.0,0.23809523809523803,0.0,0.6666666666666666,0.07487246173852169,0.0,0.0,0.0,0.0,0.0,0.0,m2
0.0,0.0,0.0,0.0,0.0,0.5,0.1715690527838034,0.0,0.6773255813953489,0.0,0.0,0.0,0.0,0.0,0.3001786967898399,0.0,0.2692307692307693,0.0,0.052631578947368474,0.6512749827705031,0.0,0.0,0.0,0.0,0.555306905370844,0.0,0.5593220338983051,0.0,0.0,1.0,0.0,0.7547169811320755,0.0,0.0,0.8813559322033898,0.0,0.78125,0.2222222222222222,0.7142857142857142,0.0,0.7647058823529412,0.8796992481203008,0.0,0.0,0.3004291845493561,0.32357723577235775,0.8711978971085242,0.2222222222222222,0.27404718693284924,0.4664926022628373,0.8846153846153846,0.0,0.26938406541480064,0.0,0.0,0.6428571428571428,0.9285714285714286,0.3370161014045907,0.0,0.671100175505007,0.0,0.0,0.4130434782608695,0.6133333333333334,0.0,0.0,0.9529028436018957,0.0,1.0,0.10811387900355884,0.7976878612716763,0.0,0.0,0.0,0.4662379421221865,0.574712643678161,0.5707865168539326,0.0,0.0,0.0,0.0,0.0,0.09090909090909094,0.0,0.0,0.0,0.0,0.0,0.0,0.5153950154332797,0.0,0.6206896551724137,1.0,0.0,0.0,0.0,0.0,0.0,0.0,0.1428571428571428,0.0,0.5943719972546329,0.7333333333333334,0.3076923076923076,0.0,1.0,0.0,0.702698028363888,0.75,0.7855839416058394,0.0,1.0,1.0,0.07002314814814825,0.5391918978795232,0.0,0.0,0.8571428571428571,0.11111111111111105,0.881367759944173,0.0,0.8636363636363636,0.0,0.9035012809564474,0.0,0.0,0.3765743073047859,0.25352112676056326,0.20000000000000007,0.9,0.5416666666666667,0.0,0.4543795620437957,0.9101941747572816,0.5,0.0,0.0,0.0,0.7777777777777778,1.0,0.6219135802469136,0.0,0.8977424624981435,0.6237113402061856,0.12,0.7239307681304534,0.8888888888888888,0.9,0.0,0.9526282669130708,0.0,0.9166666666666666,0.02164804469273729,0.9673202614379085,0.9279999999999999,0.0,0.0,0.5403669266146771,0.728414801279123,0.06704237722315731,0.0,0.0,0.0,0.0,0.0,0.08333333333333337,0.0,0.0,0.0,0.0,0.0,0.6000000000000001,0.9090909090909091,0.0,0.7732696897374701,0.0,0.0,0.0,1.0,0.0,0.5555555555555556,0.0,0.5606694560669456,0.0,0.05555555555555547,0.29999999999999993,0.7574750830564785,0.0,0.3076923076923077,0.0,0.27543314082629944,0.0,0.17352056168505514,0.0,0.0,0.0,0.10477719791248497,0.3313253012048192,0.0,0.0,0.0,0.0,0.6666666666666667,0.5,0.75,0.0,0.6363636363636364,0.028571428571428692,0.4,0.1333333333333332,0.8549382716049383,0.37037037037037046,0.0,0.0,0.0,0.0,0.10000000000000009,0.09999999999999998,0.11019397441188616,0.0,0.25778863775198524,0.4,0.5,0.0,0.2060185185185185,0.13703048590157096,0.0,0.0,0.0,0.0,0.0,0.0,0.875,0.0,0.8022536687631028,0.3351718285956725,0.0,0.9090909090909091,0.0,0.0,0.6578947368421053,0.6666666666666666,0.0,0.0,0.0,0.0,0.0,0.0,0.3571428571428571,m2
0.0,0.0,0.0,0.5416666666666667,0.0,0.0,0.15840566873339246,0.0,0.0,0.6363636363636364,0.0,0.7547730547550432,0.8399080811949444,0.0,0.4771454178803496,0.19999999999999996,0.3846153846153846,0.1794871794871794,0.8421052631578947,0.6046511627906976,0.7661166116611662,0.33333333333333326,0.0,0.0,0.555306905370844,0.0,0.4067796610169492,0.0,0.4,0.0,0.0,0.9090909090909091,0.35,0.46484375,0.8587570621468926,0.0,0.78125,0.2222222222222222,0.4285714285714285,0.6428571428571428,0.4117647058823529,0.0,0.0,0.0,0.47120152574698027,0.0,0.2084115659031167,0.2222222222222222,0.5722334004024144,0.4664926022628373,0.0,0.8629050033061494,0.6221802194189917,0.0,0.29285910213038324,0.0,0.9285714285714286,0.06078346965131298,0.5384927066450567,0.050193050193050204,0.300475866757308,0.9444130925507901,0.0,0.6974358974358974,0.375,0.7777777777777778,0.26460639606396064,0.0,1.0,0.8062391504135608,0.7976878612716763,0.0,0.0,0.18518518518518512,1.0,0.6091954022988506,0.0,0.0,0.0,0.0,0.0,0.0,0.09090909090909094,0.0,0.0,0.0,0.6000000000000001,0.0,0.0,0.4323113707212253,0.0,0.0,0.0,0.0,0.7391304347826086,0.884114844031554,0.0,0.8387096774193549,0.7783251231527093,0.03650586701434144,0.28205128205128205,1.0,0.7333333333333334,1.0,0.14814814814814825,1.0,0.0,0.7039269720978298,0.0,0.0,0.0,0.5,0.0,0.11237149946827374,0.5391918978795232,0.0,0.0,1.0,0.11111111111111105,0.8963044677330392,0.0,0.36363636363636365,0.75,0.3597369600956508,0.34065934065934067,0.0,0.3765743073047859,0.8309859154929577,0.0,0.4,0.5416666666666667,0.0,0.7094430992736077,0.3076923076923076,0.9615384615384616,0.4444444444444444,0.0,0.3125,0.0,1.0,0.6219135802469136,0.647271413082761,0.0,1.0,0.86,0.8076923076923077,0.8666666666666667,0.8,0.875,0.5046153846153847,0.0,1.0,0.9281767955801105,0.9673202614379085,0.0,0.0,0.0,0.8200359928014397,0.6695979899497488,0.15983714210664557,0.0,0.0,0.0,0.0,0.0,0.5,0.0,0.0,0.0,0.5384615384615385,0.0,0.0,0.9090909090909091,0.0,0.0,0.5084155542658154,0.0,0.75,0.0,0.0,1.0,0.29999999999999993,1.0,0.3846153846153846,0.3917525773195877,0.0,0.6486710963455149,0.75,0.3076923076923077,0.0,0.18765957446808512,0.2857142857142857,0.3403543965229019,0.0,0.6,0.0,0.1162361623616236,0.18367346938775508,0.2119113573407203,0.0,0.0,0.0,0.6666666666666667,0.5,0.5,0.0,0.09090909090909094,0.0,0.4,0.0,0.4144059869036484,0.0,0.5714285714285714,0.0,0.46153846153846156,0.0,1.0,0.8,0.3619479983491539,0.0,0.12585812356979387,0.0,0.5,0.0,0.05855855855855874,0.0,0.3846153846153846,0.8004105839416058,0.0,0.0,0.5714285714285714,0.9375,1.0,0.0,0.009067357512953178,0.0,0.0,1.0,0.0,0.23809523809523803,0.8259201534588179,0.6666666666666666,0.14121736520956307,0.0,0.0,0.0,0.0,0.0,0.0,m2
0.0,0.5757111773712628,0.0,0.0,0.0,0.0,0.0,0.0,0.0,0.0,0.0,0.0,0.0,0.0,0.1926145662847789,0.0,0.9615384615384616,0.1794871794871794,0.5789473684210527,0.0,0.18881062910196889,0.33333333333333326,0.3597977589505329,0.0,0.0,0.0,0.864406779661017,0.8636363636363636,0.4,0.5,0.11815252416756161,0.0,0.0,0.46484375,0.0,0.6363636363636364,0.0,1.0,0.0,0.6428571428571428,0.7647058823529412,0.0,0.4736842105263158,0.44885177453027136,0.0,0.6838709677419355,0.0,0.2222222222222222,0.3947229551451188,0.37285223367697595,0.0,0.3440599515098083,0.9675090252707581,0.0,0.44398944398944384,0.0,0.0,0.07113095238095246,0.4042457900394124,0.3156498039590705,0.36311087756174465,0.0,0.4130434782608695,0.6133333333333334,0.0,0.5555555555555556,0.04498224385111127,0.9603960396039604,0.5,0.8071058249466301,0.6416184971098267,0.0,0.206896551724138,0.18518518518518512,0.4662379421221865,0.0,0.5707865168539326,0.0,0.0,0.0,0.0,0.0,0.09090909090909094,0.0,0.7916666666666666,0.0,0.0,0.0,0.0,0.0,0.0,0.0,0.75,0.0,0.0,0.0,0.0,0.0,0.0,1.0,0.28205128205128205,0.0,0.7333333333333334,0.5,0.14814814814814825,0.0,1.0,0.0,0.0,0.956960322797579,0.75,0.5,1.0,0.0,1.0,1.0,0.0,0.0,0.7777777777777778,0.0,0.8636363636363636,0.36363636363636365,0.75,0.885856395867874,0.3571428571428571,0.6875,0.7455919395465995,0.323943661971831,0.4666666666666667,0.09999999999999998,0.5416666666666667,0.48766546329723226,0.3267511177347242,0.3076923076923076,0.0,1.0,0.0,0.7476635514018692,0.0,0.0,0.7468297101449275,0.6417522583838634,0.64298490377048,1.0,0.12,0.8084866691701089,0.8888888888888888,0.9,0.75,0.0,1.0,0.9775208297908519,0.7993482309124768,0.7320261437908497,0.0,0.375,0.0,0.5403669266146771,0.0,0.0,0.0,0.0,0.0,0.0,0.0,0.08333333333333337,0.0,1.0,0.0,0.0,0.0,0.0,0.0,0.0,0.0,0.0,0.0,0.0,0.5,0.0,0.0,0.5,1.0,0.3846153846153846,1.0,0.0,0.537375415282392,0.75,0.0,0.0,0.0,0.2857142857142857,0.7311935807422267,0.8888888888888888,0.6,0.0,0.20940959409594107,0.2979591836734694,0.0,0.0,0.19999999999999996,0.33333333333333337,1.0,0.75,0.5,0.0,0.6363636363636364,0.0,0.0,0.17647058823529416,0.0,0.8148148148148149,0.5714285714285714,0.0,0.0,0.0,1.0,0.5,0.9496491952125464,0.0,0.0,0.0,0.0,0.0,0.05855855855855874,0.0,0.3846153846153846,0.0,0.0,0.0,0.0,1.0,1.0,0.88,0.0,0.0,0.3723653395784543,1.0,0.1428571428571428,0.23809523809523803,0.46193501978180085,0.0,0.0,0.0,0.0,0.0,0.0,0.0,0.3571428571428571,m2
0.0,0.0,0.8974358974358975,0.0,0.0,0.5,0.0,0.0,0.6822254876537874,0.6363636363636364,0.0,0.7733302836230558,0.0,0.0,0.3100728338722839,0.0,0.0,0.1794871794871794,0.8421052631578947,0.6481481481481481,0.6743933671919087,0.0,0.4153456872813873,0.0,0.8945392082451165,0.9739837398373984,0.0,0.5909090909090908,0.4,0.0,0.16698526931294277,1.0,0.0,0.0,0.44067796610169496,0.0,0.0,0.2222222222222222,1.0,0.0,0.17647058823529416,0.8796992481203008,0.5789473684210527,0.2886221294363256,0.0,0.791869918699187,0.009763424708974844,0.2222222222222222,0.40760869565217384,0.37285223367697595,0.8666666666666667,0.0,0.6213767373211431,0.0,0.6110498976861325,0.0,0.8571428571428571,0.6972790777197011,0.6576048011465425,0.671100175505007,0.8442559753276793,0.334106011435636,0.9601542416452442,0.6136363636363636,0.1250000000000001,0.0,0.0,0.0,1.0,0.10714797306976076,0.7976878612716763,1.0,0.206896551724138,0.0,0.4375,0.6091954022988506,0.9305413687436159,0.9473684210526315,0.0,0.0,0.0,0.0,0.6818181818181819,0.0,0.0,0.9090909090909091,0.0,0.0,0.0,0.0,0.0,0.6206896551724137,0.0,0.0,0.7391304347826086,0.0,0.0,0.15736360769473345,0.0,0.0,0.28205128205128205,1.0,0.7333333333333334,0.33333333333333326,0.0,1.0,0.0,1.0,1.0,0.17888365837256237,0.2500000000000001,1.0,0.0,0.0,0.8683405422512923,1.0,0.0,0.2857142857142856,0.0,0.0,0.0,1.0,0.0,0.3523058960887332,0.3571428571428571,0.8125,0.0,0.0,0.9333333333333333,0.0,0.5416666666666667,0.53376,0.3267511177347242,0.9334916864608076,0.5,1.0,0.0,0.8695652173913043,0.0,1.0,0.9305555555555556,0.9024959415584415,0.8974744222651498,1.0,0.82,1.0,0.33333333333333326,0.0,0.0,0.37038689172289085,0.0,0.8950859210129636,0.7777777777777778,0.9673202614379085,1.0,0.375,0.0,0.0,0.6682608695652175,0.7943350655053795,1.0,0.0,0.0,0.0,0.0,0.75,0.0,0.0,0.8823529411764706,0.0,0.0,0.6000000000000001,0.0,0.0,0.7400932400932401,1.0,0.0,0.2679738562091504,1.0,0.0,0.4779411764705883,0.0,0.0,0.3846153846153846,0.3917525773195877,0.29999999999999993,0.0,0.0,0.46153846153846156,0.0,0.6015104398045313,0.8571428571428572,0.0,0.6666666666666667,0.4,0.0,0.0,0.0,0.0,0.0,0.0,0.33333333333333337,1.0,0.5,0.75,0.0,0.09090909090909094,0.4285714285714285,0.0,0.0,0.4571645185746779,0.7407407407407407,0.4285714285714286,0.0,0.2564102564102564,0.0,1.0,1.0,0.3619479983491539,0.0,0.0,0.0,0.0,0.24286889742183204,0.0,0.24699421107317798,0.7692307692307693,0.35169762972453567,0.8477564102564102,0.5,0.4285714285714286,0.0,0.9375,0.0,0.5213228894691035,0.3351718285956725,0.7360594795539034,1.0,0.1428571428571428,0.0,0.0,0.6666666666666666,0.6253376012803842,0.6666666666666667,0.0,0.0,0.0,0.0,0.7142857142857143,m2
0.0,0.0,0.0,0.0,0.654696449026346,0.0,0.17214013621147406,0.0,0.6246575342465753,0.0,0.8206153846153846,0.0,0.0,0.0,0.8258064516129031,0.09999999999999998,0.0,0.3846153846153846,0.8947368421052632,0.75,0.7661166116611662,0.0,0.030472806777807948,0.0,0.3871289897335518,0.0,0.5593220338983051,0.9090909090909091,0.0,1.0,0.5351962217474417,0.9090909090909091,0.85,0.5794270833333334,0.0,0.0,0.0625,0.0,0.0,0.0,0.17647058823529416,0.0,0.4736842105263158,0.0,0.0,0.0,0.0,0.2222222222222222,0.919705587152894,0.37285223367697595,0.6032719836400818,0.20277716552788194,0.0,0.0,0.0,0.6428571428571428,0.9285714285714286,0.2648807489920043,0.0,0.3156498039590705,0.0,0.44550077382268416,0.5520565552699229,0.0,0.0,0.7777777777777778,0.0,0.0,0.5,0.8062391504135608,0.6416184971098267,0.7000000000000001,0.206896551724138,0.08695652173913038,0.4375,0.6096169519152405,0.31181477698331617,0.0,0.0,0.7977977977977978,0.0,0.0,0.09090909090909094,0.0,0.0,0.0,0.0,0.7706611570247934,0.0,0.47410636930214345,0.0,0.6206896551724137,0.75,0.8282208588957055,0.0,0.0,0.0,0.8010091453800063,0.8102303787582975,0.0,0.6666666666666666,1.0,0.0,0.9487179487179487,0.0,0.0,0.0,0.3164852255054432,0.0,0.8493611297915266,1.0,1.0,0.0,0.82701169797944,1.0,1.0,0.24758907725104062,0.0,0.11111111111111105,0.12137780207763815,0.36363636363636365,0.0,0.0,0.35799005228924885,0.3571428571428571,0.6875,0.3765743073047859,0.323943661971831,0.0,0.09999999999999998,0.5416666666666667,1.0,0.3267511177347242,0.0,0.7692307692307692,0.0,0.0,1.0,0.7777777777777778,1.0,0.7468297101449275,0.0,0.64298490377048,0.875,0.82,0.8084866691701089,0.0,0.9,0.875,0.28298908162783,0.0,0.8950859210129636,0.8888888888888888,0.7320261437908497,1.0,0.375,0.0,0.0,0.6682608695652175,0.5000656685053848,0.0,0.0,0.7341772151898733,0.0,0.0,0.08333333333333337,0.0,0.0,0.0,0.0,1.0,0.0,0.040983606557377095,0.0,0.8183908045977012,0.0,0.7101449275362319,0.0,0.5,0.0,0.8333333333333333,0.0,1.0,0.641025641025641,0.6666666666666667,1.0,0.6289473684210526,0.0,0.20512820512820518,0.0,0.8025531914893618,0.2857142857142857,0.17352056168505514,0.8888888888888888,0.0,0.0,0.3150369003690038,0.7428571428571429,0.6468144044321329,0.06666666666666665,0.19999999999999996,0.0,1.0,0.0,0.0,0.0,0.09090909090909094,0.0,0.0,0.0,0.0,0.0,0.5714285714285714,0.0,0.5128205128205128,0.0,0.0,1.0,0.0,0.0,0.11494252873563238,0.4,0.5,0.0,0.22972972972972971,0.0,0.0,0.34285714285714286,0.0,0.0,0.0,0.7368421052631579,0.9375,0.0,0.07170025546409309,0.0,0.3723653395784543,1.0,0.1428571428571428,0.23809523809523803,0.0,0.6666666666666666,0.6377913374012205,0.0,0.0,0.7777777777777778,0.0,0.0,0.3571428571428571,m2
0.0,0.5757111773712628,0.0,0.5416666666666667,0.0,0.5,0.002079971310740447,0.0,0.0,0.0,0.0,0.0,0.0,0.0,0.8857988875995358,0.0,0.2692307692307693,0.0,0.0,0.75,0.47550824395709945,0.0,0.030472806777807948,0.0,0.8945855294681361,0.02626262626262632,0.0,0.5909090909090908,0.0,0.0,0.11815252416756161,0.2727272727272728,0.0,0.5794270833333334,0.0,0.0,1.0,0.25,0.0,0.6428571428571428,1.0,0.0,0.5789473684210527,0.5480167014613779,0.6770502225047679,0.3157894736842105,0.8711978971085242,0.8888888888888888,0.919705587152894,0.8797250859106529,0.0,0.032620674454485354,0.6036848294786359,0.0,0.45475638051044087,0.0,0.8571428571428571,0.1958291288261017,0.7394057583592621,0.5213015205125753,0.8635312259059368,0.0,0.9601542416452442,0.6363636363636364,0.1250000000000001,0.0,0.8003419702748915,0.0,0.5,0.8071058249466301,0.6416184971098267,1.0,0.0,0.0,0.0,0.5778321108394459,0.8461695607763023,0.9473684210526315,0.0,0.0,0.0,0.0,0.09090909090909094,0.0,0.7916666666666666,0.0,0.6330545991146089,0.0,0.0,0.5598844937434111,0.0,0.0,0.75,0.0,0.0,0.0,0.0,0.8010091453800063,0.0,0.34419817470664926,0.0,0.02786779001944273,0.0,0.33333333333333326,0.0,0.0,1.0,1.0,0.75,0.0,0.2500000000000001,1.0,0.0,0.0,0.0,0.0,0.24758907725104062,0.0,0.0,1.0,0.36363636363636365,0.0,0.75,0.885856395867874,0.0,0.8125,0.2103274559193954,0.0,0.20000000000000007,0.9,0.9583333333333334,1.0,0.7894932935916542,0.9375,0.23076923076923073,0.8571428571428571,0.0,0.7560975609756098,0.0,1.0,0.5689915458937198,0.701958198051948,0.8974744222651498,0.0,0.12,1.0,1.0,0.0,0.0,0.8269697972302311,0.0,0.8950859210129636,0.7993482309124768,0.7320261437908497,1.0,0.0,0.0,0.0,0.7632919254658386,0.33182295770948245,1.0,0.0,0.0,0.0,0.0,0.5,0.0,0.925414364640884,0.0,0.5384615384615385,0.0,0.6000000000000001,0.9090909090909091,0.0,0.0,0.0,0.0,0.0,0.5,0.0,0.8333333333333333,0.5,0.0,0.0,0.0,1.0,0.0,0.0,0.20512820512820518,0.0,0.5497872340425533,0.0,0.0,0.6666666666666667,0.0,0.0,0.4745575221238938,0.43673469387755093,0.0,0.06666666666666665,0.19999999999999996,0.33333333333333337,1.0,0.0,0.0,0.0,0.6363636363636364,0.028571428571428692,0.0,1.0,0.5746084089035448,0.37037037037037046,0.0,0.8,0.5128205128205128,0.2857142857142857,1.0,0.0,0.5528455284552845,0.0,0.0,0.0,0.0,0.25740537575425126,0.918918918918919,0.15114309906858592,0.6923076923076923,0.0,0.8477564102564102,0.0,0.4285714285714286,0.0,0.0,0.0,0.06309523809523832,0.0,0.3723653395784543,1.0,0.0,0.0,0.0,0.6666666666666666,0.07487246173852169,0.6666666666666667,0.0,0.0,0.0,0.0,0.0,m2
0.7391304347826086,0.0,0.0,0.5416666666666667,0.0,0.0,3.3306690738754696e-16,0.8938083708059495,0.0,0.875,0.0,0.0,0.0,0.0,0.19239430852697292,0.19999999999999996,0.2692307692307693,0.3846153846153846,0.052631578947368474,0.0,0.4873486494877367,0.0,0.030472806777807948,0.0,0.0,0.02626262626262632,0.5593220338983051,0.5909090909090908,0.0,1.0,0.5531149301825993,0.0,0.4,0.40364583333333337,0.8587570621468926,0.6363636363636364,0.0625,0.0,0.4285714285714285,0.0,0.4117647058823529,1.0,0.052631578947368474,0.0,0.47120152574698027,0.3157894736842105,0.2084115659031167,0.2222222222222222,0.4035087719298245,0.0,0.0,0.3440599515098083,0.7585102122547056,0.0,0.0,0.6428571428571428,0.0,0.4124149659863945,0.5822153357771817,0.0,0.0,0.0,0.4130434782608695,0.20000000000000007,0.375,0.2592592592592592,0.8001579778830964,0.0,1.0,0.8071058249466301,0.7976878612716763,1.0,0.206896551724138,0.0,1.0,0.574712643678161,0.8461695607763023,0.0,0.0,0.0,0.0,0.0,0.09090909090909094,0.8656716417910448,0.0,0.0,0.6000000000000001,0.0,0.0,0.0,0.8735024825764133,0.0,0.0,0.0,0.0,0.0,0.0,0.0,0.8871534556813745,0.34419817470664926,0.6666666666666666,0.5943719972546326,0.0,0.33333333333333326,0.0,0.0,0.0,0.0,0.75,0.7855839416058394,0.2500000000000001,1.0,1.0,0.816358024691358,0.0,0.5,0.0,1.0,0.7777777777777778,0.13568670711527853,0.36363636363636365,0.36363636363636365,0.0,0.35799005228924885,0.3571428571428571,0.0625,0.3765743073047859,0.8309859154929577,0.20000000000000007,0.4,0.5416666666666667,0.3849802371541502,0.0,0.3076923076923076,0.0,0.4444444444444444,0.0,0.0,0.7777777777777778,0.0,0.8333333333333334,0.8810790743719836,0.0,0.6237113402061856,0.12,0.7239307681304534,0.8888888888888888,0.8,0.25,0.8269697972302311,0.0,0.9736614853195165,0.7993482309124768,0.9673202614379085,0.0,0.375,0.0,0.5403669266146771,0.728414801279123,0.33182295770948245,0.0,0.0,0.0,0.0,0.0,0.5,0.6842105263157895,0.0,0.0,0.5384615384615385,0.0,0.0,0.0,1.0,0.0,0.5084155542658154,0.0,0.0,0.5,0.0,0.0,0.29999999999999993,0.0,0.641025641025641,0.05555555555555547,1.0,0.0,0.0,0.20512820512820518,0.0,0.0,0.0,0.17352056168505514,0.6666666666666667,0.0,0.0,0.31503690036900367,0.2979591836734694,0.5055401662049861,0.0,0.0,0.33333333333333337,0.0,0.0,0.5,0.0,0.09090909090909094,0.4285714285714285,0.4,0.0,0.4144059869036484,0.37037037037037046,0.5714285714285714,0.0,0.2564102564102564,0.8571428571428572,1.0,0.9,0.0,0.0,0.3928571428571429,0.4,0.0,0.22931937172774852,0.0,0.16586345381526102,0.0,0.0,0.0,0.0,0.5714285714285714,0.0,0.0,0.0,0.009158742558521782,0.0,0.0,1.0,0.1428571428571428,0.0,0.4664548022598869,0.6666666666666666,0.07487246173852169,0.0,0.0,0.0,0.0,0.0,0.0,m2
0.0,0.0,0.0,0.0,0.0,0.5,0.22266185139943717,0.0,0.0,0.0,0.0,0.7778264040846098,0.8465885307660108,0.0,0.8527008624602814,0.09999999999999998,0.2692307692307693,0.1794871794871794,0.052631578947368474,0.0,0.13391922996442784,0.0,0.0,0.0,0.5080782312925171,0.9194029850746268,0.4067796610169492,0.0,0.4,1.0,0.11815252416756161,0.9090909090909091,0.0,0.0,0.8813559322033898,0.6363636363636364,1.0,0.0,0.0,0.0,0.5882352941176471,0.5825242718446602,0.5789473684210527,0.2931034482758621,0.27775943655771973,0.0,0.8333333333333333,0.2222222222222222,0.4035087719298245,0.30456852791878175,0.0,0.20277716552788194,0.27012155059132725,0.0,0.3036766018204534,0.6428571428571428,0.9285714285714286,0.9444594230250741,0.39715045731151855,0.3156498039590705,0.0,0.22833211944646747,0.5520565552699229,0.6363636363636364,0.0,0.0,0.0,0.0,0.48863636363636365,0.9630604982206405,0.7976878612716763,0.8333333333333333,0.0,0.0,0.0,0.0,0.5707865168539326,0.0,0.0,0.0,0.0,0.0,0.0,0.0,0.0,0.0,0.0,0.0,0.0,0.4323113707212253,0.0,0.0,0.0,0.0,0.7391304347826086,0.8705214433675166,0.0,0.96,0.8102303787582975,0.16955017301038067,0.28205128205128205,0.6845238095238095,0.0,0.33333333333333326,0.0,0.7164179104477613,1.0,0.6774392120652508,1.0,0.0,0.0,1.0,0.0,0.0,0.5391918978795232,0.0,0.9968639749117993,0.8571428571428571,0.7777777777777778,0.0,0.36363636363636365,0.36363636363636365,0.0,0.6513426736719206,0.7857142857142857,0.8125,0.0,0.323943661971831,0.0,0.8,0.5416666666666667,0.53376,0.4543795620437957,0.9334916864608076,0.7692307692307692,0.8571428571428571,0.0,1.0,0.7777777777777778,1.0,0.26923076923076916,0.675679788961039,0.650750037130551,0.6237113402061856,0.82,0.8084866691701089,1.0,0.9,0.0,0.2829484113103736,0.0,0.9858305697919807,0.9804469273743017,0.9673202614379085,0.923076923076923,0.0,0.0,0.0,0.0,0.5979986948009572,0.0,0.0,0.0,0.0,0.0,0.0,0.0,0.0,0.0,0.0,0.0,0.6000000000000001,0.9090909090909091,0.0,0.0,0.0,0.0,0.23333333333333328,0.5420560747663552,0.0,0.42222222222222217,0.0,0.5606694560669456,0.3638443935926773,0.05555555555555547,0.0,0.0,0.0,0.3076923076923077,0.0,0.2148972602739725,0.7142857142857143,0.3403543965229019,0.0,0.4,0.0,0.20218340611353702,0.18367346938775508,0.3022959183673469,0.033333333333333326,0.0,0.33333333333333337,0.0,0.0,0.5,0.0,0.13636363636363635,0.4,0.0,0.8235294117647058,0.0,0.0,0.7142857142857143,0.0,0.2564102564102564,0.0,1.0,0.0,0.11019397441188616,0.0,0.11494252873563238,0.4,0.5,0.0,0.04166666666666674,0.0,0.0,0.19049951028403533,0.0,0.0,0.0,0.0,0.9375,0.0,0.0,0.3260500636402207,0.0,1.0,0.0,0.0,0.0,0.0,0.01566183900303164,0.0,0.0,0.0,0.0,0.0,0.2857142857142857,m2
0.0,0.5757111773712628,0.0,0.5416666666666667,0.0,0.0,0.0,0.0,0.0,0.0,0.8206153846153846,0.0,0.0,0.0,0.0,0.09999999999999998,0.3846153846153846,0.3846153846153846,0.0,0.0,0.8716571679088119,0.33333333333333326,0.3597977589505329,0.0,0.6956945572705118,0.16717791411042937,0.4067796610169492,0.0,0.0,0.5,0.0,0.2727272727272728,0.19999999999999996,0.46484375,0.45197740112994356,0.0,0.0,0.0,0.25,0.0,0.0,1.0,0.052631578947368474,0.0,0.0,0.3290322580645161,0.009763424708974844,0.33333333333333337,0.24355971896955508,0.8797250859106529,0.0,0.0,0.062359066868927004,0.0,0.29285910213038324,0.6428571428571428,0.8571428571428571,0.418510713031261,0.4042457900394124,0.3156498039590705,0.0,0.0,0.5714285714285714,0.0,0.375,0.2592592592592592,0.0,0.0,0.5,0.8071058249466301,0.0,0.0,0.206896551724138,0.75,1.0,0.0,0.0,0.0,0.0,0.0,0.0,0.0,0.09090909090909094,0.0,0.7916666666666666,0.0,0.6156472684085511,0.0,0.0,0.0,0.0,0.0,0.75,1.0,0.0,0.0,0.0,0.0,0.8102303787582975,0.03650586701434144,0.6666666666666666,0.040906230333543125,0.7333333333333334,1.0,0.14814814814814825,0.0,0.0,0.8656562177058216,0.7272727272727273,0.0,0.0,1.0,1.0,0.07002314814814825,0.41889276035617506,0.6666666666666666,0.0,0.2857142857142856,0.11111111111111105,0.0,0.36363636363636365,0.0,0.0,0.3597369600956508,0.3571428571428571,0.0625,0.3765743073047859,0.323943661971831,0.20000000000000007,0.0,0.5833333333333333,0.5526315789473684,0.7894932935916542,0.0,0.5,0.2777777777777777,0.0,0.3125,0.7777777777777778,1.0,0.9305555555555556,0.125,0.4,0.5,0.12,0.0,0.0,0.8,0.25,0.0,0.0,0.9775208297908519,0.7993482309124768,0.0,0.0,0.375,0.0,0.9640071985602879,0.34659090909090917,0.15983714210664557,0.0,0.0,0.0,0.0,0.0,0.08333333333333337,0.0,0.925414364640884,0.0,0.5384615384615385,0.0,0.0,0.0,0.0,0.0,0.0,0.7101449275362319,0.0,0.5,0.0,0.0,0.0,1.0,0.641025641025641,0.0,0.0,0.625,0.75,0.0,0.0,0.33319148936170206,0.0,0.3403543965229019,0.0,0.0,0.0,0.2383849557522123,0.43673469387755093,0.011080332409972193,0.0,0.0,0.0,1.0,0.0,0.0,0.0,0.09090909090909094,0.4285714285714285,0.4,0.0,0.0,0.37037037037037046,0.4285714285714286,0.19999999999999996,0.2564102564102564,0.2857142857142857,1.0,1.0,0.42105263157894735,0.0,0.12585812356979387,0.4,0.0,0.22931937172774852,0.05855855855855874,0.0,0.0,0.0,0.6774193548387097,0.0,0.5714285714285714,0.625,0.0,0.0,0.004235677436872143,0.0,0.9565217391304348,1.0,0.1428571428571428,0.23809523809523803,0.984174559405347,0.0,0.14121736520956307,0.0,0.0,0.0,0.0,0.0,0.3571428571428571,m2
0.0,0.5757111773712628,0.0,0.0,0.0,0.5,0.08615335615892983,0.0,0.0,0.0,0.0,0.7794289044289044,0.0,0.0,0.21663770022077133,0.0,0.7307692307692308,0.0,0.052631578947368474,0.0,0.24610753581067035,0.7692307692307692,0.3597977589505329,0.0,0.3869085677749361,0.7286527514231499,0.4067796610169492,0.5909090909090908,0.4,0.5,0.238445968739458,0.7735849056603774,0.19999999999999996,0.09374999999999989,0.45197740112994356,0.0,0.78125,0.2222222222222222,0.0,0.0,0.8823529411764706,1.0,0.052631578947368474,1.0,0.9431206764027671,0.7935483870967742,0.5080736012016522,0.2222222222222222,0.3947229551451188,0.6584507042253521,0.5439672801635992,0.20277716552788194,0.0,0.0,0.292859102130383,0.6428571428571428,0.8571428571428571,0.19298845076197635,0.0,0.0,0.36311087756174465,0.0,0.0,0.0,0.1250000000000001,0.0,0.25894639840270306,0.8415841584158416,0.5,0.8482309124767226,0.9075144508670521,1.0,0.206896551724138,0.0,0.0,0.0,0.4772902232486529,0.0,0.96875,0.0,0.0,0.0,0.09090909090909094,0.0,0.7916666666666666,0.0,0.0,0.0,0.0,0.6164678170925291,0.0,0.0,0.0,0.0,0.7391304347826086,0.0,0.0,0.15736360769473345,0.0,0.8435462842242503,0.0,0.5154109589041096,0.0,0.5,0.8148148148148148,0.0,0.0,0.31263048016701445,0.7272727272727273,0.0,0.2500000000000001,1.0,1.0,1.0,0.5070422535211268,0.8,0.6096610829762369,0.7857142857142857,0.0,1.0,0.0,0.0,0.0,0.8297223308564724,0.3571428571428571,0.0625,0.9888888888888889,0.971830985915493,1.0,0.8,0.5416666666666667,0.84256,0.5389289783516902,1.0,0.7692307692307692,0.2777777777777777,0.0,0.31464174454828653,0.7777777777777778,1.0,0.7207024653833165,0.0,0.0,1.0,0.8620689655172413,0.0,0.0,0.0,0.0,0.0,1.0,0.978316935714968,0.8888888888888888,0.9673202614379085,1.0,0.375,0.0,0.5469748168611104,0.0,0.0,0.0,0.9854961832061069,0.0,0.0,0.0,0.08333333333333337,0.0,0.925414364640884,0.0,0.0,0.0,0.6000000000000001,0.625,0.0,0.0,0.0,0.0,0.2679738562091504,0.0,0.0,0.0,0.5,0.6861924686192469,0.7171052631578947,0.05555555555555547,0.09090909090909083,0.6798245614035088,0.6666666666666667,0.0,0.0,0.8025531914893618,0.0,0.3403543965229019,0.6666666666666667,0.4,0.0,0.0,0.43673469387755093,0.75,0.09999999999999998,0.0,0.33333333333333337,0.0,0.5,0.0,0.0,0.0,0.4285714285714285,0.4,0.17647058823529416,0.6849415204678363,0.7407407407407407,0.7142857142857143,0.0,0.0,0.2857142857142857,0.8604651162790697,1.0,0.42013364949342535,0.0,0.11494252873563238,0.4,0.0,0.2625416468348406,0.22972972972972971,0.28210556025966693,0.3846153846153846,0.0,0.35096153846153844,0.0,0.4285714285714286,0.0,0.0,0.92,0.07170025546409309,0.08554306321595262,0.875,0.0,0.1428571428571428,0.0,0.6360148663229829,0.36363636363636365,0.0,0.0,1.0,0.0,0.0,0.0,0.3571428571428571,m2
0.0,0.0,0.0,0.0,0.6983885129900315,0.5,0.795982259326898,0.0,0.0,0.0,0.0,0.7381528046421664,0.9062857142857143,0.0,0.9202691680261011,0.734375,0.33333333333333326,0.0,0.8518518518518519,0.0,0.33830599197105615,0.7692307692307692,0.4007317073170732,0.0,0.555306905370844,0.8497596153846154,0.0,0.5909090909090908,0.4,0.5,0.7976035425892158,0.0,0.0,0.0,0.7480719794344474,0.0,0.0625,0.0,0.25,0.6428571428571428,0.5882352941176471,0.0,0.0,1.0,0.27654320987654313,0.3290322580645161,0.9001821493624772,0.2222222222222222,0.41050518568082983,0.37285223367697595,0.0,0.7671232876712328,0.8663558663558664,0.0,0.6026372919514353,0.0,0.0,0.4478032565757779,0.9156623866076515,0.671100175505007,0.0,0.624284806102988,0.5520565552699229,0.0,0.0,0.2592592592592592,0.04963138493944175,0.0,0.4,0.0,0.8333333333333334,0.9516878290492412,0.0,0.0,0.32797427652733113,0.30434782608695654,0.8257634077495509,0.0,1.0,0.0,0.0,0.0,0.09090909090909094,0.0,0.0,0.0,0.0,0.8406617755674824,0.0,0.5131261389942373,0.0,0.0,0.75,0.0,0.7391304347826086,0.8984079156317439,0.0,0.9608240459304289,0.8544891640866873,0.27260812581913496,0.0,0.9226190476190476,0.0,0.5,0.8148148148148148,1.0,1.0,0.7039269720978298,1.0,0.0,0.2500000000000001,1.0,1.0,0.44563918757467125,0.0,0.0,0.0,0.8571428571428571,0.0,0.14238952536824878,0.36363636363636365,0.0,0.75,0.66929996089167,0.0,0.0,0.9545454545454546,0.323943661971831,1.0,0.9,0.5416666666666667,0.53376,0.0,0.30080213903743314,0.5,0.0,0.0,0.7476635514018692,0.0,0.0,0.7454033771106942,1.0,0.9044674736567099,0.44000000000000006,0.5517241379310345,0.8084866691701089,0.0,0.9,0.25,0.0,0.0,0.8166969147005445,0.0,0.9673202614379085,0.9533333333333334,0.0,0.0,0.5469748168611104,0.3060314314030863,0.3660842939481267,0.0,0.9851965644857202,0.0,0.0,0.0,0.5,0.0,0.0,0.0,0.0,1.0,0.6000000000000001,0.625,0.0,0.0,0.0,0.0,0.8,0.0,0.0,1.0,0.0,0.0,0.5641025641025641,0.0,0.0,0.0,0.6666666666666667,0.46153846153846156,0.0,0.18765957446808512,0.7142857142857143,0.2500000000000001,0.6666666666666667,0.4,0.0,0.64881192106323,0.0,0.0,0.0,0.0,0.33333333333333337,0.0,0.0,0.0,0.0,0.6666666666666667,0.0,0.4,0.5333333333333333,0.0,0.37037037037037046,1.0,0.0,0.2564102564102564,0.5,0.0,0.04761904761904756,0.6666666666666666,0.0,0.0,0.0,0.0,0.0,0.8378378378378378,0.13703048590157096,0.0,0.5842391304347826,0.0,0.0,0.0,0.625,0.0,0.0,0.0,0.6062402269173425,0.9035639412997903,1.0,0.0,0.0,0.6360148663229829,0.6666666666666667,0.20402481464669375,0.0,1.0,0.0,0.0,0.0,0.0,m2
0.0,0.0,0.0,0.0,0.0,0.5,0.0,0.0,0.0,0.0,0.0,0.0,0.832992700729927,0.0,0.0,0.0,0.3846153846153846,0.5769230769230769,0.0,0.875,0.18881062910196889,0.0,0.2860757609585475,0.0,0.8945012787723785,0.9936507936507937,0.5593220338983051,0.31818181818181823,0.4,1.0,0.5531149301825993,0.0,0.0,0.09375,0.0,0.6363636363636364,0.0625,0.0,0.25,0.6428571428571428,0.17647058823529416,1.0,0.4736842105263158,0.0,0.470935454895419,0.32357723577235775,0.5080736012016522,0.2222222222222222,0.25373134328358193,0.8611111111111112,1.0,0.032620674454485354,0.0,0.0,0.3036766018204534,0.0,0.0,0.1958291288261017,0.8652115293517473,0.5213015205125753,0.8259687287559483,0.6514930808448651,0.0,0.6419753086419753,0.0,0.2592592592592592,0.952946205445219,0.0,1.0,0.8593428476601395,0.6416184971098267,1.0,0.0,0.0,0.4375,0.0,0.9305413687436159,0.0,0.0,1.0,0.0,0.0,0.09090909090909094,0.0,0.0,0.0,0.0,0.0,0.0,0.4533178114086146,0.0,0.0,0.0,0.0,0.0,0.8808091004387156,0.0,0.0,0.0,0.2142857142857142,0.641025641025641,0.04831804281345553,0.7333333333333334,0.0,0.0,0.0,0.0,1.0,1.0,0.7921273772666961,0.2500000000000001,1.0,0.0,0.816358024691358,1.0,1.0,0.6356324150412225,0.0,0.7777777777777778,0.0,0.36363636363636365,0.0,0.75,0.34642755479647036,0.7857142857142857,0.6875,0.3765743073047859,0.8309859154929577,0.20000000000000007,0.8,0.5416666666666667,0.8461538461538461,0.0,0.8923611111111112,0.23076923076923073,0.0,0.0,0.3292682926829268,0.0,0.0,0.39102564102564097,1.0,0.8977424624981435,1.0,0.0,0.0,1.0,0.9,0.25,0.9526282669130708,0.0,1.0,0.9132589838909542,0.7320261437908497,0.0,0.0,0.0,0.0,0.0,0.7612949829261886,0.0,0.0,0.7341772151898733,0.0,0.0,0.08333333333333337,0.0,0.0,0.0,0.0,0.0,0.6000000000000001,0.040983606557377095,0.0,0.0,0.0,0.0,0.0,0.5420560747663552,0.0,0.0,0.5,0.3916317991631799,0.7719298245614035,0.0,0.0,0.6798245614035088,0.0,0.0,0.0,0.5497872340425533,0.7142857142857143,0.17352056168505514,0.33333333333333337,0.4,0.0,0.17685589519650657,0.2979591836734694,0.3125,0.09999999999999998,0.19999999999999996,0.33333333333333337,0.0,0.0,0.0,0.0,0.09090909090909094,0.4,0.0,0.0,0.1483560545308742,0.37037037037037046,0.7142857142857143,0.0,0.0,0.8571428571428572,1.0,0.9,0.0,0.0,0.11494252873563238,0.0,0.0,0.25740537575425126,0.8378378378378378,0.07269076305220878,0.7692307692307693,0.5935999999999999,0.35096153846153844,0.0,0.0,0.26315789473684204,0.875,0.0,0.0,0.08554306321595262,0.41184387617765816,0.7777777777777778,0.0,0.0,0.5,0.0,0.6170486075429042,0.0,0.0,0.7777777777777778,0.0,0.0,0.3571428571428571,m2
0.0,0.5757575757575758,0.0,0.0,0.0,0.5,0.17534953878285087,0.0,0.0,0.0,0.0,0.0,0.9063986628380405,0.0,0.4348387096774192,0.734375,0.3846153846153846,0.1794871794871794,0.052631578947368474,0.4363636363636363,0.0,0.0,0.030472806777807948,0.0,0.6987176926457077,0.9940298507462687,0.4067796610169492,0.9090909090909091,0.0,0.5,0.0,0.7547169811320755,0.0,0.0,0.0,0.0,0.0625,0.0,0.0,0.0,0.5882352941176471,0.0,0.4736842105263158,1.0,0.9310875249961544,0.0,0.5080736012016522,0.2222222222222222,0.41050518568082983,0.2872340425531915,0.5439672801635992,0.8629050033061494,0.004710632570659734,0.0,0.18314099347717017,0.0,0.0,0.193218954248366,0.0,0.0,0.0,0.9089100154764537,0.5520565552699229,0.728,0.375,0.0,0.0,0.0,1.0,0.8918104768712346,1.0,0.0,0.206896551724138,0.0,0.0,0.0,0.2894534257120861,0.0,0.0,0.0,1.0,0.0,0.0,0.0,0.7916666666666666,0.0,0.0,0.0,0.0,0.551948446714086,0.0,0.0,0.0,0.0,0.0,0.8900987591795392,0.0,0.45285398927783027,0.5488721804511277,0.20761245674740492,0.28205128205128205,0.6845238095238095,0.3999999999999999,0.33333333333333326,0.0,0.0,0.0,0.8724727838258165,1.0,0.0,1.0,1.0,1.0,0.6587837837837838,1.0,0.0,0.8123620309050773,0.0,0.0,0.6499999999999999,0.36363636363636365,0.0,0.0,0.66929996089167,0.6959706959706959,0.6875,1.0,0.25352112676056326,0.7142857142857143,0.8,0.5416666666666667,0.53376,0.7894932935916542,1.0,0.9615384615384616,0.33333333333333326,0.0,0.75,0.0,0.0,0.7207024653833165,0.0,0.0,0.6964285714285714,0.0,0.8084866691701089,0.8666666666666667,0.8,0.0,0.37038689172289085,0.0,1.0,0.9281767955801105,0.7320261437908497,0.0,0.375,0.0,0.5469748168611104,0.0,0.6438172043010753,0.0,0.0,0.0,0.9246987951807228,0.0,0.0,0.0,1.0,0.0,0.0,0.0,0.6000000000000001,0.9090909090909091,0.0,0.0,0.0,0.0,0.0,0.5420560747663552,0.0,1.0,0.0,0.3916317991631799,0.30043859649122806,0.33333333333333337,0.6363636363636364,0.0,0.0,0.20512820512820518,0.0,0.33319148936170206,0.7142857142857143,0.3403543965229019,0.8888888888888888,0.0,0.0,0.0,0.18367346938775508,0.3022959183673469,0.033333333333333326,0.19999999999999996,0.33333333333333337,0.0,0.0,0.0,0.0,0.13636363636363635,0.7428571428571429,0.0,0.17647058823529416,0.8549382716049383,0.0,0.7142857142857143,0.0,0.2564102564102564,0.2857142857142857,0.8604651162790697,0.8,0.0,0.0,0.0,0.0,0.0,0.2625416468348406,0.74,0.16586345381526102,0.0,0.8,0.0,0.0,0.5714285714285714,0.0,0.09230769230769231,0.0,0.701305705364746,0.08639441275257242,0.7057991513437059,1.0,0.1428571428571428,0.0,0.6360148663229829,0.36363636363636365,0.6377913374012205,0.0,0.0,0.0,0.8095238095238095,0.0,0.2857142857142857,m2
0.0,0.0,0.0,0.0,0.0,0.0,0.2420252512239115,0.0,0.0,0.875,0.0,0.0,0.0,0.0,0.8048420188756669,0.734375,0.2692307692307693,0.0,0.0,0.6046511627906976,0.10231023102310222,0.7692307692307692,0.41067230841560876,0.0,0.716036036036036,0.040084388185654074,0.864406779661017,0.5909090909090908,0.0,0.0,0.0770805985823052,0.9090909090909091,0.35,0.8125,0.0,0.6363636363636364,0.78125,0.2222222222222222,0.7142857142857142,0.6428571428571428,0.0,1.0,0.5789473684210527,0.0,0.6735886786648209,0.529109589041096,0.009763424708974844,0.33333333333333337,0.0,0.8775773195876289,0.32730923694779124,0.27428571428571424,0.0,0.0,0.18314099347717028,0.0,0.0,0.07410388950088975,0.40972435251325656,0.5213015205125753,0.7635840230298668,0.44550077382268416,0.4130434782608695,0.0,1.0,0.2592592592592592,0.9877820314409057,0.0,0.0,0.9816859241240585,0.0,1.0,0.206896551724138,0.0,1.0,0.6636263261485287,0.29143271146531413,0.9473684210526315,0.0,0.0,0.0,0.0,0.6818181818181819,0.0,0.0,0.0,0.0,0.0,0.0,0.6654262196852629,0.0,0.0,0.0,0.0,0.0,0.0,0.0,0.7433155080213903,0.8102303787582975,0.1428571428571428,0.0,0.019307589880159903,0.7333333333333334,0.3076923076923076,0.8148148148148148,1.0,0.0,0.868449662970211,0.0,0.9416058394160584,0.2500000000000001,1.0,0.0,0.0,0.9171506000774293,0.0,0.9801930424291172,0.0,0.7777777777777778,0.8963044677330392,0.0,0.8636363636363636,0.75,0.4488392089423904,0.5485768054575395,0.8125,0.4274376417233561,0.0,0.0,0.0,0.5833333333333333,0.5652173913043478,0.7894932935916542,0.7707736389684814,0.0,0.33333333333333326,0.0,0.7476635514018692,0.0,0.0,0.7468297101449275,0.6417522583838634,0.8974744222651498,1.0,0.82,0.7239307681304534,0.0,0.9,0.25,0.9690004788374659,0.0,0.08333333333333326,0.7993482309124768,0.0,0.0,0.375,0.0,0.8457615195216321,0.728414801279123,0.5544493271079374,1.0,0.0,0.0,0.0,0.0,0.75,0.0,0.0,0.0,0.0,0.0,0.0,0.9090909090909091,0.0,0.0,0.5084155542658154,0.0,0.0,0.5,0.0,0.8333333333333333,0.0,0.0,0.0,0.0,0.0,0.4308510638297872,0.6666666666666667,1.0,0.0,0.3390105433901054,0.2857142857142857,0.7311935807422267,0.6666666666666667,0.0,0.0,0.12058526740665998,0.6737588652482269,0.2142857142857143,0.7666666666666666,0.0,0.33333333333333337,0.6666666666666667,0.5,0.75,0.0,0.13636363636363635,0.4,0.0,0.0,0.5746084089035448,0.0,0.4285714285714286,0.19999999999999996,0.46153846153846156,0.2857142857142857,0.0,0.5,0.0,0.0,0.0,0.0,0.0,0.0,0.05855855855855874,0.07269076305220878,0.3846153846153846,0.24589416058394153,0.0,0.0,0.0,0.0,0.875,0.0,0.90707856307617,0.7079510703363914,0.0,1.0,0.1428571428571428,0.0,0.6578947368421053,0.6666666666666666,0.6090936525500452,0.6666666666666667,0.0,0.0,0.0,0.0,0.7142857142857143,m2
0.0,0.0,0.0,0.0,0.6546589542408796,0.5,0.1739734624350009,0.0,0.0,0.0,0.8206153846153846,0.0,0.8379406740177047,0.0,0.8730458602937704,0.19999999999999996,0.3846153846153846,0.1794871794871794,0.8421052631578947,0.6481481481481481,0.18881062910196889,0.7692307692307692,0.3597977589505329,0.0,0.5076071922544951,0.0,0.5593220338983051,0.31818181818181823,0.4,1.0,0.11815252416756161,0.0,0.4,0.46484375,0.0,0.0,1.0,0.0,0.3846153846153847,0.0,0.5882352941176471,0.33009708737864085,0.052631578947368474,0.2931034482758621,0.0,0.0,0.8333333333333333,0.2222222222222222,0.3897624623619941,0.0,0.5439672801635992,0.3440599515098083,0.27075560657619624,0.0,0.0,0.6428571428571428,0.8571428571428571,0.0,0.6576048011465425,0.3156498039590705,0.0,0.0,0.5520565552699229,0.6419753086419753,0.1250000000000001,0.7407407407407407,0.04498224385111127,0.0,0.35511363636363635,0.9653098054942851,0.6416184971098267,0.9509925558312655,0.0,0.18518518518518512,0.0,0.954360228198859,0.5707865168539326,0.9473684210526315,0.0,0.0,0.0,0.0,0.6818181818181819,0.0,0.0,0.0,0.0,0.8406617755674824,0.0,0.0,0.0,0.0,0.0,0.8282208588957055,0.0,0.8816881137825939,0.0,0.96,0.8871534556813745,0.03650586701434144,0.28205128205128205,1.0,0.7333333333333334,0.5,0.8148148148148148,0.0,1.0,0.6724791508718726,0.0,0.8517538054268696,0.2500000000000001,0.5,0.0,0.0,1.0,0.5,0.0,0.0,0.0,0.6190476190476191,0.36363636363636365,0.36363636363636365,0.0,0.6513426736719206,0.0,0.0625,0.0,0.0,0.0,0.09999999999999998,0.5416666666666667,0.84256,0.3267511177347242,1.0,0.0,0.8571428571428571,0.0,0.0,0.7777777777777778,1.0,0.0,0.9024959415584415,0.64298490377048,0.0,0.12,0.7627118644067796,1.0,0.0,0.75,0.0,0.0,0.978316935714968,0.9661366313309776,0.7320261437908497,0.6752136752136751,0.0,0.0,0.0,0.9925107657741996,0.5979986948009572,1.0,0.0,0.0,0.0,0.0,0.75,0.0,0.0,0.0,0.0,0.8972868217054264,0.6000000000000001,0.0,0.0,0.0,0.0,0.8056483449741876,0.0,0.5420560747663552,0.0,1.0,0.29999999999999993,0.3916317991631799,0.3638443935926773,0.5,0.29999999999999993,0.6798245614035088,0.6666666666666667,0.0,0.0,0.2148972602739725,0.2857142857142857,0.17352056168505514,0.33333333333333337,0.6,0.0,0.19825327510917035,0.2979591836734694,0.0,0.0,0.19999999999999996,0.33333333333333337,1.0,0.0,0.5,0.0,0.13636363636363635,0.028571428571428692,0.4,0.8235294117647058,0.4444444444444444,0.0,0.5714285714285714,0.0,0.0,0.0,0.8571428571428572,0.5,0.11019397441188616,0.0,0.3928571428571429,0.4,0.0,0.25274725274725274,0.0,0.0,0.0,0.0,0.0,0.0,0.4285714285714286,0.7368421052631579,1.0,0.0,0.10141574905154072,0.3260500636402207,0.3723653395784543,0.7777777777777778,0.0,0.23809523809523803,0.0,0.9090909090909091,0.01566183900303164,0.6666666666666667,0.0,0.0,0.0,0.0,0.7142857142857143,m2
0.8451672010994045,0.5768488745980707,0.0,0.0,0.0,0.5,3.3306690738754696e-16,0.8919828286344124,0.6868760369065984,0.0,0.8206153846153846,0.0,0.0,0.0,0.33024380962735445,0.0,0.3846153846153846,0.0,0.052631578947368474,0.6512749827705031,0.9509324163470441,0.33333333333333326,0.7500186053434547,0.0,0.8945855294681361,0.0,0.4067796610169492,0.0,0.8,1.0,0.8607948442534908,0.2727272727272728,0.0,0.8989400584795322,0.36363636363636376,0.6363636363636364,0.0,0.2222222222222222,0.25,0.0,0.17647058823529416,0.8796992481203008,0.8947368421052632,0.5480167014613779,0.6339212131201581,0.0,0.5080736012016522,0.33333333333333337,0.0,0.938207136640557,0.9230769230769231,0.3440599515098083,0.6207703679369252,0.0,0.4699699699699701,0.0,0.0,0.29261459691832103,0.5822153357771817,0.45650228844764107,0.300475866757308,0.0,0.9601542416452442,0.0,0.0,0.2592592592592592,0.8003419702748915,0.9603960396039604,1.0,0.355342075836129,0.6416184971098267,1.0,0.0,0.0,0.4375,0.0,0.9305413687436159,0.0,1.0,0.0,0.0,0.0,0.0,0.8656716417910448,0.7916666666666666,0.0,0.0,0.0,0.0,0.0,0.8799943293244807,0.6206896551724137,1.0,1.0,0.0,0.0,0.0,0.15736360769473345,0.0,0.03650586701434144,0.0,0.5154109589041096,0.7333333333333334,0.9487179487179487,0.14814814814814825,1.0,1.0,1.0,0.0,0.2887773722627738,0.0,1.0,1.0,0.9311342592592593,0.0,1.0,0.9200734643901776,0.5357142857142858,0.7777777777777778,0.0,0.0,0.0,0.0,0.3523058960887332,0.3571428571428571,0.9375,0.2103274559193954,0.8309859154929577,0.0,0.8,0.5833333333333333,0.0,1.0,0.0,0.0,1.0,0.0,0.3292682926829268,0.0,0.0,0.0,0.9024959415584415,0.650750037130551,1.0,0.12,1.0,0.0,0.9,0.25,0.854220600769482,1.0,0.9858305697919807,0.02164804469273729,0.7320261437908497,0.0,0.0,0.0,0.0,0.0,0.7943350655053795,0.0,0.9926597881033169,0.0,0.0,0.0,0.0,0.6842105263157895,0.925414364640884,0.0,0.0,0.0,0.6000000000000001,0.0,0.7582417582417582,0.6333333333333333,0.0,0.9365079365079365,0.0,1.0,0.0,0.5555555555555556,0.0,0.3916317991631799,0.0,0.09278350515463918,0.29999999999999993,0.6289473684210526,0.75,0.7948717948717949,0.0,0.6015104398045313,0.2857142857142857,0.3403543965229019,0.0,0.8,0.0,1.0,0.4518072289156626,0.0,0.033333333333333326,0.0,0.33333333333333337,0.0,0.5,0.0,0.0,0.09090909090909094,0.4285714285714285,0.8,0.3999999999999999,0.1483560545308742,0.0,0.7142857142857143,0.19999999999999996,0.46153846153846156,0.6666666666666667,1.0,0.9,0.3619479983491539,0.0,0.07147220525351261,0.0,0.0,0.25740537575425126,0.0,0.0,0.3846153846153846,0.0,0.8477564102564102,0.0,0.0,0.26315789473684204,0.0,0.88,0.8353640847113433,0.3351718285956725,0.41184387617765816,0.0,0.0,0.0,0.0,0.0,0.6253376012803842,0.0,0.9662162162162162,0.0,0.0,0.0,0.2857142857142857,m2
0.0,0.0,0.0,0.5416666666666667,0.0,0.0,0.11508328896326148,0.0,0.0,0.875,0.0,0.0,0.0,0.0,0.2601736625185068,0.0,0.3846153846153846,0.0,0.052631578947368474,0.0,0.4873486494877367,0.0,0.24517717882063228,0.0,0.7198311246628357,0.71007371007371,0.5593220338983051,0.9090909090909091,0.0,0.0,0.6553426096088213,0.0,0.5,0.09374999999999989,0.45197740112994356,0.6363636363636364,0.0,0.2222222222222222,0.0,0.6428571428571428,0.0,0.0,0.0,0.4482758620689655,0.0,0.6703296703296703,0.5080736012016522,0.33333333333333337,0.41050518568082983,0.9,0.32730923694779124,0.0,0.0,0.0,0.3037583037583037,0.0,0.8571428571428571,0.27784852546916894,0.0,0.5213015205125753,0.0,0.0,0.9601542416452442,0.0,1.0,0.5555555555555556,0.0,0.0,0.0,0.9718825747374091,0.7391304347826086,0.9997518610421836,0.0,0.0,0.4375,0.5778321108394459,0.9427639920304293,0.0,0.0,0.0,0.0,0.0,0.0,0.0,0.0,0.0,0.6330545991146089,0.0,0.0,0.6180790130709355,0.0,0.0,0.5476190476190477,0.0,0.0,0.0,0.0,0.15736360769473345,0.0,0.03650586701434144,0.0,0.609850939727803,0.0,0.84375,0.0,0.0,0.0,0.8774217585692996,0.75,0.8493611297915266,1.0,1.0,0.0,0.816358024691358,1.0,0.6,0.6539437620546137,0.2857142857142856,0.7777777777777778,0.6190476190476191,0.0,0.0,0.75,0.0,0.6269621421975993,0.0,0.7528344671201814,0.323943661971831,0.0,0.8,0.5833333333333333,0.53376,1.0,0.8442211055276382,0.23076923076923073,0.0,0.0,0.5121951219512195,0.0,1.0,0.7732185072610605,0.0,0.8974744222651498,0.6237113402061856,0.12,1.0,0.0,0.0,0.75,0.0,0.0,0.0,0.9022346368715084,0.7320261437908497,1.0,0.0,0.0,0.2713635597505477,0.764213942457717,0.7635951661631419,0.0,0.0,0.0,0.0,0.0,0.0,0.0,0.0,0.0,0.5384615384615385,0.0,0.0,0.040983606557377095,0.0,0.0,0.4516295913088464,0.0,0.0,0.0,0.0,0.0,0.5,0.3916317991631799,0.7171052631578947,0.09278350515463918,0.09090909090909083,0.6025641025641025,0.0,0.0,0.0,0.3390105433901054,0.0,0.17352056168505514,0.8888888888888888,0.0,0.0,0.20655021834061138,0.0,0.0,0.09999999999999998,0.6,0.33333333333333337,0.0,0.5,0.0,0.0,0.40909090909090917,0.028571428571428692,0.4,0.17647058823529416,0.0,0.0,0.7142857142857143,0.19999999999999996,0.2564102564102564,0.6666666666666667,0.5294117647058822,0.0,0.0,0.0,0.6793924466338259,0.0,0.0,0.0,0.22972972972972971,0.07269076305220878,0.0,0.0,0.8477564102564102,0.0,0.4285714285714286,0.4736842105263157,1.0,0.0,0.9206074368435992,0.8625040910578566,0.06929133858267733,0.4,0.0,0.0,0.0,0.13636363636363646,0.673601366603624,0.0,0.0,0.0,0.0,0.0,0.2857142857142857,m2
0.0,0.0,0.0,0.0,0.0,0.0,0.0,0.9112543798177996,0.0,0.0,0.0,0.0,0.0,0.0,0.0,0.734375,0.0,0.1794871794871794,0.8421052631578947,0.4642857142857143,0.47820220053975493,0.0,0.030472806777807948,0.0,0.3871289897335518,0.959349593495935,0.5593220338983051,0.5909090909090908,0.0,0.5,0.0,1.0,0.35,0.5794270833333334,0.0,0.0,0.78125,1.0,0.0,0.6428571428571428,0.17647058823529416,1.0,0.5789473684210527,0.9528688524590164,0.6735886786648209,0.32357723577235775,0.8711978971085242,0.33333333333333337,0.9366754617414248,0.37285223367697595,0.32730923694779124,0.3257142857142856,0.0,0.0,0.7285499247365781,0.0,0.8571428571428571,0.193218954248366,0.0,0.5213015205125753,0.7635840230298668,0.0,0.5520565552699229,0.8404255319148937,0.0,0.0,0.0,0.0,1.0,0.7281908036097982,1.0,0.6666666666666666,0.0,0.08695652173913038,0.0,0.0,0.2894534257120861,0.0,0.0,0.7977977977977978,0.0,0.0,0.0,0.0,0.0,0.0,0.0,0.0,0.0,0.0,0.8753431407052861,0.0,0.75,0.0,0.0,0.0,0.0,0.0,0.4088669950738918,0.0,0.28205128205128205,1.0,0.0,0.33333333333333326,0.0,0.0,0.0,0.3164852255054432,1.0,0.8493611297915266,0.2500000000000001,1.0,1.0,0.6587837837837838,1.0,0.0,0.13881314115049992,0.0,0.11111111111111105,0.8974358974358975,0.8636363636363636,0.0,0.75,0.3507656746605028,0.9047619047619048,0.8125,0.9772727272727273,0.0,1.0,0.9,0.5833333333333333,1.0,0.3267511177347242,0.8442211055276382,0.7692307692307692,0.2777777777777777,0.0,1.0,0.0,1.0,0.5592870544090056,0.0,0.9044674736567099,1.0,0.8620689655172413,0.8084866691701089,0.8666666666666667,0.9,0.0,0.28298908162783,0.0,0.13053964425685882,0.9803921568627451,0.7320261437908497,1.0,0.0,0.0,0.5717856428714256,0.0,0.6438172043010753,0.0,0.0,0.7341772151898733,0.0,0.0,0.0,0.0,0.0,0.0,0.0,0.0,0.0,0.0,0.9545454545454546,0.0,0.0,0.0,0.0,0.5,0.0,0.0,0.0,1.0,0.3846153846153846,0.5,1.0,0.6025641025641025,0.0,0.20512820512820518,0.0,0.8025531914893618,0.7142857142857143,0.24445411048281862,0.6666666666666667,0.0,0.0,0.18017456359102257,0.34751773049645385,0.2315068493150686,0.06666666666666665,0.19999999999999996,0.0,0.6666666666666667,0.75,0.0,0.0,0.0,0.4285714285714285,0.0,0.0,0.5746084089035448,0.37037037037037046,0.0,0.19999999999999996,0.5128205128205128,0.0,0.4186046511627908,0.1428571428571428,0.42013364949342535,0.0,0.6793924466338259,0.0,0.0,0.2625416468348406,0.22972972972972971,0.07269076305220878,0.8666666666666667,0.0,0.0,0.0,0.0,0.0,0.09230769230769231,0.0,0.5912290661368151,0.7079510703363914,0.26923076923076916,0.4,0.0,0.23809523809523803,0.6360148663229829,0.6666666666666666,0.6036314117113026,0.0,0.0,0.7777777777777778,0.0,0.0,0.2857142857142857,m2
0.0,0.5757111773712628,0.0,0.5416666666666667,0.0,0.0,0.0,0.0,0.0,0.0,0.0,0.0,0.0,0.0,0.8857988875995358,0.19999999999999996,0.0,0.0,0.0,0.0,0.8837041780054427,0.0,0.030472806777807948,0.0,0.6987176926457077,0.17560975609756102,0.0,0.0,0.4,0.5,0.0,0.0,0.85,0.40364583333333337,0.0,0.0,0.9375,0.0,1.0,0.0,0.0,0.0,0.4736842105263158,0.8622129436325678,0.0,0.32357723577235775,0.009763424708974844,0.2222222222222222,0.38043478260869557,0.37285223367697595,0.10224948875255624,0.3440599515098083,0.27075560657619624,0.0,0.0,0.6428571428571428,0.8571428571428571,0.2753784056508578,0.4042457900394124,0.0,0.8442559753276793,0.9089100154764537,0.0,0.0,0.0,0.5555555555555556,0.0,0.0,0.5,0.7298932384341636,0.6416184971098267,0.6666666666666666,0.0,0.0,0.0,0.0,0.0,0.0,0.0,0.0,0.5,0.0,0.0,0.0,0.7916666666666666,0.0,0.6330545991146089,0.0,0.0,0.0,0.0,0.0,0.75,0.0,0.0,0.0,0.0,0.8010091453800063,0.8871534556813745,0.0,0.0,0.05810397553516822,0.7333333333333334,0.9487179487179487,0.0,0.0,1.0,0.8724727838258165,0.7272727272727273,0.17888365837256237,0.0,1.0,1.0,0.07002314814814825,1.0,1.0,0.0,0.0,0.11111111111111105,0.9551667577911427,0.36363636363636365,1.0,0.0,0.0,0.0,0.6875,0.9143576826196473,0.323943661971831,0.20000000000000007,0.0,0.5416666666666667,0.84256,0.3267511177347242,0.9270833333333334,0.0,0.8571428571428571,0.0,0.0,0.7777777777777778,1.0,0.7468297101449275,0.675679788961039,0.0,1.0,0.86,0.0,0.0,0.9,0.75,0.28298908162783,0.0,0.8950859210129636,0.7993482309124768,0.7320261437908497,1.0,0.0,0.0,0.0,0.0,0.15983714210664557,0.0,0.0,0.0,0.9248281786941581,0.0,0.0,0.0,0.9470404984423676,0.0,0.5384615384615385,0.0,0.0,0.0,0.0,0.0,0.0,0.0,0.0,0.5,0.0,0.8333333333333333,0.29999999999999993,1.0,0.0,0.0,0.0,0.6289473684210526,0.0,0.20512820512820518,0.0,0.33319148936170206,0.0,0.0,0.0,0.4,0.0,0.1162361623616236,0.2979591836734694,0.6468144044321329,0.0,0.19999999999999996,0.0,0.5,0.0,0.75,0.0,0.40909090909090917,0.028571428571428692,0.0,0.6470588235294117,0.0,0.37037037037037046,0.4285714285714286,0.0,0.0,0.0,0.4186046511627908,0.5,0.11019397441188616,0.0,0.3501144164759725,0.4,0.0,0.0,0.05855855855855874,0.28210556025966693,0.7692307692307693,0.9045454545454545,0.35096153846153844,0.0,0.0,0.4736842105263157,0.9375,0.0,0.06309523809523832,0.0,0.3723653395784543,0.4,0.0,0.0,0.0,0.0,0.14121736520956307,0.0,0.0,0.0,0.8095238095238095,0.0,0.2857142857142857,m2
0.0,0.0,0.8974358974358975,0.0,0.0,0.0,0.0,0.0,0.0,0.0,0.0,0.0,0.0,0.0,0.0,0.0,0.2692307692307693,0.0,0.5789473684210527,0.0,0.4873486494877367,0.0,0.40803498223558343,0.0,0.0,0.0,0.4067796610169492,0.0,0.0,1.0,0.11815252416756161,0.2727272727272728,0.4,0.46484375,0.5,0.0,0.0625,0.0,0.4285714285714285,0.6428571428571428,0.17647058823529416,1.0,0.0,0.0,0.0,0.7935483870967742,0.0,0.33333333333333337,0.4035087719298245,0.4664926022628373,0.6153846153846154,0.032620674454485354,0.6027070063694268,0.0,0.3037583037583037,0.0,0.0,0.5506895391860074,0.0,0.0,0.0,0.22833211944646747,0.5520565552699229,0.345679012345679,0.375,0.0,0.04498224385111127,0.0,1.0,0.7298932384341636,0.9075144508670521,0.9992555831265508,0.0,0.0,0.0,0.6636263261485287,0.8461695607763023,0.0,1.0,0.0,0.0,0.0,0.0,0.0,0.0,0.9090909090909091,0.0,0.0,0.0,0.0,0.0,0.0,0.75,0.0,0.0,0.0,0.0,0.0,0.0,0.34419817470664926,0.0,0.45683453237410077,0.0,0.84375,0.0,1.0,0.0,0.0,0.0,0.0,0.0,1.0,0.0,0.0,0.5070422535211268,0.5,0.0,0.0,0.11111111111111105,0.12137780207763815,0.36363636363636365,0.36363636363636365,0.75,0.35799005228924885,0.3571428571428571,0.0,0.3765743073047859,0.323943661971831,0.9333333333333333,0.09999999999999998,0.5833333333333333,0.53376,0.0,0.0,0.23076923076923073,0.8571428571428571,0.0,0.5121951219512195,0.0,0.0,0.8333333333333334,0.0,0.0,0.6237113402061856,0.82,0.7239307681304534,0.33333333333333326,0.8,0.0,0.0,0.0,1.0,0.8219743907476249,0.9673202614379085,1.0,0.0,0.0,0.0,0.7632919254658386,0.33182295770948245,0.0,0.9903307888040712,0.0,0.0,0.0,0.0,0.0,0.0,0.8823529411764706,0.0,0.0,0.0,0.0,0.0,0.0,0.0,0.0,0.0,0.5,0.0,0.0,0.5,0.0,0.0,1.0,1.0,0.0,0.0,0.46153846153846156,0.0,0.0,0.2857142857142857,0.3403543965229019,0.0,0.0,0.0,0.4745575221238938,0.43673469387755093,0.5055401662049861,0.0,0.19999999999999996,0.0,0.0,0.0,0.5,0.0,0.09090909090909094,0.4285714285714285,0.4,0.0,0.0,0.7407407407407407,0.5714285714285714,0.19999999999999996,0.2564102564102564,0.0,0.0,0.9,0.5528455284552845,0.0,0.6793924466338259,0.0,0.0,0.24286889742183204,0.22972972972972971,0.16586345381526102,0.0,0.18829578844270312,0.0,0.5,0.5714285714285714,0.0,1.0,0.0,0.0,0.0,0.8152866242038217,1.0,0.0,0.0,0.0,0.6666666666666666,0.07487246173852169,0.0,1.0,0.0,0.0,0.0,0.2857142857142857,m2
0.0,0.0,0.0,0.5416666666666667,0.0,0.0,0.1591406967705462,0.0,0.0,0.0,0.0,0.7794289044289044,0.0,0.0,0.0700017677214071,0.09999999999999998,0.3846153846153846,0.3846153846153846,0.0,0.4363636363636363,0.0,0.7692307692307692,0.2860757609585475,0.0,0.8945012787723785,0.7286527514231499,0.0,0.5909090909090908,0.4,0.5,0.5531149301825993,0.0,0.0,0.58203125,0.45197740112994356,0.6363636363636364,0.0625,0.0,1.0,0.6428571428571428,0.7647058823529412,0.0,0.4736842105263158,0.2931034482758621,0.6771461568073912,0.0,0.2084115659031167,0.2222222222222222,0.5644028103044496,0.6584507042253521,0.10224948875255624,0.032620674454485354,0.06178208073514946,0.0,0.44398944398944384,0.6428571428571428,0.8571428571428571,0.07113095238095246,0.441804191066157,0.35306735306735315,0.0,0.6178334106011436,0.5714285714285714,0.0,0.1250000000000001,0.2592592592592592,0.04498224385111127,0.0,0.5,0.8491814946619217,0.9075144508670521,0.9997518610421836,0.0,0.75,1.0,0.0,0.9305413687436159,0.0,0.0,0.0,0.0,0.0,0.6818181818181819,0.0,0.0,0.0,0.6000000000000001,0.0,0.0,0.5278818711999007,0.0,0.0,0.0,0.0,0.7391304347826086,0.0,0.0,0.09677419354838712,0.5488721804511277,0.03650586701434144,0.6666666666666666,0.040777917189460444,0.3999999999999999,0.0,0.8148148148148148,0.0,0.0,1.0,0.7272727272727273,0.17888365837256237,0.2500000000000001,1.0,1.0,0.816358024691358,0.0,0.0,0.24758907725104062,0.2857142857142856,0.7777777777777778,0.0,0.36363636363636365,1.0,0.75,0.8757368169507727,0.3571428571428571,0.6875,0.0,0.0,0.0,0.4,0.5416666666666667,0.9172683513838749,0.8987873134328358,0.0,0.23076923076923073,0.2777777777777777,0.0,0.75,0.7777777777777778,1.0,0.7732185072610605,0.647271413082761,0.0,0.6237113402061856,0.0,0.0,0.0,0.0,0.25,0.0,0.0,0.9811320754716981,0.9132589838909542,0.9673202614379085,0.9917355371900827,0.0,0.0,0.8210541893791776,0.0,0.7612949829261886,0.0,0.0,0.0,0.0,0.0,0.75,0.0,0.0,0.0,0.5384615384615385,0.0,0.0,0.040983606557377095,0.0,0.0,0.0,0.0,0.2679738562091504,0.0,0.0,0.2777777777777778,0.0,0.3916317991631799,0.0,0.0,0.6363636363636364,0.7574750830564785,0.6666666666666667,0.0,0.0,0.5497872340425533,0.0,0.0,0.6666666666666667,0.4,0.0,0.17685589519650657,0.2979591836734694,0.5522959183673469,0.06666666666666665,0.0,0.33333333333333337,1.0,0.0,0.75,0.0,0.6363636363636364,0.0,0.0,0.8235294117647058,0.4571645185746779,0.0,0.5714285714285714,0.0,0.5128205128205128,0.2857142857142857,0.4186046511627908,0.0,0.41580685101114323,0.0,0.0,0.4,0.0,0.0,0.05855855855855874,0.6727509778357237,0.0,0.6832135858915742,0.6774193548387097,0.0,0.4285714285714286,0.625,1.0,0.0,0.0,0.08554306321595262,0.3977695167286245,0.4,0.0,0.23809523809523803,0.8259201534588179,0.0,0.6253376012803842,0.0,0.0,0.0,0.0,0.0,0.7142857142857143,m2
0.8361986628462273,0.0,0.0,0.5416666666666667,0.6910835242867575,0.5,0.1723809523809524,0.0,0.0,0.6363636363636364,0.0,0.7229122488134907,0.0,0.0,0.5009803529270539,0.890625,0.2692307692307693,0.1794871794871794,0.052631578947368474,0.6481481481481481,0.3467395548613823,0.33333333333333326,0.030472806777807948,0.0,0.4889611117337218,0.0,0.4067796610169492,0.0,0.0,0.0,0.25515574650913,0.9090909090909091,0.19999999999999996,0.58203125,0.0,0.0,1.0,0.0,0.4285714285714285,0.0,0.5882352941176471,0.0,0.5789473684210527,0.0,0.0,0.0,0.8333333333333333,0.33333333333333337,0.38043478260869557,0.0,0.0,0.20277716552788194,0.240242261103634,0.0,0.441345890097833,0.0,0.0,0.6567481402763018,0.5822153357771817,0.5213015205125753,0.37338262476894624,0.0,0.5520565552699229,0.0,1.0,0.7407407407407407,0.04498224385111127,0.0,0.6448863636363635,0.9736200060994206,1.0,0.0,0.206896551724138,0.08695652173913038,0.32797427652733113,0.9070811249582199,0.0,0.9473684210526315,0.0,0.0,0.0,0.0,0.09090909090909094,0.8656716417910448,0.0,0.0,0.6330545991146089,0.8406617755674824,0.0,0.0,0.0,0.0,0.5476190476190477,0.0,0.7391304347826086,0.0,0.0,0.0,0.7783251231527093,0.34419817470664926,0.28205128205128205,0.6098509397278029,0.7333333333333334,0.5,0.14814814814814825,0.5223880597014926,1.0,0.6635514018691588,0.0,0.0,0.0,1.0,0.0,0.44563918757467125,0.704225352112676,0.6666666666666666,0.0,0.0,0.11111111111111105,1.0,0.36363636363636365,0.36363636363636365,0.0,0.66929996089167,0.3571428571428571,0.8125,0.0,0.0,0.7142857142857143,0.8,0.5833333333333333,0.84256,0.0,0.9401913875598086,0.7692307692307692,0.0,0.0,0.7476635514018692,0.0,0.0,0.7207024653833165,0.9024959415584415,0.9051221290557784,1.0,0.8620689655172413,0.7239307681304534,0.0,0.09999999999999987,0.75,0.0,0.0,1.0,0.9807339449541285,0.954248366013072,0.0,0.375,0.0,0.5661764705882353,0.9318181818181818,0.0,1.0,0.0,0.0,0.0,0.0,0.08333333333333337,0.6842105263157895,0.0,0.0,0.5384615384615385,0.8627450980392157,0.6000000000000001,0.0,0.0,0.0,0.4516295913088464,0.0,0.23333333333333328,0.0,0.0,0.9555555555555556,0.29999999999999993,0.5606694560669456,0.3638443935926773,0.09278350515463918,0.29999999999999993,0.6798245614035088,0.75,0.20512820512820518,0.0,0.2148972602739725,0.2857142857142857,0.3403543965229019,0.0,0.0,0.0,0.15170008718395833,0.18367346938775508,0.75,0.06666666666666665,0.19999999999999996,0.0,0.6666666666666667,0.0,0.5,0.0,0.13636363636363635,0.0,0.0,1.0,0.4629629629629629,0.0,0.7142857142857143,0.19999999999999996,0.0,0.8571428571428572,1.0,0.0,0.07954300495796529,0.0,0.0,0.0,0.0,0.2543458371454712,0.19999999999999996,0.07269076305220878,0.26923076923076916,0.0,0.0,0.0,0.5714285714285714,0.75,0.0,0.0,0.5994725640788379,0.32249293597057105,0.6396989651928504,1.0,0.1428571428571428,0.23809523809523803,0.6426553672316384,0.13636363636363646,0.460508588750421,0.6666666666666667,0.0,0.0,0.0,0.0,0.3571428571428571,m2
0.0,0.0,0.0,0.0,0.0,0.0,0.0,0.0,0.0,0.0,0.0,0.0,0.0,0.0,0.0026845637583891024,0.0,0.0,0.0,0.0,0.6512749827705031,0.8872244644520335,0.0,0.2860757609585475,0.0,0.0,0.7816326530612245,0.4067796610169492,0.0,0.0,0.0,0.0,1.0,0.0,0.0,0.9491525423728814,0.0,1.0,0.0,0.0,0.6428571428571428,0.0,0.0,0.0,0.0,0.0,0.0,0.6666666666666666,0.33333333333333337,0.3151111111111111,0.6776649746192893,0.0,0.0,0.0650860829190123,0.0,0.30043033889187754,0.0,0.9285714285714286,0.5208333333333333,0.409643435980551,0.050193050193050204,0.38205302515295714,0.0,0.0,0.0,0.0,0.2592592592592592,0.0,0.0,0.48863636363636365,0.9735014806494435,0.6416184971098267,0.7,0.0,0.0,1.0,0.6096169519152405,0.9305413687436159,0.0,0.0,0.0,0.0,0.0,0.09090909090909094,0.0,0.0,0.0,0.0,0.0,0.0,0.5269309195802456,0.0,0.0,0.0,0.0,0.0,0.0,0.0,0.05555555555555569,0.0,0.0,0.0,0.02582311168495821,0.7333333333333334,0.9487179487179487,0.0,0.0,0.0,0.0,0.7272727272727273,0.0,0.0,1.0,0.0,0.11237149946827374,1.0,0.0,0.9968639749117993,1.0,0.11111111111111105,1.0,0.36363636363636365,0.0,0.75,0.6632149115819659,0.1923076923076923,0.0,0.3765743073047859,0.0,0.0,0.4,0.5833333333333333,0.39500601684717207,0.9854721549636803,0.9101941747572816,0.5,0.2777777777777777,0.0,1.0,0.0,1.0,0.26923076923076916,0.8506204071798579,0.0,1.0,0.12,0.8076923076923077,0.0,0.9,0.25,0.0,0.0,0.9782608695652174,1.0,0.7320261437908497,0.0,0.0,0.0,0.8161764705882353,0.6666666666666667,0.8836197520121818,0.0,0.0,0.0,0.0,0.0,0.08333333333333337,0.0,0.0,0.0,0.0,0.0,0.0,0.9090909090909091,0.0,0.0,0.0,0.0,0.0,0.0,0.0,0.0,0.5,0.0,0.7116704805491991,0.0,0.29999999999999993,0.6486710963455149,0.0,0.0,0.0,0.0,0.0,0.3403543965229019,0.0,0.0,0.0,0.058659217877094716,0.0,0.5522959183673469,0.033333333333333326,0.0,0.0,0.0,0.0,0.0,0.0,0.13636363636363635,0.0,0.4,0.0,0.4771451483560546,0.0,0.5714285714285714,0.19999999999999996,0.2564102564102564,0.2857142857142857,1.0,0.09999999999999998,0.41580685101114323,0.0,0.11494252873563238,0.0,0.5,0.15919487648673392,0.0,0.0,0.26923076923076916,0.0,0.0,0.0,0.0,0.625,1.0,0.0,0.0030337176042297687,0.3260500636402207,0.6032757051865332,1.0,0.0,0.0,0.8259201534588179,0.36363636363636365,0.5353654429100708,0.0,0.0,0.0,0.0,0.0,0.3571428571428571,m2
0.8451672010994045,0.0,0.0,0.0,0.0,0.0,0.2420252512239115,0.0,0.0,0.6363636363636364,0.0,0.772733507063503,0.0,0.0,0.27211573236889697,0.0,0.7307692307692308,0.0,0.8421052631578947,0.0,0.9508544178036826,0.0,0.3777621062529384,0.0,0.6067784683945115,0.13217391304347847,0.0,0.9090909090909091,0.0,0.5,0.0,0.0,0.19999999999999996,0.9411764705882353,0.8813559322033898,0.0,1.0,0.25,0.0,0.6428571428571428,0.4117647058823529,0.9022556390977443,0.5789473684210527,0.8622129436325678,0.27654320987654313,0.529109589041096,0.5080736012016522,0.0,0.919705587152894,0.39175257731958757,0.9383634431455898,0.3257142857142856,0.6227241111247495,0.0,0.09072230124861713,0.6428571428571428,0.0,0.6257714714195073,0.40972435251325656,0.0,0.0,0.0,0.0,0.33333333333333337,0.0,0.0,0.9873887965588034,0.0,0.0,0.8134010042654285,0.9440993788819876,1.0,0.0,0.0,1.0,0.44913830348999084,0.0,0.9473684210526315,0.0,0.0,0.5,0.9375,0.09090909090909094,0.8656716417910448,0.0,0.0,0.0,0.0,0.0,0.6197682494425558,0.0,0.0,0.0,0.0,0.7391304347826086,0.0,0.0,0.0,0.0,0.7857142857142857,0.0,1.0,0.0,0.9487179487179487,0.0,0.0,0.0,0.7382857142857143,0.7272727272727273,0.0,1.0,1.0,1.0,0.11237149946827374,0.0,0.8,0.9799270072992701,0.8571428571428571,0.11111111111111105,1.0,0.36363636363636365,0.0,0.75,0.34642755479647036,0.5476190476190477,0.8125,0.9251700680272109,0.323943661971831,0.0,0.8,0.0,0.7826086956521738,0.3267511177347242,1.0,0.7692307692307692,0.4444444444444444,0.0,0.5015576323987538,0.7777777777777778,0.0,0.9305555555555556,0.6417522583838634,0.0,0.875,0.12,0.0,0.44444444444444453,0.09999999999999987,0.0,0.9718100980757142,0.0,0.08333333333333326,0.7777777777777778,0.9673202614379085,1.0,0.0,0.0,0.8457615195216321,0.6695979899497488,0.0006620872299926139,1.0,0.0,0.0,0.9363360762234734,1.0,0.5,0.8695652173913043,0.0,0.0,0.0,0.0,0.0,0.9090909090909091,0.0,0.0,1.0,0.0,0.2222222222222222,1.0,0.0,0.4779411764705883,0.0,0.6861924686192469,0.0,0.3917525773195877,0.0,0.8803191489361702,0.0,0.0,0.0,0.34832451499118167,0.0,0.0,0.8888888888888888,0.0,0.0,0.10189287152637949,0.553191489361702,0.0,0.7666666666666666,0.8,0.0,0.8333333333333334,0.0,0.0,0.0,0.09090909090909094,0.4,0.0,1.0,0.0,0.0,0.7142857142857143,0.7,0.5128205128205128,0.0,0.478723404255319,1.0,0.3619479983491539,0.0,0.049342105263158076,0.4,0.0,0.22931937172774852,0.04166666666666652,0.055457288523566683,0.0,0.0,0.5868613138686132,0.5,0.5714285714285714,0.0,0.875,0.0,0.75,0.0,0.3826771653543307,1.0,0.0,0.0,0.7142857142857143,0.6666666666666666,0.0,0.6666666666666667,0.0,0.0,0.8095238095238095,0.9,0.0,m2
0.7391304347826086,0.0,0.8974358974358975,0.5416666666666667,0.0,0.0,0.0,0.0,0.7475163557063242,0.6363636363636364,0.9057097957045573,0.723191768384949,0.0,0.0,0.0,0.96875,0.9615384615384616,0.8461538461538461,0.8421052631578947,1.0,0.4933160415003991,0.0,0.4153456872813873,0.0,0.3869085677749361,1.0,0.5593220338983051,0.5909090909090908,0.6000000000000001,0.0,0.12289275712481473,1.0,0.0,0.09374999999999989,0.8333333333333334,0.6363636363636364,0.78125,1.0,0.7142857142857142,0.0,1.0,1.0,0.0,0.0,0.470935454895419,0.7935483870967742,0.2084115659031167,0.2222222222222222,0.40760869565217384,0.9347079037800687,0.748995983935743,0.0,0.0,0.5,0.9193739193739193,0.0,0.4285714285714285,0.2674291938997819,0.7394057583592621,0.3156498039590705,0.8949262324577186,0.8525730180806677,0.5861182519280206,0.9263565891472868,0.0,0.7407407407407407,0.26460639606396064,0.8415841584158416,1.0,0.8062391504135608,0.8333333333333334,0.0,0.0,0.0,0.0,0.0,0.9004362329997434,0.9473684210526315,1.0,0.0,0.5,0.9375,0.0,0.8656716417910448,0.0,0.9090909090909091,0.6000000000000001,0.0,0.0,0.42412935323383083,0.0,0.6206896551724137,0.0,0.8282208588957055,0.7391304347826086,0.0,0.0,0.0,1.0,1.0,0.8974358974358975,0.9609375,1.0,0.84375,0.0,1.0,1.0,0.2791939373062349,1.0,0.8493611297915266,0.2500000000000001,0.0,0.0,0.0,0.8683405422512923,0.0,0.6096610829762369,0.9642857142857143,0.7777777777777778,0.8974358974358975,0.8636363636363636,0.8636363636363636,0.0,0.8707021092169893,0.9067405355493998,0.0,0.0,0.8309859154929577,1.0,0.4,0.5416666666666667,0.53376,1.0,1.0,0.23076923076923073,0.2777777777777777,0.25,0.9376947040498442,0.0,0.33333333333333326,0.7454033771106942,0.701958198051948,0.675607419663851,1.0,1.0,0.4935536362498435,0.9333333333333333,0.9,0.75,0.0,1.0,0.8166969147005445,0.9803921568627451,0.9673202614379085,0.0,0.0,0.0,0.5717856428714256,0.0,0.7606819468024901,0.9375,0.9903307888040712,0.0,0.9248281786941581,1.0,0.0,0.6842105263157895,0.0,0.8823529411764706,0.5384615384615385,0.0,0.0,0.9090909090909091,0.0,0.33333333333333337,0.5084155542658154,0.7567567567567568,0.8,0.5,0.0,0.0,0.8,1.0,0.9487179487179487,0.3917525773195877,1.0,0.6025641025641025,0.0,0.46153846153846156,0.0,0.8025531914893618,0.8571428571428572,0.24445411048281862,0.6666666666666667,1.0,0.0,0.4526184538653366,0.34751773049645385,0.0,0.09999999999999998,0.6,0.33333333333333337,0.6666666666666667,0.75,0.75,0.0,0.8666666666666667,0.4285714285714285,0.4,1.0,0.3721973094170403,0.7407407407407407,0.5714285714285714,0.0,0.2564102564102564,0.6666666666666667,0.8604651162790697,0.0,0.42013364949342535,1.0,0.8747947454844006,0.0,1.0,0.0,0.918918918918919,0.0,0.8666666666666667,0.8218521897810219,1.0,1.0,0.0,0.75,0.0,0.92,0.5912290661368151,0.7080257463907779,0.11538461538461542,1.0,0.0,0.0,0.6360148663229829,0.6666666666666666,0.6761991224088364,1.0,1.0,0.0,0.8095238095238095,0.9,0.2857142857142857,runif
0.8122762148337596,0.0,0.0,0.896551724137931,0.6595352706959055,0.0,0.6349467184543371,0.8973902728351126,0.6227946712055253,0.6363636363636364,0.9057097957045573,0.7428732857362987,0.9062857142857143,0.0,0.9238624034718234,0.890625,1.0,0.8958333333333334,1.0,0.9814814814814815,0.0,0.7692307692307692,0.7930487804878049,0.0,0.0,0.7851851851851851,0.72,0.9090909090909091,0.0,0.0,0.0,0.7547169811320755,0.85,0.0,0.0,0.0,1.0,0.0,0.7142857142857142,0.0,0.0,0.0,0.4736842105263158,0.49195402298850566,0.2919638344471275,0.7873170731707317,0.24225865209471764,0.33333333333333337,0.3897624623619941,0.938207136640557,0.0,0.4461839530332681,0.0,0.5,0.0,0.6428571428571428,0.9285714285714286,0.6307131880015937,0.0,0.5923466051825597,0.8858595194085028,0.8964941569282137,0.0,0.0,0.1250000000000001,0.7407407407407407,0.0,0.0,1.0,0.0,0.8333333333333334,1.0,0.0,0.0,1.0,0.574712643678161,0.31181477698331617,0.0,1.0,1.0,1.0,0.9375,0.09090909090909094,0.8656716417910448,0.0,0.0,0.9166666666666666,0.8406617755674824,0.0,0.48733495981630315,0.5414507772020725,0.6206896551724137,0.0,0.8282208588957055,0.7391304347826086,0.8430054978619426,0.0,0.9616834170854272,0.901702786377709,1.0,0.926829268292683,1.0,1.0,0.3076923076923076,0.8148148148148148,1.0,1.0,0.0,0.875,0.7498726439123791,1.0,1.0,0.0,0.0,0.5391918978795232,1.0,0.0,0.0,0.0,1.0,0.36363636363636365,0.8636363636363636,0.0,0.6513426736719206,0.3571428571428571,0.6875,0.20833333333333326,0.25352112676056326,0.4666666666666667,0.09999999999999998,0.5833333333333333,0.48766546329723226,1.0,0.6283618581907091,0.0,0.33333333333333326,0.25,1.0,0.7777777777777778,1.0,0.9305555555555556,0.0,0.5592603594237338,0.0,0.82,0.0,0.0,0.0,0.75,0.37038689172289085,0.0,1.0,0.0,0.9673202614379085,1.0,0.0,0.0,0.5470488123720494,0.7498969497114591,0.36692206485566137,0.0,0.9755564548765682,0.9873417721518988,1.0,1.0,0.08333333333333337,0.6842105263157895,0.0,0.0,0.5384615384615385,0.9,0.0,0.9090909090909091,0.7582417582417582,0.7732696897374701,1.0,0.9494047619047619,0.75,0.0,0.0,1.0,0.29999999999999993,0.9486581096849475,0.3846153846153846,1.0,0.9,0.7574750830564785,0.6666666666666667,0.7948717948717949,0.0,0.0,0.7142857142857143,0.0,0.8888888888888888,0.0,0.0,0.0,0.4444444444444444,0.6468144044321329,0.0,0.19999999999999996,0.33333333333333337,0.8333333333333334,0.0,0.75,0.0,0.13636363636363635,0.0,0.0,0.3999999999999999,0.8549382716049383,0.8148148148148149,1.0,0.19999999999999996,0.0,1.0,0.0,0.9,0.0,1.0,0.3549175320708613,0.4,0.5,0.2260577568838147,0.74,0.896784933929872,0.6923076923076923,0.3433001107419712,0.5868613138686132,0.0,0.4285714285714286,1.0,0.9375,0.0,0.9131619729599744,0.8922269019566029,0.0,1.0,0.0,0.0,0.4664548022598869,1.0,0.6377913374012205,0.0,0.9797297297297297,1.0,0.9523809523809523,0.9,0.3571428571428571,runif
0.0,0.0,0.0,0.0,0.6595352706959055,0.5,0.0,0.8973902728351126,0.0,0.0,0.8339135799748805,0.0,0.8186311526052036,0.0,0.8904757309659365,0.0,1.0,1.0,0.22222222222222232,0.9814814814814815,0.693780152513358,0.33333333333333326,0.4007317073170732,0.0,0.5511363636363636,0.9685534591194969,0.72,0.5909090909090908,0.8,1.0,0.0,0.2727272727272728,0.19999999999999996,0.0,0.9491525423728814,0.6363636363636364,0.78125,0.0,0.7142857142857142,0.0,0.07894736842105265,0.8954545454545455,0.4736842105263158,0.8620689655172413,0.0,0.0,0.7049180327868853,0.5555555555555556,0.8526993207007508,0.19408181026979987,0.8666666666666667,0.0,0.0,0.0,0.9405005509208249,0.6428571428571428,0.9285714285714286,0.6363423074667135,0.3874381164733005,0.671100175505007,0.300475866757308,0.0,0.9761904761904762,0.20000000000000007,0.1250000000000001,0.2592592592592592,0.779094662792476,0.0,1.0,0.0,0.0,1.0,0.206896551724138,0.0,1.0,0.44913830348999084,0.8461695607763023,0.7368421052631579,0.96875,1.0,0.0,0.9375,0.0,0.0,0.0,0.0,0.0,0.7706611570247934,0.0,0.0,1.0,0.0,0.75,1.0,0.0,0.8809738503155996,0.0,0.9615384615384616,0.0,1.0,1.0,0.0,1.0,0.33333333333333326,0.14814814814814825,1.0,0.0,0.7026047955839227,1.0,0.7084826762246117,0.2500000000000001,1.0,0.0,0.0,0.41889276035617506,0.6666666666666666,0.0,0.8571428571428571,0.7777777777777778,0.8963044677330392,0.0,0.8636363636363636,0.0,0.0,0.7857142857142857,0.6875,0.9166666666666666,0.0,0.0,0.8,0.5,0.0,0.45955184200531707,0.9375,0.5,0.33333333333333326,0.0,0.9375,0.7777777777777778,1.0,0.9305555555555556,0.125,0.0,1.0,0.12,0.4487179487179487,0.8888888888888888,0.0,0.25,0.854220600769482,0.0,1.0,0.0,0.0,1.0,0.375,0.0,0.9644821547492786,0.0,0.4422258339137839,0.6875,0.9782861044725162,0.7341772151898733,0.0,1.0,0.0,0.0,0.0,0.0,0.0,0.9,0.6000000000000001,0.0,0.9545454545454546,0.0,0.0,0.7870346263993752,0.0,0.0,0.0,1.0,0.5,0.7432905484247374,0.9487179487179487,1.0,0.9,0.0,0.75,0.46153846153846156,0.0,0.18765957446808512,0.7142857142857143,0.0,0.6666666666666667,0.8,0.0,0.0,1.0,0.011080332409972193,0.0,0.0,0.33333333333333337,0.6666666666666667,0.5,0.75,0.0,0.40909090909090917,0.4,0.0,1.0,0.4629629629629629,0.0,1.0,1.0,0.9743589743589743,0.0,1.0,0.09999999999999998,0.9166666666666666,0.0,0.8546120952962737,0.4,0.5,0.2260577568838147,0.5800000000000001,0.13703048590157096,0.3846153846153846,0.0,1.0,0.0,0.4285714285714286,0.625,0.46153846153846156,0.0,0.9026086956521739,0.8853415358506577,0.9642857142857143,1.0,0.1428571428571428,0.0,0.984174559405347,0.0,0.07487246173852169,1.0,1.0,0.7777777777777778,0.0,0.9,0.2857142857142857,runif
0.7391304347826086,0.0,0.0,0.5416666666666667,0.0,0.5,0.0,0.0,0.0,0.6363636363636364,0.0,0.723191768384949,0.8399080811949444,0.0,0.5916407061266873,0.734375,0.7307692307692308,0.1794871794871794,0.052631578947368474,1.0,0.73433188805676,0.7692307692307692,0.030472806777807948,0.0,0.0,0.0,0.864406779661017,0.5909090909090908,0.0,0.5,0.12289275712481473,0.9090909090909091,0.85,0.8125,0.0,0.6363636363636364,0.9375,0.2222222222222222,1.0,0.0,0.368421052631579,1.0,0.0,0.44885177453027136,0.6770502225047679,0.7894736842105263,0.2084115659031167,0.33333333333333337,0.8942232630757221,0.37285223367697595,0.748995983935743,0.0,0.6036848294786359,0.5,0.9209352132786007,0.0,0.9285714285714286,0.403978235661404,0.9156623866076515,0.8694415224251697,1.0,0.334106011435636,0.5714285714285714,0.33333333333333337,0.1250000000000001,0.7407407407407407,0.9753228782287823,0.8415841584158416,1.0,0.7466114709220806,0.8333333333333334,0.8,0.0,0.75,0.9421221864951769,0.6091954022988506,0.8461695607763023,0.0,1.0,1.0,0.5,0.9375,0.09090909090909094,0.8656716417910448,0.0,0.0,0.6000000000000001,0.0,0.0,0.3728435906957901,0.0,0.0,0.0,0.0,0.7391304347826086,0.9067896133269541,0.0,0.09677419354838712,0.4088669950738918,0.7857142857142857,0.28205128205128205,0.5246478873239436,1.0,0.3076923076923076,0.8148148148148148,0.0,0.0,0.0,0.0,0.9422643211547136,0.2500000000000001,1.0,1.0,0.0,0.9122270281675282,1.0,0.9821917808219178,0.9285714285714286,0.7777777777777778,0.9547710976282405,0.0,1.0,0.0,0.590943057838888,0.9067405355493998,0.0,0.7528344671201814,0.0,0.4666666666666667,0.4,0.5833333333333333,0.6842105263157895,0.0,1.0,0.23076923076923073,0.0,0.25,0.9375,0.0,1.0,0.925328330206379,0.5,1.0,1.0,0.82,0.0,0.44444444444444453,0.0,0.75,0.9717823888074869,0.8157894736842105,0.09542314335060453,0.9803921568627451,0.9673202614379085,0.9256198347107438,0.0,0.0,0.9640071985602879,0.0,0.33182295770948245,0.0,0.9577393075356415,0.9873417721518988,0.923217550274223,1.0,0.5,0.6842105263157895,0.0,0.0,0.5384615384615385,0.0,0.6000000000000001,0.9090909090909091,0.0,0.0,0.5084155542658154,0.0,0.8,0.0,0.0,0.0,0.0,1.0,0.3846153846153846,0.05555555555555547,1.0,0.35,0.6666666666666667,0.20512820512820518,0.0,0.0,0.2857142857142857,0.799043062200957,0.6666666666666667,0.0,0.0,0.12235649546827809,0.6737588652482269,0.6506849315068493,0.7666666666666666,0.0,0.33333333333333337,1.0,0.5,0.75,0.0,0.6666666666666667,0.4285714285714285,0.4,0.17647058823529416,0.5746084089035448,0.8148148148148149,0.5714285714285714,0.19999999999999996,0.9743589743589743,0.0,1.0,0.0,0.6666666666666667,1.0,0.8747947454844006,0.0,0.5,0.22931937172774852,0.8378378378378378,0.6360441767068272,1.0,0.18829578844270312,0.6774193548387097,0.5,0.4285714285714286,0.75,0.9076923076923077,0.92,0.45111279170267926,0.7080257463907779,0.037444933920704915,0.52,0.0,0.23809523809523803,0.984174559405347,0.6666666666666666,0.20402481464669375,0.0,1.0,1.0,0.8095238095238095,0.9,0.0,runif
0.8122762148337596,0.882051282051282,0.8974358974358975,0.0,0.0,0.0,0.5427524711412179,0.0,0.0,0.0,0.0,0.8402884320343664,0.832992700729927,0.0,0.33099491530032354,0.890625,0.33333333333333326,0.0,1.0,0.981736733287388,0.2939903740009715,0.0,0.8869274809160306,0.0,0.24615925882490897,1.0,0.96,0.8636363636363636,0.4,0.0,0.7976035425892158,0.9433962264150944,0.85,0.0,0.9491525423728814,0.0,1.0,1.0,1.0,0.0,0.8823529411764706,0.8954545454545455,0.052631578947368474,0.4482758620689655,0.3023868312757202,0.529109589041096,0.9001821493624772,0.5555555555555556,0.919705587152894,0.8775773195876289,0.6992561105207227,0.7671232876712328,0.0,0.5,0.6094515568199779,0.6428571428571428,0.8571428571428571,0.4478032565757779,0.7394057583592621,0.45650228844764107,0.4025837988826817,0.8610934520025428,0.0,0.8263888888888888,1.0,0.7777777777777778,0.9870656204190739,0.0,0.0,0.0,1.0,1.0,0.0,0.75,0.4375,0.574712643678161,0.8569099800760731,0.9473684210526315,0.96875,1.0,1.0,0.0,0.09090909090909094,0.8656716417910448,0.7916666666666666,0.9090909090909091,0.0,0.0,0.0,0.715285149088102,0.0,0.0,0.75,0.0,0.7391304347826086,0.8889515464364725,0.0,0.6453900709219857,0.901702786377709,0.25,0.0,0.8768248175182481,1.0,0.0,0.0,1.0,0.0,0.2246140465318548,1.0,0.9490242931103147,0.75,0.5,0.0,0.44907407407407407,0.8683405422512923,1.0,0.0,0.9285714285714286,0.11111111111111105,1.0,0.36363636363636365,1.0,0.0,0.879020779960148,0.5476190476190477,0.0625,0.7528344671201814,0.25352112676056326,0.0,0.9,0.5,1.0,0.5389289783516902,0.8168449197860963,0.5,0.0,0.25,0.7560975609756098,0.7777777777777778,1.0,0.7468297101449275,0.701958198051948,0.64298490377048,0.0,0.86,0.0,1.0,0.9,0.875,0.9718100980757142,0.0,0.0,0.0,0.9673202614379085,0.9529372496662216,0.0,0.0,0.2713635597505477,0.7735804786485219,0.38614290669441564,1.0,0.9777948467285804,0.9873417721518988,1.0,0.0,0.5,0.8695652173913043,0.9130434782608696,0.8823529411764706,0.0,0.0,0.0,0.625,0.0,0.0,0.0,0.0,0.8,0.0,0.0,0.4779411764705883,0.29999999999999993,0.0,0.5641025641025641,1.0,0.9,0.0,0.0,1.0,0.0,0.673154906731549,0.8571428571428572,0.10493827160493818,0.8888888888888888,0.6,0.0,0.6923076923076923,1.0,0.6428571428571429,0.0,1.0,0.0,0.8333333333333334,0.0,0.75,0.0,0.0,0.4,0.4,0.5333333333333333,0.8391812865497076,0.0,1.0,1.0,0.5128205128205128,1.0,0.0,1.0,0.07723577235772361,1.0,0.0,0.4,0.0,0.0,0.918918918918919,0.0,0.6923076923076923,0.7747584541062802,0.35096153846153844,0.0,0.0,0.7368421052631579,0.875,0.0,0.810893376052455,0.6062402269173425,0.8708661417322835,1.0,0.0,0.23809523809523803,0.0,1.0,0.12919558729839375,0.6666666666666667,0.9594594594594594,1.0,0.9523809523809523,0.0,0.0,runif
0.0,0.5757575757575758,0.0,0.5416666666666667,0.6911183299337715,0.5,0.0,0.0,0.0,0.0,0.9057097957045573,0.65027808676307,0.0,0.0,0.46904792169823306,0.0,0.9615384615384616,0.8461538461538461,0.8421052631578947,0.5818181818181818,0.13391922996442784,0.7692307692307692,0.04591798764605193,0.0,0.5556620348187191,0.9225806451612903,0.4067796610169492,0.9090909090909091,0.6000000000000001,0.0,0.25515574650913,0.9090909090909091,0.33333333333333326,0.07421875000000011,0.0,0.6363636363636364,1.0,0.0,0.0,0.6428571428571428,0.2941176470588236,0.0,0.4736842105263158,0.0,0.0,0.3157894736842105,0.0,0.5555555555555556,0.8369565217391304,0.8936170212765957,0.0,0.032620674454485354,0.967456958540494,0.5,0.9205666128743052,0.6428571428571428,0.0,0.06382978723404253,0.0,0.629721717509802,0.37338262476894624,0.6178334106011436,0.0,1.0,0.1250000000000001,0.0,0.8003419702748915,0.0,1.0,0.8932937086464058,1.0,1.0,0.206896551724138,0.0,0.4662379421221865,0.954360228198859,0.9305413687436159,0.0,0.0,1.0,1.0,0.9375,0.0,0.0,0.7916666666666666,0.0,0.6330545991146089,0.8406617755674824,0.0,0.0,0.0,0.0,0.0,0.8282208588957055,0.7391304347826086,0.0,0.0,0.8368983957219251,0.0,1.0,0.8974358974358975,1.0,0.7333333333333334,0.33333333333333326,0.8148148148148148,0.0,1.0,0.7115085536547434,0.9333333333333333,0.2887773722627738,1.0,0.0,0.0,0.44907407407407407,1.0,0.6666666666666666,0.6539437620546137,0.0,0.7777777777777778,1.0,0.0,0.0,0.75,0.8374927028604787,0.0,0.6875,0.375,0.323943661971831,0.20000000000000007,0.09999999999999998,0.5,0.8632411067193676,0.0,0.33333333333333326,0.23076923076923073,1.0,0.25,0.9376947040498442,0.7777777777777778,0.0,0.7732185072610605,0.0,0.5592603594237338,1.0,0.0,0.0,0.9444444444444444,0.0,0.0,0.854220600769482,0.0,1.0,0.8338150289017341,0.7320261437908497,0.0,0.375,0.0,0.5470488123720494,0.9846756538771748,0.7612949829261886,0.0,0.0,0.9873417721518988,0.05882352941176472,1.0,0.0,0.0,1.0,0.0,0.5384615384615385,0.9060721062618595,0.6000000000000001,0.0,0.0,0.0,0.0,0.9494047619047619,0.23333333333333328,0.0,0.0,1.0,0.5,0.9372384937238494,0.7763157894736842,0.3917525773195877,0.0,0.0,0.6666666666666667,0.20512820512820518,0.0,0.18765957446808512,0.8571428571428572,0.3403543965229019,0.8888888888888888,1.0,0.0,0.15170008718395833,0.18367346938775508,0.75,0.09999999999999998,0.19999999999999996,0.33333333333333337,0.8333333333333334,0.5,0.0,0.0,0.0,0.028571428571428692,0.0,0.0,0.0,0.37037037037037046,0.5714285714285714,1.0,0.9743589743589743,0.8571428571428572,1.0,0.9,0.9496491952125464,1.0,0.8747947454844006,0.4,0.0,0.0,0.74,0.9151606425702811,0.26923076923076916,0.5935999999999999,0.5868613138686132,1.0,0.4285714285714286,0.0,0.0,0.0,0.6944497321404292,0.08554306321595262,0.41184387617765816,1.0,0.1428571428571428,0.0,0.46031746031746035,0.9090909090909091,0.6253376012803842,0.0,0.0,1.0,0.8095238095238095,0.9,0.2857142857142857,runif
0.8451672010994045,0.5768488745980707,0.0,0.0,0.0,0.0,0.0,0.8919828286344124,0.0,0.0,0.0,0.8397553516819571,0.8465885307660108,0.0,0.0,1.0,0.0,0.0,0.8947368421052632,0.0,0.9568916325154329,0.7692307692307692,0.3597977589505329,0.0,0.8945855294681361,0.0,0.8305084745762712,0.5909090909090908,0.4,1.0,0.5531149301825993,0.7735849056603774,0.19999999999999996,0.7346491228070176,0.5308483290488433,0.0,0.0,1.0,0.0,0.0,0.07894736842105265,0.8796992481203008,0.5789473684210527,0.2886221294363256,0.3023868312757202,0.0,0.2084115659031167,0.5555555555555556,0.3151111111111111,0.938207136640557,0.9230769230769231,0.3440599515098083,0.7440286624203822,0.5,0.6110498976861325,0.0,0.9285714285714286,0.36122721467549046,0.8652115293517473,0.671100175505007,0.38205302515295714,0.0,0.11904761904761907,1.0,0.0,0.7407407407407407,0.9788899118768907,0.0,1.0,0.15426485230667097,0.9075144508670521,0.0,0.0,0.18518518518518512,1.0,0.6636263261485287,0.8461695607763023,0.0,0.9838709677419355,0.8038461538461539,0.5,0.9375,0.09090909090909094,0.8656716417910448,0.7916666666666666,0.0,0.0,0.0,0.0,0.5138945752302968,0.8775801695539993,0.0,1.0,0.0,0.7391304347826086,0.8854205960015088,0.0,0.09677419354838712,1.0,0.0,0.0,1.0,0.0,0.9487179487179487,0.8148148148148148,0.0,0.0,1.0,0.0,0.9133964817320703,0.2500000000000001,0.5,0.0,0.816358024691358,0.5070422535211268,0.8,0.7119341563786008,0.7857142857142857,0.0,0.0,0.8636363636363636,0.0,0.0,0.0,0.3571428571428571,0.8125,0.0,0.25352112676056326,0.0,0.4,0.5,0.5526315789473684,1.0,0.0,0.0,0.4444444444444444,0.25,0.75,0.0,1.0,0.6219135802469136,0.5,0.0,1.0,0.12,0.7935126582278481,0.0,0.9,0.75,0.9762225284572922,0.0,0.9736614853195165,0.10512185047501033,0.9673202614379085,0.6923076923076923,0.0,0.0,0.9640071985602879,0.9293831168831169,0.4605137963843957,0.0,0.9755564548765682,0.7341772151898733,0.9395914819643634,1.0,0.5,0.6842105263157895,0.925414364640884,0.0,0.0,0.0,0.0,0.040983606557377095,0.7582417582417582,0.0,0.0,0.0,0.23333333333333328,0.0,0.0,0.0,1.0,0.0,0.0,0.6666666666666667,0.0,0.625,0.6666666666666667,0.0,0.0,0.6015104398045313,0.2857142857142857,0.6863925108659311,0.6666666666666667,0.6,0.0,0.7764976958525346,0.4518072289156626,0.011080332409972193,0.09999999999999998,0.0,0.33333333333333337,0.0,0.75,0.0,0.0,0.40909090909090917,0.4285714285714285,0.0,0.0,0.8549382716049383,0.0,0.5714285714285714,1.0,0.2564102564102564,0.6666666666666667,0.0,0.9,0.0,1.0,0.0,0.0,0.5,0.0,0.8333333333333333,0.13703048590157096,0.26923076923076916,0.0,0.09677419354838701,0.0,0.0,0.75,0.9076923076923077,0.0,0.7999172784613794,0.3351718285956725,0.966053748231966,1.0,0.0,0.23809523809523803,0.9844632768361582,0.6666666666666666,0.07487246173852169,0.0,1.0,0.7777777777777778,0.8095238095238095,0.9,0.0,runif
0.8451672010994045,0.0,0.0,0.5416666666666667,0.6922787760318774,0.0,0.0,0.8919828286344124,0.0,0.0,0.0,0.8397553516819571,0.8292492022397495,0.0,0.6272913616398244,0.09999999999999998,0.3846153846153846,0.5769230769230769,0.5789473684210527,0.0,0.9899225337629396,0.33333333333333326,0.40803498223558343,0.0,0.6986503753394027,0.9685534591194969,0.864406779661017,0.5909090909090908,0.8,1.0,0.11815252416756161,0.9090909090909091,0.85,0.7346491228070176,0.9090909090909091,0.6363636363636364,0.0,0.0,1.0,0.0,0.4117647058823529,0.8796992481203008,0.4736842105263158,0.5480167014613779,0.0,0.3157894736842105,0.5080736012016522,0.5555555555555556,0.9253333333333333,0.8890339425587467,0.6923076923076923,0.032620674454485354,0.6221802194189917,0.0,0.2312113174182141,0.6428571428571428,0.9285714285714286,0.6329793308210575,0.7917341977309562,0.6050968610794571,0.0,0.5499435665914222,0.0,0.44999999999999996,0.0,0.5555555555555556,0.8003419702748915,0.8415841584158416,1.0,0.10811387900355884,0.6416184971098267,1.0,0.0,0.0,1.0,0.0,0.31181477698331617,0.0,1.0,1.0,1.0,0.0,0.09090909090909094,0.8656716417910448,0.0,0.0,0.6330545991146089,0.7706611570247934,0.0,0.4969627841587311,0.7468354430379747,0.0,1.0,0.0,0.7391304347826086,0.8537878000623507,0.0,0.8387096774193549,0.45205479452054786,0.03650586701434144,0.641025641025641,0.0,0.0,1.0,0.14814814814814825,1.0,0.0,0.8724727838258165,1.0,0.9433878814683768,0.2500000000000001,1.0,1.0,0.0,1.0,1.0,0.7293381402625672,0.9285714285714286,0.7777777777777778,0.0,0.0,0.8636363636363636,0.0,0.3527162657320376,0.3571428571428571,0.6875,0.2103274559193954,0.0,0.20000000000000007,0.8,0.5,0.8632411067193676,0.0,0.7233009708737865,0.23076923076923073,0.4444444444444444,0.0,0.0,0.7777777777777778,1.0,0.8333333333333334,1.0,0.4255319148936171,0.5,0.0,0.8076923076923077,0.46666666666666656,0.9,0.75,0.8411532756936657,1.0,0.9782608695652174,0.03600917431192674,0.7320261437908497,1.0,0.0,0.0,0.8200359928014397,0.0,0.3761253019102686,0.0,1.0,0.7341772151898733,0.9992553983618764,0.0,0.5,0.6842105263157895,0.0,0.0,0.5384615384615385,0.8333333333333334,0.0,0.9090909090909091,0.7582417582417582,0.0,0.0,0.0,0.23333333333333328,0.0,0.0,0.888888888888889,0.9090909090909091,0.3916317991631799,0.5641025641025641,1.0,0.0,0.9219269102990033,0.75,0.46153846153846156,0.0,0.4064860062194581,0.7142857142857143,0.7311935807422267,0.6666666666666667,0.8,0.0,0.0,0.3313253012048192,0.6468144044321329,0.09999999999999998,0.0,0.33333333333333337,0.0,0.5,0.75,0.0,0.09090909090909094,0.4285714285714285,0.0,0.3999999999999999,0.4629629629629629,0.37037037037037046,0.7142857142857143,1.0,0.9743589743589743,0.2857142857142857,0.22000000000000008,0.9,0.3619479983491539,0.0,0.25778863775198524,0.4,0.5,0.22931937172774852,0.8333333333333333,0.13220565323837075,0.0,0.595005675368899,0.0,0.5,0.0,0.4375,0.6666666666666666,0.92,0.80002156101768,0.3499226955270033,0.41184387617765816,1.0,0.0,0.0,0.8259201534588179,0.0,0.6377913374012205,0.0,1.0,0.7777777777777778,0.9523809523809523,0.0,0.0,runif
0.0,0.0,0.8974358974358975,0.5416666666666667,0.0,0.0,0.1591406967705462,0.0,0.0,0.875,0.8339135799748805,0.0,0.0,0.0,0.44917056571671643,0.890625,0.3846153846153846,0.1794871794871794,0.052631578947368474,0.6440501043841336,0.7775685289809584,0.0,0.0,0.0,0.49305169538632576,0.0,0.8305084745762712,0.31818181818181823,0.4,0.5,0.0770805985823052,0.9090909090909091,0.5,0.09374999999999989,0.8813559322033898,0.6363636363636364,0.0,0.2222222222222222,0.0,0.6428571428571428,1.0,0.33009708737864085,0.4736842105263158,0.0,0.6339212131201581,0.7935483870967742,0.6666666666666666,0.2222222222222222,0.37862796833773094,0.8267716535433071,0.5301204819277108,0.0,0.9675290066007953,0.5,0.0,0.0,0.9285714285714286,0.5772933182332955,0.40972435251325656,0.0,0.7653631284916201,0.928450007726781,0.9601542416452442,0.3402777777777778,0.1250000000000001,0.2592592592592592,0.0,0.0,0.0,0.9653098054942851,0.0,0.9509925558312655,0.206896551724138,0.0,0.0,0.9677403869233354,0.9305413687436159,0.7368421052631579,0.0,1.0,0.0,0.9375,0.09090909090909094,0.0,0.0,1.0,0.6156472684085511,0.0,0.0,0.43022478736330505,0.0,0.0,0.5476190476190477,0.8282208588957055,0.0,0.0,0.0,0.0,0.7783251231527093,0.03650586701434144,0.28205128205128205,0.6306620209059235,0.7333333333333334,1.0,0.0,0.7164179104477613,1.0,0.6798649478207489,0.0,0.9354404841963685,0.2500000000000001,0.5,1.0,0.0,0.5650406504065042,0.6,0.8122304978439827,0.8571428571428571,0.7777777777777778,0.9523809523809523,0.0,0.0,0.75,0.8861646234676007,0.6269621421975993,0.6875,0.4274376417233561,0.8309859154929577,0.9333333333333333,0.4,0.5416666666666667,0.53376,1.0,0.9665775401069518,0.23076923076923073,1.0,0.25,0.0,0.0,1.0,0.5196629213483146,0.675679788961039,0.0,0.5869565217391305,0.86,1.0,0.33333333333333326,0.0,0.25,0.0,0.0,0.8166969147005445,0.9667630057803468,0.0,0.6752136752136751,0.375,0.0,0.0,0.9925107657741996,0.8836197520121818,0.6875,0.0,0.9367088607594937,0.0,1.0,0.08333333333333337,0.0,0.0,0.8823529411764706,0.5384615384615385,0.0,0.0,0.9090909090909091,0.0,0.0,0.4516295913088464,0.7861271676300579,0.0,0.0,0.0,1.0,0.29999999999999993,0.3916317991631799,0.3638443935926773,0.09278350515463918,0.29999999999999993,0.8557692307692308,0.0,0.3076923076923077,0.0,0.2148972602739725,0.2857142857142857,0.7655502392344498,0.33333333333333337,0.6,0.0,0.2109851787271143,0.16312056737588654,0.0,0.09999999999999998,0.0,0.33333333333333337,1.0,0.5,0.0,0.0,0.8666666666666667,0.028571428571428692,0.0,0.0,0.17816527672479165,0.7407407407407407,0.5714285714285714,0.0,0.2564102564102564,0.6666666666666667,1.0,0.0,0.9496491952125464,1.0,0.3928571428571429,0.0,0.5,0.9065934065934066,0.04166666666666674,0.16586345381526102,0.8666666666666667,0.8004105839416058,0.8477564102564102,0.5,0.4285714285714286,0.26315789473684204,1.0,0.0,0.5761454275644593,0.9598167206080221,0.0,0.7777777777777778,0.1428571428571428,0.0,0.0,0.9090909090909091,0.7581686558403444,1.0,0.0,0.9629629629629629,0.0,0.9,0.3571428571428571,runif
0.0,0.882051282051282,0.0,0.5416666666666667,0.8187120858609426,0.0,0.0,0.0,0.6301369863013698,0.0,0.0,0.0,0.0,0.0,0.8738205886494861,0.890625,0.7307692307692308,0.3846153846153846,0.0,0.981736733287388,0.9445529090199141,0.0,0.42454508140648517,0.0,0.26297049847405896,0.0,0.0,0.0,0.4,0.0,0.9081873592883423,0.9090909090909091,0.33333333333333326,0.8125,0.5308483290488433,0.0,0.0,1.0,0.0,0.6428571428571428,0.5882352941176471,0.5825242718446602,0.5789473684210527,1.0,0.2795450799406626,0.8421052631578947,0.6666666666666666,0.33333333333333337,0.38043478260869557,0.6616379310344828,0.9317269076305221,0.3257142857142856,0.023953406901383922,0.0,0.9205666128743052,0.0,0.0,0.0,0.7453645646721605,0.5213015205125753,0.8949262324577186,0.334106011435636,0.0,0.8404255319148937,0.0,0.0,0.9537589207156125,0.8415841584158416,0.019886363636363535,1.0,0.7391304347826086,0.8333333333333333,0.0,0.0,0.0,0.0,1.0,0.9473684210526315,1.0,1.0,0.0,0.0,0.09090909090909094,0.0,0.7916666666666666,0.0,0.6330545991146089,0.9411347517730496,0.0,0.0,0.0,0.6206896551724137,0.0,0.0,0.0,0.0,0.0,0.96,0.8871534556813745,0.8435462842242503,0.6666666666666666,0.1340206185567009,1.0,1.0,0.0,0.8208955223880597,0.0,0.3244680851063829,0.0,0.0,0.0,1.0,0.0,1.0,1.0,0.6666666666666666,0.990506329113924,0.7857142857142857,0.0,1.0,0.8636363636363636,0.0,0.75,0.66929996089167,0.5238095238095237,0.8125,1.0,0.323943661971831,1.0,0.4,0.5833333333333333,0.8461538461538461,0.5767790262172285,0.0,0.7692307692307692,0.33333333333333326,0.0,0.9376947040498442,0.0,0.0,0.0,0.701958198051948,0.9044674736567099,1.0,1.0,0.0,0.8666666666666667,0.09999999999999987,0.0,0.8896407181473076,1.0,0.0,1.0,0.7320261437908497,0.712,0.0,0.0,0.0,0.0,0.7346938775510203,0.9375,0.9876543209876543,0.9367088607594937,0.0,0.0,0.5,0.0,0.9470404984423676,0.0,0.5384615384615385,0.8972868217054264,0.0,0.0,0.0,0.75,0.0,0.0,0.0,0.0,0.0,1.0,0.29999999999999993,0.6861924686192469,0.0,0.0,0.9,0.9519230769230769,0.0,1.0,0.0,0.6688311688311688,0.2857142857142857,0.0,0.0,0.4,0.0,0.759825327510917,0.16312056737588654,0.75,0.7666666666666666,0.6,0.33333333333333337,0.8333333333333334,0.75,0.0,0.0,0.13636363636363635,0.7428571428571429,0.0,0.6470588235294117,0.0,0.37037037037037046,0.5714285714285714,0.19999999999999996,0.0,0.2857142857142857,1.0,1.0,0.0,0.0,0.8747947454844006,0.0,0.0,0.7365050320219579,0.9166666666666666,0.07269076305220878,0.26923076923076916,0.24589416058394153,0.35096153846153844,0.0,0.5714285714285714,0.0,0.46153846153846156,0.92,0.9130031534038212,0.9598167206080221,0.26923076923076916,0.7777777777777778,0.0,0.0,0.6360148663229829,0.36363636363636365,0.745049504950495,1.0,1.0,0.9629629629629629,0.0,0.0,0.0,runif
0.0,0.5768488745980707,0.8974358974358975,0.0,0.0,0.5,0.15840566873339246,0.9076787182845482,0.0,0.0,0.798682883791278,0.0,0.9053059254193652,0.0,0.8650834271675709,0.0,0.2692307692307693,0.1794871794871794,0.0,0.981736733287388,0.9886345445813991,0.0,0.3597977589505329,0.0,0.6766677306096394,0.9931856899488927,0.864406779661017,0.8636363636363636,0.4,1.0,0.5531149301825993,1.0,0.35,0.8125,0.0,0.9090909090909091,1.0,0.0,0.7142857142857142,0.0,0.0,0.5825242718446602,0.0,0.8620689655172413,0.27654320987654313,0.7935483870967742,1.0,0.5555555555555556,0.9203980099502488,0.6776649746192893,0.0,0.8629050033061494,0.967456958540494,0.0,0.2962052962052961,0.6428571428571428,0.8571428571428571,0.5080416272469253,0.39715045731151855,0.0,0.822550831792976,0.9444130925507901,0.6231884057971014,0.6133333333333334,0.1250000000000001,0.7407407407407407,0.04963138493944175,0.8415841584158416,0.48863636363636365,0.9630604982206405,0.7976878612716763,0.9987593052109182,0.206896551724138,0.18518518518518512,0.4662379421221865,0.574712643678161,0.0,0.7368421052631579,1.0,1.0,0.9142857142857143,0.9375,0.6818181818181819,0.0,0.7916666666666666,0.9090909090909091,0.0,0.0,0.0,0.448405473659482,0.8774044141972683,0.0,0.0,0.8282208588957055,0.0,0.8889515464364725,0.0,1.0,0.0,0.34419817470664926,0.28205128205128205,0.0,1.0,1.0,0.0,0.0,0.0,0.856353591160221,1.0,0.9576439444076771,0.75,1.0,0.0,0.816358024691358,0.8683405422512923,0.0,0.9713837710701686,0.0,0.8888888888888888,1.0,0.0,0.8636363636363636,0.0,0.6513426736719206,0.7857142857142857,0.0,0.9143576826196473,0.323943661971831,0.9333333333333333,0.0,0.5,0.9172683513838749,0.4861878453038674,0.9101941747572816,0.9615384615384616,1.0,0.0,0.31464174454828653,0.7777777777777778,1.0,1.0,0.6417522583838634,0.0,1.0,0.86,0.5524245458446574,0.8888888888888888,0.0,0.75,0.0,1.0,0.9990477809896277,0.9804469273743017,0.9673202614379085,1.0,0.375,0.0,0.5367647058823529,0.7298075815186083,0.0,0.6875,0.9951653944020357,0.9873417721518988,0.9185905224787363,1.0,0.75,0.0,0.9130434782608696,0.8823529411764706,0.0,0.0,0.6000000000000001,0.040983606557377095,0.7582417582417582,0.0,0.0,0.7810307100279181,0.0,0.5420560747663552,0.0,0.42222222222222217,0.5,0.5606694560669456,0.3638443935926773,0.0,0.9,0.9219269102990033,0.0,0.0,0.0,0.31934931506849307,0.7142857142857143,0.7311935807422267,0.8888888888888888,0.4,0.0,0.0726256983240221,0.0,0.5522959183673469,0.7666666666666666,0.19999999999999996,1.0,0.0,0.5,0.75,0.0,0.13636363636363635,0.4,0.4,0.6470588235294117,0.0,0.7407407407407407,0.4285714285714286,1.0,0.5128205128205128,0.2857142857142857,1.0,0.8,0.9496491952125464,0.0,0.12585812356979387,0.4,0.0,0.7365050320219579,0.04166666666666674,0.16586345381526102,0.7692307692307693,0.8004105839416058,1.0,0.0,0.4285714285714286,1.0,1.0,0.92,0.0031977874767725734,0.32249293597057105,0.0,0.4,0.1428571428571428,0.23809523809523803,0.4664548022598869,0.13636363636363646,0.460508588750421,1.0,1.0,1.0,0.8095238095238095,0.9,0.7142857142857143,runif
0.7391304347826086,0.5768488745980707,0.0,0.5416666666666667,0.6546702903733371,0.0,0.0,0.0,0.0,0.875,0.0,0.0,0.8465885307660108,0.0,0.5704935432513709,1.0,0.9615384615384616,0.0,0.052631578947368474,1.0,0.4873486494877367,0.0,0.7815660016397923,0.0,0.6986093350383632,0.8497596153846154,0.5593220338983051,0.0,0.6000000000000001,1.0,0.25515574650913,0.0,0.85,0.46484375,0.6526468455402467,0.6363636363636364,0.0,0.8333333333333334,0.25,0.6428571428571428,0.0,0.0,0.0,0.2886221294363256,0.9420216147488875,0.3290322580645161,0.009763424708974844,0.8888888888888888,0.3111111111111111,0.8890339425587467,0.5384615384615385,0.20277716552788194,0.26938406541480064,0.0,0.292859102130383,0.6428571428571428,0.4285714285714285,0.646173469387755,0.7917341977309562,0.9004719004719005,0.0,0.5499435665914222,0.5714285714285714,0.6974358974358974,0.375,0.7407407407407407,0.04498224385111127,0.9603960396039604,1.0,0.7049699528991392,0.9075144508670521,0.9992555831265508,0.0,0.0,0.7170418006430868,0.0,0.0,0.9473684210526315,1.0,1.0,0.5,0.0,0.09090909090909094,0.8656716417910448,0.7916666666666666,0.0,0.6000000000000001,0.8406617755674824,0.0,0.5278818711999007,0.0,0.0,0.0,0.0,0.0,0.8808091004387156,0.0,0.7419354838709677,1.0,1.0,0.0,0.9268292682926829,1.0,0.84375,0.0,1.0,0.0,0.8700417536534446,1.0,0.8517538054268696,0.0,0.0,1.0,0.44907407407407407,0.0,1.0,0.0,0.8571428571428571,0.7777777777777778,0.0,0.8636363636363636,0.0,0.75,0.590943057838888,0.6959706959706959,0.0,0.0,0.971830985915493,0.20000000000000007,0.0,0.9583333333333334,0.39500601684717207,0.0,1.0,0.7692307692307692,0.0,0.0,0.3125,0.7777777777777778,0.33333333333333326,0.8333333333333334,1.0,0.75177304964539,0.6237113402061856,0.0,0.0,0.8666666666666667,0.8,0.75,0.5046153846153847,1.0,1.0,0.7993482309124768,0.9673202614379085,0.9917355371900827,0.0,0.0,0.8200359928014397,0.0,0.15983714210664557,0.9375,0.9903307888040712,0.9873417721518988,0.9187386294724076,0.0,0.5,1.0,0.9470404984423676,0.0,0.5384615384615385,1.0,0.0,0.625,0.0,0.0,0.5084155542658154,0.0,0.0,0.0,0.0,0.0,0.8,1.0,0.0,0.09278350515463918,1.0,0.0,0.0,0.7948717948717949,0.0,0.33319148936170206,0.7142857142857143,0.17352056168505514,0.0,1.0,0.0,0.0,0.2979591836734694,0.6468144044321329,0.0,0.0,0.33333333333333337,0.0,0.75,0.0,0.0,0.13636363636363635,0.7428571428571429,0.4,0.8235294117647058,0.8054256314312442,0.37037037037037046,0.4285714285714286,0.8,0.2564102564102564,0.2857142857142857,0.8604651162790697,0.0,0.11019397441188616,0.0,0.12585812356979387,0.4,1.0,0.9693479295573536,0.8378378378378378,0.9324921135646688,0.0,0.594434306569343,0.6774193548387097,0.0,0.5714285714285714,0.75,1.0,0.88,0.009067357512953178,0.0,0.8152866242038217,1.0,0.0,0.0,0.8259201534588179,0.0,0.14121736520956307,1.0,0.9797297297297297,1.0,0.8095238095238095,0.0,0.0,runif
0.7835178351783518,0.0,0.0,0.5416666666666667,0.0,0.0,0.0,0.0,0.6626008747612887,0.6363636363636364,0.0,0.7544799639801891,0.9392712550607287,0.0,0.8048420188756668,1.0,0.7307692307692308,0.0,0.8947368421052632,1.0,0.0,0.33333333333333326,0.2860757609585475,0.0,0.8945855294681361,0.0,0.0,0.5909090909090908,0.0,0.0,0.5531149301825993,0.0,0.0,0.8125,0.6142131979695432,0.0,0.9375,0.0,0.4285714285714285,0.6428571428571428,0.7647058823529412,0.0,0.0,0.8620689655172413,0.470935454895419,0.0,0.009763424708974844,0.33333333333333337,0.3980099502487562,0.3055555555555557,0.6153846153846154,0.0,0.967456958540494,0.0,0.45475638051044087,0.0,0.9285714285714286,0.646173469387755,0.5785081805925009,0.0,0.37338262476894624,0.8262927895120176,0.9368530020703933,1.0,1.0,0.0,0.8003419702748915,0.0,1.0,0.8593428476601395,0.9075144508670521,1.0,0.0,0.0,0.4662379421221865,0.6636263261485287,0.9305413687436159,0.9473684210526315,0.9838709677419355,1.0,0.0,0.0,0.0,0.8656716417910448,0.0,0.0,0.6000000000000001,0.0,0.0,0.47529418325804473,0.0,0.6666666666666667,0.5476190476190477,0.0,0.7391304347826086,0.850287295169185,0.0,0.7433155080213903,1.0,0.8435462842242503,0.0,1.0,1.0,0.3076923076923076,0.14814814814814825,0.0,0.0,1.0,0.0,0.0,0.2500000000000001,1.0,0.0,0.816358024691358,0.0,1.0,0.980002030250736,0.8571428571428571,0.11111111111111105,0.0,0.36363636363636365,0.36363636363636365,0.75,0.0,0.6959706959706959,0.0,0.9143576826196473,0.8309859154929577,0.0,0.0,0.5833333333333333,0.3849802371541502,0.0,0.3076923076923076,0.5,1.0,0.0,0.7476635514018692,0.0,1.0,1.0,0.8810790743719836,0.0,1.0,0.98,1.0,0.9444444444444444,0.09999999999999987,0.0,0.854220600769482,0.0,0.9736614853195165,0.9022346368715084,0.9673202614379085,1.0,0.0,0.0,0.5470488123720494,0.7298075815186083,0.7612949829261886,1.0,0.9903307888040712,0.9873417721518988,0.0,0.0,0.0,1.0,0.0,0.0,0.5384615384615385,0.0,0.0,0.040983606557377095,0.0,0.6333333333333333,0.4516295913088464,0.0,0.23333333333333328,0.5420560747663552,0.0,0.0,0.8,0.6861924686192469,0.7171052631578947,0.6907216494845361,0.8181818181818181,0.7574750830564785,0.75,0.0,0.0,0.5497872340425533,0.2857142857142857,0.0,0.6666666666666667,0.0,0.0,0.17685589519650657,0.2979591836734694,0.3125,0.7666666666666666,0.0,0.0,1.0,0.0,0.5,0.0,0.40909090909090917,0.7428571428571429,0.4,0.6470588235294117,0.1483560545308742,0.0,0.4285714285714286,0.19999999999999996,0.2564102564102564,0.0,0.0,0.09999999999999998,0.9496491952125464,0.0,0.0,0.0,0.5,0.9693479295573536,0.0,0.16586345381526102,0.26923076923076916,0.8214857142857143,0.8335766423357664,1.0,0.5714285714285714,0.0,0.0,0.0,0.001087754602561719,0.08554306321595262,0.7496635262449529,0.7777777777777778,0.0,0.0,0.4664548022598869,0.13636363636363646,0.6253376012803842,0.6666666666666667,1.0,1.0,0.0,0.0,0.2857142857142857,runif
0.8361986628462273,0.5757111773712628,0.8974358974358975,0.0,0.6546328346253969,0.0,0.0,0.0,0.0,0.875,0.9057097957045573,0.0,0.0,0.0,0.23676153758929563,0.734375,0.7307692307692308,0.8461538461538461,0.052631578947368474,0.6440501043841336,0.9687568756875687,0.0,0.7815660016397923,0.0,0.8677518884987765,0.9803439803439803,0.5593220338983051,0.0,0.6000000000000001,0.0,0.4447361512207929,0.9090909090909091,0.4,0.58203125,0.9491525423728814,0.0,0.0,0.8333333333333334,0.4285714285714285,0.6428571428571428,0.17647058823529416,0.0,0.5789473684210527,0.4482758620689655,0.3361599371033863,0.7935483870967742,0.0,0.0,0.9184782608695652,0.0,0.32730923694779124,0.09714285714285709,0.6213767373211431,0.5,0.8846153846153846,0.0,0.4285714285714285,0.8516206163655686,0.7394057583592621,0.3156498039590705,1.0,0.8819367676321026,0.9601542416452442,0.0,0.1250000000000001,0.7407407407407407,0.04498224385111127,0.0,0.0,0.9630604982206405,1.0,0.9962779156327544,0.206896551724138,0.0,0.4375,0.5778321108394459,0.31181477698331617,0.9473684210526315,0.9919354838709677,0.0,0.9771428571428571,0.0,0.09090909090909094,0.8656716417910448,0.7916666666666666,0.8666666666666667,0.0,0.8406617755674824,0.0,0.4323113707212253,0.0,0.0,0.5476190476190477,0.8282208588957055,0.0,0.0,0.0,0.6799999999999999,0.8102303787582975,0.8435462842242503,0.8974358974358975,0.4363957597173145,0.7333333333333334,1.0,0.0,0.9552238805970149,0.0,0.9965883244882486,1.0,0.8493611297915266,0.0,0.0,0.0,0.44907407407407407,1.0,0.6,0.4464915719325755,0.9285714285714286,0.0,1.0,0.8636363636363636,0.36363636363636365,0.75,0.3523058960887332,0.0,0.8125,0.7528344671201814,0.323943661971831,0.9333333333333333,0.9,0.0,1.0,0.0,0.8168449197860963,0.5,1.0,0.25,0.9390243902439024,0.0,0.33333333333333326,0.7789541918755403,0.701958198051948,0.64298490377048,1.0,0.98,1.0,0.0,0.0,0.75,0.0,0.0,0.8166969147005445,0.9804469273743017,0.7320261437908497,1.0,0.375,0.0,0.0,0.764213942457717,0.12007831194257135,0.9375,0.9829629629629629,0.0,1.0,0.0,0.5,0.6842105263157895,1.0,0.8823529411764706,0.0,0.8627450980392157,0.0,0.625,0.0,0.0,0.4516295913088464,0.8056483449741876,0.0,0.0,0.0,1.0,0.0,0.6861924686192469,0.6567505720823799,0.33333333333333337,0.29999999999999993,0.9519230769230769,0.0,0.7948717948717949,0.0,0.39982876712328763,0.8571428571428572,0.24445411048281862,0.0,1.0,0.0,0.15170008718395833,0.16312056737588654,0.0,0.06666666666666665,0.6,0.33333333333333337,0.8333333333333334,0.75,0.5,0.0,0.0,0.0,0.0,0.17647058823529416,0.0,0.7407407407407407,0.0,0.7,0.5128205128205128,0.0,0.5294117647058822,0.04761904761904756,0.3619479983491539,1.0,0.8747947454844006,0.0,1.0,0.6373626373626374,0.9166666666666666,0.0,1.0,0.8218521897810219,0.8477564102564102,0.0,0.4285714285714286,0.7368421052631579,1.0,0.0,0.5586194133432034,0.9587901842321176,0.09509202453987697,0.0,0.1428571428571428,0.0,0.0,0.13636363636363646,0.6423400508706711,1.0,0.9594594594594594,0.0,0.9523809523809523,0.0,0.0,runif
0.8122762148337596,0.5757111773712628,0.8974358974358975,0.0,0.0,0.5,0.0,0.9187462326702833,0.6273964438263633,0.0,0.8206153846153846,0.0,0.832992700729927,0.0,0.3288740245261984,0.0,0.33333333333333326,0.8958333333333334,1.0,0.0,0.9899225337629396,0.33333333333333326,0.01439024390243926,0.0,0.3880584890333063,0.0,1.0,0.8636363636363636,0.4,0.0,0.25655574298420514,0.9090909090909091,0.4,0.0,0.9491525423728814,0.6363636363636364,0.0625,0.25,0.7142857142857142,0.6428571428571428,0.0,0.9409090909090909,0.4736842105263158,0.49195402298850566,0.27654320987654313,0.7873170731707317,0.7049180327868853,0.8888888888888888,0.40760869565217384,0.37285223367697595,0.9175925925925926,0.024461839530332652,0.062359066868927004,0.0,0.0,0.0,0.4285714285714285,0.44648118630150235,0.4042457900394124,0.45650228844764107,0.8442559753276793,0.27963272120200344,0.5520565552699229,0.0,0.1250000000000001,0.0,0.9574562968248306,0.0,1.0,0.0,0.0,0.0,0.0,0.08695652173913038,1.0,0.6636263261485287,0.0,0.9473684210526315,0.0,1.0,1.0,0.0,0.8636363636363636,0.8656716417910448,0.7916666666666666,1.0,0.0,0.0,0.0,0.0,0.869608195542775,0.6206896551724137,0.75,1.0,0.0,0.8853175373859001,0.0,0.6453900709219857,0.0,0.25,0.926829268292683,1.0,0.0,1.0,0.14814814814814825,0.875,0.0,0.28346592874437915,0.0,1.0,0.75,0.5,0.0,0.44907407407407407,0.9171506000774293,0.5,0.0,1.0,0.7777777777777778,0.12137780207763815,0.36363636363636365,0.8636363636363636,0.75,0.0,0.0,0.6875,0.2103274559193954,0.323943661971831,0.4666666666666667,0.8,0.9583333333333334,0.3846153846153846,0.3267511177347242,1.0,0.7692307692307692,0.7142857142857142,0.0,0.0,0.0,0.33333333333333326,0.7468297101449275,0.675679788961039,0.64298490377048,1.0,0.0,0.7239307681304534,0.0,0.0,0.0,0.9526282669130708,0.0,0.9428571428571428,0.0,0.0,0.0,0.0,0.0,0.0,0.7735804786485219,0.0,0.9375,0.0,0.7341772151898733,1.0,0.0,0.8333333333333334,1.0,1.0,0.8823529411764706,0.0,0.0,0.6000000000000001,0.0,0.9545454545454546,0.8145539906103286,0.0,0.821067415730337,0.0,0.0,0.0,0.4779411764705883,0.5,0.0,0.3846153846153846,1.0,0.0,0.9175438596491228,0.75,0.20512820512820518,0.0,0.8025531914893618,0.2857142857142857,0.5895061728395061,0.8888888888888888,0.6,0.0,0.5773762765121759,0.8888888888888888,0.5055401662049861,0.0,0.6,0.33333333333333337,1.0,0.0,0.75,0.0,0.40909090909090917,0.028571428571428692,0.0,0.3999999999999999,0.0,0.8148148148148149,1.0,0.8,0.2564102564102564,0.5,0.4444444444444444,1.0,0.41580685101114323,0.0,0.0,0.0,1.0,0.0,0.05855855855855874,0.0,0.7692307692307693,0.59765625,0.0,0.0,0.4285714285714286,0.0,0.875,0.0,0.53431189926235,0.8922269019566029,0.15384615384615374,0.0,0.0,0.23809523809523803,0.0,1.0,0.19376220326790672,1.0,0.0,0.7777777777777778,0.9523809523809523,0.0,0.9285714285714286,runif
0.7391304347826086,0.5757111773712628,0.8974358974358975,0.5416666666666667,0.654696449026346,0.0,0.0,0.0,0.7475163557063242,0.0,0.0,0.0,0.0,0.0,0.049475094929640306,0.09999999999999998,0.3846153846153846,0.1794871794871794,0.8421052631578947,0.0,0.4770151636073423,0.33333333333333326,0.030472806777807948,0.0,0.6956468624017591,0.17560975609756102,0.5593220338983051,0.8636363636363636,0.4,0.5,0.5351962217474417,1.0,0.19999999999999996,0.8125,0.5511240029006528,0.9090909090909091,1.0,0.8333333333333334,0.0,0.0,0.2941176470588236,1.0,0.0,0.44885177453027136,0.0,0.32357723577235775,0.009763424708974844,0.8888888888888888,0.0,0.1872852233676976,1.0,0.8629050033061494,1.0,0.0,0.0,0.0,0.9285714285714286,0.06078346965131298,0.4042457900394124,0.8694415224251697,0.36311087756174465,0.8525730180806677,0.9368530020703933,1.0,1.0,0.7407407407407407,0.0,0.0,0.5,0.7281908036097982,0.8901734104046243,0.8,0.0,0.18518518518518512,0.4662379421221865,0.44913830348999084,0.8461695607763023,0.9473684210526315,0.9838709677419355,0.7837837837837838,0.5,0.0,0.0,0.8656716417910448,0.7916666666666666,0.8666666666666667,0.6330545991146089,0.7706611570247934,0.0,0.0,0.0,0.6206896551724137,0.75,0.0,0.0,0.0,0.0,0.0935828877005348,0.4088669950738918,0.20761245674740492,0.28205128205128205,1.0,0.7333333333333334,0.33333333333333326,0.14814814814814825,0.0,0.0,0.8713052576510594,0.7272727272727273,0.8493611297915266,0.75,0.5,1.0,0.82701169797944,0.9154929577464789,0.6666666666666666,0.980002030250736,0.7857142857142857,0.8888888888888888,1.0,0.8636363636363636,0.0,0.0,0.8102282872082642,0.3571428571428571,0.0,0.7455919395465995,0.323943661971831,0.20000000000000007,0.0,0.9583333333333334,0.0,0.4202247191011236,0.4358974358974359,0.9615384615384616,1.0,0.0,0.0,0.0,1.0,0.7468297101449275,0.6417522583838634,1.0,1.0,0.98,1.0,0.9444444444444444,0.09999999999999987,0.75,0.28298908162783,0.0,0.8540587219343696,0.9803921568627451,0.954248366013072,1.0,0.0,0.0,0.5403669266146771,0.6695979899497488,0.33182295770948245,1.0,0.9348268839103869,0.9367088607594937,0.9187386294724076,0.0,0.0,0.6842105263157895,0.9130434782608696,0.8823529411764706,0.5384615384615385,0.9060721062618595,0.0,0.0,0.0,0.8145539906103286,0.0,0.0,0.0,0.5,0.0,0.2777777777777778,0.0,1.0,0.3846153846153846,0.5,0.0,0.0,0.75,0.20512820512820518,0.0,0.33319148936170206,0.0,0.17352056168505514,0.8888888888888888,0.6,0.0,0.30309734513274345,0.0,0.011080332409972193,0.7666666666666666,0.0,1.0,1.0,0.75,0.0,0.0,0.0,0.4285714285714285,0.4,0.17647058823529416,0.0,0.37037037037037046,0.4285714285714286,0.8,0.46153846153846156,0.9523809523809523,1.0,0.5,1.0,0.0,0.3928571428571429,0.0,0.5,0.0,0.05855855855855874,0.6662432966412644,0.3846153846153846,0.810483870967742,0.8335766423357664,1.0,0.5714285714285714,1.0,0.9375,0.0,0.0,0.0,0.6791569086651054,1.0,0.0,0.23809523809523803,0.46193501978180085,0.6666666666666666,0.07487246173852169,0.6666666666666667,0.5,0.9629629629629629,0.8095238095238095,0.0,0.2857142857142857,runif
0.0,0.5768488745980707,0.0,0.5416666666666667,0.0,0.5,0.0008990218642116465,0.9080818802122821,0.49537037037037046,0.0,0.0,0.0,0.0,0.0,0.1627439724454649,0.09999999999999998,0.7307692307692308,0.5769230769230769,0.5789473684210527,0.8837209302325582,0.4770151636073423,0.33333333333333326,0.4153456872813873,0.0,0.5509358885866256,0.9739837398373984,0.8305084745762712,0.31818181818181823,0.0,1.0,0.0,1.0,0.33333333333333326,0.40364583333333337,0.8333333333333334,0.9090909090909091,0.78125,0.8333333333333334,0.4285714285714285,0.0,0.5882352941176471,0.0,0.052631578947368474,0.2886221294363256,0.0,0.7873170731707317,0.2084115659031167,0.0,0.0,0.938207136640557,0.6153846153846154,0.8629050033061494,0.9674770039421814,0.0,0.45221445221445233,0.0,0.4285714285714285,0.5435659126631587,0.7488248369347374,0.629721717509802,0.300475866757308,0.8262927895120176,0.5520565552699229,1.0,0.0,0.2592592592592592,0.0,0.9603960396039604,1.0,0.7028463929330935,0.0,0.0,0.0,0.18518518518518512,0.0,0.44913830348999084,0.9305413687436159,0.9473684210526315,1.0,0.7977977977977978,0.0,0.0,0.09090909090909094,0.0,0.7916666666666666,0.0,0.6156472684085511,0.0,0.0,0.3750378469301935,0.8753431407052861,0.6206896551724137,0.75,0.0,0.0,0.0,0.0,0.15736360769473345,0.8102303787582975,0.7923875432525952,0.641025641025641,0.0,0.3999999999999999,0.33333333333333326,0.14814814814814825,1.0,1.0,0.7026047955839227,1.0,0.9354404841963685,0.2500000000000001,1.0,0.0,0.11237149946827374,0.875725900116144,0.8,0.0,0.9642857142857143,0.8888888888888888,0.8928376161837069,0.8636363636363636,0.36363636363636365,0.0,0.5807932661650299,0.34065934065934067,0.0625,0.0,0.323943661971831,0.4666666666666667,0.4,0.0,0.0,1.0,0.0,0.9615384615384616,1.0,0.0,0.8695652173913043,0.0,0.33333333333333326,0.8333333333333334,0.701958198051948,0.5592603594237338,1.0,0.98,0.8084866691701089,1.0,0.9,0.25,0.28298908162783,1.0,0.9858305697919807,0.8888888888888888,0.0,1.0,0.0,0.0,0.0,0.6682608695652175,0.7612949829261886,0.9375,0.9916958041958042,0.7341772151898733,0.0,0.0,0.08333333333333337,0.0,0.9130434782608696,0.0,0.5384615384615385,0.0,0.6000000000000001,0.9090909090909091,0.7582417582417582,0.7682926829268293,0.0,0.0,0.0,0.5,0.0,0.0,0.0,1.0,0.5641025641025641,1.0,1.0,0.0,0.75,0.46153846153846156,0.0,0.18765957446808512,0.8571428571428572,0.6863925108659311,0.33333333333333337,0.0,0.0,0.27488938053097356,0.0,0.011080332409972193,0.0,0.6,1.0,0.6666666666666667,0.75,0.5,0.0,0.13636363636363635,0.0,0.4,0.8235294117647058,0.0,0.8148148148148149,0.5714285714285714,0.7,0.46153846153846156,0.6666666666666667,0.0,0.8,0.9496491952125464,0.0,0.0,0.0,1.0,0.24286889742183204,0.918918918918919,0.9151606425702811,0.3846153846153846,0.8218521897810219,0.0,1.0,0.0,0.26315789473684204,0.9375,0.88,0.0,0.0,0.7825295723384895,0.0,0.0,0.23809523809523803,0.0,0.6666666666666666,0.6253376012803842,1.0,1.0,0.7777777777777778,0.0,0.0,0.3571428571428571,runif
0.0,0.5757111773712628,0.8974358974358975,0.5416666666666667,0.0,0.5,0.0,0.9108391117599169,0.0,0.6363636363636364,0.9057097957045573,0.722866653217672,0.0,0.0,0.2581174680706251,0.0,0.7307692307692308,0.0,0.8947368421052632,0.0,0.0,0.7692307692307692,0.40803498223558343,0.0,0.3880584890333063,0.9703703703703703,0.4067796610169492,0.0,0.4,0.0,0.0,0.0,0.85,0.625,0.7796610169491526,0.6363636363636364,1.0,0.0,0.9615384615384616,0.0,0.8823529411764706,1.0,0.0,0.0,0.47296951063284653,0.7873170731707317,0.2084115659031167,0.5555555555555556,0.0,0.8450704225352113,0.32730923694779124,0.27428571428571424,0.0,0.0,0.9205666128743052,0.6428571428571428,0.9285714285714286,0.5483243967828417,0.0,0.3156498039590705,0.7635840230298668,0.0,0.0,0.9263565891472868,0.375,0.2592592592592592,0.9509099250649946,0.9603960396039604,1.0,0.8480567904775562,0.0,1.0,0.206896551724138,0.0,0.0,0.9921214725684,0.4772902232486529,0.9473684210526315,0.96875,1.0,0.0,0.0,0.09090909090909094,0.0,0.7916666666666666,1.0,0.6156472684085511,0.0,0.0,0.0,0.8753431407052861,0.0,0.5476190476190477,0.8282208588957055,0.7391304347826086,0.0,0.0,0.15736360769473345,0.0,0.7857142857142857,0.0,0.8785971223021583,0.7333333333333334,0.3076923076923076,0.8148148148148148,1.0,0.0,0.28346592874437915,0.9333333333333333,0.2887773722627738,0.0,0.5,0.0,0.05714854639585809,0.0,1.0,0.13712160082093383,0.8571428571428571,0.7777777777777778,1.0,0.0,1.0,0.0,0.8690027836908465,0.904963537991061,0.0,0.0,0.8309859154929577,0.0,0.4,0.5,0.0,0.45955184200531707,0.8442211055276382,0.0,0.2777777777777777,0.0,0.9376947040498442,0.7777777777777778,1.0,0.9360414866032843,0.0,0.675607419663851,1.0,0.8620689655172413,0.0,0.9333333333333333,0.8,0.25,0.9526282669130708,1.0,0.17142857142857137,0.8888888888888888,0.0,1.0,0.375,0.0,0.5469748168611104,0.9886363636363636,0.0,0.9375,0.9866008462623413,0.7341772151898733,0.0,0.0,0.5,0.0,0.9470404984423676,0.8823529411764706,0.5384615384615385,0.0,0.6000000000000001,0.0,0.9545454545454546,0.0,0.4516295913088464,0.9494047619047619,0.2222222222222222,0.0,0.0,0.9423076923076923,0.5,0.6861924686192469,0.7171052631578947,0.6666666666666667,0.0,0.27243589743589736,0.6666666666666667,0.46153846153846156,0.0,0.8025531914893618,0.8571428571428572,0.43801652892561993,0.0,0.6,0.0,0.0,0.0,0.3125,0.06666666666666665,0.0,0.33333333333333337,0.8333333333333334,0.5,0.75,0.0,0.6666666666666667,0.4285714285714285,0.4,1.0,0.2185672514619884,0.8148148148148149,0.5714285714285714,1.0,0.46153846153846156,0.9523809523809523,0.0,0.4285714285714285,0.42013364949342535,0.0,0.8747947454844006,0.4,0.5,0.22931937172774852,0.22972972972972971,0.0,0.8666666666666667,0.0,0.35096153846153844,1.0,0.5714285714285714,0.625,0.7384615384615385,0.88,0.5912290661368151,0.8625040910578566,0.0,1.0,0.1428571428571428,0.0,1.0,0.9090909090909091,0.003822375855879856,1.0,1.0,0.7777777777777778,0.0,0.0,0.0,runif
0.7835178351783518,0.5757111773712628,0.8974358974358975,0.0,0.6920009030024832,0.0,0.005259555459490528,0.9058220690873753,0.0,0.0,0.0,0.0,0.0,0.0,0.0,0.96875,0.7307692307692308,0.8461538461538461,0.8947368421052632,0.0,0.3967037178995785,0.0,0.7815660016397923,0.0,0.38739817920459996,0.0,0.4067796610169492,0.8636363636363636,0.4,0.0,0.12289275712481473,0.9090909090909091,0.85,0.0,0.6666666666666667,0.0,0.9375,0.8333333333333334,0.4285714285714285,0.6428571428571428,0.17647058823529416,0.0,0.5789473684210527,0.9615384615384616,0.5545300722965697,0.0,0.0,0.8888888888888888,0.8369565217391304,0.9154929577464789,0.5301204819277108,0.09714285714285709,0.008167090641317043,0.5,0.007526342197691882,0.6428571428571428,0.8571428571428571,0.6186683006535947,0.9156623866076515,0.629721717509802,0.8949262324577186,0.8819367676321026,0.0,0.8404255319148937,0.0,0.0,0.77814467823683,0.0,1.0,0.8933893557422969,1.0,1.0,0.206896551724138,0.75,0.0,0.0,0.2894534257120861,0.7368421052631579,1.0,1.0,1.0,0.0,0.09090909090909094,0.8656716417910448,0.7916666666666666,0.8666666666666667,0.0,0.7706611570247934,0.0,0.42412935323383083,0.9770354906054279,0.0,0.0,0.0,0.0,0.0,0.0,0.0,1.0,0.8435462842242503,0.8974358974358975,1.0,0.7333333333333334,0.3076923076923076,0.0,1.0,0.0,0.3164852255054432,0.0,0.2887773722627738,0.75,0.5,0.0,0.0,1.0,1.0,0.8123620309050773,0.5357142857142858,0.11111111111111105,0.9,0.8636363636363636,0.36363636363636365,0.75,0.3479859210011733,0.0,0.8125,0.9772727272727273,0.8309859154929577,0.7142857142857143,0.09999999999999998,0.9583333333333334,0.6695156695156695,1.0,0.9623115577889447,0.5,0.33333333333333326,0.25,0.0,0.7777777777777778,1.0,0.5196629213483146,1.0,0.3516502656100323,1.0,1.0,0.0,0.8666666666666667,0.9,0.0,0.854220600769482,0.0,0.13053964425685882,0.9803921568627451,0.7320261437908497,0.0,0.375,0.0,0.5469748168611104,0.0,0.6438172043010753,0.6875,0.9953086419753087,0.7341772151898733,0.995260663507109,0.0,0.5,0.6842105263157895,0.6567164179104478,0.8823529411764706,0.0,1.0,0.0,0.9090909090909091,0.7582417582417582,0.0,0.0,0.0,0.0,0.0,0.0,0.0,0.8,0.6861924686192469,0.7763157894736842,0.6666666666666667,0.0,0.27243589743589736,0.0,0.7948717948717949,0.0,0.8025531914893618,0.2857142857142857,0.43801652892561993,0.8888888888888888,0.6,0.0,0.2097457627118644,0.6737588652482269,0.3125,0.033333333333333326,0.0,0.0,1.0,0.75,0.5,0.0,0.0,0.0,0.0,0.0,0.2185672514619884,0.0,0.5714285714285714,0.8,0.9743589743589743,0.6666666666666667,1.0,0.04761904761904756,0.0,1.0,0.3928571428571429,0.4,0.0,0.9693479295573536,0.8378378378378378,0.9151606425702811,0.8666666666666667,0.8214857142857143,0.35096153846153844,0.0,0.0,0.0,0.46153846153846156,0.0,0.5912290661368151,0.866935183113299,0.2410901467505241,1.0,0.1428571428571428,0.23809523809523803,0.6360148663229829,0.36363636363636365,0.6036314117113026,1.0,1.0,0.7777777777777778,0.9523809523809523,0.0,0.0,runif
0.7835178351783518,0.0,0.8974358974358975,0.0,0.819094304388422,0.0,0.19803013798111835,0.0,0.6626008747612887,0.875,0.0,0.0,0.9029480111176926,0.0,0.5613574883187147,0.734375,0.3846153846153846,0.0,0.052631578947368474,0.0,0.8837041780054427,0.0,0.7958392101551481,0.0,0.0,0.0,0.0,0.8636363636363636,0.6000000000000001,0.0,0.4447361512207929,0.0,0.35,0.40364583333333337,0.5,0.9090909090909091,0.0,0.0,0.0,0.0,0.4117647058823529,0.0,0.4736842105263158,0.0,0.9295613477431659,0.8421052631578947,0.5080736012016522,0.8888888888888888,0.3897624623619941,0.575,0.0,0.8857142857142857,0.04672476576244833,0.0,0.4522144522144521,0.0,0.0,0.005931700703330045,0.9152409530634181,0.8694415224251697,0.0,0.44550077382268416,0.9368530020703933,0.9166666666666666,1.0,0.2592592592592592,1.0,0.8415841584158416,0.0,0.9718035974720467,0.7391304347826086,1.0,0.0,0.0,1.0,0.9315403422982885,0.0,0.7368421052631579,1.0,1.0,1.0,0.0,0.09090909090909094,0.8656716417910448,0.0,0.8666666666666667,0.0,0.8581357086122774,0.0,0.0,0.0,0.6666666666666667,0.5476190476190477,0.0,0.0,0.8840777087923092,0.0,0.8368983957219251,0.5488721804511277,0.2142857142857142,0.0,0.5297297297297296,0.0,0.9487179487179487,0.0,1.0,1.0,0.0,0.0,0.0,0.75,0.0,0.0,0.44907407407407407,1.0,0.0,0.0,0.0,0.8888888888888888,1.0,0.0,0.0,0.0,0.3523058960887332,0.5238095238095237,0.6875,0.4274376417233561,0.25352112676056326,0.20000000000000007,0.8,0.9583333333333334,0.48766546329723226,0.5767790262172285,0.6074498567335245,0.9615384615384616,0.2777777777777777,0.0,0.7476635514018692,0.0,0.0,0.0,1.0,1.0,0.021739130434782705,0.82,1.0,0.9444444444444444,0.9,0.25,0.9871226037973061,0.8157894736842105,0.0,0.9281767955801105,0.7320261437908497,1.0,0.0,0.0,0.8530254508680263,0.9402004839267197,0.23056852513045867,0.6875,0.9908829174664108,0.9873417721518988,0.9185905224787363,0.0,0.5,1.0,0.0,0.8823529411764706,0.0,1.0,0.0,0.0,0.0,0.6666666666666667,0.4516295913088464,0.0,0.0,0.5420560747663552,0.0,1.0,0.0,0.3916317991631799,0.7171052631578947,0.09278350515463918,0.09090909090909083,0.8803191489361702,0.0,1.0,0.0,0.0,0.2857142857142857,0.0,0.8888888888888888,1.0,0.0,0.15021834061135386,0.0,0.5625,0.0,0.0,1.0,0.0,0.5,0.0,0.0,0.09090909090909094,0.7428571428571429,0.0,0.0,0.8391812865497076,0.37037037037037046,0.7142857142857143,0.8,0.0,0.2857142857142857,0.0,0.5,0.41580685101114323,0.0,0.0,0.0,0.0,0.674916706330319,0.8378378378378378,0.6360441767068272,0.0,0.24434285714285708,0.8335766423357664,1.0,0.0,0.0,0.9375,0.92,0.90707856307617,0.866935183113299,0.06929133858267733,0.0,0.0,0.0,0.4664548022598869,0.9090909090909091,0.0,1.0,1.0,1.0,0.8095238095238095,0.0,0.0,runif
0.0,0.0,0.8974358974358975,0.0,0.6546702903733371,0.5,0.0,0.8938083708059495,0.49537037037037046,0.6363636363636364,0.0,0.7547730547550432,0.8379406740177047,0.0,0.0,0.09999999999999998,0.0,0.5769230769230769,0.5789473684210527,0.9302325581395349,0.9702866708516426,0.33333333333333326,0.030472806777807948,0.0,0.5556620348187191,0.9565217391304348,0.0,0.5909090909090908,0.6000000000000001,1.0,0.0,0.9811320754716981,0.35,0.07421875000000011,0.8587570621468926,0.0,0.0625,1.0,0.3846153846153847,0.6428571428571428,0.0,0.0,0.0,0.5480167014613779,0.9295613477431659,0.3157894736842105,0.5080736012016522,0.33333333333333337,0.8792756539235412,0.8890339425587467,0.07692307692307698,0.3440599515098083,0.0,0.0,0.30043033889187754,0.0,0.4285714285714285,0.4124149659863945,0.45895020188425306,0.35306735306735315,0.300475866757308,0.0,0.5714285714285714,0.7166666666666667,0.1250000000000001,0.5555555555555556,0.9753228782287823,0.8415841584158416,1.0,0.7463404852616804,0.7976878612716763,0.8,0.0,0.0,1.0,0.9310344827586207,0.8461695607763023,0.0,0.96875,1.0,1.0,0.9375,0.09090909090909094,0.0,0.0,0.9090909090909091,0.0,0.8406617755674824,0.0,0.0,0.6363636363636364,0.6206896551724137,0.0,0.0,0.7391304347826086,0.8982207061860422,0.0,0.0,0.8102303787582975,0.0,0.641025641025641,0.4811059907834102,1.0,1.0,0.14814814814814825,0.0,0.0,0.702698028363888,1.0,0.0,0.2500000000000001,0.0,0.0,0.07002314814814825,0.9122270281675282,0.0,0.6547836684948203,0.8571428571428571,0.0,0.13568670711527853,0.8636363636363636,0.36363636363636365,0.75,0.590943057838888,0.0,0.0,0.2103274559193954,0.25352112676056326,0.20000000000000007,0.8,0.5833333333333333,0.6868231046931408,0.48468606431853,0.0,0.0,0.33333333333333326,0.0,0.3125,0.0,0.33333333333333326,0.8333333333333334,0.647271413082761,0.19148936170212782,0.5869565217391305,0.12,0.0,0.8666666666666667,0.0,0.75,0.945054945054945,0.8157894736842105,0.9782608695652174,0.8888888888888888,0.9673202614379085,0.9256198347107438,0.0,0.0,0.8200359928014397,0.9394700776610324,0.33182295770948245,0.0,0.9022403258655805,0.9873417721518988,0.9993935718617344,1.0,0.5,0.0,0.0,0.8823529411764706,0.0,1.0,0.6000000000000001,0.0,0.7582417582417582,0.0,0.5084155542658154,0.0,0.75,0.0,0.0,0.0,0.0,1.0,0.5641025641025641,1.0,0.75,0.9219269102990033,0.75,0.20512820512820518,0.0,0.18765957446808512,0.7142857142857143,0.0,0.6666666666666667,1.0,0.0,0.08579335793357945,0.7428571428571429,0.2119113573407203,0.09999999999999998,0.0,0.33333333333333337,0.0,0.75,0.5,0.0,0.13636363636363635,0.028571428571428692,0.4,1.0,0.9335827876520112,0.37037037037037046,0.7142857142857143,0.19999999999999996,0.9743589743589743,0.2857142857142857,0.19999999999999996,0.9,0.07723577235772361,0.0,0.11494252873563238,0.0,1.0,0.22931937172774852,0.05855855855855874,0.21703470031545746,0.3846153846153846,0.0,0.6774193548387097,0.0,0.4285714285714286,0.4375,0.6666666666666666,0.92,0.000980766087288143,0.0,0.0,0.52,0.0,0.0,0.82909604519774,1.0,0.07487246173852169,0.0,1.0,1.0,0.9523809523809523,0.9,0.0,runif
0.8361986628462273,0.5768488745980707,0.8974358974358975,0.0,0.0,0.5,0.0,0.0,0.7067232521777977,0.6363636363636364,0.0,0.7545520100955472,0.8145359881798353,0.0,0.15300459806564137,1.0,0.9615384615384616,0.1794871794871794,0.8947368421052632,0.981736733287388,0.0,0.33333333333333326,0.7815660016397923,0.0,0.8680326998619811,0.889795918367347,0.864406779661017,0.5909090909090908,0.4,1.0,0.11815252416756161,0.9090909090909091,0.19999999999999996,0.5794270833333334,0.0,0.6363636363636364,0.0,1.0,0.0,0.6428571428571428,0.4117647058823529,0.6796116504854369,0.0,0.2931034482758621,0.0,0.7894736842105263,0.8333333333333333,0.5555555555555556,0.528888888888889,0.0,0.5384615384615385,0.8629050033061494,0.0,0.5,0.3036766018204534,0.0,0.8571428571428571,0.586565752128666,0.7917341977309562,0.6964821964821966,0.0,0.8262927895120176,0.11904761904761907,0.44999999999999996,0.375,0.2592592592592592,0.77814467823683,0.9603960396039604,0.48863636363636365,0.9627850279650079,0.9075144508670521,0.6666666666666666,0.206896551724138,0.0,1.0,0.9516105803850031,0.8461695607763023,0.9473684210526315,1.0,1.0,0.0,0.0,0.09090909090909094,0.8656716417910448,0.7916666666666666,0.9090909090909091,0.0,0.0,0.0,0.4939424667769653,0.0,0.6206896551724137,0.5476190476190477,0.0,0.7391304347826086,0.8722260509993108,0.0,0.05555555555555569,0.761811792268645,1.0,0.28205128205128205,1.0,1.0,0.0,0.14814814814814825,0.9552238805970149,0.0,0.9964705882352941,0.9111111111111111,0.9433878814683768,0.2500000000000001,0.5,1.0,0.0,0.704225352112676,0.8,0.4464915719325755,0.0,0.7777777777777778,0.0,0.8636363636363636,0.0,0.75,0.3527162657320376,0.3571428571428571,0.0,0.0,0.0,0.9333333333333333,0.09999999999999998,0.5,0.782608695652174,1.0,1.0,0.9615384615384616,0.33333333333333326,0.25,0.3125,0.0,1.0,0.26923076923076916,1.0,1.0,0.0,0.98,0.7935126582278481,0.46666666666666656,0.8,0.25,0.7242700156985871,1.0,0.9782608695652174,1.0,0.9673202614379085,1.0,0.375,0.0,0.8161764705882353,0.9402004839267197,0.9356101805525343,0.9375,0.9951653944020357,0.7341772151898733,0.0,0.0,0.08333333333333337,0.6842105263157895,1.0,0.8823529411764706,0.0,0.0,0.6000000000000001,0.9090909090909091,0.0,0.6333333333333333,0.4516295913088464,0.0,0.23333333333333328,0.5420560747663552,0.0,0.0,1.0,0.9372384937238494,0.3638443935926773,0.6666666666666667,0.9,0.537375415282392,0.75,0.7948717948717949,0.0,0.39982876712328763,0.7142857142857143,0.7311935807422267,0.6666666666666667,0.6,0.0,0.20218340611353702,0.18367346938775508,0.75,0.06666666666666665,0.19999999999999996,0.33333333333333337,1.0,0.75,0.0,0.0,0.09090909090909094,0.4285714285714285,0.4,0.8235294117647058,0.4629629629629629,0.7407407407407407,0.5714285714285714,1.0,0.5128205128205128,0.8571428571428572,0.8571428571428572,0.8,0.07723577235772361,1.0,0.11494252873563238,0.0,0.0,0.15919487648673392,0.8333333333333334,0.5930599369085173,0.0,0.808765915768854,0.09677419354838701,0.5,0.5714285714285714,0.625,0.6666666666666666,0.88,0.0030337176042297687,0.3260500636402207,0.8152866242038217,0.4,0.1428571428571428,0.0,0.82909604519774,0.9090909090909091,0.0,1.0,1.0,0.7777777777777778,0.0,0.0,0.3571428571428571,runif
0.0,0.882051282051282,0.8974358974358975,0.5416666666666667,0.819094304388422,0.5,0.038877713810085424,0.0,0.6246575342465753,0.0,0.0,0.0,0.9392712550607287,0.0,0.0,0.734375,0.0,0.5769230769230769,0.8947368421052632,0.6046511627906976,0.3467395548613823,0.33333333333333326,0.0,0.0,0.0,0.27295597484276723,0.0,0.5909090909090908,0.8,0.0,0.9122079285901812,0.7547169811320755,0.85,0.40364583333333337,0.6666666666666667,0.0,0.0,0.25,1.0,0.0,0.5882352941176471,0.0,0.5789473684210527,0.6168032786885247,0.9420216147488875,1.0,0.0,0.8888888888888888,0.9184782608695652,0.9347079037800687,0.32730923694779124,0.09714285714285709,1.0,0.5,0.4522144522144521,0.6428571428571428,0.9285714285714286,0.19604557640750653,0.9156623866076515,0.8694415224251697,0.8949262324577186,0.928450007726781,0.5520565552699229,0.9321808510638298,1.0,0.7407407407407407,0.9556836761036055,0.0,0.0,0.9789119310530568,0.7391304347826086,0.0,0.0,0.75,0.32797427652733113,0.2988958990536277,1.0,0.7368421052631579,1.0,0.0,0.0,0.0,0.8636363636363636,0.0,0.7916666666666666,0.8666666666666667,0.6330545991146089,0.8581357086122774,0.0,0.6950757575757576,0.0,0.6206896551724137,0.75,0.0,0.0,0.8749650704940938,0.0,0.0,0.4088669950738918,0.0,0.641025641025641,1.0,0.7333333333333334,0.0,0.14814814814814825,1.0,0.0,0.0,0.7272727272727273,0.0,0.2500000000000001,1.0,0.0,0.9307048984468339,1.0,1.0,0.0,0.5357142857142858,0.0,0.0,0.36363636363636365,0.8636363636363636,0.0,0.6045940479630164,0.6190476190476191,0.8125,0.5909090909090908,0.971830985915493,1.0,0.09999999999999998,0.9583333333333334,1.0,1.0,0.8442211055276382,0.5,1.0,0.25,0.7476635514018692,0.7777777777777778,1.0,0.5689915458937198,1.0,1.0,1.0,0.0,0.8084866691701089,0.9333333333333333,0.8,0.75,0.8896244942712996,0.0,0.0,0.8219743907476249,0.7320261437908497,1.0,0.0,0.0,0.0,0.34659090909090917,0.2667013064133017,0.6875,0.9953086419753087,0.0,0.0,0.0,0.8333333333333334,0.0,1.0,0.8823529411764706,0.5384615384615385,1.0,0.6000000000000001,0.040983606557377095,0.0,0.6774193548387096,0.0,0.0,0.0,0.0,0.0,0.2777777777777778,0.0,1.0,0.5641025641025641,0.6666666666666667,0.0,0.0,0.75,0.8571428571428572,0.0,0.0,0.0,0.0,0.6666666666666667,0.8,0.0,0.8268839103869654,0.16312056737588654,0.6428571428571429,0.0,0.6,0.33333333333333337,0.0,0.0,0.75,0.0,0.13636363636363635,0.028571428571428692,0.0,0.8235294117647058,0.957131079967024,0.7407407407407407,0.5714285714285714,0.8,0.5128205128205128,0.6666666666666667,0.4186046511627908,1.0,1.0,1.0,0.0,0.4,0.5,0.2625416468348406,0.8378378378378378,0.6360441767068272,0.26923076923076916,0.8102350636630754,0.0,1.0,0.5714285714285714,0.75,0.46153846153846156,0.0,0.9231053079761566,0.7080257463907779,0.26923076923076916,0.0,0.0,0.23809523809523803,0.6360148663229829,0.0,0.2014520163504362,1.0,1.0,0.0,0.0,0.0,0.9285714285714286,runif
0.0,0.0,0.8974358974358975,0.0,0.0,0.0,0.0,0.9339941428249605,0.6275288897718618,0.0,0.798682883791278,0.8424289008455035,0.0,0.0,0.9002211845662325,0.19999999999999996,1.0,0.47916666666666663,0.22222222222222232,0.9814814814814815,0.0,0.33333333333333326,0.41351235537780306,0.0,0.8945012787723785,0.9497991967871486,0.96,0.9090909090909091,0.6000000000000001,0.5,0.16960588866738258,0.0,0.0,0.09166976571216068,0.9090909090909091,0.0,1.0,1.0,0.8461538461538461,0.0,0.4117647058823529,1.0,0.052631578947368474,0.4482758620689655,0.6339212131201581,0.3290322580645161,0.9001821493624772,0.2222222222222222,0.4894613583138173,0.0,0.924074074074074,0.22309197651663393,0.6227847062684608,0.5,0.9392136367291147,0.0,0.4285714285714285,0.6308096380038826,0.969513744220314,0.0,0.8442559753276793,0.0,0.9761904761904762,0.6974358974358974,0.0,0.5555555555555556,0.25894639840270306,0.9603960396039604,1.0,0.0,0.9075144508670521,1.0,0.206896551724138,0.75,1.0,0.9516105803850031,0.9305413687436159,0.0,1.0,1.0,1.0,0.0,0.8636363636363636,0.0,0.0,0.9090909090909091,0.0,0.0,0.0,0.0,0.8774044141972683,0.6206896551724137,0.75,1.0,0.7391304347826086,0.0,0.0,0.9615384615384616,0.901702786377709,1.0,0.5609756097560976,0.0,1.0,0.0,0.14814814814814825,1.0,0.0,1.0,1.0,0.9726663228468283,1.0,0.0,1.0,0.07002314814814825,0.0,1.0,0.23392966464866327,0.9642857142857143,0.11111111111111105,1.0,0.8636363636363636,0.8636363636363636,0.0,0.3527162657320376,0.7142857142857142,0.0625,0.7455919395465995,0.8309859154929577,0.20000000000000007,0.9,0.5416666666666667,0.0,0.20516962843295627,0.0,0.23076923076923073,0.4444444444444444,0.25,0.9375,0.0,0.33333333333333326,0.48294082125603865,1.0,0.0,1.0,0.12,0.7389240506329114,0.8666666666666667,0.9,0.75,0.0,1.0,0.9811320754716981,0.0,0.9673202614379085,1.0,0.375,0.0,0.8210541893791776,0.9465169002473207,0.7812862781518459,0.0,1.0,0.9873417721518988,1.0,0.0,0.8333333333333334,0.0,0.0,0.8823529411764706,0.0,0.0,0.0,0.0,1.0,0.6774193548387096,0.0,0.785428105060098,0.8461538461538461,0.5,0.0,1.0,0.29999999999999993,0.7432905484247374,0.0,0.75,0.9,0.7574750830564785,0.75,0.46153846153846156,0.0,0.5497872340425533,0.7142857142857143,0.10493827160493818,0.8888888888888888,1.0,0.0,0.10799999999999998,0.7777777777777778,0.6468144044321329,0.06666666666666665,0.6,0.0,1.0,0.75,0.75,0.0,0.09090909090909094,0.7428571428571429,0.4,0.5333333333333333,0.17816527672479165,0.37037037037037046,1.0,0.0,0.46153846153846156,0.5,1.0,0.0,0.3619479983491539,1.0,0.8546120952962737,0.0,1.0,0.9559435862995299,0.8378378378378378,0.0,0.7692307692307693,0.0,1.0,0.0,0.0,0.4375,1.0,0.88,0.4285252263906856,0.8853415358506577,0.3076923076923077,1.0,0.1428571428571428,0.23809523809523803,0.82909604519774,1.0,0.6253376012803842,0.0,1.0,1.0,0.9523809523809523,0.0,0.9285714285714286,runif
0.0,0.0,0.0,0.896551724137931,0.0,0.0,0.823814295257181,0.9339941428249605,0.0,0.0,0.798682883791278,0.0,0.0,0.0,0.0,0.19999999999999996,0.33333333333333326,1.0,1.0,0.6481481481481481,0.2951108759864216,0.0,0.40731707317073185,0.0,0.38739817920459996,1.0,1.0,0.0,0.8,0.5,0.16960588866738258,1.0,0.19999999999999996,0.7346491228070176,0.9090909090909091,0.0,0.0,0.2222222222222222,0.9615384615384616,0.6428571428571428,0.7647058823529412,1.0,0.0,0.4482758620689655,0.0,0.7894736842105263,0.4123861566484518,0.2222222222222222,0.0,0.1872852233676976,0.924074074074074,0.0,0.6227847062684608,0.0,0.46996996996997,0.6428571428571428,0.9285714285714286,0.17220229140145815,0.40972435251325656,0.0,0.8407777193904362,0.8964941569282137,0.0,1.0,0.0,0.2592592592592592,0.9788899118768907,0.0,1.0,0.0,0.6416184971098267,1.0,0.206896551724138,0.0,1.0,0.954360228198859,0.0,0.9473684210526315,1.0,0.8038461538461539,1.0,0.9375,0.0,0.0,0.0,0.0,0.9136442141623489,0.0,0.0,0.4258332315956539,0.8769858206477925,0.0,0.75,0.8282208588957055,0.0,0.0,0.0,0.06909547738693478,0.9557522123893806,0.25,1.0,0.850828729281768,0.7333333333333334,0.0,0.0,0.0,1.0,0.32162373145979717,0.9333333333333333,1.0,0.0,1.0,1.0,0.07002314814814825,1.0,0.8,0.7299265106151334,0.8571428571428572,0.0,0.0,0.0,1.0,0.75,0.8861646234676007,0.7142857142857142,0.0,0.7455919395465995,0.0,0.9333333333333333,0.4,0.5416666666666667,0.0,0.45955184200531707,0.0,0.5,0.4444444444444444,0.0,0.31464174454828653,0.7777777777777778,1.0,0.5689915458937198,0.6417522583838634,0.0,1.0,0.82,0.0,0.0,0.9,0.25,0.9762225284572922,0.0,0.8540587219343696,0.0,0.7320261437908497,1.0,0.375,0.0,0.5470488123720494,0.9862943116240726,0.0,1.0,0.9878957915831663,0.7341772151898733,1.0,1.0,0.0,0.0,0.0,0.0,0.5384615384615385,0.0,0.0,0.9090909090909091,0.9545454545454546,0.0,0.0,0.785428105060098,0.0,0.5,0.0,0.0,0.29999999999999993,0.0,0.9487179487179487,1.0,0.29999999999999993,0.537375415282392,0.0,0.0,0.0,0.8025531914893618,0.8571428571428572,0.6481481481481481,0.0,0.8,0.0,0.03331350386674592,0.0,0.011080332409972193,0.09999999999999998,0.0,0.33333333333333337,1.0,0.5,0.75,0.0,0.6363636363636364,0.7428571428571429,0.4,0.5333333333333333,0.4444444444444444,0.7407407407407407,1.0,0.0,0.46153846153846156,0.0,1.0,1.0,0.3619479983491539,0.0,0.5789473684210527,0.4,0.5,0.23586299529885835,0.05855855855855874,0.13062193854831516,0.7692307692307693,0.8984375,0.5868613138686132,0.0,0.0,0.0,0.9375,0.0,0.44082809224318653,0.8922269019566029,0.0,1.0,0.1428571428571428,0.0,0.46031746031746035,1.0,0.14121736520956307,0.6666666666666667,1.0,0.7777777777777778,0.9523809523809523,0.9,0.2857142857142857,runif
0.0,0.0,0.8974358974358975,0.5416666666666667,0.6534582339587943,0.5,0.2058021098581302,0.8943833943833943,0.6246575342465753,0.0,0.8339135799748805,0.650122959982115,0.8446291560102301,0.0,0.1533892936331962,0.0,0.7307692307692308,0.5769230769230769,0.0,0.9814814814814815,0.20877993158494867,0.7692307692307692,0.7815660016397923,0.0,0.4889611117337218,0.9931856899488927,0.0,0.8636363636363636,0.6000000000000001,0.5,0.8607948442534908,0.7735849056603774,0.19999999999999996,0.8125,0.9491525423728814,0.9090909090909091,1.0,0.0,0.7142857142857142,0.6428571428571428,0.368421052631579,0.33009708737864085,0.4736842105263158,0.4482758620689655,0.2919638344471275,0.0,0.8333333333333333,0.0,0.48067915690866514,0.0,1.0,0.20277716552788194,0.6207703679369252,0.5,0.15384615384615385,0.6428571428571428,0.0,0.6428571428571428,0.8626280185934017,0.0,0.8687967369136642,0.9089100154764537,0.0,0.0,1.0,0.2592592592592592,0.04498224385111127,0.9603960396039604,0.6448863636363635,0.9630604982206405,1.0,0.999379652605459,0.206896551724138,0.08695652173913038,1.0,0.6636263261485287,0.31181477698331617,0.9473684210526315,0.9919354838709677,1.0,0.0,0.0,0.6818181818181819,0.0,0.0,0.8666666666666667,0.6330545991146089,0.8406617755674824,0.0,0.0,0.8799421979011205,0.6206896551724137,0.0,0.8282208588957055,0.7391304347826086,0.895003885359053,0.0,0.05555555555555569,0.0,0.8435462842242503,0.641025641025641,0.0,1.0,0.5,0.8148148148148148,0.9552238805970149,0.0,0.6635514018691588,1.0,0.16909331568497699,0.75,0.0,1.0,0.9311342592592593,0.5070422535211268,0.6666666666666666,0.4,0.9285714285714286,0.8888888888888888,1.0,0.0,0.8636363636363636,0.75,0.6632149115819659,0.0,0.6875,0.75,0.25352112676056326,0.0,0.8,0.0,0.0,0.27193315609570823,0.0,0.7692307692307692,0.4444444444444444,0.25,0.75,0.7777777777777778,0.0,0.7732185072610605,0.5,0.9090909090909091,0.0,0.86,0.33939873417721533,0.0,0.09999999999999987,0.25,0.0,1.0,1.0,0.9804469273743017,0.954248366013072,0.9230769230769231,0.375,0.0,0.9632352941176471,0.9318181818181818,0.12007831194257135,1.0,0.9854961832061069,0.9873417721518988,0.0,0.0,0.75,0.0,0.0,0.8823529411764706,0.5384615384615385,0.8972868217054264,0.6000000000000001,0.0,1.0,0.6333333333333333,0.0,0.780864431155855,0.23333333333333328,0.5420560747663552,0.0,0.0,0.5,0.6861924686192469,0.8443935926773455,0.0,0.9,0.7083333333333333,0.6666666666666667,0.7948717948717949,0.0,0.2148972602739725,0.7142857142857143,0.0,0.8888888888888888,1.0,0.0,0.6866096866096867,0.43673469387755093,0.75,0.7666666666666666,0.6,1.0,0.0,0.5,0.75,0.0,0.13636363636363635,0.028571428571428692,0.0,0.17647058823529416,0.8549382716049383,0.0,0.7142857142857143,0.7,0.46153846153846156,0.8571428571428572,0.38235294117647045,0.0,0.3421052631578948,1.0,0.0,0.4,0.0,0.0,0.0,0.16586345381526102,0.6923076923076923,0.8004105839416058,0.0,0.0,0.5714285714285714,0.625,0.0,0.88,0.5899025307797537,0.32249293597057105,0.6396989651928504,1.0,0.1428571428571428,0.23809523809523803,0.9844632768361582,0.13636363636363646,0.7293701583024588,0.6666666666666667,0.9594594594594594,1.0,0.0,0.0,0.7142857142857143,runif
0.0,0.0,0.8974358974358975,0.5416666666666667,0.0,0.0,0.2767857142857142,0.0,0.0,0.6363636363636364,0.798682883791278,0.7544799639801891,0.0,0.0,0.7135061391541611,0.0,0.0,0.0,0.5789473684210527,0.875,0.20551866269750396,0.33333333333333326,0.7815660016397923,0.0,0.5556620348187191,0.9851851851851852,0.0,0.8636363636363636,0.4,0.0,0.8607948442534908,0.9433962264150944,0.35,0.07421875000000011,0.6526468455402467,0.6363636363636364,0.0625,1.0,0.9615384615384616,0.0,0.0,1.0,0.5789473684210527,0.2931034482758621,0.9310875249961544,0.7894736842105263,0.2084115659031167,0.33333333333333337,0.0,0.3055555555555557,0.5384615384615385,0.0,0.9674770039421814,0.5,0.8886101354741596,0.6428571428571428,0.0,0.03343492291143768,0.5822153357771817,0.8694415224251697,0.8259687287559483,0.9444130925507901,0.9761904761904762,1.0,0.375,0.2592592592592592,0.9788899118768907,0.0,1.0,0.8480567904775562,0.9075144508670521,0.0,0.0,0.0,0.9421221864951769,0.9677403869233354,0.31181477698331617,0.9473684210526315,0.9838709677419355,0.8038461538461539,0.0,0.0,0.0,0.0,0.0,0.9090909090909091,0.6000000000000001,0.0,0.0,0.0,0.0,0.0,0.5476190476190477,1.0,0.7391304347826086,0.0,0.0,0.7419354838709677,0.0,0.0,0.0,1.0,0.3999999999999999,0.0,0.14814814814814825,1.0,0.0,0.7090336134453782,0.9111111111111111,0.0,0.75,0.5,0.0,0.9311342592592593,0.9154929577464789,0.0,0.5986301369863014,0.8571428571428571,0.7777777777777778,0.0,0.8636363636363636,1.0,0.0,0.3527162657320376,0.3571428571428571,0.8125,0.0,0.25352112676056326,0.9333333333333333,0.4,0.5833333333333333,0.8421052631578947,0.0,1.0,0.5,1.0,0.25,0.9375,0.7777777777777778,0.0,0.39102564102564097,0.0,1.0,1.0,0.86,0.9090909090909091,0.0,0.8,0.25,0.9762225284572922,0.0,0.9736614853195165,0.8306831566548881,0.9673202614379085,0.9917355371900827,0.0,0.0,0.9644821547492786,0.9772727272727273,0.5000656685053848,0.9375,0.9348268839103869,0.7341772151898733,0.0,0.0,0.0,0.0,0.0,0.8823529411764706,0.5384615384615385,0.0,0.0,0.0,0.0,0.0,0.4516295913088464,0.7855769230769231,0.23333333333333328,0.0,0.0,0.0,0.5,0.0,0.7171052631578947,1.0,0.6363636363636364,0.7083333333333333,0.75,0.7948717948717949,0.0,0.18765957446808512,0.7142857142857143,0.0,0.8888888888888888,0.6,0.0,0.6927374301675977,0.0,0.5522959183673469,0.09999999999999998,0.0,0.33333333333333337,0.0,0.75,0.75,0.0,0.09090909090909094,0.4285714285714285,0.0,0.8235294117647058,0.8549382716049383,0.7407407407407407,0.5714285714285714,0.19999999999999996,0.0,0.0,0.55,0.09999999999999998,0.9473684210526315,1.0,0.8747947454844006,0.4,0.0,0.2625416468348406,0.0,0.6360441767068272,0.7692307692307693,0.8,1.0,0.0,0.5714285714285714,0.625,0.9076923076923077,0.0,0.0,0.08639441275257242,0.966053748231966,0.4,0.0,0.0,0.9841269841269842,0.9090909090909091,0.6377913374012205,1.0,0.9797297297297297,0.7777777777777778,0.0,0.0,0.2857142857142857,runif
0.0,0.0,0.0,0.0,0.0,0.0,0.0011844938980617448,0.0,0.0,0.0,0.0,0.65027808676307,0.0,0.0,0.7804706708816297,0.734375,0.3846153846153846,0.1794871794871794,0.0,0.25,0.0,0.0,0.04591798764605193,0.0,0.3960174288390276,0.9870967741935484,0.864406779661017,0.9090909090909091,0.6000000000000001,0.0,0.6553426096088213,0.9433962264150944,0.5,0.0,0.6142131979695432,0.9090909090909091,1.0,0.2222222222222222,0.8461538461538461,0.6428571428571428,0.2941176470588236,0.0,0.8947368421052632,0.0,0.9289105607596562,0.791869918699187,0.8711978971085242,0.2222222222222222,0.5644028103044496,0.8591549295774648,0.9317269076305221,0.09714285714285709,0.06178208073514946,0.0,0.9209352132786007,0.0,0.9285714285714286,0.07410388950088975,0.7245317717659585,0.9004719004719005,0.4025837988826817,0.8525730180806677,0.0,0.9321808510638298,1.0,0.0,0.0,0.0,1.0,0.8561058601134215,1.0,0.0,0.0,0.0,1.0,0.9516105803850031,0.9305413687436159,0.7368421052631579,1.0,1.0,0.0,0.9375,0.6818181818181819,0.0,0.0,0.0,0.0,0.0,0.0,0.448405473659482,0.0,0.0,0.0,0.0,0.7391304347826086,0.0,0.0,0.8387096774193549,0.5488721804511277,0.20761245674740492,0.28205128205128205,0.0,0.0,0.3076923076923076,0.0,0.0,0.0,0.314151190164792,0.9111111111111111,0.956960322797579,1.0,0.0,0.0,0.816358024691358,0.9154929577464789,0.6,0.8533143843264643,0.8571428571428571,0.8888888888888888,1.0,0.0,0.8636363636363636,0.75,0.8265891349370719,0.0,0.9375,0.4274376417233561,0.25352112676056326,0.9333333333333333,0.9,0.5416666666666667,0.9172683513838749,0.20516962843295627,0.0,0.5,0.2777777777777777,0.0,1.0,0.0,1.0,0.7789541918755403,0.8506204071798579,0.679144385026738,0.0,0.98,0.33939873417721533,0.9333333333333333,0.09999999999999987,0.0,0.30843251456064813,0.0,0.10869565217391297,0.9281767955801105,0.954248366013072,0.9256198347107438,0.0,0.0,0.8210541893791776,0.9402004839267197,0.7612949829261886,0.6875,0.9348268839103869,0.9873417721518988,0.0,1.0,0.75,0.0,0.0,0.0,0.0,0.0,0.0,0.040983606557377095,0.0,0.0,0.0,0.0,0.2222222222222222,0.0,0.0,1.0,0.0,0.3916317991631799,0.30043859649122806,0.0,0.09090909090909083,0.4308510638297872,0.0,0.20512820512820518,0.0,0.8025531914893618,0.7142857142857143,0.799043062200957,0.8888888888888888,1.0,0.0,0.057430432208407045,0.34751773049645385,0.0,0.033333333333333326,0.0,1.0,0.8333333333333334,0.5,0.75,0.0,0.6666666666666667,0.0,0.8,0.0,0.8104624715693708,0.7407407407407407,0.0,0.0,0.5128205128205128,0.8571428571428572,1.0,0.04761904761904756,0.41580685101114323,0.0,0.8747947454844006,0.0,0.5,0.0,0.0,0.9324921135646688,0.6666666666666666,0.8214857142857143,0.0,1.0,0.5714285714285714,0.0,1.0,0.0,0.4778782760311665,0.8625040910578566,0.8913385826771654,0.7777777777777778,0.0,0.0,0.82909604519774,0.9090909090909091,0.6761991224088364,1.0,0.5,1.0,0.0,0.9,0.7142857142857143,runif
0.0,0.0,0.8974358974358975,0.0,0.8935225303292894,0.0,0.0,0.9183340878225441,0.0,0.0,0.8339135799748805,0.0,0.0,0.0,0.5215450984281251,0.734375,0.0,0.8461538461538461,0.8421052631578947,0.0,0.6710822625513313,0.33333333333333326,0.41067230841560876,0.0,0.24444444444444458,0.8493975903614458,0.864406779661017,0.9090909090909091,0.4,0.5,0.0770805985823052,0.7735849056603774,0.85,0.7355894384529564,0.9090909090909091,0.0,0.78125,0.0,0.0,0.6428571428571428,0.0,0.8796992481203008,0.0,0.2886221294363256,0.2919638344471275,0.9010989010989011,0.8711978971085242,0.5555555555555556,0.3897624623619941,0.9347079037800687,0.0,0.0,0.04672476576244833,0.5,0.0,0.0,0.4285714285714285,0.6257714714195075,0.9156623866076515,0.9265976117553942,0.4148974451241453,0.44550077382268416,0.9368530020703933,0.9166666666666666,1.0,0.7777777777777778,0.0,0.8415841584158416,0.0,0.8133203694701021,0.0,1.0,0.0,0.75,1.0,0.9677403869233354,0.29143271146531413,0.9473684210526315,1.0,1.0,0.0,0.0,0.09090909090909094,0.0,0.0,1.0,0.0,0.9411347517730496,0.0,0.5764079459348761,0.7468354430379747,0.0,1.0,1.0,0.0,0.0,0.0,0.8368983957219251,0.45205479452054786,0.0,0.8974358974358975,1.0,0.0,0.84375,0.14814814814814825,1.0,0.0,0.21955440190352593,0.9111111111111111,0.956960322797579,1.0,1.0,1.0,0.0,0.41889276035617506,1.0,0.7293381402625672,0.9285714285714286,0.11111111111111105,0.881367759944173,0.0,0.0,0.75,0.6513426736719206,0.6190476190476191,0.0,0.0,0.25352112676056326,0.20000000000000007,0.9,0.5,0.48766546329723226,1.0,0.645466847090663,0.23076923076923073,0.2777777777777777,0.25,0.5015576323987538,0.0,0.33333333333333326,0.9305555555555556,1.0,1.0,0.0,0.82,1.0,0.9444444444444444,0.8,0.875,0.0,1.0,0.0,0.14508670520231204,0.0,1.0,0.0,0.0,0.8457615195216321,0.9848104157149383,0.38756931225688984,0.9375,1.0,0.9367088607594937,0.0,0.0,0.08333333333333337,0.0,0.0,0.8823529411764706,0.0,0.8972868217054264,0.0,0.9090909090909091,0.7582417582417582,0.0,0.0,0.785428105060098,0.0,1.0,0.0,0.8970588235294118,0.9090909090909091,0.0,0.9487179487179487,0.5,0.0,0.6134751773049645,0.75,1.0,0.0,0.6860670194003528,0.7142857142857143,0.7311935807422267,0.8888888888888888,0.4,0.0,0.0,0.0,0.6428571428571429,0.09999999999999998,1.0,0.0,0.6666666666666667,0.5,0.0,0.0,0.13636363636363635,0.028571428571428692,0.4,0.0,0.8391812865497076,0.37037037037037046,0.0,1.0,0.0,0.6666666666666667,0.0,0.0,0.41580685101114323,1.0,0.3549175320708613,0.0,1.0,0.22931937172774852,0.8333333333333333,0.6841119550515036,0.6923076923076923,0.24948921679909197,0.8335766423357664,1.0,0.5714285714285714,1.0,1.0,0.92,0.831240314220061,0.0,0.0,1.0,0.0,0.23809523809523803,0.46031746031746035,1.0,0.6003294490879141,1.0,1.0,0.9629629629629629,0.0,0.0,0.3571428571428571,runif
0.8451672010994045,0.5768488745980707,0.0,0.5416666666666667,0.0,0.5,0.0,0.0,0.0,0.6363636363636364,0.8206153846153846,0.772733507063503,0.0,0.0,0.9202691680261011,1.0,0.3846153846153846,0.8461538461538461,0.5789473684210527,0.981736733287388,0.9899225337629396,0.33333333333333326,0.4153456872813873,0.0,0.6986093350383632,1.0,0.864406779661017,0.9090909090909091,0.6000000000000001,1.0,0.5531149301825993,0.7547169811320755,0.33333333333333326,0.7352941176470589,0.0,0.6363636363636364,0.78125,0.2222222222222222,0.4285714285714285,0.6428571428571428,0.5882352941176471,0.8796992481203008,0.4736842105263158,0.8622129436325678,0.8206691940003297,0.0,0.0,0.33333333333333337,0.8407960199004976,0.0,0.0,0.8629050033061494,0.0656619579500658,0.5,0.6110498976861325,0.6428571428571428,0.9285714285714286,0.0,0.7592305657382563,0.5923466051825597,0.8259687287559483,0.0,0.9601542416452442,0.0,0.0,0.5555555555555556,0.952946205445219,0.0,1.0,0.3320883041587691,0.9075144508670521,1.0,0.0,0.18518518518518512,1.0,0.6636263261485287,0.9305413687436159,0.9473684210526315,1.0,1.0,1.0,0.9375,0.09090909090909094,0.8656716417910448,0.7916666666666666,0.0,0.6000000000000001,0.0,0.0,0.0,0.0,0.0,0.0,1.0,0.7391304347826086,0.0,0.0,0.8010091453800063,1.0,0.2142857142857142,0.8974358974358975,0.44890510948905116,1.0,1.0,0.14814814814814825,1.0,0.0,0.8707983193277311,1.0,0.9416058394160584,1.0,0.0,1.0,0.816358024691358,0.704225352112676,0.6666666666666666,0.7165450121654502,0.0,0.7777777777777778,0.8771566597653554,0.0,0.36363636363636365,0.75,0.6965556504412184,0.3571428571428571,0.6875,0.9143576826196473,0.971830985915493,0.0,0.09999999999999998,0.5833333333333333,0.6923076923076923,0.295252225519288,0.019002375296912066,0.9615384615384616,0.7142857142857142,0.25,0.7560975609756098,0.7777777777777778,1.0,0.45833333333333326,0.701958198051948,0.5592603594237338,1.0,0.12,1.0,0.0,0.9,0.75,0.9526282669130708,0.0,1.0,0.02164804469273729,0.9673202614379085,0.0,0.0,0.0,0.0,0.7632919254658386,0.7943350655053795,0.9375,0.9925982822428602,0.9873417721518988,1.0,1.0,0.5,0.6842105263157895,1.0,0.0,0.5384615384615385,0.0,0.6000000000000001,0.0,0.0,0.0,1.0,0.9494047619047619,0.23333333333333328,1.0,0.0,1.0,1.0,0.3916317991631799,0.9487179487179487,1.0,0.9,0.9175438596491228,0.75,0.46153846153846156,0.0,0.4064860062194581,0.8571428571428572,0.7311935807422267,0.8888888888888888,1.0,0.0,0.7539140907266157,0.3313253012048192,0.011080332409972193,0.09999999999999998,0.19999999999999996,0.33333333333333337,0.6666666666666667,0.5,0.5,0.0,0.13636363636363635,0.4285714285714285,0.0,1.0,0.4667201283079392,0.0,0.5714285714285714,0.19999999999999996,0.9743589743589743,0.8571428571428572,0.3857142857142858,0.8,0.41580685101114323,1.0,0.0,0.4,0.5,0.6315139879319802,0.9166666666666666,0.896784933929872,0.7692307692307693,0.0,0.8477564102564102,0.0,0.0,0.4736842105263157,0.875,0.0,0.8345875866179867,0.3351718285956725,0.7496635262449529,0.0,0.0,0.23809523809523803,0.0,0.6666666666666666,0.6170486075429042,1.0,1.0,1.0,0.9523809523809523,0.9,0.0,runif
0.8122762148337596,0.5757575757575758,0.0,0.0,0.6975055748586838,0.0,0.0,0.9104564032697547,0.6423299005893208,0.6363636363636364,0.0,0.7428732857362987,0.0,0.0,0.0,0.0,1.0,0.8958333333333334,0.0,0.9814814814814815,0.0,0.33333333333333326,0.7930487804878049,0.0,0.0,0.8493975903614458,1.0,0.5909090909090908,0.6000000000000001,0.0,0.0,0.9090909090909091,0.35,0.0,0.0,0.0,1.0,0.0,0.8461538461538461,0.0,0.0,0.9409090909090909,0.8947368421052632,0.4482758620689655,0.6324279835390947,0.6838709677419355,0.0,0.5555555555555556,0.40760869565217384,0.938207136640557,0.0,0.4461839530332681,0.26938406541480064,0.5,0.0,0.6428571428571428,0.8571428571428571,0.6280786756647632,0.0,0.9265976117553942,0.37338262476894624,0.0,0.0,0.6133333333333334,0.0,0.5555555555555556,0.04498224385111127,0.9603960396039604,1.0,0.0,1.0,0.9516878290492412,0.206896551724138,0.18518518518518512,0.4662379421221865,0.9677403869233354,0.0,0.0,1.0,1.0,0.0,0.0,0.8636363636363636,0.8656716417910448,0.7916666666666666,0.0,0.0,0.8406617755674824,0.0,0.0,0.8735024825764133,0.6206896551724137,0.0,0.0,0.7391304347826086,0.0,0.0,0.06909547738693478,0.0,0.9318479685452162,0.926829268292683,0.7619047619047619,1.0,0.0,0.14814814814814825,1.0,1.0,0.0,0.9111111111111111,1.0,0.2500000000000001,0.0,0.0,0.0,0.9436619718309859,0.0,0.0,0.0,0.11111111111111105,1.0,0.0,0.8636363636363636,0.0,0.6513426736719206,0.3571428571428571,0.9375,0.75,0.8309859154929577,0.4666666666666667,0.0,0.5,0.39500601684717207,1.0,0.6283618581907091,0.0,0.0,0.25,0.0,0.7777777777777778,1.0,0.48294082125603865,0.0,1.0,1.0,0.12,0.0,0.8888888888888888,0.9,0.75,0.0,1.0,1.0,0.0,0.954248366013072,0.9533333333333334,0.375,0.0,0.5470488123720494,0.9862943116240726,0.0,0.0,0.9851965644857202,0.9873417721518988,0.0,0.0,0.8333333333333334,0.6842105263157895,1.0,0.0,0.0,0.6878980891719746,0.0,0.0,0.7582417582417582,0.4385964912280701,1.0,0.0,0.75,0.5,0.0,0.0,0.5,0.6406067677946325,0.3846153846153846,0.6785714285714286,0.9,0.7574750830564785,0.75,0.7948717948717949,0.0,0.0,0.7142857142857143,0.6481481481481481,0.6666666666666667,1.0,0.0,0.0,0.8888888888888888,0.2119113573407203,0.0,0.19999999999999996,0.0,0.8333333333333334,0.5,0.75,0.0,0.13636363636363635,0.4285714285714285,0.8,0.5333333333333333,0.19212962962962954,0.8148148148148149,0.0,1.0,0.2564102564102564,1.0,0.0,0.9,0.11019397441188616,1.0,0.0,0.4,0.0,0.9559435862995299,0.74,0.6841119550515036,0.26923076923076916,0.0,0.5868613138686132,0.0,0.0,1.0,1.0,0.88,0.914832285115304,0.8922269019566029,0.6016949152542372,1.0,0.1428571428571428,0.23809523809523803,0.46031746031746035,1.0,0.14121736520956307,0.0,0.9797297297297297,1.0,0.0,0.0,0.9285714285714286,runif
0.0,0.0,0.8974358974358975,0.0,0.0,0.0,0.0,0.0,0.0,0.6363636363636364,0.0,0.7547730547550432,0.9029480111176926,0.0,0.7490925589836661,1.0,0.3846153846153846,0.0,0.8947368421052632,0.8837209302325582,0.19520335299596403,0.0,0.0,0.0,0.5496192531661033,0.959349593495935,0.5593220338983051,0.0,0.6000000000000001,1.0,0.8607948442534908,1.0,0.0,0.0,0.6142131979695432,0.0,0.0625,0.0,0.8461538461538461,0.6428571428571428,0.4117647058823529,0.0,0.0,0.2886221294363256,0.0,0.32357723577235775,0.009763424708974844,0.0,0.3980099502487562,0.0,0.07692307692307698,0.032620674454485354,0.6221802194189917,0.0,0.3179128563743948,0.0,0.9285714285714286,0.0,0.8652115293517473,0.629721717509802,0.822550831792976,0.954843408594319,0.9368530020703933,0.20000000000000007,0.1250000000000001,0.5555555555555556,0.0,0.0,1.0,0.7024570024570025,0.8901734104046243,0.0,0.206896551724138,0.75,1.0,0.9677403869233354,0.9305413687436159,0.7368421052631579,0.9838709677419355,1.0,0.5,0.9375,0.6818181818181819,0.0,0.0,0.8666666666666667,0.0,0.0,0.0,0.5269309195802456,0.0,0.0,0.0,0.0,0.7391304347826086,0.8744369519443482,0.0,0.7433155080213903,1.0,0.20761245674740492,0.0,1.0,0.3999999999999999,0.0,0.0,1.0,1.0,0.7088673816374575,1.0,0.8517538054268696,0.0,0.0,1.0,0.9311342592592593,0.9154929577464789,1.0,0.8533143843264643,0.8571428571428571,0.11111111111111105,0.13568670711527853,0.0,0.8636363636363636,0.75,0.35799005228924885,0.6959706959706959,0.0,0.0,0.323943661971831,0.20000000000000007,0.0,0.0,0.39500601684717207,0.2541436464088397,0.0,0.23076923076923073,0.4444444444444444,0.0,1.0,0.0,1.0,0.0,1.0,0.5592603594237338,1.0,0.86,1.0,0.8888888888888888,0.0,0.75,0.28298908162783,0.0,0.9736614853195165,0.7134864546525324,0.954248366013072,1.0,0.375,0.0,0.5403669266146771,0.9848104157149383,0.7612949829261886,0.6875,0.9348268839103869,0.9873417721518988,0.9187386294724076,1.0,0.75,0.0,0.0,0.8823529411764706,0.0,0.0,0.0,0.040983606557377095,0.0,0.0,0.5084155542658154,0.0,0.75,0.0,0.0,0.0,0.8,1.0,0.0,0.6907216494845361,1.0,0.537375415282392,0.0,0.3076923076923077,0.0,0.18765957446808512,0.7142857142857143,0.17352056168505514,0.0,1.0,0.0,0.8119469026548672,0.0,0.6468144044321329,0.033333333333333326,0.0,0.0,0.0,0.5,0.75,0.0,0.09090909090909094,0.7428571428571429,0.4,0.8235294117647058,0.0,0.37037037037037046,0.4285714285714286,0.7,0.2564102564102564,0.8571428571428572,0.4285714285714286,0.9,0.3619479983491539,0.0,0.6793924466338259,0.0,0.5,0.2625416468348406,0.8378378378378378,0.9151606425702811,0.7692307692307693,0.8004105839416058,0.8335766423357664,0.0,0.4285714285714286,1.0,0.9375,0.0,0.009158742558521782,0.0,0.635122838944495,0.0,0.1428571428571428,0.23809523809523803,0.46031746031746035,1.0,0.6253376012803842,1.0,0.5,1.0,0.8095238095238095,0.9,0.7142857142857143,runif
0.7835178351783518,0.0,0.0,0.5416666666666667,0.654696449026346,0.5,0.27469990766389674,0.9324569356300997,0.6531387565579208,0.6363636363636364,0.798682883791278,0.7550569896832905,0.8446291560102301,0.0,0.0,0.0,0.9615384615384616,0.3846153846153846,0.8947368421052632,0.9818181818181818,0.4512275317843051,0.33333333333333326,0.0,0.0,0.5511363636363636,0.0,0.0,0.5909090909090908,0.8,0.5,0.8607948442534908,0.2727272727272728,0.0,0.07421875000000011,0.8587570621468926,0.0,0.0,0.0,0.4285714285714285,0.6428571428571428,0.368421052631579,0.0,0.052631578947368474,0.4482758620689655,0.6735886786648209,0.0,0.8711978971085242,0.0,0.8907103825136612,0.9154929577464789,1.0,0.8629050033061494,0.6213767373211431,0.0,0.0,0.0,0.9285714285714286,0.418510713031261,0.6576048011465425,0.5213015205125753,0.8635312259059368,0.8819367676321026,0.11904761904761907,1.0,0.375,0.5555555555555556,0.9809133071708883,0.9603960396039604,0.5,0.8491814946619217,0.0,1.0,0.0,0.0,1.0,0.6636263261485287,0.31181477698331617,0.9473684210526315,0.9919354838709677,0.0,0.0,0.0,0.09090909090909094,0.8656716417910448,0.0,0.0,0.6156472684085511,0.8406617755674824,0.0,0.0,1.0,0.6666666666666667,0.5476190476190477,1.0,0.7391304347826086,0.895003885359053,0.0,0.09677419354838712,0.0,1.0,0.6666666666666666,0.8726415094339623,1.0,0.33333333333333326,0.14814814814814825,1.0,0.0,0.702698028363888,0.0,0.0,0.2500000000000001,1.0,1.0,0.9311342592592593,0.41889276035617506,1.0,0.5986301369863014,0.8571428571428571,0.11111111111111105,1.0,0.0,0.36363636363636365,0.75,0.6632149115819659,0.6959706959706959,0.0625,0.7455919395465995,0.0,0.0,0.9,0.0,0.6842105263157895,1.0,0.2777777777777778,0.9615384615384616,0.4444444444444444,0.0,0.3125,0.0,1.0,0.939547450185748,0.0,0.6,0.0,0.98,0.7935126582278481,0.44444444444444453,0.8,0.75,0.9762225284572922,0.9868421052631579,0.8540587219343696,0.9132589838909542,0.0,0.9917355371900827,0.0,0.0,0.9644821547492786,0.9318181818181818,0.5000656685053848,0.9375,0.916083916083916,0.0,0.0,0.0,0.08333333333333337,1.0,0.0,0.0,0.5384615384615385,1.0,0.6000000000000001,0.0,0.7582417582417582,0.6666666666666667,0.4516295913088464,0.7872863801139306,0.2679738562091504,0.5420560747663552,0.0,0.2777777777777778,0.5,0.9372384937238494,0.0,0.6666666666666667,0.9090909090909091,0.0,0.75,0.3076923076923077,0.0,0.18765957446808512,0.2857142857142857,0.0,0.6666666666666667,0.8,0.0,0.6927374301675977,0.43673469387755093,0.3022959183673469,0.09999999999999998,0.0,0.0,1.0,0.5,0.5,0.0,0.13636363636363635,0.7428571428571429,0.4,0.17647058823529416,0.4444444444444444,0.0,0.0,0.7,0.9743589743589743,0.6666666666666667,0.0,0.5,0.3421052631578948,0.0,0.11494252873563238,0.0,0.5,0.22931937172774852,0.0,0.15114309906858592,0.6923076923076923,0.8465055519268452,0.09677419354838701,0.5,0.5714285714285714,0.4375,0.9076923076923077,0.88,0.0,0.08639441275257242,1.0,0.0,0.0,0.0,0.9844632768361582,0.13636363636363646,0.6377913374012205,1.0,1.0,0.0,0.0,0.0,0.3571428571428571,runif
0.7835178351783518,0.0,0.8974358974358975,0.5416666666666667,0.6911183299337715,0.5,0.0,0.0,0.6816607233825777,0.0,0.8339135799748805,0.65027808676307,0.8093013068555158,0.0,0.4613422755396023,0.703125,0.0,0.8461538461538461,0.052631578947368474,0.9636363636363636,0.0,0.0,0.40803498223558343,0.0,0.0,0.9911111111111112,0.8305084745762712,0.8636363636363636,0.4,0.0,0.11815252416756161,0.9090909090909091,0.0,0.4687499999999999,0.0,0.0,0.0,0.2222222222222222,0.0,0.0,1.0,1.0,0.0,0.4482758620689655,0.6770502225047679,0.32357723577235775,0.2084115659031167,0.2222222222222222,0.8369565217391304,0.2872340425531915,0.10224948875255624,0.3440599515098083,1.0,0.5,0.0,0.0,0.8571428571428571,0.193218954248366,0.7592305657382563,0.5213015205125753,0.8259687287559483,0.6178334106011436,0.5861182519280206,0.6419753086419753,0.1250000000000001,0.7777777777777778,0.952946205445219,0.9603960396039604,1.0,0.8583650825479581,1.0,1.0,0.0,0.0,0.0,0.9677403869233354,0.8461695607763023,0.9473684210526315,1.0,1.0,0.0,0.9375,0.09090909090909094,0.8656716417910448,0.0,0.8666666666666667,0.6330545991146089,0.8406617755674824,0.0,0.0,0.0,0.6666666666666667,0.0,0.8282208588957055,0.7391304347826086,0.8930111247138979,0.0,0.45285398927783027,0.8345864661654135,0.0,0.8974358974358975,0.4271255060728745,1.0,0.0,0.0,1.0,1.0,0.0,1.0,0.9150818222025653,0.75,0.5,0.0,0.0,0.704225352112676,1.0,0.0,0.8571428571428572,0.11111111111111105,0.6190476190476191,0.0,0.0,0.0,0.9035012809564474,0.3571428571428571,0.0,0.75,0.0,0.20000000000000007,0.4,0.5416666666666667,0.6923076923076923,0.5389289783516902,0.9375,0.0,1.0,0.25,0.0,0.0,1.0,0.7207024653833165,0.701958198051948,0.8977424624981435,1.0,0.0,0.5254237288135593,1.0,0.0,0.875,0.9526282669130708,1.0,1.0,0.8338150289017341,0.954248366013072,0.0,0.0,0.0,0.0,0.9925107657741996,0.33182295770948245,0.9375,0.9903307888040712,0.9873417721518988,0.0,1.0,0.08333333333333337,0.6842105263157895,0.0,0.8823529411764706,0.5384615384615385,1.0,0.6000000000000001,0.0,0.0,0.7682926829268293,0.0,0.7872863801139306,0.23333333333333328,0.5420560747663552,0.0,1.0,1.0,0.0,0.7763157894736842,0.05555555555555547,0.8181818181818181,0.6798245614035088,0.0,0.46153846153846156,0.0,0.0,0.7142857142857143,0.6863925108659311,0.8888888888888888,0.6,0.0,0.2109851787271143,0.18367346938775508,0.3022959183673469,0.0,0.0,0.0,0.0,0.5,0.0,0.0,0.6363636363636364,0.4285714285714285,0.4,0.17647058823529416,0.4629629629629629,0.37037037037037046,0.5714285714285714,0.0,0.9743589743589743,0.2857142857142857,0.0,0.9,1.0,1.0,0.3928571428571429,0.0,0.0,0.25740537575425126,1.0,0.07269076305220878,0.7692307692307693,0.6188957055214724,1.0,0.0,0.4285714285714286,0.7368421052631579,0.875,0.88,0.701305705364746,0.08554306321595262,0.5827725437415882,0.7777777777777778,0.0,0.0,0.8571428571428571,0.9090909090909091,0.0549275511252697,1.0,1.0,1.0,0.0,0.9,0.3571428571428571,runif
0.0,0.5757111773712628,0.0,0.0,0.6546702903733371,0.5,0.0,0.9071485096280665,0.0,0.6363636363636364,0.0,0.723191768384949,0.8292492022397495,0.0,0.5236421362966321,0.96875,0.3846153846153846,0.0,0.5789473684210527,0.8928571428571429,0.7661166116611662,0.7692307692307692,0.030472806777807948,0.0,0.0,0.9762962962962963,0.5593220338983051,0.0,0.6000000000000001,0.0,0.9122079285901812,0.9090909090909091,0.0,0.8125,0.6666666666666667,0.9090909090909091,0.9375,0.2222222222222222,0.7142857142857142,0.0,0.0,0.0,0.5789473684210527,0.2886221294363256,0.6735886786648209,0.7894736842105263,0.5080736012016522,0.33333333333333337,0.0,0.1872852233676976,0.32730923694779124,0.09714285714285709,0.0,0.5,0.0,0.6428571428571428,0.8571428571428571,0.19604557640750653,0.9152409530634181,0.8694415224251697,0.8928072625698324,0.0,0.5861182519280206,1.0,0.0,0.2592592592592592,0.8003419702748915,0.0,1.0,0.7298932384341636,1.0,0.8,0.0,0.75,0.4375,0.5778321108394459,0.31181477698331617,0.9473684210526315,1.0,1.0,0.0,0.0,0.0,0.0,0.7916666666666666,0.0,0.0,0.8406617755674824,0.0,0.0,0.8799943293244807,0.0,0.0,0.0,0.7391304347826086,0.8682743865395283,0.0,0.45285398927783027,1.0,0.03650586701434144,0.0,0.44890510948905116,1.0,0.9487179487179487,0.8148148148148148,0.0,1.0,0.0,1.0,0.7921273772666961,0.0,0.0,0.0,0.9311342592592593,1.0,1.0,0.980002030250736,0.5357142857142858,0.8888888888888888,0.9551667577911427,0.0,0.8636363636363636,0.0,0.0,0.5248176899553046,0.8125,0.0,0.0,0.4666666666666667,0.8,0.5833333333333333,0.0,0.45955184200531707,0.8442211055276382,0.5,0.0,0.25,0.3292682926829268,0.7777777777777778,1.0,0.5592870544090056,1.0,1.0,1.0,0.12,0.5524245458446574,1.0,0.9,0.25,0.8269697972302311,0.0,0.13053964425685882,0.8022935779816514,0.7320261437908497,1.0,0.0,0.0,0.0,0.7632919254658386,0.5000656685053848,1.0,0.9906172839506173,0.9873417721518988,0.0,0.0,0.0,0.0,0.9375,0.0,0.0,1.0,0.6000000000000001,0.0,0.9545454545454546,0.0,0.5084155542658154,0.0,0.8,0.0,0.0,1.0,0.8,1.0,0.0,1.0,0.75,0.8557692307692308,0.6666666666666667,0.20512820512820518,0.0,0.0,0.8571428571428572,0.24445411048281862,0.0,1.0,0.0,0.8288016112789527,0.6737588652482269,0.0,0.7666666666666666,0.0,1.0,1.0,0.5,0.75,0.0,0.8,0.7428571428571429,0.0,0.8235294117647058,0.5746084089035448,0.8148148148148149,0.7142857142857143,0.19999999999999996,0.46153846153846156,0.9523809523809523,0.5294117647058822,0.04761904761904756,0.0,1.0,0.11494252873563238,0.4,0.0,0.25740537575425126,0.8378378378378378,0.6360441767068272,0.8666666666666667,0.0,1.0,0.0,0.0,0.26315789473684204,0.0,0.0,0.5912290661368151,0.7079510703363914,0.09509202453987697,1.0,0.0,0.23809523809523803,0.0,0.6666666666666666,0.6036314117113026,0.6666666666666667,1.0,1.0,0.0,0.0,0.2857142857142857,runif
0.0,0.5768488745980707,0.0,0.0,0.0,0.5,0.0,0.0,0.0,0.6363636363636364,0.0,0.7544799639801891,0.9435897435897436,0.0,0.0,1.0,0.0,0.0,0.8421052631578947,0.875,0.9889785780813412,0.0,0.0,0.0,0.6986093350383632,0.9911111111111112,0.8305084745762712,0.0,0.4,0.0,0.5531149301825993,0.0,0.85,0.8125,0.6666666666666667,0.6363636363636364,0.0,1.0,0.0,0.0,0.0,1.0,0.5789473684210527,0.2931034482758621,0.47120152574698027,0.32357723577235775,0.0,0.33333333333333337,0.3980099502487562,0.8611111111111112,0.07692307692307698,0.0,0.5975170204245095,0.0,0.3036766018204534,0.0,0.9285714285714286,0.6442531209642703,0.0,0.8694415224251697,0.822550831792976,0.22833211944646747,0.9368530020703933,0.33333333333333337,0.0,0.0,0.952946205445219,0.9603960396039604,1.0,0.8480567904775562,0.9075144508670521,1.0,0.206896551724138,0.0,0.4662379421221865,0.9677403869233354,0.8461695607763023,0.9473684210526315,1.0,1.0,1.0,0.0,0.6818181818181819,0.0,0.7916666666666666,0.0,0.0,0.0,0.0,0.0,0.0,0.0,0.5476190476190477,0.0,0.7391304347826086,0.8840777087923092,0.0,0.0935828877005348,0.8345864661654135,0.0,0.0,1.0,0.3999999999999999,1.0,0.0,1.0,1.0,0.8707983193277311,1.0,0.9150818222025653,0.0,1.0,0.0,0.816358024691358,0.0,1.0,0.9801930424291172,0.5357142857142858,0.7777777777777778,1.0,0.8636363636363636,0.0,0.0,0.6965556504412184,0.3571428571428571,0.8125,0.0,0.8309859154929577,0.20000000000000007,0.09999999999999998,0.5833333333333333,0.39130434782608703,0.2541436464088397,0.0,0.5,0.0,0.0,0.31464174454828653,0.0,1.0,1.0,0.0,1.0,1.0,0.82,1.0,0.44444444444444453,0.9,0.0,0.9526282669130708,1.0,0.9166666666666666,0.854134956874683,0.9673202614379085,1.0,0.375,0.0,0.5470488123720494,0.9846756538771748,0.33182295770948245,0.9375,0.9951653944020357,0.9873417721518988,0.9185905224787363,0.0,0.75,0.0,0.9470404984423676,0.0,0.0,0.0,0.6000000000000001,0.0,0.0,0.0,0.4516295913088464,0.0,0.23333333333333328,0.5420560747663552,0.0,0.0,1.0,0.0,0.7171052631578947,0.5,0.6363636363636364,0.9219269102990033,0.0,0.3076923076923077,0.0,0.33319148936170206,0.7142857142857143,0.6863925108659311,0.0,0.4,0.0,0.17685589519650657,0.2979591836734694,0.3125,0.7666666666666666,0.0,0.33333333333333337,0.0,0.75,0.0,0.0,0.13636363636363635,0.4285714285714285,0.0,0.8235294117647058,0.19212962962962954,0.37037037037037046,0.5714285714285714,0.19999999999999996,0.2564102564102564,0.8571428571428572,0.0,0.09999999999999998,0.5528455284552845,0.0,0.11494252873563238,0.0,0.5,0.9693479295573536,0.22972972972972971,0.6360441767068272,0.7692307692307693,0.18650306748466272,0.8335766423357664,0.5,0.0,0.0,0.875,0.88,0.009158742558521782,0.08554306321595262,0.7496635262449529,0.0,0.1428571428571428,0.0,0.7142857142857142,0.9090909090909091,0.0549275511252697,1.0,1.0,1.0,0.8095238095238095,0.0,0.7142857142857143,runif
0.8122762148337596,0.5768488745980707,0.0,0.0,0.6607216799763383,0.5,0.0,0.9080818802122821,0.6273964438263633,0.0,0.0,0.0,0.0,0.0,0.0,1.0,1.0,0.47916666666666663,0.22222222222222232,0.981736733287388,0.2939903740009715,0.0,0.0,0.0,0.894237012987013,1.0,0.96,0.8636363636363636,0.4,1.0,0.0,0.2727272727272728,0.4,0.0,0.9491525423728814,0.6363636363636364,0.9375,0.25,0.25,0.6428571428571428,0.7647058823529412,1.0,0.052631578947368474,0.49195402298850566,0.27654320987654313,0.7894736842105263,0.9001821493624772,0.8888888888888888,0.9203980099502488,0.19408181026979976,0.0,0.22309197651663393,0.967456958540494,0.5,0.47213914685975134,0.0,0.8571428571428571,0.1748886605001715,0.8626280185934017,0.0,0.822550831792976,0.2796052631578948,0.6231884057971014,1.0,1.0,0.7407407407407407,0.9809133071708883,0.0,1.0,0.0,0.0,1.0,0.206896551724138,0.0,0.4662379421221865,0.0,0.0,0.9473684210526315,0.0,1.0,0.0,0.9375,0.0,0.8656716417910448,0.7916666666666666,0.0,0.0,0.8406617755674824,0.0,0.0,0.8769858206477925,0.6206896551724137,0.75,0.0,0.0,0.0,0.0,0.06909547738693478,0.5398230088495575,0.9375,0.5609756097560976,0.040777917189460444,1.0,0.0,0.0,1.0,1.0,1.0,1.0,0.9559800664451827,0.75,1.0,0.0,0.0,0.41889276035617506,0.5,0.0,1.0,0.7777777777777778,0.9547710976282405,0.36363636363636365,0.0,0.75,0.0,0.7142857142857143,0.0625,0.2103274559193954,0.323943661971831,0.9333333333333333,0.9,0.9583333333333334,0.9172683513838749,0.19616788321167877,0.6310679611650486,0.23076923076923073,1.0,0.25,0.31464174454828653,0.0,1.0,0.0,1.0,0.0,1.0,0.12,0.4935536362498435,0.9444444444444444,0.09999999999999987,0.75,0.9762225284572922,0.0,0.9736614853195165,0.0,0.0,0.9533333333333334,0.375,0.0,0.5470488123720494,0.0,0.0,0.9375,0.0,0.9873417721518988,0.0,1.0,0.0,1.0,0.925414364640884,0.0,0.0,0.9,0.6000000000000001,0.0,0.9545454545454546,0.6206896551724137,0.0,0.0,0.0,0.5,0.0,0.0,1.0,0.6406067677946325,0.0,0.75,0.9,0.537375415282392,0.0,0.3076923076923077,0.0,0.5497872340425533,0.8571428571428572,0.10493827160493818,0.8888888888888888,0.4,0.0,0.0,1.0,0.5055401662049861,0.0,0.0,0.33333333333333337,1.0,0.0,0.0,0.0,0.40909090909090917,0.7428571428571429,0.4,0.3999999999999999,0.0,0.7407407407407407,1.0,0.8,0.5128205128205128,0.0,0.0,0.9,0.9496491952125464,1.0,0.5789473684210527,0.0,0.0,0.23586299529885835,0.8378378378378378,0.055457288523566683,0.7692307692307693,0.0,1.0,1.0,0.5714285714285714,1.0,0.9375,0.0,0.800695931477516,0.8922269019566029,0.6864406779661016,1.0,0.1428571428571428,0.0,0.46193501978180085,0.6666666666666667,0.14121736520956307,1.0,0.0,1.0,0.0,0.9,0.2857142857142857,runif
0.0,0.882051282051282,0.0,0.0,0.8931056981296216,0.0,0.23152982123081778,0.9187682665943535,0.0,0.0,0.8339135799748805,0.7784727272727273,0.8465885307660108,0.0,0.5916442048517518,0.703125,0.0,0.5769230769230769,0.8947368421052632,0.9302325581395349,0.0,0.7692307692307692,0.03573107663375652,0.0,0.24655687745414057,0.9762962962962963,0.864406779661017,0.8636363636363636,0.4,0.0,0.6553426096088213,0.2727272727272728,0.35,0.07421875000000011,0.8587570621468926,0.6363636363636364,1.0,0.0,1.0,0.6428571428571428,0.7763157894736842,1.0,0.052631578947368474,0.8622129436325678,0.6770502225047679,0.0,0.5080736012016522,0.33333333333333337,0.0,0.18728522336769748,0.5301204819277108,0.27428571428571424,1.0,0.0,0.45475638051044087,0.0,0.4285714285714285,0.09826968452328921,0.40972435251325656,0.8694415224251697,0.7653631284916201,0.6178334106011436,0.11904761904761907,0.9227941176470589,0.0,0.5555555555555556,0.6754151966267964,0.8415841584158416,0.0,0.9789119310530568,0.9440993788819876,0.8,0.0,0.18518518518518512,0.9421221864951769,0.6636263261485287,0.8569099800760731,0.7368421052631579,0.0,1.0,0.0,0.9375,0.09090909090909094,0.0,0.7916666666666666,0.0,0.0,0.8581357086122774,0.0,0.5823270465651629,0.6491754122938531,0.0,0.75,0.8282208588957055,0.7391304347826086,0.8832729667434969,0.0,0.8387096774193549,0.8719211822660099,0.0,0.641025641025641,1.0,1.0,0.3076923076923076,0.8148148148148148,0.0,0.0,0.22537878787878773,1.0,0.9576439444076771,0.75,1.0,0.0,0.816358024691358,0.5070422535211268,0.0,0.5975359342915811,1.0,0.7777777777777778,1.0,0.36363636363636365,1.0,0.75,0.8662382304588253,0.9047619047619048,0.0625,0.9251700680272109,0.0,0.4666666666666667,0.8,0.5833333333333333,0.8421052631578947,0.20603576751117725,0.9558823529411765,0.0,1.0,0.0,0.8,0.0,0.33333333333333326,0.7468297101449275,0.125,1.0,1.0,0.0,0.7935126582278481,0.9444444444444444,0.09999999999999987,0.75,0.49672794398295617,0.20000000000000007,0.0,0.8022935779816514,0.9673202614379085,0.9917355371900827,0.0,0.0,1.0,0.9293831168831169,0.31014831090359785,0.6875,0.0,0.9873417721518988,0.0,1.0,0.08333333333333337,0.0,0.9130434782608696,0.0,0.0,1.0,0.0,0.040983606557377095,0.9545454545454546,0.0,0.0,0.7810307100279181,0.8,0.0,0.0,1.0,1.0,1.0,0.5641025641025641,0.6666666666666667,0.75,0.35,0.6666666666666667,0.7857142857142857,0.0,0.673154906731549,0.8571428571428572,0.7311935807422267,0.8888888888888888,0.4,0.0,0.2568578553615961,0.0,0.2142857142857143,0.09999999999999998,1.0,0.33333333333333337,0.8333333333333334,0.0,0.75,0.0,0.6363636363636364,0.4285714285714285,0.4,0.6470588235294117,0.5746084089035448,0.8148148148148149,0.7142857142857143,0.19999999999999996,0.0,0.9523809523809523,1.0,0.5,1.0,0.0,0.0,0.0,1.0,0.0,0.05855855855855874,0.6360441767068272,0.3846153846153846,0.6197355533790402,0.09677419354838701,1.0,0.5714285714285714,0.4375,0.09230769230769231,0.92,0.9085256584306272,0.7080257463907779,0.45594713656387664,1.0,0.0,0.23809523809523803,0.9844632768361582,0.6666666666666666,0.2014520163504362,1.0,0.0,1.0,0.0,0.9,0.3571428571428571,runif
0.7391304347826086,0.0,0.0,0.0,0.6911183299337715,0.0,0.2767857142857142,0.9104564032697547,0.0,0.6363636363636364,0.8339135799748805,0.723191768384949,0.0,0.0,0.0,0.890625,0.3846153846153846,0.0,0.052631578947368474,1.0,0.2138316527838664,0.7692307692307692,0.3597977589505329,0.0,0.5511363636363636,0.0,0.864406779661017,0.0,0.8,0.0,0.0,0.0,0.85,0.0,0.0,0.0,0.9375,1.0,0.3846153846153847,0.0,0.368421052631579,0.0,0.4736842105263158,0.2886221294363256,0.0,0.3157894736842105,0.5080736012016522,0.5555555555555556,0.24707259953161587,0.44734551784160137,0.5439672801635992,0.20277716552788194,0.0656619579500658,0.5,0.0,0.0,0.9285714285714286,0.6333065739006333,0.5822153357771817,0.0,0.8259687287559483,0.9089100154764537,0.5714285714285714,1.0,0.375,0.2592592592592592,0.9809133071708883,0.9603960396039604,1.0,0.7278789617094508,0.0,0.0,0.0,0.0,1.0,0.9677403869233354,0.0,0.0,1.0,1.0,0.0,0.0,0.0,0.8656716417910448,0.0,0.0,0.0,0.8406617755674824,0.0,0.0,0.8775801695539993,0.0,0.0,0.8282208588957055,0.7391304347826086,0.0,0.0,0.0,0.8871534556813745,0.2142857142857142,0.0,0.4,1.0,0.0,0.8148148148148148,0.0,0.0,0.702698028363888,0.5111111111111111,0.9404096834264433,0.0,1.0,0.0,0.07002314814814825,0.0,1.0,0.8027397260273973,0.9285714285714286,0.0,0.9547710976282405,0.8636363636363636,0.36363636363636365,0.0,0.590943057838888,0.6959706959706959,0.6875,0.0,0.323943661971831,0.20000000000000007,0.8,0.5,0.5526315789473684,0.0,1.0,0.7692307692307692,0.2777777777777777,0.25,0.0,0.0,1.0,0.48294082125603865,0.0,0.9090909090909091,1.0,0.86,0.2727272727272727,0.44444444444444453,0.8,0.25,0.9717823888074869,0.9868421052631579,1.0,0.7134864546525324,0.0,0.9917355371900827,0.0,0.0,0.9640071985602879,0.9772727272727273,0.15983714210664557,0.0,0.9637237762237763,0.9873417721518988,0.0,0.0,0.0,1.0,0.0,0.0,0.0,1.0,0.0,0.0,0.9545454545454546,0.0,0.5084155542658154,0.780864431155855,0.75,0.5,0.0,0.0,0.29999999999999993,1.0,0.0,0.09278350515463918,1.0,0.7083333333333333,0.6666666666666667,0.0,0.0,0.18765957446808512,0.0,0.7311935807422267,0.0,0.8,0.0,0.02240325865580417,0.2979591836734694,0.6468144044321329,0.033333333333333326,0.0,0.33333333333333337,1.0,0.75,0.5,0.0,0.13636363636363635,0.7428571428571429,0.0,0.8235294117647058,0.0,0.37037037037037046,0.7142857142857143,1.0,0.2564102564102564,0.0,0.55,0.0,0.42105263157894735,1.0,0.3501144164759725,0.0,0.5,0.9693479295573536,0.0,0.16586345381526102,0.7692307692307693,0.8004105839416058,0.6774193548387097,0.5,0.5714285714285714,0.625,0.9076923076923077,0.88,0.68886777083899,0.0,0.9614299153339605,0.0,0.0,0.0,0.9841269841269842,1.0,0.14121736520956307,0.0,1.0,1.0,0.0,0.0,0.2857142857142857,runif
0.0,0.0,0.0,0.5416666666666667,0.0,0.0,0.0,0.9099501808503379,0.0,0.875,0.9057097957045573,0.0,0.8093013068555158,0.0,0.0,0.734375,0.7307692307692308,0.1794871794871794,0.8421052631578947,0.5818181818181818,0.8659262651705977,0.33333333333333326,0.3597977589505329,0.0,0.0,0.0,0.0,0.0,0.4,1.0,0.11815252416756161,1.0,0.4,0.8125,0.8587570621468926,0.0,0.0,0.2222222222222222,0.0,0.6428571428571428,0.4342105263157895,1.0,0.4736842105263158,0.5517241379310345,0.5545300722965697,0.0,0.0,0.2222222222222222,0.0,0.2872340425531915,1.0,0.20277716552788194,0.9674770039421814,0.5,0.18314099347717028,0.0,0.8571428571428571,0.0,0.8652115293517473,0.629721717509802,0.38205302515295714,0.8819367676321026,0.0,1.0,0.1250000000000001,0.7777777777777778,0.779094662792476,0.9603960396039604,1.0,0.8932937086464058,0.0,1.0,0.206896551724138,0.0,0.9421221864951769,0.9516105803850031,0.31181477698331617,0.7368421052631579,0.0,1.0,1.0,0.9375,0.09090909090909094,0.0,0.0,0.0,0.6156472684085511,0.0,0.0,0.448405473659482,1.0,0.0,0.5476190476190477,1.0,0.0,0.884598572053038,0.0,0.0,0.8147865853658537,0.8435462842242503,0.28205128205128205,1.0,0.7333333333333334,0.9487179487179487,0.14814814814814825,0.0,0.0,0.0,0.0,0.0,0.0,1.0,0.0,0.0,0.875725900116144,0.6,0.9822039698836413,1.0,0.0,1.0,0.0,0.0,0.75,0.8265891349370719,0.3571428571428571,0.6875,0.20833333333333326,0.8309859154929577,0.0,0.09999999999999998,0.5416666666666667,1.0,0.7894932935916542,0.33333333333333326,0.7692307692307692,1.0,0.25,0.75,0.0,1.0,0.0,0.5,1.0,0.8260869565217391,0.98,0.33939873417721533,0.9444444444444444,0.0,0.875,0.854220600769482,1.0,1.0,0.8888888888888888,0.0,0.0,0.375,0.0,0.9644821547492786,0.9886363636363636,0.5000656685053848,0.6875,0.0,0.9873417721518988,1.0,1.0,0.5,0.0,0.0,0.0,0.5384615384615385,0.0,0.0,0.9090909090909091,0.7582417582417582,0.0,0.4516295913088464,0.821067415730337,0.0,0.5420560747663552,0.0,0.0,0.0,0.6861924686192469,0.30043859649122806,0.5,0.0,0.625,0.75,0.0,0.0,0.0,0.2857142857142857,0.0,0.0,0.4,0.0,0.40793368857312007,0.0,0.0,0.7666666666666666,0.0,0.33333333333333337,0.0,0.5,0.0,0.0,0.0,0.4285714285714285,0.0,1.0,0.19212962962962954,0.0,0.5714285714285714,0.0,0.0,0.2857142857142857,1.0,0.0,0.9473684210526315,1.0,0.0,0.0,0.0,0.674916706330319,0.35,0.9151606425702811,0.26923076923076916,0.8214857142857143,0.0,1.0,0.4285714285714286,0.9375,0.46153846153846156,0.88,0.6888677708389899,0.08639441275257242,0.966053748231966,1.0,0.1428571428571428,0.0,0.9844632768361582,0.9090909090909091,0.6377913374012205,1.0,0.0,1.0,0.8095238095238095,0.9,0.0,runif
0.7835178351783518,0.5768488745980707,0.8974358974358975,0.5416666666666667,0.6920009030024832,0.5,0.0008990218642116465,0.9076273503235017,0.0,0.0,0.798682883791278,0.7775192671222918,0.0,0.0,0.16059127439724463,0.09999999999999998,0.2692307692307693,0.5769230769230769,0.0,0.875,0.1016501650165017,0.7692307692307692,0.030472806777807948,0.0,0.5509358885866256,0.9918367346938776,0.8305084745762712,0.9090909090909091,0.8,0.0,0.0,0.9090909090909091,0.0,0.8125,0.9100797679477883,0.9090909090909091,0.9375,0.0,1.0,0.6428571428571428,0.0,0.0,0.052631578947368474,0.8620689655172413,0.5545300722965697,0.7873170731707317,0.0,0.5555555555555556,0.31947840260798677,0.3055555555555557,0.6153846153846154,0.8629050033061494,0.0656619579500658,0.5,0.18314099347717017,0.0,0.8571428571428571,0.0,0.7488248369347374,0.0,0.300475866757308,0.8493227990970654,0.5520565552699229,1.0,1.0,0.5555555555555556,0.0,0.8415841584158416,1.0,0.8482309124767226,0.0,1.0,0.0,0.18518518518518512,1.0,0.44913830348999084,0.31181477698331617,0.0,1.0,0.7977977977977978,1.0,0.9375,0.09090909090909094,0.8656716417910448,0.7916666666666666,1.0,0.6156472684085511,0.7706611570247934,0.0,0.37757153387388587,0.6846846846846847,0.0,0.0,0.8282208588957055,0.7391304347826086,0.0,0.0,0.15736360769473345,0.8147865853658537,0.16955017301038067,0.641025641025641,0.1428571428571428,0.7333333333333334,0.33333333333333326,0.8148148148148148,0.0,1.0,0.7026047955839227,1.0,0.9354404841963685,1.0,1.0,0.0,0.11237149946827374,0.9171506000774293,0.0,0.980002030250736,0.9285714285714286,0.8888888888888888,0.9523809523809523,0.0,1.0,0.75,0.0,0.7142857142857143,0.0625,0.9143576826196473,0.8309859154929577,0.4666666666666667,0.09999999999999998,0.5,0.84256,0.0,0.0,0.9615384615384616,0.7142857142857142,0.25,0.8695652173913043,0.0,1.0,1.0,0.701958198051948,0.0,1.0,0.98,0.8084866691701089,1.0,0.09999999999999987,0.75,0.37038689172289085,0.20000000000000007,0.9858305697919807,0.8888888888888888,0.0,1.0,0.0,0.0,0.0,0.6666666666666666,0.5000656685053848,0.0,0.9440559440559441,0.7341772151898733,1.0,1.0,0.08333333333333337,1.0,1.0,0.8823529411764706,0.5384615384615385,0.9060721062618595,0.6000000000000001,0.9090909090909091,0.9545454545454546,0.0,0.0,0.7855769230769231,0.23333333333333328,0.0,0.0,0.0,0.0,0.5606694560669456,0.7719298245614035,0.0,0.0,0.0,0.6666666666666667,0.20512820512820518,0.0,0.18765957446808512,0.7142857142857143,0.6863925108659311,0.8888888888888888,0.8,0.0,0.0,0.7428571428571429,0.3022959183673469,0.7666666666666666,0.6,1.0,1.0,0.5,0.75,0.0,0.40909090909090917,0.7428571428571429,0.4,0.6470588235294117,0.19212962962962954,0.8148148148148149,0.5714285714285714,1.0,0.0,0.0,0.0,0.8,0.41580685101114323,1.0,0.0,0.0,0.0,0.6315139879319802,0.918918918918919,0.16586345381526102,0.3846153846153846,0.8214857142857143,0.0,1.0,0.5714285714285714,0.4736842105263157,0.9375,0.92,0.0,0.08639441275257242,0.7012113055181697,1.0,0.0,0.23809523809523803,0.0,0.36363636363636365,0.6377913374012205,0.0,0.5,0.7777777777777778,0.9523809523809523,0.9,0.3571428571428571,runif
0.0,0.0,0.0,0.0,0.8929115025005436,0.0,0.0,0.9184142835527311,0.6301369863013698,0.0,0.9057097957045573,0.0,0.8145359881798353,0.0,0.8527008624602814,0.734375,0.3846153846153846,0.8461538461538461,0.5789473684210527,0.6512749827705031,0.18881062910196889,0.7692307692307692,0.03573107663375652,0.0,0.26297049847405896,0.9918367346938776,0.4067796610169492,0.31818181818181823,0.8,0.0,0.0,1.0,0.85,0.0,0.0,0.0,0.0,1.0,0.0,0.6428571428571428,0.5882352941176471,0.5825242718446602,0.8947368421052632,0.8620689655172413,0.0,0.5789473684210527,0.8333333333333333,0.5555555555555556,0.9184782608695652,0.0,0.0,0.27428571428571424,0.047309453712790384,0.5,0.31647839340147044,0.6428571428571428,0.0,0.5956429330499469,0.6576048011465425,0.629721717509802,1.0,0.8819367676321026,0.5520565552699229,0.3750000000000001,0.0,0.7407407407407407,0.9536501714845664,0.0,0.019886363636363535,1.0,1.0,0.8333333333333333,0.0,0.18518518518518512,1.0,0.9310344827586207,0.0,0.7368421052631579,0.0,0.0,0.0,0.9375,0.09090909090909094,0.0,0.0,0.0,0.0,0.8581357086122774,0.0,0.0,0.8799943293244807,0.6206896551724137,0.0,0.8282208588957055,0.0,0.864985922702841,0.0,0.96,0.8102303787582975,0.03650586701434144,0.8974358974358975,0.0,0.7333333333333334,0.0,0.8148148148148148,0.5223880597014926,0.0,0.0,1.0,0.28925254312251214,0.2500000000000001,1.0,0.0,0.07002314814814825,0.8683405422512923,1.0,0.9968639749117993,0.0,0.0,0.9523809523809523,0.8636363636363636,0.0,0.75,0.6513426736719206,0.5476190476190477,0.9375,0.9251700680272109,0.0,0.0,0.09999999999999998,0.5,1.0,0.3267511177347242,0.30080213903743314,0.0,0.7142857142857142,0.25,0.5121951219512195,0.7777777777777778,0.0,0.45812225599459644,0.9024959415584415,0.5628532589253774,1.0,0.98,0.7239307681304534,0.33333333333333326,0.09999999999999987,0.75,0.8896407181473076,0.0,0.0,1.0,0.9673202614379085,0.923076923076923,0.0,0.0,0.2845528455284553,0.963365162578793,0.0,0.6875,0.0,0.0,0.0,1.0,0.08333333333333337,0.0,0.0,0.0,0.0,0.8333333333333334,0.0,0.0,0.9545454545454546,0.6774193548387096,0.0,0.7101449275362319,0.0,0.5420560747663552,0.0,1.0,0.0,0.3916317991631799,0.6567505720823799,1.0,0.29999999999999993,0.0,0.6666666666666667,0.7857142857142857,0.0,0.6688311688311688,0.7142857142857143,0.3403543965229019,0.33333333333333337,0.8,0.0,0.0,0.34751773049645385,0.3125,0.033333333333333326,0.0,0.33333333333333337,1.0,0.75,0.0,0.0,0.13636363636363635,0.4,0.8,0.6470588235294117,0.4444444444444444,0.0,0.5714285714285714,1.0,0.5128205128205128,0.0,0.0,0.5,0.41580685101114323,1.0,0.9839816933638444,0.4,0.0,0.9065934065934066,0.0,0.9151606425702811,0.7692307692307693,0.8218521897810219,0.0,0.5,0.5714285714285714,0.7368421052631579,0.0,0.0,0.9130031534038212,0.9587901842321176,0.27453987730061336,1.0,0.0,0.23809523809523803,0.0,0.9090909090909091,0.0,1.0,0.0,0.0,0.0,0.9,0.3571428571428571,runif
0.0,0.5757575757575758,0.8974358974358975,0.0,0.6975055748586838,0.5,0.0,0.0,0.6273964438263633,0.875,0.0,0.0,0.0,0.0,0.24968219546848114,0.734375,0.0,0.9583333333333334,1.0,0.6481481481481481,0.2939903740009715,0.0,0.7344665047850307,0.0,0.8945855294681361,0.8695652173913043,1.0,0.9090909090909091,0.6000000000000001,1.0,0.06833435021354506,0.7735849056603774,0.0,0.10654239766081874,0.0,0.9090909090909091,0.78125,0.0,1.0,0.6428571428571428,0.7647058823529412,1.0,0.5789473684210527,0.0,0.8206691940003297,0.7894736842105263,0.9001821493624772,0.8888888888888888,0.0,0.44734551784160137,0.9175925925925926,0.22309197651663393,0.26938406541480064,0.5,0.6094515568199779,0.0,0.4285714285714285,0.17246351733287157,0.3640646029609691,0.9886045788873925,0.0,0.3881118881118881,0.0,0.0,0.375,0.2592592592592592,0.9753228782287823,0.8415841584158416,1.0,0.0,0.8333333333333334,1.0,0.206896551724138,0.0,0.7170418006430868,0.6091954022988506,0.9305413687436159,0.7368421052631579,1.0,0.0,1.0,0.9375,0.8636363636363636,0.0,0.7916666666666666,0.9090909090909091,0.0,0.8406617755674824,0.0,0.0,0.0,0.6206896551724137,0.0,0.0,0.0,0.0,0.0,0.6153846153846154,0.8544891640866873,0.0,0.9512195121951219,1.0,0.7333333333333334,0.0,0.0,1.0,0.0,1.0,1.0,1.0,1.0,0.0,0.0,0.11237149946827374,0.39624432957062994,1.0,0.234009254218835,0.0,0.8888888888888888,0.8963044677330392,0.0,1.0,0.75,0.0,0.7142857142857143,0.8125,0.375,0.971830985915493,0.4666666666666667,0.9,0.9583333333333334,0.48766546329723226,0.0,1.0,0.23076923076923073,0.0,0.25,0.75,0.0,0.33333333333333326,0.5689915458937198,0.8506204071798579,1.0,0.75,0.82,0.8076923076923077,0.0,0.8,0.25,0.9683464168143834,0.8157894736842105,1.0,0.0,0.9673202614379085,1.0,0.375,0.0,0.8210541893791776,0.6427246496290189,0.7812862781518459,0.6875,0.9755564548765682,0.0,0.9363360762234734,1.0,0.8333333333333334,0.0,0.925414364640884,0.8823529411764706,0.0,0.9,0.6000000000000001,0.0,0.0,0.6206896551724137,1.0,0.0,0.0,0.5,0.0,0.5555555555555556,0.0,0.21120186697782972,0.641025641025641,0.5,0.29999999999999993,0.537375415282392,0.0,0.7948717948717949,0.0,0.5497872340425533,0.7142857142857143,0.6481481481481481,0.8888888888888888,1.0,0.0,0.013961605584642323,1.0,0.0,0.06666666666666665,0.19999999999999996,1.0,0.6666666666666667,0.5,0.75,0.0,0.40909090909090917,0.7428571428571429,0.0,0.1333333333333332,0.4667201283079392,0.8148148148148149,1.0,0.8,0.0,0.5,1.0,0.9,0.11019397441188616,1.0,0.0,0.0,1.0,0.23586299529885835,0.0,0.7004228800356109,0.0,0.3433001107419712,0.0,0.0,0.5714285714285714,0.625,0.6666666666666666,0.92,0.9140793445450626,0.8853415358506577,0.0,1.0,0.1428571428571428,0.0,0.8259201534588179,0.0,0.6253376012803842,1.0,0.9797297297297297,0.0,0.8095238095238095,0.9,0.9285714285714286,runif
0.0,0.0,0.8974358974358975,0.0,0.692021890847015,0.0,0.0,0.918392057149776,0.0,0.875,0.0,0.0,0.8446291560102301,0.0,0.8857988875995358,0.19999999999999996,0.9615384615384616,0.3846153846153846,0.0,0.0,0.9886345445813991,0.33333333333333326,0.0,0.0,0.6670402331054578,0.9863713798977853,0.4067796610169492,0.8636363636363636,0.4,1.0,0.0,1.0,0.0,0.09374999999999989,0.9090909090909091,0.9090909090909091,0.0,0.2222222222222222,0.7142857142857142,0.0,0.5882352941176471,0.5825242718446602,0.5789473684210527,0.4482758620689655,0.0,0.7935483870967742,0.0,0.33333333333333337,0.9184782608695652,0.34645669291338577,1.0,0.032620674454485354,0.062359066868927004,0.5,0.29285910213038324,0.0,0.4285714285714285,0.662712321380426,0.9156623866076515,0.3156498039590705,0.8442559753276793,0.8525730180806677,0.9601542416452442,0.345679012345679,1.0,0.7777777777777778,0.04498224385111127,0.0,0.35511363636363635,0.9630604982206405,0.8901734104046243,0.9987593052109182,0.0,0.75,1.0,0.6636263261485287,0.5707865168539326,0.7368421052631579,1.0,1.0,0.9142857142857143,0.9375,0.6818181818181819,0.0,0.0,0.8666666666666667,0.0,0.8406617755674824,0.0,0.47410636930214345,0.8799943293244807,0.0,0.5476190476190477,0.0,0.0,0.8840508566098866,0.0,0.96,0.8871534556813745,1.0,0.6666666666666666,0.0,0.0,1.0,0.14814814814814825,0.7164179104477613,1.0,0.8551401869158879,1.0,0.0,0.75,0.5,0.0,0.07002314814814825,0.9154929577464789,0.0,0.8122304978439827,0.8571428571428572,0.8888888888888888,0.9523809523809523,0.0,0.8636363636363636,0.0,0.6513426736719206,0.7142857142857143,0.8125,0.7455919395465995,0.0,0.9333333333333333,0.9,0.5833333333333333,1.0,0.45955184200531707,0.0,0.23076923076923073,0.7142857142857142,0.25,0.3292682926829268,0.0,0.33333333333333326,0.7207024653833165,1.0,0.64298490377048,1.0,0.98,1.0,0.33333333333333326,0.09999999999999987,0.875,0.0,0.0,0.978316935714968,0.9804469273743017,0.954248366013072,1.0,0.0,0.0,0.0,0.764213942457717,0.5979986948009572,0.6875,0.9903307888040712,0.9873417721518988,0.9246987951807228,1.0,0.75,0.0,0.0,0.8823529411764706,0.0,0.8972868217054264,0.0,0.9090909090909091,0.9545454545454546,0.0,0.4516295913088464,0.0,0.0,0.5420560747663552,0.0,1.0,0.29999999999999993,0.9372384937238494,0.0,0.0,0.0,0.9175438596491228,0.75,0.3076923076923077,0.0,0.31934931506849307,0.8571428571428572,0.3403543965229019,0.8888888888888888,0.6,0.0,0.058659217877094716,0.0,0.3022959183673469,0.09999999999999998,0.0,1.0,0.5,0.5,0.75,0.0,0.13636363636363635,0.7428571428571429,0.0,0.17647058823529416,0.4444444444444444,0.7407407407407407,0.0,0.19999999999999996,0.5128205128205128,0.9523809523809523,0.38235294117647045,0.0,0.41580685101114323,1.0,0.11494252873563238,0.0,1.0,0.3791208791208792,0.8333333333333334,0.0,0.7692307692307693,0.810483870967742,0.8477564102564102,0.5,0.5714285714285714,0.7368421052631579,1.0,0.0,0.11556297532925253,0.3260500636402207,0.6791569086651054,0.4,0.0,0.23809523809523803,0.0,0.13636363636363646,0.01566183900303164,1.0,1.0,1.0,0.8095238095238095,0.9,0.7142857142857143,runif
0.0,0.0,0.8974358974358975,0.0,0.6983885129900315,0.5,0.0,0.0,0.6275288897718618,0.6363636363636364,0.8339135799748805,0.7428732857362987,0.0,0.0,0.5392196846112018,0.734375,1.0,0.0,1.0,0.6440501043841336,0.6548296428326592,0.7692307692307692,0.4007317073170732,0.0,0.0,0.0,0.0,0.9090909090909091,0.4,0.5,0.7976035425892158,0.7547169811320755,0.85,0.0,0.9090909090909091,0.9090909090909091,0.9375,0.25,0.0,0.0,0.5882352941176471,0.0,0.5789473684210527,0.2822361546499478,0.8202469135802469,0.791869918699187,0.7049180327868853,0.8888888888888888,0.833389093342255,0.1872852233676976,0.9383634431455898,0.7671232876712328,0.31399451195609573,0.5,0.6094515568199779,0.0,0.9285714285714286,0.6181231332498314,0.6576048011465425,0.0,0.4025837988826817,0.624284806102988,0.0,0.3750000000000001,0.0,0.2592592592592592,0.0,0.9603960396039604,0.4,0.0,0.8333333333333334,0.0,0.206896551724138,0.0,1.0,0.574712643678161,0.8461695607763023,0.7368421052631579,1.0,1.0,1.0,0.0,0.6818181818181819,0.0,0.0,0.9090909090909091,0.0,0.8406617755674824,0.0,0.0,0.0,0.6206896551724137,0.0,0.8282208588957055,0.7391304347826086,0.0,0.0,0.0,0.9557522123893806,1.0,0.0,0.8807420494699647,0.7333333333333334,0.33333333333333326,0.8148148148148148,1.0,0.0,0.0,0.0,0.0,1.0,1.0,1.0,0.44907407407407407,0.5391918978795232,1.0,0.0,0.9642857142857143,0.8888888888888888,0.9551667577911427,0.36363636363636365,0.0,0.0,0.6513426736719206,0.0,0.8125,0.0,0.971830985915493,0.9333333333333333,0.8,0.9583333333333334,0.68512,0.45955184200531707,1.0,0.5,0.7142857142857142,0.25,0.8695652173913043,0.0,1.0,0.5424015009380863,0.9024959415584415,0.0,0.0,0.0,0.0,0.33333333333333326,0.9,0.25,0.37038689172289085,1.0,0.13053964425685882,0.0,0.9673202614379085,0.0,0.375,0.0,0.0,0.7735804786485219,0.4422258339137839,0.6875,0.9877782274382841,0.9873417721518988,1.0,0.0,0.75,0.0,0.0,0.8823529411764706,0.0,0.6878980891719746,0.6000000000000001,0.0,0.0,0.7161520190023754,1.0,0.785428105060098,0.8,0.5,0.0,0.92,0.0,0.7432905484247374,0.5641025641025641,1.0,0.29999999999999993,0.6025641025641025,0.6666666666666667,0.46153846153846156,0.0,0.0,0.2857142857142857,0.2500000000000001,0.8888888888888888,0.4,0.0,0.6475343573160872,0.0,0.6506849315068493,0.0,0.6,1.0,1.0,0.0,0.0,0.0,0.6666666666666667,0.0,0.0,0.0,0.6849415204678363,0.7407407407407407,1.0,0.8,0.9743589743589743,0.0,0.905511811023622,0.04761904761904756,0.4024390243902439,1.0,0.0,0.0,0.5,0.9411625708884688,0.0,0.055457288523566683,0.6666666666666666,0.5842391304347826,0.35096153846153844,0.5,0.0,0.26315789473684204,0.9375,0.88,0.0,0.6062402269173425,0.8708661417322835,0.0,0.1428571428571428,0.0,0.0,1.0,0.20402481464669375,1.0,1.0,1.0,0.9523809523809523,0.0,0.7142857142857143,runif
0.0,0.882051282051282,0.8974358974358975,0.5416666666666667,0.8931056981296216,0.5,0.0,0.932525755688894,0.6626008747612887,0.0,0.8339135799748805,0.0,0.0,0.0,0.0,0.0,0.9615384615384616,0.3846153846153846,0.0,1.0,0.9455730164814105,0.33333333333333326,0.7958392101551481,0.0,0.6067784683945115,0.7175792507204611,0.864406779661017,0.5909090909090908,0.8,0.0,0.0,0.9811320754716981,0.0,0.0,0.6666666666666667,0.0,0.9375,0.8333333333333334,0.3846153846153847,0.0,1.0,0.0,0.8947368421052632,0.9615384615384616,0.9420216147488875,0.0,0.5080736012016522,0.0,0.40760869565217384,0.575,0.0,0.0,0.023953406901383922,0.0,0.9189905824266252,0.0,0.9285714285714286,0.0,0.4042457900394124,0.0,1.0,0.44550077382268416,0.5520565552699229,0.0,1.0,0.5555555555555556,0.0,0.0,0.0,0.9718035974720467,0.9440993788819876,1.0,0.206896551724138,0.0,0.0,0.9921214725684,0.47843942505133463,0.0,1.0,1.0,1.0,0.0,0.6818181818181819,0.0,0.7916666666666666,0.9090909090909091,0.6000000000000001,0.9411347517730496,0.0,0.0,0.8784953092267055,0.6666666666666667,0.0,1.0,0.0,0.0,0.0,0.0,0.0,1.0,0.6666666666666666,0.0,1.0,1.0,0.14814814814814825,1.0,1.0,0.740656851642129,0.5111111111111111,0.956960322797579,0.2500000000000001,1.0,0.0,0.05714854639585809,0.9436619718309859,1.0,0.8123620309050773,0.5357142857142858,0.0,0.9,0.8636363636363636,0.36363636363636365,0.0,0.8779820101681658,0.5313942751615882,0.9375,0.9772727272727273,0.971830985915493,0.0,0.8,0.0,0.53376,0.5767790262172285,0.0,0.23076923076923073,0.33333333333333326,0.0,0.9376947040498442,0.0,1.0,0.0,0.675679788961039,0.0,1.0,1.0,0.7239307681304534,0.0,0.8,0.75,0.0,0.0,0.0,0.9803921568627451,0.9673202614379085,1.0,0.375,0.0,0.0,0.9886363636363636,0.3793794536817102,0.0,0.9951653944020357,0.7341772151898733,0.9246987951807228,0.0,0.75,0.0,0.9375,0.8823529411764706,0.5384615384615385,0.9060721062618595,0.6000000000000001,0.0,0.7582417582417582,0.75,0.0,0.7855769230769231,0.0,0.0,0.0,0.2777777777777778,0.5,0.9372384937238494,0.0,0.0,0.8181818181818181,0.9519230769230769,0.75,1.0,0.0,0.17518248175182471,0.0,0.7311935807422267,0.6666666666666667,0.8,0.0,0.0,0.6737588652482269,0.3125,0.033333333333333326,0.6,0.33333333333333337,1.0,0.75,0.5,0.0,0.6363636363636364,0.7428571428571429,0.8,0.0,0.6849415204678363,0.8148148148148149,0.7142857142857143,0.7,0.2564102564102564,0.2857142857142857,0.0,0.0,0.0,0.0,0.8947368421052632,0.0,0.5,0.674916706330319,0.05855855855855874,0.16586345381526102,0.7692307692307693,0.24434285714285708,0.0,0.0,0.5714285714285714,0.4375,0.0,0.0,0.9206074368435992,0.866935183113299,0.5073375262054507,0.0,0.1428571428571428,0.0,0.6426553672316384,0.9090909090909091,0.0,0.0,1.0,0.7777777777777778,0.8095238095238095,0.0,0.7142857142857143,runif
0.7391304347826086,0.882051282051282,0.0,0.0,0.0,0.0,0.0,0.0,0.0,0.6363636363636364,0.9057097957045573,0.7547730547550432,0.0,0.0,0.4121621621621623,0.96875,0.2692307692307693,0.3846153846153846,0.5789473684210527,0.9302325581395349,0.0,0.33333333333333326,0.03573107663375652,0.0,0.6072390769591192,0.8695652173913043,0.0,0.8636363636363636,0.8,0.0,0.0,0.0,0.35,0.40364583333333337,0.0,0.9090909090909091,0.0,0.0,0.7142857142857142,0.6428571428571428,0.2941176470588236,1.0,0.5789473684210527,0.44885177453027136,0.9310875249961544,0.8421052631578947,0.0,0.8888888888888888,0.5644028103044497,0.18728522336769748,0.748995983935743,0.8857142857142857,0.04672476576244833,0.5,0.8886101354741596,0.0,0.0,0.4020247083047357,0.9678652664182354,0.9004719004719005,1.0,0.9089100154764537,0.5714285714285714,0.0,1.0,0.5555555555555556,1.0,0.0,0.0,0.9848277547031518,0.9440993788819876,1.0,0.206896551724138,0.18518518518518512,1.0,0.44913830348999084,0.29143271146531413,0.0,1.0,1.0,0.5,0.0,0.09090909090909094,0.8656716417910448,0.7916666666666666,0.0,0.0,0.0,0.0,0.6197682494425558,0.0,0.0,0.0,1.0,0.7391304347826086,0.0,0.0,0.7419354838709677,1.0,0.1428571428571428,0.6666666666666666,0.44796380090497734,1.0,0.3076923076923076,0.14814814814814825,0.0,0.0,0.7382857142857143,1.0,0.0,0.75,1.0,0.0,0.11237149946827374,0.0,0.0,0.0,0.8571428571428572,0.8888888888888888,0.0,0.0,0.8636363636363636,0.75,0.7850844417874757,0.9047619047619048,0.8125,0.7528344671201814,0.25352112676056326,0.20000000000000007,0.09999999999999998,0.9583333333333334,0.9172683513838749,0.468961919666145,1.0,0.9615384615384616,0.2777777777777777,0.25,0.9375,0.0,0.0,0.9305555555555556,1.0,0.679144385026738,1.0,0.86,0.0,0.0,0.9,0.75,1.0,0.0,0.0,0.8888888888888888,0.9673202614379085,0.0,0.375,0.0,0.9919099542736546,0.6695979899497488,0.5544493271079374,0.0,0.9577393075356415,0.9873417721518988,0.9187386294724076,0.0,0.08333333333333337,0.6842105263157895,0.9470404984423676,0.0,0.0,0.0,0.0,0.9090909090909091,0.0,0.0,0.5084155542658154,0.7567567567567568,0.8,0.5,0.0,0.8333333333333333,0.8,0.0,0.641025641025641,1.0,0.75,0.4308510638297872,0.75,0.7857142857142857,0.0,0.17518248175182471,0.7142857142857143,0.0,0.8888888888888888,0.8,0.0,0.024439918533604943,0.0,0.2142857142857143,0.0,0.8,1.0,0.0,0.5,0.75,0.0,0.0,0.4285714285714285,0.0,0.17647058823529416,0.8887056883759274,0.37037037037037046,0.5714285714285714,0.8,0.5128205128205128,0.9523809523809523,1.0,0.5,0.41580685101114323,1.0,0.8747947454844006,0.0,0.0,0.22931937172774852,0.8378378378378378,0.9324921135646688,0.7692307692307693,0.8004105839416058,0.6774193548387097,0.0,0.0,0.4375,0.6666666666666666,0.0,0.9081893968288564,0.7079510703363914,0.37269938650306733,1.0,0.1428571428571428,0.23809523809523803,0.8259201534588179,0.6666666666666666,0.6003294490879141,0.0,1.0,1.0,0.8095238095238095,0.0,0.3571428571428571,runif
0.0,0.5757575757575758,0.0,0.0,0.0,0.0,0.02224564719566724,0.9099501808503379,0.6822254876537874,0.6363636363636364,0.0,0.7428043712482684,0.8465885307660108,0.0,0.31039567461292705,0.890625,0.3846153846153846,0.0,0.052631578947368474,0.9814814814814815,0.9859154929577465,0.0,0.04591798764605193,0.0,0.6987176926457077,0.9685534591194969,0.0,0.9090909090909091,0.4,0.0,0.25515574650913,0.9090909090909091,0.33333333333333326,0.8989400584795322,0.8813559322033898,0.9090909090909091,0.0625,1.0,1.0,0.6428571428571428,0.07894736842105265,0.8796992481203008,0.8947368421052632,0.2886221294363256,0.6339212131201581,0.0,0.5080736012016522,0.2222222222222222,0.5644028103044497,0.0,0.0,0.3440599515098083,0.0656619579500658,0.0,0.6094515568199779,0.0,0.4285714285714285,0.6412244661767259,0.5822153357771817,0.45650228844764107,0.38205302515295714,0.0,0.11904761904761907,1.0,1.0,0.0,0.0,0.9603960396039604,1.0,0.10811387900355884,1.0,1.0,0.0,0.0,1.0,0.0,0.9305413687436159,0.0,0.96875,1.0,1.0,0.9375,0.6818181818181819,0.0,0.7916666666666666,0.0,0.0,0.0,0.0,0.0,0.8752793394650796,0.6206896551724137,0.0,0.0,0.7391304347826086,0.8734410841880454,0.0,0.0,0.8878540939076446,0.20761245674740492,0.0,0.509090909090909,1.0,1.0,0.0,0.875,0.0,0.8713052576510594,1.0,0.16909331568497699,1.0,0.5,0.0,0.44907407407407407,0.9436619718309859,0.6666666666666666,0.9033319621554916,0.8571428571428571,0.8888888888888888,0.11095603628750872,0.8636363636363636,0.8636363636363636,0.75,0.0,0.3571428571428571,0.9375,0.0,0.8309859154929577,0.0,0.8,0.5416666666666667,1.0,0.27193315609570823,0.6875,0.0,0.2777777777777777,0.0,0.8,0.0,0.33333333333333326,0.9305555555555556,0.0,0.8181818181818181,1.0,0.12,0.8846153846153846,0.9444444444444444,0.09999999999999987,0.0,0.37038689172289085,1.0,1.0,0.02164804469273729,0.9673202614379085,1.0,0.0,0.0,0.9640071985602879,0.34659090909090917,0.7943350655053795,0.0,0.9633346823148523,0.9873417721518988,1.0,1.0,0.75,0.0,0.9375,0.0,0.0,0.0,0.0,0.0,1.0,0.7161520190023754,1.0,0.0,0.23333333333333328,0.0,0.0,0.5555555555555556,1.0,0.3916317991631799,0.0,0.09278350515463918,0.9,0.9166666666666666,0.0,0.20512820512820518,0.0,0.4064860062194581,0.7142857142857143,0.0,0.8888888888888888,0.6,0.0,0.6551996836694345,0.8975903614457832,0.011080332409972193,0.033333333333333326,0.0,1.0,0.0,0.75,0.75,0.0,0.40909090909090917,0.4285714285714285,0.8,0.0,0.1483560545308742,0.0,0.7142857142857143,0.0,0.5128205128205128,0.8571428571428572,0.0,0.9,0.42105263157894735,0.0,0.0,0.0,1.0,0.22931937172774852,0.19999999999999996,0.0,0.26923076923076916,0.0,0.09677419354838701,1.0,0.5714285714285714,0.0,0.09230769230769231,0.88,0.9026086956521739,0.3351718285956725,0.966053748231966,1.0,0.0,0.0,0.984174559405347,0.0,0.6253376012803842,0.0,1.0,1.0,0.9523809523809523,0.9,0.7142857142857143,runif
0.0,0.5768488745980707,0.0,0.0,0.0,0.5,0.1715690527838034,0.0,0.6773255813953489,0.0,0.8206153846153846,0.0,0.0,0.0,0.2953456394016416,0.09999999999999998,0.0,0.5769230769230769,0.8947368421052632,0.6512749827705031,0.6490103543002043,0.33333333333333326,0.2860757609585475,0.0,0.6986503753394027,0.9739837398373984,0.8305084745762712,0.31818181818181823,0.4,1.0,0.11815252416756161,0.7547169811320755,0.5,0.10654239766081874,0.7480719794344474,0.0,0.0625,1.0,0.0,0.6428571428571428,0.0,0.0,0.052631578947368474,0.44885177453027136,0.30146695236525467,0.7894736842105263,0.8711978971085242,0.5555555555555556,0.25373134328358193,0.8890339425587467,0.9230769230769231,0.20277716552788194,0.0,0.0,0.08649456949472711,0.6428571428571428,0.9285714285714286,0.1748886605001715,0.0,0.5923466051825597,0.37338262476894624,0.0,0.6231884057971014,0.0,0.0,0.0,0.8003419702748915,0.8415841584158416,1.0,0.09678145397254101,0.6416184971098267,0.0,0.206896551724138,0.08695652173913038,1.0,0.0,0.9305413687436159,0.0,1.0,1.0,1.0,0.9375,0.8636363636363636,0.0,0.7916666666666666,0.0,0.0,0.0,0.0,0.4969627841587311,0.0,0.6206896551724137,1.0,1.0,0.0,0.0,0.0,0.0,0.8114086146682189,0.0,0.641025641025641,1.0,0.7333333333333334,0.33333333333333326,0.14814814814814825,0.0,0.0,0.8724727838258165,1.0,0.9124087591240876,0.2500000000000001,1.0,0.0,0.0,1.0,0.6,0.23392966464866327,0.8571428571428571,0.11111111111111105,0.11095603628750872,0.36363636363636365,0.36363636363636365,0.75,0.6513426736719206,0.3571428571428571,0.0625,0.7455919395465995,0.25352112676056326,0.4666666666666667,0.9,0.5,0.0,0.4861878453038674,1.0,0.7692307692307692,0.33333333333333326,0.0,0.5015576323987538,0.7777777777777778,1.0,0.0,0.0,0.5592603594237338,1.0,0.12,0.4935536362498435,0.0,0.9,0.0,0.854220600769482,1.0,0.9736614853195165,0.02164804469273729,0.7320261437908497,0.712,0.375,0.0,0.5403669266146771,0.0,0.7943350655053795,0.0,0.9844886088221038,0.7341772151898733,0.9992553983618764,1.0,0.8333333333333334,0.0,1.0,0.0,0.0,0.0,0.6000000000000001,0.9090909090909091,0.0,0.4385964912280701,0.0,0.821067415730337,0.0,1.0,0.0,0.5555555555555556,0.9090909090909091,0.0,0.5641025641025641,0.6907216494845361,0.29999999999999993,0.0,0.75,0.0,0.0,0.4064860062194581,0.8571428571428572,0.6863925108659311,0.33333333333333337,0.4,0.0,0.0,0.3313253012048192,0.5055401662049861,0.06666666666666665,0.0,0.0,0.0,0.0,0.5,0.0,0.13636363636363635,0.0,0.4,0.5333333333333333,0.8251804330392943,0.8148148148148149,0.0,1.0,0.0,0.2857142857142857,0.81,0.0,0.0,0.0,0.3549175320708613,0.4,0.5,0.2625416468348406,0.2060185185185185,0.896784933929872,0.26923076923076916,0.0,1.0,0.0,0.0,0.0,0.0,0.92,0.8010474002030674,0.3351718285956725,0.41184387617765816,1.0,0.1428571428571428,0.23809523809523803,0.46193501978180085,0.0,0.6253376012803842,0.0,1.0,0.7777777777777778,0.9523809523809523,0.9,0.9285714285714286,runif
0.7391304347826086,0.5768488745980707,0.0,0.0,0.6920009030024832,0.5,0.0,0.9080818802122821,0.49537037037037046,0.6363636363636364,0.798682883791278,0.7547730547550432,0.0,0.0,0.0,0.09999999999999998,0.7307692307692308,0.0,0.8421052631578947,1.0,0.8659262651705977,0.33333333333333326,0.40803498223558343,0.0,0.5556620348187191,1.0,0.864406779661017,0.9090909090909091,0.6000000000000001,0.0,0.5531149301825993,1.0,0.85,0.40364583333333337,0.9100797679477883,0.0,0.0625,0.0,0.0,0.6428571428571428,0.0,0.0,0.0,0.8622129436325678,0.6735886786648209,0.0,0.5080736012016522,0.0,0.0,0.19408181026979976,0.0,0.0,0.9674770039421814,0.5,0.18314099347717028,0.0,0.8571428571428571,0.418510713031261,0.5785081805925009,0.0,0.0,0.5499435665914222,0.5714285714285714,1.0,0.375,0.7777777777777778,0.9788899118768907,0.8415841584158416,1.0,0.7298932384341636,0.6416184971098267,0.0,0.0,0.75,0.9421221864951769,0.5778321108394459,0.31181477698331617,0.7368421052631579,0.9838709677419355,0.0,0.0,0.9375,0.6818181818181819,0.8656716417910448,0.7916666666666666,0.0,0.0,0.8406617755674824,0.0,0.47410636930214345,1.0,0.6206896551724137,0.0,1.0,0.7391304347826086,0.0,0.0,0.0,0.8102303787582975,0.7857142857142857,0.0,1.0,1.0,0.9487179487179487,0.14814814814814825,1.0,0.0,0.7116835805360395,1.0,0.9404096834264433,1.0,0.0,0.0,0.816358024691358,1.0,1.0,0.0,0.9285714285714286,0.11111111111111105,0.13568670711527853,0.0,0.0,0.75,0.3597369600956508,0.0,0.0,0.9143576826196473,0.0,0.0,0.8,0.0,0.8421052631578947,0.44060773480662985,0.0,0.5,1.0,0.25,0.75,0.0,1.0,0.8333333333333334,0.0,0.9090909090909091,0.5,0.0,0.0,0.9444444444444444,0.8,0.875,0.9717823888074869,0.8157894736842105,0.9736614853195165,0.7993482309124768,0.7320261437908497,0.9917355371900827,0.0,0.0,0.9640071985602879,0.9293831168831169,0.5000656685053848,0.6875,0.9328214971209213,0.0,0.0,1.0,0.75,1.0,0.925414364640884,0.0,0.0,0.9060721062618595,0.6000000000000001,0.040983606557377095,0.9545454545454546,0.6206896551724137,0.5084155542658154,0.780864431155855,0.75,0.5,0.0,0.0,0.0,1.0,0.0,0.5,1.0,0.625,0.75,0.46153846153846156,0.0,0.18765957446808512,0.8571428571428572,0.7311935807422267,0.8888888888888888,1.0,0.0,0.30309734513274345,0.0,0.6468144044321329,0.0,0.6,0.0,0.0,0.5,0.0,0.0,0.09090909090909094,0.028571428571428692,0.4,0.6470588235294117,0.6370439663236669,0.0,0.7142857142857143,0.7,0.0,0.9523809523809523,1.0,0.09999999999999998,0.9473684210526315,1.0,0.0,0.0,0.0,0.22931937172774852,0.0,0.16586345381526102,0.0,0.594434306569343,0.6774193548387097,1.0,0.5714285714285714,0.9375,0.9076923076923077,0.92,0.0,0.0,0.8099717779868297,0.0,0.0,0.23809523809523803,0.9844632768361582,0.6666666666666666,0.6377913374012205,1.0,1.0,0.0,0.0,0.9,0.7142857142857143,runif
0.8361986628462273,0.5757575757575758,0.0,0.0,0.0,0.5,0.0,0.9100150602409639,0.0,0.0,0.0,0.0,0.9435897435897436,0.0,0.8857348760859991,0.890625,0.0,0.3846153846153846,0.0,0.9814814814814815,0.24610753581067035,0.7692307692307692,0.3597977589505329,0.0,0.6768234419789787,0.9510204081632653,0.0,0.9090909090909091,0.0,0.5,0.5531149301825993,0.0,0.4,0.5794270833333334,0.44067796610169496,0.9090909090909091,1.0,1.0,0.9615384615384616,0.6428571428571428,0.8823529411764706,0.5825242718446602,0.0,0.9615384615384616,0.6338725652030373,0.7894736842105263,0.0,0.5555555555555556,0.9366754617414248,0.25888324873096447,1.0,0.8629050033061494,0.240242261103634,0.0,0.3036766018204534,0.0,0.0,0.0,0.3874381164733005,0.5213015205125753,0.2902033271719039,0.6178334106011436,0.5861182519280206,0.0,0.1250000000000001,0.7777777777777778,0.7779059040590406,0.0,0.6448863636363635,0.9627850279650079,0.8333333333333334,0.0,0.0,0.18518518518518512,0.32797427652733113,0.9891304347826086,0.4772902232486529,0.7368421052631579,0.0,1.0,0.9142857142857143,0.0,0.09090909090909094,0.8656716417910448,0.7916666666666666,0.0,0.0,0.0,0.0,0.0,0.8799943293244807,0.0,0.0,0.0,0.0,0.8754380466679962,0.0,0.96,0.8871534556813745,0.0,0.6666666666666666,0.03823720025923516,1.0,0.0,0.8148148148148148,0.0,1.0,0.8578024007386889,0.9333333333333333,0.0,1.0,1.0,1.0,0.8152130625248905,0.0,0.5,0.0,0.2857142857142856,0.8888888888888888,0.0,0.36363636363636365,1.0,0.75,0.8297223308564724,0.7142857142857143,0.0,1.0,0.8309859154929577,0.0,0.9,0.5,1.0,0.20603576751117725,0.0,0.9615384615384616,0.0,0.0,0.31464174454828653,0.0,0.0,0.0,0.675679788961039,0.9051221290557784,1.0,0.5517241379310345,0.5524245458446574,0.0,0.0,0.875,0.82698834362208,0.0,1.0,1.0,0.9673202614379085,1.0,0.0,0.0,0.5661764705882353,0.9886363636363636,0.5684931506849316,0.6875,0.0,0.9367088607594937,0.9502369668246445,0.0,0.08333333333333337,1.0,0.9470404984423676,0.0,0.0,0.0,0.6000000000000001,0.0,0.9545454545454546,0.0,0.0,0.0,0.0,0.5420560747663552,0.0,0.42222222222222217,0.29999999999999993,0.0,0.0,0.0,0.9,0.6798245614035088,0.6666666666666667,0.0,0.0,0.31934931506849307,0.8571428571428572,0.0,0.8888888888888888,0.0,0.0,0.20793374019180466,0.2979591836734694,0.0,0.06666666666666665,0.0,1.0,0.0,0.0,0.75,0.0,0.0,0.7428571428571429,0.4,0.0,0.19212962962962954,0.8148148148148149,0.0,1.0,0.5128205128205128,0.9523809523809523,1.0,0.8,0.07954300495796529,0.0,0.11494252873563238,0.0,0.0,0.7365050320219579,0.6,0.07269076305220878,0.3846153846153846,0.6197355533790402,1.0,0.0,0.4285714285714286,0.9375,0.46153846153846156,0.0,0.5994725640788379,0.3260500636402207,0.0,0.0,0.0,0.23809523809523803,0.6426553672316384,0.9090909090909091,0.01566183900303164,1.0,0.0,0.9629629629629629,0.8095238095238095,0.0,0.3571428571428571,runif
0.0,0.0,0.8974358974358975,0.5416666666666667,0.6534957901089111,0.0,0.004082074994581242,0.8942845723421262,0.6531387565579208,0.0,0.9057097957045573,0.65027808676307,0.0,0.0,0.8528177797936274,0.734375,0.3846153846153846,0.8461538461538461,0.052631578947368474,0.4363636363636363,0.878451318247872,0.7692307692307692,0.7815660016397923,0.0,0.0,0.0,0.5593220338983051,0.8636363636363636,0.0,1.0,0.11815252416756161,0.7735849056603774,0.19999999999999996,0.8125,0.943502824858757,0.0,0.0625,1.0,0.7142857142857142,0.6428571428571428,0.17647058823529416,0.0,0.0,0.0,0.9295613477431659,0.0,0.0,0.5555555555555556,0.38043478260869557,0.8936170212765957,0.0,0.032620674454485354,0.7051282051282052,0.0,0.3036766018204534,0.6428571428571428,0.9285714285714286,0.5483243967828417,0.5785081805925009,0.629721717509802,0.37338262476894624,0.8525730180806677,0.5520565552699229,0.44999999999999996,0.1250000000000001,0.7407407407407407,0.8003419702748915,0.9603960396039604,1.0,0.8454604515185967,1.0,1.0,0.206896551724138,0.75,0.0,0.9070811249582199,0.8257634077495509,0.0,0.0,1.0,1.0,0.9375,0.0,0.0,0.0,0.8666666666666667,0.6330545991146089,0.7706611570247934,0.0,0.551948446714086,0.9770354906054279,0.6666666666666667,0.0,0.8282208588957055,0.7391304347826086,0.0,0.0,0.8010091453800063,0.8147865853658537,0.03650586701434144,0.8974358974358975,0.6209068010075567,0.3999999999999999,0.9487179487179487,0.8148148148148148,1.0,0.0,0.0,0.0,0.7855839416058394,0.75,1.0,0.0,0.0,0.5070422535211268,0.8,0.9831190754447474,1.0,0.11111111111111105,0.6499999999999999,0.36363636363636365,0.8636363636363636,0.75,0.3479859210011733,0.7142857142857143,0.0,0.0,0.25352112676056326,0.7142857142857143,0.09999999999999998,0.5,0.8461538461538461,0.0,0.9479166666666666,0.23076923076923073,0.33333333333333326,0.0,0.31464174454828653,0.7777777777777778,1.0,0.939547450185748,0.9024959415584415,0.33740430185927806,1.0,1.0,0.7239307681304534,0.46666666666666656,0.0,0.75,0.854220600769482,1.0,1.0,0.9022346368715084,0.954248366013072,1.0,0.375,0.0,0.5469748168611104,0.9318181818181818,0.2920911148839841,0.0,0.0,0.7341772151898733,0.995260663507109,1.0,0.0,0.0,0.0,0.8823529411764706,0.5384615384615385,1.0,0.0,0.9090909090909091,1.0,0.6333333333333333,0.0,0.9494047619047619,0.23333333333333328,0.0,0.0,0.0,0.0,0.3916317991631799,0.7763157894736842,0.05555555555555547,0.6363636363636364,0.6289473684210526,0.6666666666666667,0.7948717948717949,0.0,0.0,0.2857142857142857,0.17352056168505514,0.8888888888888888,0.0,0.0,0.3988603988603988,0.43673469387755093,0.75,0.7666666666666666,0.6,0.0,0.0,0.0,0.75,0.0,0.09090909090909094,0.7428571428571429,0.4,1.0,0.8549382716049383,0.0,0.5714285714285714,1.0,0.0,0.8571428571428572,1.0,0.9,0.9019607843137255,0.0,0.11494252873563238,0.4,0.5,0.22931937172774852,0.0,0.9151606425702811,0.26923076923076916,0.8083435582822086,0.0,0.5,0.4285714285714286,0.75,0.46153846153846156,0.88,0.701305705364746,0.08554306321595262,0.586987270155587,0.0,0.1428571428571428,0.23809523809523803,0.6426553672316384,0.13636363636363646,0.07487246173852169,0.0,0.0,0.7777777777777778,0.9523809523809523,0.9,0.2857142857142857,runif
0.8361986628462273,0.0,0.0,0.5416666666666667,0.6910835242867575,0.0,0.0,0.0,0.6301369863013698,0.0,0.0,0.650122959982115,0.9435897435897436,0.0,0.8650834271675709,0.890625,0.2692307692307693,0.1794871794871794,0.0,0.9814814814814815,0.19114126097366324,0.7692307692307692,0.030472806777807948,0.0,0.8680326998619811,0.0,0.8305084745762712,0.9090909090909091,0.0,1.0,0.25515574650913,0.0,0.85,0.5794270833333334,0.9183804627249357,0.6363636363636364,0.0,0.0,0.3846153846153847,0.0,0.4117647058823529,0.33009708737864085,0.0,0.5517241379310345,0.8202469135802469,0.3157894736842105,0.8333333333333333,0.2222222222222222,0.0,0.6903553299492386,0.5439672801635992,0.20277716552788194,0.5975170204245095,0.5,0.0,0.0,0.8571428571428571,0.9344262295081968,0.3874381164733005,0.5213015205125753,0.8858595194085028,0.928450007726781,0.6231884057971014,1.0,0.1250000000000001,0.5555555555555556,0.77814467823683,0.8415841584158416,0.6448863636363635,0.9627850279650079,1.0,0.8333333333333333,0.0,0.08695652173913038,0.4662379421221865,0.9516105803850031,0.8461695607763023,0.0,1.0,0.0,0.9142857142857143,0.0,0.8636363636363636,0.8656716417910448,0.0,0.0,0.6000000000000001,0.8406617755674824,0.0,0.0,0.0,0.6206896551724137,0.0,0.0,0.7391304347826086,0.8400224005973493,0.0,1.0,0.8871534556813745,0.34419817470664926,0.28205128205128205,0.0,1.0,0.0,0.8148148148148148,0.5223880597014926,0.0,0.9964705882352941,0.0,0.9150818222025653,1.0,1.0,0.0,0.44907407407407407,0.0,1.0,0.4464915719325755,0.9285714285714286,0.7777777777777778,1.0,0.36363636363636365,0.36363636363636365,0.0,0.3523058960887332,0.0,0.0,0.20833333333333326,0.971830985915493,0.20000000000000007,0.09999999999999998,0.5416666666666667,0.5652173913043479,0.5767790262172285,1.0,0.7692307692307692,0.0,0.25,0.0,0.0,1.0,0.45812225599459644,0.6417522583838634,0.8977424624981435,1.0,0.86,0.5524245458446574,0.9444444444444444,0.0,0.75,0.82698834362208,1.0,1.0,1.0,0.9673202614379085,0.9279999999999999,0.0,0.0,0.5367647058823529,0.9402004839267197,0.9356101805525343,0.0,0.9903307888040712,0.0,0.05882352941176472,0.0,0.8333333333333334,1.0,0.0,0.0,0.5384615384615385,0.8972868217054264,0.0,0.0,0.0,0.33333333333333337,0.0,0.0,0.23333333333333328,0.5420560747663552,0.0,0.42222222222222217,0.29999999999999993,0.5606694560669456,0.3638443935926773,0.0,0.9,0.537375415282392,0.6666666666666667,0.20512820512820518,0.0,0.39982876712328763,0.2857142857142857,0.6863925108659311,0.8888888888888888,0.0,0.0,0.15170008718395822,0.2979591836734694,0.3125,0.06666666666666665,0.6,0.33333333333333337,0.8333333333333334,0.0,0.5,0.0,0.09090909090909094,0.028571428571428692,0.4,1.0,0.6072530864197532,0.37037037037037046,0.5714285714285714,0.0,0.46153846153846156,0.2857142857142857,0.8571428571428572,0.0,0.5528455284552845,1.0,0.3928571428571429,0.0,0.0,0.970722781335773,0.6,0.07269076305220878,0.6923076923076923,0.8102350636630754,1.0,1.0,0.4285714285714286,1.0,0.0,0.92,0.6011238346600827,0.3260500636402207,0.8152866242038217,1.0,0.0,0.23809523809523803,0.4664548022598869,0.9090909090909091,0.0,0.0,0.5,0.0,0.8095238095238095,0.0,0.9285714285714286,runif
0.0,0.0,0.8974358974358975,0.0,0.6910835242867575,0.0,0.17467660797700324,0.9100150602409639,0.0,0.875,0.9057097957045573,0.0,0.8465885307660108,0.0,0.0,0.734375,0.0,0.0,0.052631578947368474,0.9814814814814815,0.0,0.33333333333333326,0.4153456872813873,0.0,0.558220329485599,0.9886845827439887,0.864406779661017,0.8636363636363636,0.6000000000000001,0.5,0.5531149301825993,1.0,0.0,0.8125,0.36363636363636376,0.6363636363636364,1.0,0.8333333333333334,1.0,0.0,0.17647058823529416,0.33009708737864085,0.5789473684210527,0.0,0.6339212131201581,0.7935483870967742,0.8333333333333333,0.8888888888888888,0.3897624623619941,0.25888324873096447,0.5439672801635992,0.8629050033061494,0.27012155059132725,0.0,0.0,0.6428571428571428,0.8571428571428571,0.9293304994686504,0.7592305657382563,0.629721717509802,0.0,0.928450007726781,0.0,0.9228395061728395,0.1250000000000001,0.7407407407407407,0.04498224385111127,0.9603960396039604,0.6448863636363635,0.9578528504141628,1.0,0.9987593052109182,0.206896551724138,0.18518518518518512,0.0,0.0,0.9305413687436159,0.0,1.0,1.0,0.0,0.9375,0.09090909090909094,0.0,0.0,0.8666666666666667,0.0,0.8406617755674824,0.0,0.0,0.9770354906054279,0.0,0.5476190476190477,1.0,0.0,0.87831749672346,0.0,0.15999999999999992,0.4088669950738918,0.0,0.0,0.5235690235690236,1.0,0.0,0.14814814814814825,0.8208955223880597,1.0,0.40654205607476623,1.0,0.9576439444076771,0.75,0.0,1.0,0.816358024691358,0.9154929577464789,0.0,0.9713837710701686,0.5357142857142858,0.7777777777777778,0.6190476190476191,0.8636363636363636,1.0,0.0,0.3523058960887332,0.0,0.8125,0.375,0.8309859154929577,0.9333333333333333,0.8,0.9583333333333334,0.84256,0.45955184200531707,1.0,0.9615384615384616,0.8571428571428571,0.0,0.0,0.7777777777777778,1.0,0.939547450185748,0.701958198051948,0.5592603594237338,0.6237113402061856,0.86,0.0,1.0,0.0,0.75,0.0,1.0,1.0,0.9826517967781908,0.954248366013072,1.0,0.375,0.0,0.0,0.0,0.8836197520121818,0.0,0.9903307888040712,0.9873417721518988,0.0,1.0,0.5,0.0,0.0,0.8823529411764706,0.0,0.8627450980392157,0.0,0.0,0.9545454545454546,0.0,0.4516295913088464,0.7567567567567568,0.0,0.5420560747663552,0.0,0.33333333333333337,0.0,0.0,0.7116704805491991,0.09278350515463918,0.9,0.7096491228070175,0.75,0.46153846153846156,0.0,0.8159246575342466,0.8571428571428572,0.7311935807422267,0.8888888888888888,1.0,0.0,0.057430432208407045,0.0,0.5522959183673469,0.7666666666666666,0.0,0.33333333333333337,0.0,0.75,0.75,0.0,0.09090909090909094,0.028571428571428692,0.0,0.0,0.1483560545308742,0.7407407407407407,0.7142857142857143,0.8,0.0,0.9523809523809523,0.8604651162790697,0.8,0.11019397441188616,0.0,0.3928571428571429,0.4,0.0,0.0,1.0,0.9151606425702811,0.0,0.8004105839416058,0.35096153846153844,1.0,0.4285714285714286,0.7368421052631579,1.0,0.88,0.5994725640788379,0.3260500636402207,0.635122838944495,0.4,0.1428571428571428,0.23809523809523803,0.0,0.0,0.5353654429100708,0.0,1.0,1.0,0.0,0.9,0.0,runif
0.0,0.5757111773712628,0.0,0.896551724137931,0.6983885129900315,0.5,0.0,0.9112543798177996,0.0,0.6363636363636364,0.8339135799748805,0.7428732857362987,0.0,0.0,0.5489082969432314,0.890625,1.0,0.8958333333333334,1.0,0.9815588030619345,0.2675213073184476,0.33333333333333326,0.40731707317073185,0.0,0.39628785411917966,0.9458874458874459,1.0,0.5909090909090908,0.4,0.0,0.7976035425892158,0.9090909090909091,0.35,0.9422514619883041,0.0,0.6363636363636364,1.0,0.0,0.8461538461538461,0.6428571428571428,0.7647058823529412,0.9409090909090909,0.0,0.4482758620689655,0.0,0.3157894736842105,0.24225865209471764,0.2222222222222222,0.5644028103044496,0.9347079037800687,0.9383634431455898,0.1585127201565557,0.27001969149983596,0.0,0.4699699699699701,0.6428571428571428,0.4285714285714285,0.6280786756647632,0.969513744220314,0.9886045788873925,0.0,1.0,0.5714285714285714,0.9321808510638298,0.1250000000000001,0.5555555555555556,0.8003419702748915,0.0,0.4,0.0,1.0,1.0,0.206896551724138,0.0,0.7170418006430868,0.9677403869233354,0.0,0.9473684210526315,1.0,1.0,1.0,0.9375,0.6818181818181819,0.0,0.7916666666666666,0.0,0.9136442141623489,0.8406617755674824,0.0,0.0,0.8774044141972683,0.0,0.0,1.0,0.7391304347826086,0.0,0.0,0.0,0.9557522123893806,1.0,0.926829268292683,1.0,1.0,0.0,0.14814814814814825,0.0,0.0,0.314151190164792,1.0,1.0,0.2500000000000001,1.0,0.0,0.44907407407407407,0.9436619718309859,0.0,0.9797972927011768,0.0,0.7777777777777778,1.0,0.36363636363636365,0.8636363636363636,0.75,0.8757368169507727,0.9047619047619048,0.0,0.7528344671201814,0.0,0.20000000000000007,0.09999999999999998,0.5416666666666667,0.782608695652174,1.0,1.0,0.23076923076923073,0.0,0.0,0.3125,0.7777777777777778,0.33333333333333326,0.5424015009380863,1.0,1.0,0.0,0.98,0.2727272727272727,0.9333333333333333,0.0,0.75,0.8411532756936657,0.0,0.10869565217391297,0.0,0.954248366013072,1.0,0.375,0.0,0.8210541893791776,0.9862943116240726,0.0,0.9375,1.0,0.9873417721518988,0.9992553983618764,1.0,0.75,0.0,1.0,0.0,0.5384615384615385,0.9,0.6000000000000001,0.0,0.7582417582417582,0.0,1.0,0.7855769230769231,0.8,0.5,0.0,0.92,0.29999999999999993,0.7432905484247374,0.3846153846153846,0.5,0.9,0.0,0.75,0.0,0.0,0.8025531914893618,0.7142857142857143,1.0,0.6666666666666667,0.4,0.0,0.6551996836694345,1.0,0.2315068493150686,0.7666666666666666,0.19999999999999996,0.33333333333333337,0.8333333333333334,0.0,0.75,0.0,0.8666666666666667,0.4285714285714285,0.4,0.5333333333333333,0.4444444444444444,0.37037037037037046,1.0,0.0,0.5128205128205128,1.0,0.8899082568807339,0.0,0.11019397441188616,0.0,0.5789473684210527,0.4,1.0,0.9559435862995299,0.8378378378378378,0.7004228800356109,0.0,0.8488372093023255,0.6774193548387097,1.0,0.4285714285714286,0.4375,0.6666666666666666,0.0,0.0,0.6066606996345192,0.9354330708661417,1.0,0.1428571428571428,0.0,0.8253968253968254,1.0,0.0,1.0,1.0,1.0,0.9523809523809523,0.9,0.7142857142857143,runif
0.8451672010994045,0.0,0.8974358974358975,0.5416666666666667,0.0,0.0,0.1715690527838034,0.9076273503235017,0.6774547803617571,0.6363636363636364,0.8206153846153846,0.772733507063503,0.8093013068555158,0.0,0.3114172153281348,0.19999999999999996,0.2692307692307693,0.3846153846153846,0.8421052631578947,0.43211578221915936,0.2957850414550506,0.33333333333333326,0.7815660016397923,0.0,0.38739817920459996,0.7967479674796748,0.864406779661017,0.9090909090909091,0.4,1.0,0.0,0.9433962264150944,0.35,0.9422514619883041,0.0,0.0,0.0625,0.2222222222222222,0.0,0.6428571428571428,0.5882352941176471,0.9022556390977443,0.0,0.8622129436325678,0.8204027731924728,0.0,0.5080736012016522,0.2222222222222222,0.7807660961695191,0.8890339425587467,0.0,0.8629050033061494,0.9674770039421814,0.5,0.09072230124861713,0.6428571428571428,0.9285714285714286,0.0,0.0,0.45650228844764107,0.300475866757308,0.22833211944646747,0.5861182519280206,1.0,0.1250000000000001,0.7777777777777778,0.8003419702748915,0.9603960396039604,1.0,0.10612361967589268,0.9075144508670521,1.0,0.0,0.0,0.0,0.9677403869233354,0.5707865168539326,0.9473684210526315,0.0,1.0,0.0,0.0,0.6818181818181819,0.8656716417910448,0.0,0.9090909090909091,0.6000000000000001,0.0,0.0,0.5269309195802456,0.9770354906054279,0.6206896551724137,0.0,1.0,0.7391304347826086,0.864985922702841,0.0,0.15736360769473345,0.8878540939076446,0.34419817470664926,0.6666666666666666,1.0,0.3999999999999999,0.0,0.14814814814814825,1.0,0.0,0.314151190164792,0.9111111111111111,0.9433878814683768,1.0,1.0,0.0,0.07002314814814825,0.9154929577464789,0.0,0.9797972927011768,0.0,0.0,0.09316770186335399,0.0,0.0,0.75,0.6513426736719206,0.7857142857142857,0.0,0.9143576826196473,0.971830985915493,0.0,0.8,0.5416666666666667,0.6695156695156695,0.8302919708029197,0.019002375296912066,0.9615384615384616,1.0,0.25,0.5121951219512195,0.7777777777777778,1.0,0.45833333333333326,0.0,0.650750037130551,1.0,0.82,0.5254237288135593,1.0,0.0,0.875,0.854220600769482,1.0,0.9858305697919807,0.12897526501766787,0.9673202614379085,1.0,0.0,0.0,0.0,0.9925465838509316,0.06704237722315731,1.0,0.0,0.9873417721518988,0.0,0.0,0.75,0.8695652173913043,0.0,0.8823529411764706,0.5384615384615385,0.0,0.0,0.9090909090909091,0.7582417582417582,0.4385964912280701,1.0,0.9365079365079365,0.23333333333333328,0.0,0.0,0.5555555555555556,1.0,0.5606694560669456,0.641025641025641,0.5,0.6,0.6798245614035088,0.75,0.7948717948717949,0.0,0.814749000444247,0.7142857142857143,0.7311935807422267,0.8888888888888888,0.4,0.0,0.03331350386674592,0.0,0.2119113573407203,0.7666666666666666,0.19999999999999996,0.33333333333333337,0.0,0.5,0.0,0.0,0.13636363636363635,0.4,0.4,1.0,0.6072530864197532,0.0,0.7142857142857143,0.0,0.9743589743589743,0.2857142857142857,0.0,0.8,0.9496491952125464,1.0,0.3549175320708613,0.4,0.5,0.6315139879319802,0.2060185185185185,0.0,0.3846153846153846,0.19464068209500607,1.0,1.0,0.4285714285714286,0.7368421052631579,0.0,0.88,0.8341798625634897,0.3351718285956725,0.7496635262449529,1.0,0.0,0.0,0.0,1.0,0.0,0.6666666666666667,0.0,1.0,0.0,0.0,0.7142857142857143,runif
0.8361986628462273,0.882051282051282,0.0,0.5416666666666667,0.0,0.5,0.1910097007787951,0.9184142835527311,0.6301369863013698,0.875,0.9057097957045573,0.0,0.0,0.0,0.8527008624602814,0.734375,0.3846153846153846,0.8461538461538461,0.8947368421052632,0.6512749827705031,0.0,0.7692307692307692,0.41067230841560876,0.0,0.27314343845371325,0.7175792507204611,0.8305084745762712,0.8636363636363636,0.4,0.0,0.0,0.2727272727272728,0.4,0.8125,0.9090909090909091,0.9090909090909091,1.0,0.0,0.3846153846153847,0.6428571428571428,0.8823529411764706,0.0,0.8947368421052632,1.0,0.27654320987654313,0.6703296703296703,0.0,0.2222222222222222,0.38043478260869557,0.0,0.5301204819277108,0.8857142857142857,0.2584077771939045,0.5,0.9189905824266252,0.0,0.8571428571428571,0.0,0.40972435251325656,0.629721717509802,1.0,0.0,0.0,0.0,0.0,0.0,0.0,0.9603960396039604,0.019886363636363535,1.0,1.0,0.9509925558312655,0.206896551724138,0.0,0.32797427652733113,0.9891304347826086,0.47843942505133463,0.7368421052631579,1.0,1.0,0.9771428571428571,0.0,0.6818181818181819,0.8656716417910448,0.7916666666666666,0.0,0.6000000000000001,0.0,0.0,0.6934869739478958,0.9770354906054279,0.6206896551724137,0.5476190476190477,0.8282208588957055,0.0,0.0,0.0,0.96,0.8102303787582975,0.03650586701434144,0.8974358974358975,0.8807420494699647,0.7333333333333334,0.0,0.8148148148148148,0.8208955223880597,0.0,0.0,0.5111111111111111,0.9354404841963685,0.75,0.5,0.0,0.05714854639585809,0.39624432957062994,0.6,0.990506329113924,0.9285714285714286,0.8888888888888888,0.6499999999999999,0.36363636363636365,0.36363636363636365,0.75,0.8297223308564724,0.0,0.9375,0.9545454545454546,0.323943661971831,0.7142857142857143,0.9,0.5416666666666667,0.84256,0.0,0.9665775401069518,0.9615384615384616,0.0,0.25,0.9376947040498442,0.0,1.0,0.0,0.675679788961039,0.3516502656100323,1.0,0.8620689655172413,0.0,0.0,0.09999999999999987,0.0,0.0,1.0,0.0,1.0,0.9673202614379085,0.712,0.375,0.0,0.0,0.9886363636363636,0.5218658892128281,0.6875,0.9903307888040712,0.9367088607594937,1.0,0.0,0.75,0.6842105263157895,0.8888888888888888,0.0,0.5384615384615385,0.0,0.6000000000000001,0.9090909090909091,0.9545454545454546,0.75,0.4516295913088464,0.8056483449741876,0.0,0.0,0.0,1.0,0.0,0.3916317991631799,0.6567505720823799,0.6907216494845361,0.29999999999999993,0.27243589743589736,0.6666666666666667,1.0,0.0,0.6688311688311688,0.0,0.6863925108659311,0.8888888888888888,0.6,0.0,0.0,0.0,0.0,0.7666666666666666,1.0,1.0,0.0,0.0,0.5,0.0,0.0,0.0,0.8,0.17647058823529416,0.0,0.0,0.0,0.0,0.0,0.0,1.0,0.5,0.07954300495796529,1.0,0.8947368421052632,0.0,0.0,0.7365050320219579,0.04166666666666674,0.9151606425702811,0.7692307692307693,0.0,0.35096153846153844,0.0,0.5714285714285714,0.0,0.0,0.88,0.8386231146479134,0.9587901842321176,0.11538461538461542,0.7777777777777778,0.1428571428571428,0.0,0.6426553672316384,0.9090909090909091,0.0,1.0,1.0,0.9629629629629629,0.9523809523809523,0.0,0.7142857142857143,runif
0.0,0.0,0.8974358974358975,0.0,0.0,0.0,3.3306690738754696e-16,0.8938083708059495,0.0,0.0,0.0,0.7784727272727273,0.0,0.0,0.7963584939013612,0.09999999999999998,0.9615384615384616,0.5769230769230769,0.8421052631578947,0.9302325581395349,0.7661166116611662,0.33333333333333326,0.030472806777807948,0.0,0.38739817920459996,0.0,0.4067796610169492,0.9090909090909091,0.6000000000000001,0.0,0.0,0.9811320754716981,0.0,0.40364583333333337,0.943502824858757,0.6363636363636364,0.0,1.0,0.25,0.0,0.4117647058823529,1.0,0.5789473684210527,0.5480167014613779,0.9431206764027671,0.0,0.8711978971085242,0.5555555555555556,0.0,0.4664926022628373,0.6153846153846154,0.3440599515098083,0.0,0.5,0.31647839340147044,0.0,0.9285714285714286,0.646173469387755,0.6971736204576042,0.9004719004719005,0.300475866757308,0.22833211944646747,0.0,0.44999999999999996,0.0,0.2592592592592592,0.8003419702748915,0.9603960396039604,1.0,0.7049699528991392,0.9075144508670521,0.6666666666666667,0.0,0.0,1.0,0.0,0.5707865168539326,0.9473684210526315,0.96875,1.0,1.0,0.9375,0.6818181818181819,0.0,0.0,0.9090909090909091,0.0,0.0,0.0,0.0,0.7468354430379747,0.0,0.75,0.0,0.7391304347826086,0.0,0.0,0.8387096774193549,0.4088669950738918,1.0,0.641025641025641,0.9605609114811569,1.0,0.9487179487179487,0.14814814814814825,0.0,0.0,0.314151190164792,0.0,0.2887773722627738,1.0,0.0,0.0,0.07002314814814825,0.9436619718309859,1.0,0.0,0.9285714285714286,0.7777777777777778,0.0,0.36363636363636365,0.0,0.0,0.3597369600956508,0.3571428571428571,0.8125,0.2103274559193954,0.971830985915493,0.0,0.9,0.5,0.0,0.0,0.3076923076923076,0.0,0.33333333333333326,0.25,0.5,0.0,1.0,0.8333333333333334,1.0,0.75177304964539,1.0,0.82,0.8076923076923077,0.46666666666666656,0.9,0.25,0.7240816326530612,1.0,0.9782608695652174,0.8022935779816514,0.9673202614379085,0.9917355371900827,0.0,0.0,0.8200359928014397,0.0,0.0,1.0,0.9854961832061069,0.9367088607594937,0.8695652173913043,1.0,0.75,0.0,0.0,0.8823529411764706,0.0,0.0,0.0,0.0,0.9545454545454546,0.0,0.0,0.0,0.75,0.5,0.0,1.0,0.0,1.0,0.5641025641025641,0.5,0.75,0.6486710963455149,0.75,0.20512820512820518,0.0,0.8025531914893618,0.2857142857142857,0.3403543965229019,0.8888888888888888,1.0,0.0,0.08579335793357945,0.7428571428571429,0.0,0.0,0.6,0.33333333333333337,0.0,0.0,0.0,0.0,0.09090909090909094,0.4285714285714285,0.0,1.0,0.8054256314312442,0.0,0.0,1.0,0.0,0.0,0.0,0.9,0.0,1.0,0.6793924466338259,0.0,0.5,0.9693479295573536,0.8378378378378378,0.9324921135646688,0.3846153846153846,0.19049951028403533,0.0,0.5,0.0,0.625,0.6666666666666666,0.88,0.000980766087288143,0.0,0.8152866242038217,0.4,0.0,0.0,0.8259201534588179,0.0,0.0,0.6666666666666667,1.0,0.9629629629629629,0.9523809523809523,0.9,0.7142857142857143,runif
0.8122762148337596,0.5768488745980707,0.8974358974358975,0.0,0.0,0.5,0.5130925507900677,0.9080818802122821,0.6273964438263633,0.875,0.0,0.0,0.0,0.0,0.541578913778799,0.0,1.0,0.0,0.0,0.981736733287388,0.0,0.33333333333333326,0.40731707317073185,0.0,0.6986093350383632,0.8695652173913043,1.0,0.31818181818181823,0.4,0.0,0.8589173439656494,0.9090909090909091,0.35,0.0,0.5308483290488433,0.0,0.0625,0.0,1.0,0.6428571428571428,0.0,0.8954545454545455,0.052631578947368474,0.8620689655172413,0.6324279835390947,0.7873170731707317,0.24225865209471764,0.8888888888888888,0.9203980099502488,0.938207136640557,0.9230769230769231,0.8414872798434442,0.5975170204245095,0.5,0.4699699699699701,0.6428571428571428,0.4285714285714285,0.3370161014045907,0.8652115293517473,0.0,0.37338262476894624,0.8975542224273189,0.6231884057971014,0.6133333333333334,0.375,0.5555555555555556,0.952946205445219,0.8415841584158416,1.0,0.0,0.9075144508670521,1.0,0.206896551724138,0.0,0.4662379421221865,0.0,0.8461695607763023,0.0,1.0,1.0,1.0,0.0,0.8636363636363636,0.8656716417910448,0.7916666666666666,0.9090909090909091,0.0,0.0,0.0,0.491440367299,0.8727707903134972,0.6206896551724137,0.0,0.0,0.0,0.0,0.0,0.0,0.0,0.9375,0.0,0.07239819004524906,1.0,0.3076923076923076,0.14814814814814825,0.0,0.0,0.8707983193277311,1.0,1.0,0.2500000000000001,1.0,0.0,0.9311342592592593,0.704225352112676,0.0,0.0,0.7857142857142857,0.11111111111111105,0.13568670711527853,0.0,0.8636363636363636,0.75,0.6965556504412184,0.7857142857142857,0.0625,0.9143576826196473,0.8309859154929577,0.4666666666666667,0.09999999999999998,0.9583333333333334,0.7826086956521738,1.0,0.0,0.9615384615384616,0.0,0.25,0.31464174454828653,0.7777777777777778,0.33333333333333326,0.6219135802469136,1.0,0.0,1.0,0.86,0.4935536362498435,0.8888888888888888,0.8,0.75,0.9526282669130708,1.0,0.9166666666666666,0.0,0.9673202614379085,1.0,0.375,0.0,0.5470488123720494,0.0,0.4422258339137839,0.0,0.9851965644857202,0.9873417721518988,1.0,0.0,0.8333333333333334,0.8695652173913043,1.0,0.8823529411764706,0.0,0.0,0.6000000000000001,0.040983606557377095,0.7582417582417582,0.7161520190023754,1.0,0.0,0.0,0.5,0.0,0.888888888888889,0.5,0.6406067677946325,0.5641025641025641,0.64,0.9,0.7574750830564785,0.75,0.0,0.0,0.33319148936170206,0.7142857142857143,0.6481481481481481,0.33333333333333337,0.4,0.0,1.0,0.4444444444444444,0.2119113573407203,0.0,0.0,0.0,0.0,0.5,0.75,0.0,0.13636363636363635,0.4,0.4,1.0,0.19212962962962954,0.8148148148148149,1.0,0.8,0.5128205128205128,1.0,1.0,0.8,0.5528455284552845,1.0,0.07147220525351261,0.4,1.0,0.0,0.8378378378378378,0.055457288523566683,0.26923076923076916,0.7747584541062802,1.0,0.0,0.5714285714285714,1.0,0.875,0.92,0.8022536687631028,0.8853415358506577,0.7372881355932204,0.9090909090909091,0.1428571428571428,0.0,0.7142857142857143,0.6666666666666667,0.0549275511252697,0.0,1.0,1.0,0.9523809523809523,0.0,0.9285714285714286,runif
0.0,0.882051282051282,0.8974358974358975,0.0,0.8206018518518519,0.0,0.03566988950276251,0.9183340878225441,0.0,0.0,0.0,0.0,0.0,0.0,0.0,0.703125,0.0,0.1794871794871794,0.0,0.0,0.9896456997957315,0.0,0.3777621062529384,0.0,0.6017996400719856,0.0,0.0,0.8636363636363636,0.6000000000000001,0.5,0.9081873592883423,0.9090909090909091,0.85,0.10654239766081874,0.0,0.6363636363636364,0.0625,0.0,0.7142857142857142,0.0,0.7647058823529412,0.8796992481203008,0.8947368421052632,0.2886221294363256,0.0,1.0,0.009763424708974844,0.5555555555555556,0.3947229551451188,0.18728522336769748,0.9383634431455898,0.8857142857142857,0.04672476576244833,0.5,0.9402560455192034,0.0,0.9285714285714286,0.627617234815712,0.7394057583592621,0.671100175505007,0.7635840230298668,0.6178334106011436,0.9368530020703933,0.9227941176470589,1.0,0.2592592592592592,0.9565457050987598,0.8415841584158416,0.0,0.8134010042654285,0.0,1.0,0.0,0.0,1.0,0.44913830348999084,0.6118456801304111,0.0,1.0,1.0,0.5,0.9375,0.09090909090909094,0.0,0.7916666666666666,1.0,0.0,0.9411347517730496,0.0,0.5187535518090547,0.7468354430379747,0.0,1.0,0.0,0.0,0.0,0.0,0.0935828877005348,0.8812785388127854,0.0,0.28205128205128205,0.0,0.0,1.0,0.0,0.0,1.0,0.7175986129172085,0.0,0.0,0.75,0.0,1.0,0.93512938674229,0.9171506000774293,1.0,0.23392966464866327,0.0,0.7777777777777778,0.11095603628750872,0.0,0.8636363636363636,0.0,0.8861646234676007,0.9047619047619048,0.9375,0.0,0.0,0.9333333333333333,0.0,0.5,0.0,0.45955184200531707,1.0,0.9615384615384616,0.2777777777777777,0.25,0.9376947040498442,0.0,1.0,0.48294082125603865,0.7042445241925503,0.8974744222651498,1.0,0.0,1.0,0.9444444444444444,0.8,0.25,0.9029495950638682,1.0,0.0,0.7647058823529411,0.0,1.0,0.0,0.0,0.8457615195216321,0.6695979899497488,0.0,0.0,0.992762034824172,0.7341772151898733,0.9687267311988086,1.0,0.5,0.0,1.0,0.8823529411764706,0.0,0.8972868217054264,0.0,0.040983606557377095,0.9545454545454546,0.0,0.0,0.0,0.0,1.0,0.0,0.0,0.9090909090909091,0.0,0.3846153846153846,0.0,0.0,0.9601063829787234,0.0,0.0,0.0,0.34832451499118167,0.2857142857142857,0.0,0.8888888888888888,1.0,0.0,1.0,1.0,0.6428571428571429,0.06666666666666665,0.0,0.33333333333333337,0.0,0.5,0.75,0.0,0.6363636363636364,0.4285714285714285,0.8,0.0,0.4444444444444444,0.7407407407407407,0.4285714285714286,1.0,0.0,0.9523809523809523,0.81,0.5,0.41580685101114323,1.0,0.8546120952962737,0.0,0.5,0.9693479295573536,0.9166666666666666,0.13703048590157096,0.3846153846153846,0.6202192448233862,0.8335766423357664,1.0,0.5714285714285714,0.0,0.0,0.92,0.831240314220061,0.0,0.0,1.0,0.0,0.0,0.46193501978180085,0.6666666666666666,0.06015496308950041,0.0,1.0,0.7777777777777778,0.8095238095238095,0.9,0.0,runif
0.0,0.5768488745980707,0.8974358974358975,0.5416666666666667,0.0,0.5,0.0,0.0,0.6246575342465753,0.6363636363636364,0.798682883791278,0.7545520100955472,0.0,0.0,0.8527008624602814,0.09999999999999998,0.2692307692307693,0.3846153846153846,0.8421052631578947,0.981736733287388,0.0,0.7692307692307692,0.7500186053434547,0.0,0.5263325885732526,0.9851851851851852,0.8305084745762712,0.31818181818181823,0.0,1.0,0.8607948442534908,0.9811320754716981,0.0,0.625,0.36363636363636376,0.9090909090909091,1.0,0.0,0.0,0.6428571428571428,0.5882352941176471,0.5825242718446602,0.8947368421052632,0.8620689655172413,0.30146695236525467,0.791869918699187,0.8333333333333333,0.2222222222222222,0.0,0.2588832487309646,0.6153846153846154,0.20277716552788194,0.0,0.0,0.3004303388918773,0.6428571428571428,0.9285714285714286,0.8502291722836344,0.7592305657382563,0.0,0.38205302515295714,0.8262927895120176,0.9601542416452442,0.9228395061728395,1.0,0.5555555555555556,0.9506457564575646,0.8415841584158416,0.48863636363636365,0.9627850279650079,0.7976878612716763,0.0,0.0,0.0,0.4375,0.9310344827586207,0.9305413687436159,0.7368421052631579,1.0,1.0,0.9142857142857143,0.9375,0.09090909090909094,0.0,0.7916666666666666,0.9090909090909091,0.6000000000000001,0.0,0.0,0.0,0.0,0.6206896551724137,0.5476190476190477,0.8282208588957055,0.7391304347826086,0.0,0.0,0.96,0.8102303787582975,0.1428571428571428,0.6666666666666666,1.0,1.0,0.0,0.8148148148148148,0.9552238805970149,0.0,0.297773654916512,0.9111111111111111,0.9124087591240876,0.2500000000000001,1.0,1.0,0.9311342592592593,0.9122270281675282,1.0,0.43046107331821626,0.5357142857142858,0.8888888888888888,0.0,0.36363636363636365,0.0,0.75,0.6965556504412184,0.7142857142857142,0.9375,0.9143576826196473,0.25352112676056326,0.9333333333333333,0.09999999999999998,0.5416666666666667,0.0,0.44060773480662985,0.019002375296912066,0.7692307692307692,0.0,0.0,0.3292682926829268,0.7777777777777778,1.0,0.0,0.701958198051948,0.0,1.0,0.98,1.0,1.0,0.09999999999999987,0.75,0.9452159691432137,1.0,1.0,1.0,0.9673202614379085,1.0,0.0,0.0,0.0,0.963365162578793,0.8836197520121818,0.6875,0.9951653944020357,0.7341772151898733,0.9246987951807228,1.0,0.08333333333333337,0.0,0.9375,0.8823529411764706,0.5384615384615385,0.0,0.6000000000000001,0.0,0.0,0.7682926829268293,0.4516295913088464,0.780864431155855,0.23333333333333328,0.0,0.0,0.42222222222222217,0.0,0.5606694560669456,0.0,0.3917525773195877,0.9,0.6798245614035088,0.6666666666666667,0.7948717948717949,0.0,0.8159246575342466,0.7142857142857143,0.6863925108659311,0.33333333333333337,0.0,0.0,0.766553480475382,0.7428571428571429,0.3125,0.06666666666666665,0.0,1.0,0.0,0.0,0.0,0.0,0.13636363636363635,0.7428571428571429,0.8,0.6470588235294117,0.8251804330392943,0.7407407407407407,0.5714285714285714,0.0,0.46153846153846156,0.9523809523809523,0.4444444444444444,0.0,0.0,0.0,0.11494252873563238,0.4,0.5,0.6373626373626374,0.9166666666666666,0.16586345381526102,0.26923076923076916,0.8218521897810219,0.8477564102564102,1.0,0.5714285714285714,0.4736842105263157,0.875,0.92,0.0,0.3260500636402207,0.0,0.0,0.0,0.0,0.0,0.9090909090909091,0.5335961604388071,1.0,1.0,0.7777777777777778,0.8095238095238095,0.9,0.3571428571428571,runif
0.0,0.0,0.0,0.0,0.0,0.5,0.0,0.9183119000181127,0.6531387565579208,0.0,0.0,0.0,0.0,0.0,0.2384816159782116,1.0,0.9615384615384616,0.3846153846153846,0.8421052631578947,0.4363636363636363,0.537680593518157,0.7692307692307692,0.7815660016397923,0.0,0.5554667838453242,0.7816326530612245,0.0,0.5909090909090908,0.4,1.0,0.25515574650913,0.9090909090909091,0.4,0.8125,0.8333333333333334,0.0,0.78125,0.0,0.25,0.0,1.0,0.0,0.052631578947368474,0.6538461538461539,0.5545300722965697,0.791869918699187,0.5080736012016522,0.2222222222222222,0.3897624623619941,0.8450704225352113,0.0,0.20277716552788194,0.9646539027982327,0.5,0.0,0.0,0.0,0.5506895391860074,0.0,0.3156498039590705,0.0,0.8819367676321026,0.0,0.0,0.0,0.5555555555555556,0.0,0.0,0.5,0.8491814946619217,0.9075144508670521,0.7777777777777778,0.0,0.0,0.32797427652733113,0.1990163777873275,0.2894534257120861,0.9473684210526315,1.0,0.0,1.0,0.9375,0.0,0.0,0.0,0.0,0.0,0.0,0.0,0.0,0.6846846846846847,0.6666666666666667,0.0,0.0,0.0,0.0,0.0,0.15736360769473345,1.0,1.0,0.6666666666666666,0.9609375,0.3999999999999999,0.3076923076923076,0.8148148148148148,1.0,1.0,0.7088673816374575,0.7272727272727273,0.17888365837256237,0.2500000000000001,1.0,0.0,0.44563918757467125,0.704225352112676,0.5,0.9831190754447474,0.9642857142857143,0.11111111111111105,1.0,0.36363636363636365,0.0,0.0,0.8779820101681658,0.3571428571428571,0.0625,0.7444444444444445,0.8309859154929577,1.0,0.8,0.5416666666666667,0.84256,0.45955184200531707,0.9375,0.7692307692307692,1.0,0.25,1.0,0.0,0.0,0.939547450185748,0.0,0.675607419663851,0.6237113402061856,1.0,0.0,0.0,0.9,0.75,0.37038689172289085,0.0,0.8950859210129636,0.9022346368715084,0.9673202614379085,1.0,0.0,0.0,0.5469748168611104,0.3522727272727272,0.6438172043010753,0.9375,0.9577393075356415,0.0,0.9246987951807228,1.0,0.0,0.0,0.0,0.0,0.0,0.0,0.6000000000000001,0.0,0.9545454545454546,0.8183908045977012,0.0,0.0,0.0,0.0,0.0,0.0,0.8,0.9372384937238494,0.0,0.5,0.6363636363636364,0.7096491228070175,0.6666666666666667,0.7948717948717949,0.0,0.18765957446808512,0.0,0.0,0.6666666666666667,0.4,0.0,0.06113537117903911,0.18367346938775508,0.0,0.7666666666666666,0.6,0.0,0.0,0.0,0.0,0.0,0.6363636363636364,0.0,0.4,0.8235294117647058,0.2185672514619884,0.7407407407407407,0.7142857142857143,0.0,0.0,0.9523809523809523,1.0,1.0,0.9474024574261695,1.0,0.11494252873563238,0.0,0.0,0.22931937172774852,0.22972972972972971,0.0,0.0,0.8465055519268452,0.35096153846153844,0.0,0.0,0.4375,0.09230769230769231,0.0,0.0717002554640932,0.08639441275257242,0.875,0.4,0.0,0.0,0.6360148663229829,0.0,0.6377913374012205,1.0,0.9662162162162162,0.0,0.8095238095238095,0.9,0.2857142857142857,runif
0.7835178351783518,0.882051282051282,0.8974358974358975,0.0,0.0,0.0,0.23152982123081778,0.9183340878225441,0.6623544631306597,0.0,0.9057097957045573,0.7775192671222918,0.8145359881798353,0.0,0.0,0.0,0.2692307692307693,0.5769230769230769,0.5789473684210527,0.875,0.6857142857142857,0.33333333333333326,0.7958392101551481,0.0,0.24704228651751203,0.0,0.8305084745762712,0.8636363636363636,0.4,0.0,0.6553426096088213,0.9090909090909091,0.4,0.0,0.5,0.6363636363636364,0.9375,1.0,0.9615384615384616,0.6428571428571428,0.7763157894736842,0.0,0.4736842105263158,0.8620689655172413,0.47296951063284653,0.0,0.2084115659031167,0.5555555555555556,0.4894613583138173,0.9,0.0,0.27428571428571424,0.047309453712790384,0.0,0.9209352132786007,0.6428571428571428,0.4285714285714285,0.04142270383640645,0.40972435251325656,0.629721717509802,1.0,0.8525730180806677,0.0,0.0,1.0,0.7777777777777778,0.9536501714845664,0.8415841584158416,0.0,0.9765372626806461,1.0,1.0,0.206896551724138,0.18518518518518512,1.0,0.9310344827586207,0.6118456801304111,0.7368421052631579,1.0,1.0,1.0,0.0,0.8636363636363636,0.8656716417910448,0.7916666666666666,0.9090909090909091,0.0,0.0,0.0,0.5211121583411875,0.8799421979011205,0.6666666666666667,0.0,1.0,0.7391304347826086,0.8937768240343348,0.0,0.09677419354838712,0.0,0.34419817470664926,0.641025641025641,0.32500000000000007,0.3999999999999999,0.9487179487179487,0.14814814814814825,1.0,0.0,0.22063285652362385,0.0,0.9150818222025653,0.75,1.0,0.0,0.816358024691358,0.9122270281675282,0.6,0.8021902806297057,0.0,0.7777777777777778,0.0,0.8636363636363636,1.0,0.75,0.8757368169507727,0.5248176899553046,0.6875,0.9251700680272109,0.8309859154929577,0.4666666666666667,0.4,0.5,1.0,1.0,0.676470588235294,0.0,0.2777777777777777,0.0,0.9375,0.7777777777777778,0.33333333333333326,0.7207024653833165,0.125,0.6666666666666667,1.0,0.98,0.33939873417721533,0.0,0.8,0.875,0.9029495950638682,1.0,0.0,0.9803921568627451,0.9673202614379085,0.9917355371900827,0.375,0.0,1.0,0.9886363636363636,0.0,0.6875,0.9951653944020357,0.9367088607594937,1.0,0.0,0.8333333333333334,1.0,1.0,0.8823529411764706,0.0,0.0,0.0,0.040983606557377095,0.7582417582417582,0.75,0.0,0.821067415730337,0.2222222222222222,0.5420560747663552,0.0,0.2777777777777778,0.5,0.5606694560669456,0.7719298245614035,1.0,0.6363636363636364,0.85,0.75,1.0,0.0,0.673154906731549,0.2857142857142857,0.6863925108659311,0.8888888888888888,0.4,0.0,0.22877758913412571,0.6737588652482269,0.0,0.033333333333333326,0.0,0.33333333333333337,1.0,0.75,0.75,0.0,0.6363636363636364,0.7428571428571429,0.0,0.6470588235294117,0.2185672514619884,0.8148148148148149,0.5714285714285714,1.0,0.46153846153846156,0.6666666666666667,0.0,0.5,0.42105263157894735,0.0,0.8747947454844006,0.4,1.0,0.2625416468348406,0.05855855855855874,0.9151606425702811,0.7692307692307693,0.8083435582822086,0.0,0.0,0.5714285714285714,0.9375,0.46153846153846156,0.92,0.9061363019277763,0.8625040910578566,0.8146453089244852,1.0,0.1428571428571428,0.23809523809523803,0.9844632768361582,0.9090909090909091,0.06015496308950041,1.0,1.0,0.9629629629629629,0.8095238095238095,0.0,0.9285714285714286,runif
0.0,0.0,0.8974358974358975,0.0,0.0,0.0,0.23152982123081778,0.9187682665943535,0.6301369863013698,0.0,0.8339135799748805,0.7784727272727273,0.832992700729927,0.0,0.0,0.0,0.9615384615384616,0.5769230769230769,0.8421052631578947,1.0,0.43500570125427596,0.7692307692307692,0.03573107663375652,0.0,0.6017996400719856,0.979874213836478,0.4067796610169492,0.5909090909090908,0.4,0.0,0.6553426096088213,0.0,0.85,0.0,0.9100797679477883,0.0,0.0,1.0,1.0,0.0,0.07894736842105265,0.0,0.0,0.0,0.5545300722965697,0.0,0.009763424708974844,0.5555555555555556,0.48067915690866514,0.9347079037800687,0.9317269076305221,0.8857142857142857,0.2732253843637552,0.5,0.18314099347717028,0.6428571428571428,0.0,0.0,0.40972435251325656,0.5213015205125753,0.0,0.8819367676321026,0.0,0.9227941176470589,0.0,0.7407407407407407,0.9580516412804431,0.8415841584158416,0.0,0.9794730633110499,0.0,0.8,0.0,0.18518518518518512,0.9421221864951769,0.0,0.29143271146531413,0.7368421052631579,1.0,1.0,0.0,0.0,0.09090909090909094,0.0,0.0,1.0,0.0,0.0,0.0,0.5229331956246186,0.8799421979011205,0.6206896551724137,0.75,0.8282208588957055,0.7391304347826086,0.8749650704940938,0.0,0.09677419354838712,0.0,1.0,0.641025641025641,1.0,1.0,0.33333333333333326,0.8148148148148148,0.0,0.0,0.7175986129172085,1.0,0.28925254312251214,0.2500000000000001,0.5,0.0,0.816358024691358,0.0,1.0,0.8021902806297057,0.9285714285714286,0.0,0.0,0.8636363636363636,0.8636363636363636,0.0,0.0,0.5248176899553046,0.0,0.4274376417233561,0.8309859154929577,0.4666666666666667,0.0,0.5,1.0,1.0,0.0,0.9615384615384616,0.0,0.25,0.75,0.7777777777777778,0.0,0.0,0.125,0.6,0.6237113402061856,0.98,0.8076923076923077,0.9444444444444444,0.09999999999999987,0.75,0.8896244942712996,1.0,0.0,0.8219743907476249,0.0,0.9256198347107438,0.0,0.0,1.0,0.34659090909090917,0.5544493271079374,0.6875,0.9910672308415609,0.7341772151898733,0.0,0.0,0.08333333333333337,0.0,0.0,0.8823529411764706,0.0,0.0,0.0,0.040983606557377095,0.7582417582417582,0.75,0.0,0.7789615643964936,0.8,0.0,0.0,0.2777777777777778,0.5,1.0,0.5641025641025641,0.5,1.0,0.6,0.6666666666666667,0.7857142857142857,0.0,0.17518248175182471,0.8571428571428572,0.3403543965229019,0.6666666666666667,0.6,0.0,0.2785132382892058,0.0,0.6428571428571429,0.033333333333333326,1.0,0.33333333333333337,0.0,0.75,0.75,0.0,0.40909090909090917,0.7428571428571429,0.4,0.0,0.4476504534212695,0.8148148148148149,0.4285714285714286,1.0,0.46153846153846156,0.6666666666666667,1.0,0.5,0.07894736842105277,1.0,0.0,0.4,0.0,0.674916706330319,0.05855855855855874,0.07269076305220878,0.0,0.8218521897810219,0.0,1.0,0.5714285714285714,0.75,0.46153846153846156,0.92,0.8630888072601556,0.7079510703363914,0.0,0.52,0.0,0.23809523809523803,0.984174559405347,0.0,0.6003294490879141,1.0,0.5,0.7777777777777778,0.0,0.0,0.3571428571428571,runif
0.0,0.0,0.8974358974358975,0.0,0.8931056981296216,0.0,0.0,0.0,0.0,0.6363636363636364,0.0,0.7547730547550432,0.0,0.0,0.5122325724229706,0.703125,0.9615384615384616,0.1794871794871794,0.8421052631578947,0.0,0.0,0.0,0.03573107663375652,0.0,0.6015367068851671,0.9494949494949495,0.864406779661017,0.31818181818181823,0.6000000000000001,0.5,0.9122079285901812,0.7735849056603774,0.4,0.40364583333333337,0.7796610169491526,0.9090909090909091,0.78125,0.0,1.0,0.0,0.7647058823529412,0.0,0.4736842105263158,0.2886221294363256,0.9420216147488875,0.0,0.5080736012016522,0.2222222222222222,0.919705587152894,0.0,0.0,0.0,0.16224529027297208,0.0,0.4522144522144521,0.0,0.4285714285714285,0.6464706380815186,0.4042457900394124,0.5213015205125753,0.4148974451241453,0.0,0.0,0.36397058823529416,1.0,0.7777777777777778,0.6914555673210068,0.9603960396039604,0.0,0.9789119310530568,0.0,0.6666666666666666,0.0,0.75,1.0,0.6636263261485287,0.8569099800760731,0.7368421052631579,0.96875,1.0,1.0,0.9375,0.09090909090909094,0.0,0.0,1.0,0.0,0.8581357086122774,0.0,0.0,0.0,0.0,0.0,0.0,0.7391304347826086,0.0,0.0,0.8368983957219251,0.8719211822660099,1.0,0.28205128205128205,0.9585253456221198,0.0,0.3076923076923076,0.0,0.0,1.0,0.7175986129172085,1.0,0.956960322797579,0.2500000000000001,0.0,1.0,0.9311342592592593,0.41889276035617506,0.5,0.0,0.8571428571428571,0.8888888888888888,0.8963044677330392,0.36363636363636365,1.0,0.0,0.0,0.0,0.6875,0.0,0.971830985915493,0.4666666666666667,0.8,0.5416666666666667,0.9172683513838749,0.27193315609570823,0.6074498567335245,0.23076923076923073,0.2777777777777777,0.0,0.75,0.0,0.33333333333333326,0.48294082125603865,0.6417522583838634,0.8974744222651498,0.0,0.12,0.0,0.44444444444444453,0.8,0.875,0.49672794398295617,1.0,0.0,0.8022935779816514,0.0,1.0,0.0,0.0,0.8457615195216321,0.728414801279123,0.31014831090359785,0.6875,0.916083916083916,0.9873417721518988,0.9993935718617344,1.0,0.5,0.0,0.0,0.8823529411764706,0.0,0.9060721062618595,0.0,0.0,0.0,0.0,0.5084155542658154,0.0,0.8,0.5,0.0,1.0,1.0,1.0,0.3846153846153846,0.5,1.0,0.4308510638297872,0.0,0.7857142857142857,0.0,0.17518248175182471,0.7142857142857143,0.7311935807422267,0.33333333333333337,1.0,0.0,0.7880299251870324,0.0,0.5,0.0,0.8,1.0,0.6666666666666667,0.0,0.75,0.0,0.40909090909090917,0.0,0.0,0.8235294117647058,0.957131079967024,0.8148148148148149,0.7142857142857143,0.0,0.5128205128205128,0.8571428571428572,0.0,0.0,0.4024390243902439,0.0,0.0,0.0,1.0,0.9693479295573536,0.05855855855855874,0.07269076305220878,0.6923076923076923,0.0,0.5868613138686132,0.5,0.5714285714285714,1.0,0.9375,0.88,0.90707856307617,0.7080257463907779,0.0,0.4,0.0,0.23809523809523803,0.4664548022598869,0.6666666666666666,0.2014520163504362,1.0,1.0,1.0,0.9523809523809523,0.9,0.0,runif
0.8451672010994045,0.0,0.8974358974358975,0.5416666666666667,0.6913980929378318,0.5,3.3306690738754696e-16,0.0,0.6773255813953489,0.0,0.0,0.7378547378547378,0.8446291560102301,0.0,0.3348732930226237,0.96875,0.2692307692307693,0.5769230769230769,0.0,0.42592592592592593,0.9516864175022789,0.0,0.3597977589505329,0.0,0.3960174288390276,0.7851851851851851,0.4067796610169492,0.8636363636363636,0.4,0.5,0.5531149301825993,0.9433962264150944,0.35,0.0,0.9491525423728814,0.9090909090909091,0.0625,0.2222222222222222,0.4285714285714285,0.6428571428571428,0.0,0.0,0.0,0.8622129436325678,0.3023868312757202,0.7873170731707317,0.5080736012016522,0.2222222222222222,0.41050518568082983,0.19408181026979987,0.924074074074074,0.032620674454485354,0.0,0.5,0.08649456949472711,0.6428571428571428,0.4285714285714285,0.4478032565757779,0.5822153357771817,0.45650228844764107,0.8687967369136642,0.334106011435636,0.5861182519280206,0.6136363636363636,0.375,0.5555555555555556,0.0,0.8415841584158416,1.0,0.15426485230667097,1.0,0.0,0.0,0.0,0.4375,0.6636263261485287,0.8461695607763023,0.9473684210526315,0.0,0.0,0.5,0.9375,0.0,0.8656716417910448,0.0,0.8666666666666667,0.6330545991146089,0.8406617755674824,0.0,0.0,0.0,0.6206896551724137,1.0,0.0,0.7391304347826086,0.8385678391959799,0.0,0.15736360769473345,1.0,0.16955017301038067,0.641025641025641,0.03823720025923516,0.3999999999999999,0.9487179487179487,0.0,0.0,1.0,0.314151190164792,0.875,0.0,0.75,1.0,1.0,0.816358024691358,0.9154929577464789,0.0,0.0,1.0,0.8888888888888888,0.09316770186335399,0.0,0.36363636363636365,0.75,0.0,0.1923076923076923,0.0,0.9166666666666666,0.25352112676056326,0.4666666666666667,0.8,0.5416666666666667,0.53376,0.20603576751117725,0.0,0.23076923076923073,0.0,0.25,1.0,0.7777777777777778,0.33333333333333326,0.7468297101449275,0.9024959415584415,0.650750037130551,0.0,0.82,0.5524245458446574,0.33333333333333326,0.8,0.75,0.37038689172289085,0.20000000000000007,1.0,0.02164804469273729,0.954248366013072,0.6752136752136751,0.0,0.0,0.0,0.7632919254658386,0.4605137963843957,1.0,0.0,0.0,0.940045719035744,1.0,0.0,0.6842105263157895,0.0,0.8823529411764706,0.5384615384615385,0.8972868217054264,0.6000000000000001,0.0,0.0,0.7161520190023754,0.0,0.0,0.23333333333333328,0.0,0.0,0.5555555555555556,1.0,0.5606694560669456,0.5641025641025641,0.0,0.6,0.6289473684210526,0.0,0.0,0.0,0.814749000444247,0.7142857142857143,0.3403543965229019,0.8888888888888888,0.4,0.0,0.8076923076923077,0.0,0.2119113573407203,0.0,0.0,1.0,0.0,0.5,0.5,0.0,0.40909090909090917,0.0,0.4,1.0,0.8549382716049383,0.8148148148148149,0.7142857142857143,0.0,0.2564102564102564,0.9523809523809523,0.4568965517241379,0.9,0.07723577235772361,1.0,0.3549175320708613,0.4,1.0,0.0,0.19999999999999996,0.0,0.6923076923076923,0.19244823386114496,1.0,0.5,0.5714285714285714,0.4736842105263157,0.9375,0.92,0.9320467923403621,0.3351718285956725,0.5827725437415882,1.0,0.0,0.0,0.0,0.6666666666666666,0.07487246173852169,0.6666666666666667,0.0,0.0,0.8095238095238095,0.9,0.2857142857142857,runif
0.8122762148337596,0.882051282051282,0.0,0.896551724137931,0.9524282697801515,0.0,0.5321581354182032,0.0,0.0,0.0,0.9057097957045573,0.8402884320343664,0.0,0.0,0.30607819002403136,0.734375,1.0,1.0,1.0,0.6512749827705031,0.9577464788732395,0.0,0.0,0.0,0.9021274101857821,0.02626262626262632,1.0,0.9090909090909091,0.6000000000000001,0.0,0.0,0.9090909090909091,0.0,0.7346491228070176,0.7480719794344474,0.6363636363636364,0.78125,0.8333333333333334,1.0,0.0,0.07894736842105265,1.0,0.052631578947368474,0.8620689655172413,0.2795450799406626,1.0,0.24225865209471764,0.0,0.5644028103044497,0.8775773195876289,0.9202975557917109,1.0,0.2732253843637552,0.5,0.9405005509208249,0.6428571428571428,0.8571428571428571,0.209536485157109,0.6537534510714755,0.5923466051825597,0.8928072625698324,0.8610934520025428,0.5714285714285714,1.0,1.0,0.7777777777777778,0.6754151966267964,0.8415841584158416,0.0,0.0,0.9440993788819876,0.5813953488372093,0.0,0.18518518518518512,0.9421221864951769,0.6636263261485287,0.9427639920304293,0.9473684210526315,1.0,1.0,1.0,0.0,0.09090909090909094,0.8656716417910448,0.7916666666666666,0.0,0.9166666666666666,0.8581357086122774,0.0,0.7121603824203697,0.0,0.0,0.75,0.8282208588957055,0.7391304347826086,0.0,0.0,0.6153846153846154,0.8544891640866873,1.0,1.0,1.0,0.7333333333333334,0.9487179487179487,0.0,0.0,0.0,1.0,0.75,1.0,1.0,0.0,0.0,0.0,0.9436619718309859,1.0,0.7112299465240641,0.8571428571428571,0.7777777777777778,0.8963044677330392,0.8636363636363636,1.0,0.0,0.0,0.5238095238095237,0.0625,0.9251700680272109,0.323943661971831,0.9333333333333333,0.09999999999999998,0.0,1.0,0.5767790262172285,0.0,0.9615384615384616,0.0,0.25,1.0,0.7777777777777778,1.0,0.5689915458937198,0.0,0.6666666666666667,1.0,0.86,0.0,0.8888888888888888,0.0,0.875,0.5379211854528143,0.20000000000000007,0.0,0.0,0.9673202614379085,0.9532710280373832,0.0,0.0,1.0,0.9287838029166077,0.77159209157128,0.9375,0.9755564548765682,0.9873417721518988,0.9395914819643634,0.0,0.08333333333333337,1.0,0.6567164179104478,0.0,0.5384615384615385,0.9,0.0,0.9090909090909091,0.0,0.0,0.0,0.9494047619047619,0.8,0.5,0.0,0.4779411764705883,0.0,0.9486581096849475,0.9487179487179487,0.5,0.29999999999999993,0.85,0.0,0.0,0.0,0.6561232765612327,0.0,0.6481481481481481,0.8888888888888888,1.0,0.0,0.0,1.0,0.6428571428571429,0.09999999999999998,1.0,0.33333333333333337,0.6666666666666667,0.75,0.75,0.0,0.40909090909090917,0.7428571428571429,0.4,1.0,0.0,0.7407407407407407,1.0,0.7,0.5128205128205128,1.0,0.5039370078740159,0.5,0.07894736842105277,1.0,0.8546120952962737,0.4,0.0,0.23586299529885835,0.0,0.896784933929872,0.26923076923076916,0.7657807308970099,0.6774193548387097,0.0,0.4285714285714286,0.9375,0.09230769230769231,0.92,0.7513183745217662,0.6062402269173425,0.4736842105263158,1.0,0.0,0.23809523809523803,0.9844632768361582,1.0,0.673601366603624,1.0,1.0,1.0,0.8095238095238095,0.0,0.3571428571428571,runif
0.0,0.5768488745980707,0.8974358974358975,0.0,0.0,0.5,0.1715690527838034,0.0,0.0,0.875,0.8206153846153846,0.0,0.0,0.0,0.0,1.0,0.0,0.8461538461538461,0.0,0.43211578221915936,0.2957850414550506,0.33333333333333326,0.7815660016397923,0.0,0.3882821064598644,0.9458874458874459,0.864406779661017,0.9090909090909091,0.4,1.0,0.25515574650913,0.7735849056603774,0.35,0.0,0.9183804627249357,0.0,0.9375,0.25,0.9615384615384616,0.0,0.4117647058823529,0.8796992481203008,0.8947368421052632,0.8622129436325678,0.8204027731924728,0.0,0.0,0.8888888888888888,0.3111111111111111,0.4664926022628373,0.9230769230769231,0.20277716552788194,0.967456958540494,0.0,0.09198672356567095,0.6428571428571428,0.4285714285714285,0.3370161014045907,0.0,0.5510204081632653,0.0,0.22833211944646747,0.0,0.728,0.375,0.2592592592592592,0.0,0.8415841584158416,1.0,0.03652743652743662,0.0,1.0,0.206896551724138,0.08695652173913038,0.7170418006430868,0.9516105803850031,0.5707865168539326,0.0,0.9838709677419355,1.0,0.5,0.9375,0.09090909090909094,0.0,0.7916666666666666,1.0,0.0,0.0,0.0,0.4323113707212253,0.0,0.0,0.0,1.0,0.0,0.0,0.0,0.09677419354838712,1.0,0.0,0.8974358974358975,0.0,0.3999999999999999,0.0,0.14814814814814825,1.0,0.0,0.2801449025357944,1.0,0.956960322797579,1.0,1.0,1.0,0.44907407407407407,0.41889276035617506,0.0,0.0,0.9285714285714286,0.0,0.9630146545708305,0.36363636363636365,1.0,0.0,0.3527162657320376,0.0,0.9375,0.9143576826196473,0.971830985915493,0.0,0.09999999999999998,0.9583333333333334,0.39500601684717207,0.6666666666666667,0.0,0.7692307692307692,1.0,0.0,1.0,0.7777777777777778,0.33333333333333326,0.6219135802469136,0.0,0.75177304964539,0.0,0.82,0.33939873417721533,0.8666666666666667,0.8,0.25,0.30843251456064813,0.20000000000000007,0.9782608695652174,0.7647058823529411,0.0,1.0,0.375,0.0,0.8200359928014397,0.9394700776610324,0.06704237722315731,0.0,0.9761810868365013,0.9873417721518988,0.9363360762234734,1.0,0.08333333333333337,0.0,0.8888888888888888,0.8823529411764706,0.0,0.0,0.6000000000000001,0.625,0.0,0.0,1.0,0.9365079365079365,0.0,1.0,0.0,0.0,1.0,0.0,0.9487179487179487,0.0,0.6,0.537375415282392,0.75,0.7948717948717949,0.0,0.814749000444247,0.7142857142857143,0.7311935807422267,0.8888888888888888,0.4,0.0,0.5875576036866359,0.4518072289156626,0.2119113573407203,0.0,0.6,0.33333333333333337,1.0,0.0,0.75,0.0,0.09090909090909094,0.028571428571428692,0.8,1.0,0.6072530864197532,0.0,0.5714285714285714,0.8,0.2564102564102564,0.0,1.0,0.0,0.9496491952125464,0.0,0.3549175320708613,0.4,1.0,0.0,0.2060185185185185,0.895837970175829,0.0,0.19464068209500607,0.0,0.0,0.5714285714285714,0.625,1.0,0.92,0.7983693256941383,0.3351718285956725,0.7012113055181697,1.0,0.1428571428571428,0.23809523809523803,0.82909604519774,1.0,0.0,0.0,0.9797297297297297,1.0,0.8095238095238095,0.9,0.3571428571428571,runif
0.0,0.882051282051282,0.0,0.0,0.0,0.5,0.0,0.9187682665943535,0.0,0.6363636363636364,0.0,0.7547730547550432,0.0,0.0,0.7962143994339289,0.96875,0.3846153846153846,0.0,0.0,1.0,0.9844366505918457,0.0,0.03573107663375652,0.0,0.0,0.0,0.8305084745762712,0.8636363636363636,0.6000000000000001,0.5,0.6553426096088213,0.0,0.35,0.8125,0.0,0.0,0.9375,0.0,1.0,0.6428571428571428,0.7763157894736842,1.0,0.0,0.8622129436325678,0.47296951063284653,0.8458904109589042,0.009763424708974844,0.0,0.8942232630757221,0.39175257731958757,0.32730923694779124,0.27428571428571424,0.2732253843637552,0.0,0.9209352132786007,0.6428571428571428,0.0,0.6382067639604998,0.6576048011465425,0.5213015205125753,1.0,0.928450007726781,0.11904761904761907,0.8188405797101449,1.0,0.7777777777777778,0.9870656204190739,0.0,0.0,0.9789119310530568,1.0,0.6666666666666667,0.0,0.0,0.9421221864951769,0.574712643678161,0.6118456801304111,0.9473684210526315,1.0,1.0,0.5,0.9375,0.8636363636363636,0.0,0.7916666666666666,0.0,0.0,0.0,0.0,0.0,0.6491754122938531,0.0,0.0,0.0,0.7391304347826086,0.0,0.0,0.8387096774193549,1.0,0.2142857142857142,0.0,0.0,1.0,1.0,0.0,0.0,0.0,0.0,0.75,0.9124087591240876,0.75,0.0,1.0,0.816358024691358,0.0,0.0,0.9824324324324324,0.8571428571428572,0.11111111111111105,0.9547710976282405,0.0,1.0,0.75,0.8571428571428572,0.5570175438596492,0.0,0.9251700680272109,0.8309859154929577,0.20000000000000007,0.0,0.0,0.6190476190476191,0.0,0.8705882352941177,0.0,0.0,0.0,0.9375,0.7777777777777778,0.0,0.48294082125603865,0.0,0.6,1.0,0.86,0.7935126582278481,0.8888888888888888,0.8,0.875,0.9690004788374659,0.0,0.08333333333333326,0.8022935779816514,0.9673202614379085,0.9917355371900827,0.0,0.0,1.0,0.9293831168831169,0.0,1.0,0.9903307888040712,0.9873417721518988,0.923217550274223,1.0,0.8333333333333334,0.0,0.9470404984423676,0.0,0.0,0.0,0.6000000000000001,0.0,0.9545454545454546,0.0,0.5084155542658154,0.0,0.8,0.5,0.0,1.0,0.8,1.0,0.0,0.0,1.0,0.95,0.0,0.7857142857142857,0.0,0.0,0.0,0.6863925108659311,0.8888888888888888,1.0,0.0,0.2785132382892058,0.0,0.2142857142857143,0.7666666666666666,0.8,0.0,1.0,0.5,0.75,0.0,0.6363636363636364,0.4,0.4,0.6470588235294117,0.4476504534212695,0.37037037037037046,0.4285714285714286,0.7,0.9743589743589743,0.0,0.0,0.5,0.07894736842105277,0.0,0.8747947454844006,0.4,0.0,0.9693479295573536,0.0,0.07269076305220878,0.7692307692307693,0.8102350636630754,0.09677419354838701,0.0,0.5714285714285714,0.9375,0.7384615384615385,0.0,0.8630888072601556,0.7080257463907779,0.037444933920704915,0.4,0.0,0.0,1.0,0.6666666666666666,0.0025818998759346012,0.6666666666666667,1.0,1.0,0.8095238095238095,0.9,0.9285714285714286,runif
0.8361986628462273,0.5768488745980707,0.0,0.5416666666666667,0.6546328346253969,0.0,0.0,0.8920154766092157,0.6246575342465753,0.6363636363636364,0.0,0.7545520100955472,0.0,0.0,0.7521290900941282,0.09999999999999998,0.0,0.8461538461538461,0.5789473684210527,0.43211578221915936,0.47550824395709945,0.7692307692307692,0.4153456872813873,0.0,0.4889611117337218,0.0,0.0,0.5909090909090908,0.0,1.0,0.0,1.0,0.0,0.58203125,0.9491525423728814,0.0,0.0,0.2222222222222222,0.7142857142857142,0.0,0.7647058823529412,0.5825242718446602,0.8947368421052632,0.0,0.6339212131201581,0.3290322580645161,0.6666666666666666,0.2222222222222222,0.9225650332728372,0.2588832487309646,0.0,0.0,0.6221802194189917,0.0,0.29285910213038324,0.6428571428571428,0.9285714285714286,0.0,0.8652115293517473,0.3156498039590705,0.8858595194085028,0.6514930808448651,0.9368530020703933,0.9166666666666666,0.1250000000000001,0.7777777777777778,0.25894639840270306,0.8415841584158416,0.48863636363636365,0.9653468651932964,0.8901734104046243,0.9509925558312655,0.0,0.0,1.0,0.44913830348999084,0.9305413687436159,0.7368421052631579,0.9919354838709677,1.0,0.9142857142857143,0.9375,0.0,0.8656716417910448,0.7916666666666666,0.0,0.6330545991146089,0.8406617755674824,0.0,0.3728435906957901,0.8774044141972683,0.6206896551724137,0.5476190476190477,0.0,0.7391304347826086,0.0,0.0,1.0,0.8102303787582975,0.0,0.8974358974358975,0.4259421560035057,0.3999999999999999,0.84375,0.8148148148148148,0.8208955223880597,0.0,0.6635514018691588,0.0,0.17888365837256237,0.2500000000000001,1.0,1.0,0.11237149946827374,0.9154929577464789,0.0,0.4464915719325755,0.8571428571428571,0.11111111111111105,0.0,0.0,0.8636363636363636,0.0,0.0,0.7142857142857143,0.9375,0.3765743073047859,0.8309859154929577,0.20000000000000007,0.4,0.5416666666666667,0.9172683513838749,0.4787339268051435,0.9101941747572816,0.5,0.4444444444444444,0.0,0.31464174454828653,0.7777777777777778,1.0,0.39102564102564097,1.0,0.650750037130551,0.0,0.0,1.0,0.9444444444444444,0.0,0.875,0.0,1.0,0.9990477809896277,1.0,0.954248366013072,0.712,0.0,0.0,0.5367647058823529,0.6666666666666667,0.8836197520121818,0.6875,0.9854961832061069,0.9873417721518988,0.9185905224787363,1.0,0.0,1.0,0.8888888888888888,0.0,0.5384615384615385,0.8333333333333334,0.0,0.9090909090909091,0.9545454545454546,0.6333333333333333,0.4516295913088464,0.0,0.23333333333333328,0.0,0.0,0.42222222222222217,0.0,0.0,0.6567505720823799,1.0,0.6,0.0,0.6666666666666667,0.46153846153846156,0.0,0.2148972602739725,0.2857142857142857,0.0,0.6666666666666667,0.0,0.0,0.058659217877094716,0.0,0.5522959183673469,0.06666666666666665,0.0,0.0,1.0,0.5,0.75,0.0,0.40909090909090917,0.7428571428571429,0.8,0.0,0.1483560545308742,0.37037037037037046,0.5714285714285714,0.0,0.5128205128205128,0.9523809523809523,1.0,0.09999999999999998,0.3619479983491539,0.0,0.11494252873563238,0.4,0.5,0.2543458371454712,0.8333333333333334,0.0,0.6923076923076923,0.594434306569343,0.8335766423357664,1.0,0.4285714285714286,1.0,1.0,0.92,0.015920991017836617,0.3260500636402207,0.635122838944495,0.7777777777777778,0.0,0.0,0.46193501978180085,0.36363636363636365,0.5353654429100708,1.0,1.0,1.0,0.8095238095238095,0.9,0.2857142857142857,runif
0.0,0.5768488745980707,0.8974358974358975,0.5416666666666667,0.0,0.5,0.0,0.9076273503235017,0.6623544631306597,0.6363636363636364,0.798682883791278,0.7544799639801891,0.0,0.0,0.11837035822608388,1.0,0.0,0.0,0.8421052631578947,0.0,0.19114126097366324,0.7692307692307692,0.030472806777807948,0.0,0.6987176926457077,0.9870967741935484,0.0,0.31818181818181823,0.4,1.0,0.25515574650913,0.0,0.35,0.0,0.0,0.6363636363636364,0.9375,0.0,0.9615384615384616,0.0,0.7647058823529412,0.0,0.4736842105263158,0.4482758620689655,0.6770502225047679,0.0,0.009763424708974844,0.0,0.0,0.0,0.5384615384615385,0.3440599515098083,0.26938406541480064,0.0,0.4522144522144521,0.6428571428571428,0.9285714285714286,0.07113095238095246,0.0,0.0,0.8858595194085028,0.9444130925507901,0.0,1.0,0.0,0.0,0.0,0.9603960396039604,1.0,0.8583650825479581,0.6416184971098267,0.0,0.0,0.0,0.4662379421221865,0.9315403422982885,0.0,0.9473684210526315,0.96875,0.7837837837837838,0.0,0.0,0.0,0.0,0.7916666666666666,0.8666666666666667,0.6330545991146089,0.0,0.0,0.0,0.8727707903134972,0.6666666666666667,0.5476190476190477,0.8282208588957055,0.7391304347826086,0.0,0.0,0.0,1.0,0.0,0.0,0.9571020019065777,0.0,0.0,0.8148148148148148,0.0,0.0,0.8724727838258165,1.0,0.17888365837256237,0.2500000000000001,0.5,1.0,0.44907407407407407,1.0,0.0,0.8533143843264643,0.0,0.7777777777777778,0.0,0.0,1.0,0.0,0.8861646234676007,0.7142857142857142,0.6875,0.7455919395465995,0.0,0.0,0.0,0.0,0.0,0.4950544015825916,1.0,0.0,0.0,0.0,0.75,0.7777777777777778,1.0,0.0,0.0,0.0,1.0,0.86,0.0,0.9444444444444444,0.9,0.0,0.37038689172289085,1.0,0.9736614853195165,0.8888888888888888,0.7320261437908497,1.0,0.0,0.0,0.5470488123720494,0.9402004839267197,0.15983714210664557,1.0,0.9021113243761996,0.9367088607594937,0.0,0.0,0.0,0.0,0.9470404984423676,0.8823529411764706,0.5384615384615385,0.0,0.6000000000000001,0.0,0.7582417582417582,0.7732696897374701,0.4516295913088464,0.7855769230769231,0.23333333333333328,0.0,0.0,0.0,0.8,0.0,0.7171052631578947,0.3917525773195877,0.09090909090909083,0.537375415282392,0.6666666666666667,0.20512820512820518,0.0,0.33319148936170206,0.7142857142857143,0.0,0.33333333333333337,0.6,0.0,0.06113537117903933,0.2979591836734694,0.5522959183673469,0.033333333333333326,0.19999999999999996,0.33333333333333337,1.0,0.5,0.75,0.0,0.6363636363636364,0.7428571428571429,0.0,0.17647058823529416,0.4629629629629629,0.0,0.4285714285714286,0.7,0.46153846153846156,0.2857142857142857,0.8571428571428572,0.9,0.11019397441188616,0.0,0.0,0.4,0.5,0.0,0.22972972972972971,0.16586345381526102,0.6923076923076923,0.8,0.5868613138686132,1.0,0.0,0.0,0.9375,0.88,0.009158742558521782,0.08639441275257242,0.41184387617765816,0.7777777777777778,0.0,0.0,0.4664548022598869,0.9090909090909091,0.14121736520956307,0.6666666666666667,1.0,0.9629629629629629,0.0,0.0,0.2857142857142857,runif
0.8361986628462273,0.0,0.0,0.5416666666666667,0.6546589542408796,0.5,0.0,0.0,0.0,0.875,0.798682883791278,0.0,0.0,0.0,0.8729618602013327,0.19999999999999996,0.3846153846153846,0.3846153846153846,0.5789473684210527,0.9814814814814815,0.11023102310231003,0.33333333333333326,0.0,0.0,0.0,0.9769452449567724,0.5593220338983051,0.9090909090909091,0.8,1.0,0.11815252416756161,0.9090909090909091,0.0,0.46484375,0.7480719794344474,0.0,0.0,0.8333333333333334,0.0,0.6428571428571428,0.0,0.0,0.0,0.8620689655172413,0.0,0.3290322580645161,0.0,0.8888888888888888,0.3947229551451188,0.0,1.0,0.3440599515098083,0.9675290066007953,0.5,0.0,0.0,0.0,0.0,0.9156623866076515,0.5213015205125753,0.3731688511950656,0.6178334106011436,0.0,0.9228395061728395,0.0,0.0,0.0,0.9603960396039604,0.35511363636363635,0.9627850279650079,0.0,0.9962779156327544,0.206896551724138,0.18518518518518512,0.0,0.9677403869233354,0.9305413687436159,0.9473684210526315,0.9838709677419355,1.0,0.9771428571428571,0.9375,0.09090909090909094,0.8656716417910448,0.0,0.0,0.6156472684085511,0.8406617755674824,0.0,0.5153950154332797,0.0,0.0,0.5476190476190477,1.0,0.0,0.0,0.0,0.96,0.8871534556813745,0.03650586701434144,0.6666666666666666,0.0,1.0,0.0,0.14814814814814825,0.7164179104477613,0.0,0.0,0.9333333333333333,0.8493611297915266,1.0,1.0,0.0,0.0,0.5650406504065042,1.0,0.0,0.8571428571428571,0.11111111111111105,0.9523809523809523,0.8636363636363636,0.0,0.75,0.0,0.3571428571428571,0.0,0.9143576826196473,0.0,0.20000000000000007,0.9,0.9583333333333334,0.84256,0.0,0.0,0.0,1.0,0.25,0.0,0.0,0.0,0.0,1.0,0.8974744222651498,1.0,0.0,0.0,1.0,0.9,0.0,0.0,1.0,0.978316935714968,0.9661366313309776,0.0,1.0,0.375,0.0,0.0,0.9925107657741996,0.8836197520121818,0.9375,0.9910672308415609,0.9873417721518988,1.0,1.0,0.08333333333333337,0.6842105263157895,0.0,0.0,0.5384615384615385,0.8333333333333334,0.6000000000000001,0.9090909090909091,0.0,0.0,0.4516295913088464,0.7789615643964936,0.0,0.0,0.0,1.0,0.29999999999999993,0.3916317991631799,0.0,1.0,0.9,0.7096491228070175,0.75,0.3076923076923077,0.0,0.0,0.8571428571428572,0.17352056168505514,0.8888888888888888,0.8,0.0,0.20218340611353702,0.18367346938775508,0.3125,0.0,0.0,0.0,0.5,0.75,0.0,0.0,0.40909090909090917,0.0,0.4,0.6470588235294117,0.4571645185746779,0.37037037037037046,0.0,0.8,0.0,0.0,1.0,0.5,0.9496491952125464,1.0,0.3928571428571429,0.0,0.0,0.25274725274725274,0.8333333333333334,0.15114309906858592,0.3846153846153846,0.6850649350649352,0.35096153846153844,1.0,0.0,0.0,1.0,0.88,0.11556297532925253,0.3260500636402207,0.4964871194379391,0.0,0.1428571428571428,0.23809523809523803,0.0,0.9090909090909091,0.5353654429100708,1.0,0.5,1.0,0.9523809523809523,0.9,0.3571428571428571,runif
0.0,0.5757575757575758,0.0,0.0,0.0,0.0,0.08510043528613087,0.0,0.6774547803617571,0.6363636363636364,0.8339135799748805,0.7428043712482684,0.0,0.0,0.0,0.96875,0.2692307692307693,0.5769230769230769,0.052631578947368474,0.9814814814814815,0.9580027290645373,0.7692307692307692,0.3597977589505329,0.0,0.3869085677749361,0.0,0.0,0.5909090909090908,0.4,1.0,0.11815252416756161,0.7735849056603774,0.35,0.7355894384529564,0.0,0.9090909090909091,1.0,1.0,1.0,0.0,0.8823529411764706,0.8796992481203008,0.8947368421052632,1.0,0.2919638344471275,0.7935483870967742,0.8711978971085242,0.5555555555555556,0.3897624623619941,0.8912097476066144,0.6898148148148149,0.8629050033061494,0.0,0.0,0.8966292134831461,0.6428571428571428,0.9285714285714286,0.0,0.0,0.9265976117553942,0.8858595194085028,0.44550077382268416,0.5861182519280206,0.6974358974358974,0.0,0.0,0.04963138493944175,0.8415841584158416,1.0,0.15426485230667097,0.8333333333333334,0.9514888337468983,0.0,0.18518518518518512,0.0,0.9239130434782609,0.2894534257120861,0.7368421052631579,1.0,1.0,0.0,0.0,0.0,0.0,0.7916666666666666,0.0,0.0,0.0,0.0,0.5549919995169519,0.0,0.6206896551724137,0.0,0.8282208588957055,0.7391304347826086,0.0,0.0,0.0,1.0,0.34419817470664926,0.641025641025641,0.507537688442211,1.0,1.0,0.8148148148148148,0.0,0.0,0.2791939373062349,0.0,0.17888365837256237,0.2500000000000001,0.5,0.0,0.0,0.39624432957062994,0.0,0.7150824635487212,0.0,0.8888888888888888,1.0,0.8636363636363636,1.0,0.0,0.8297223308564724,0.0,0.9375,1.0,0.25352112676056326,1.0,0.9,0.5,0.84256,0.5767790262172285,0.777511961722488,0.9615384615384616,0.2777777777777777,0.0,0.7476635514018692,0.7777777777777778,1.0,0.0,0.0,1.0,0.0,1.0,0.5524245458446574,0.8666666666666667,0.9,0.0,0.0,1.0,1.0,0.10512185047501033,0.9673202614379085,0.712,0.0,0.0,0.5717856428714256,0.9293831168831169,0.4898326898326897,0.6875,1.0,0.7341772151898733,0.0,0.0,0.0,0.0,0.9130434782608696,0.0,0.0,0.0,0.0,0.9090909090909091,0.0,0.4385964912280701,1.0,0.7855769230769231,0.23333333333333328,1.0,0.0,0.0,1.0,0.5606694560669456,0.5641025641025641,0.33333333333333337,0.9,0.6289473684210526,0.6666666666666667,0.0,0.0,0.814749000444247,0.2857142857142857,0.0,0.6666666666666667,0.6,0.0,0.0,0.4518072289156626,0.2119113573407203,0.09999999999999998,0.19999999999999996,1.0,0.8333333333333334,0.75,0.75,0.0,0.0,0.028571428571428692,0.8,1.0,0.8549382716049383,0.7407407407407407,0.0,1.0,0.0,0.2857142857142857,0.34482758620689646,0.8,0.42013364949342535,0.0,0.0,0.4,0.5,0.674916706330319,0.5384615384615384,0.6841119550515036,0.6923076923076923,0.24948921679909197,1.0,0.0,0.0,0.0,0.0,0.92,0.9320467923403621,0.3499226955270033,0.0,1.0,0.0,0.23809523809523803,0.6426553672316384,0.6666666666666666,0.6377913374012205,1.0,1.0,0.7777777777777778,0.0,0.0,0.2857142857142857,runif
0.0,0.0,0.8974358974358975,0.0,0.0,0.0,0.0,0.0,0.0,0.875,0.798682883791278,0.0,0.9392712550607287,0.0,0.8050659890154931,0.09999999999999998,0.2692307692307693,0.0,0.052631578947368474,0.0,0.8837041780054427,0.33333333333333326,0.40803498223558343,0.0,0.0,0.8549019607843137,0.0,0.5909090909090908,0.6000000000000001,1.0,0.5531149301825993,1.0,0.35,0.0,0.44067796610169496,0.6363636363636364,0.0,1.0,0.4285714285714285,0.6428571428571428,0.4117647058823529,0.5825242718446602,0.8947368421052632,0.4482758620689655,0.27654320987654313,0.0,0.8333333333333333,0.33333333333333337,0.9225650332728372,0.2588832487309646,1.0,0.8629050033061494,0.0650860829190123,0.5,0.3106371586650011,0.6428571428571428,0.9285714285714286,0.586565752128666,0.3874381164733005,0.5213015205125753,0.8858595194085028,0.8493227990970654,0.4130434782608695,0.0,0.0,0.7407407407407407,0.952946205445219,0.0,0.48863636363636365,0.9630604982206405,0.8901734104046243,0.6666666666666666,0.206896551724138,0.0,1.0,0.6636263261485287,0.0,0.9473684210526315,0.96875,1.0,0.9142857142857143,0.0,0.09090909090909094,0.0,0.0,0.8666666666666667,0.0,0.0,0.0,0.0,0.0,0.0,0.5476190476190477,1.0,0.0,0.8889515464364725,0.0,1.0,0.8102303787582975,0.1428571428571428,0.0,0.4221198156682029,0.0,0.9487179487179487,0.14814814814814825,0.8208955223880597,0.0,0.0,0.875,0.0,0.2500000000000001,0.0,1.0,0.816358024691358,0.9154929577464789,0.0,0.9232804232804233,0.7857142857142857,0.7777777777777778,1.0,0.8636363636363636,0.36363636363636365,0.75,0.34642755479647036,0.7142857142857143,0.9375,0.7455919395465995,0.323943661971831,0.0,0.09999999999999998,0.5833333333333333,0.7826086956521738,0.4787339268051435,0.0,0.9615384615384616,0.2777777777777777,0.25,0.5015576323987538,0.7777777777777778,1.0,0.26923076923076916,0.6417522583838634,0.8977424624981435,0.0,0.98,0.7239307681304534,0.0,0.9,0.75,0.9452159691432137,0.0,0.9166666666666666,0.9804469273743017,0.954248366013072,1.0,0.375,0.0,0.5367647058823529,0.7298075815186083,0.0,0.9375,0.9854961832061069,0.7341772151898733,0.9185905224787363,0.0,0.5,0.0,0.0,0.8823529411764706,0.0,0.0,0.0,0.0,0.0,0.0,0.4516295913088464,0.7792678020651737,0.0,0.5420560747663552,0.0,0.42222222222222217,0.0,0.5606694560669456,0.7116704805491991,0.09278350515463918,0.0,0.6486710963455149,0.75,0.46153846153846156,0.0,0.0,0.7142857142857143,0.0,0.6666666666666667,1.0,0.0,0.0726256983240221,0.0,0.5522959183673469,0.033333333333333326,0.0,0.33333333333333337,0.8333333333333334,0.75,0.5,0.0,0.09090909090909094,0.7428571428571429,0.8,0.17647058823529416,0.0,0.0,0.5714285714285714,0.19999999999999996,0.5128205128205128,0.9523809523809523,0.75,0.8,0.41580685101114323,1.0,0.9839816933638444,0.4,0.5,0.15919487648673392,0.04166666666666674,0.07269076305220878,0.6923076923076923,0.8218521897810219,0.0,0.0,0.0,1.0,0.875,0.0,0.0031977874767726844,0.32249293597057105,0.635122838944495,0.4,0.1428571428571428,0.0,0.6578947368421053,0.13636363636363646,0.7044909153239629,1.0,1.0,0.7777777777777778,0.8095238095238095,0.0,0.0,runif
0.7835178351783518,0.5757111773712628,0.8974358974358975,0.0,0.0,0.0,0.0,0.9324569356300997,0.6623544631306597,0.6363636363636364,0.0,0.7550569896832905,0.8446291560102301,0.0,0.0,0.0,0.7307692307692308,0.1794871794871794,0.8421052631578947,0.0,0.43267689489351957,0.7692307692307692,0.030472806777807948,0.0,0.0,0.8654545454545455,0.8305084745762712,0.9090909090909091,0.4,0.5,0.25515574650913,0.0,0.4,0.07421875000000011,0.6666666666666667,0.6363636363636364,0.9375,0.2222222222222222,0.4285714285714285,0.6428571428571428,0.368421052631579,1.0,0.4736842105263158,0.8620689655172413,0.6770502225047679,0.32357723577235775,0.0,0.33333333333333337,0.0,0.8450704225352113,0.6032719836400818,0.0,0.0,0.5,0.3179128563743948,0.6428571428571428,0.9285714285714286,0.04039339655778018,0.0,0.629721717509802,0.4996144949884348,0.8525730180806677,0.11904761904761907,0.20000000000000007,0.0,0.7777777777777778,0.0,0.0,0.5,0.8454604515185967,0.7976878612716763,1.0,0.206896551724138,0.0,1.0,0.574712643678161,0.8461695607763023,0.9473684210526315,1.0,0.0,1.0,0.0,0.09090909090909094,0.8656716417910448,0.7916666666666666,0.9090909090909091,0.0,0.0,0.0,0.0,0.6491754122938531,0.6666666666666667,0.5476190476190477,0.0,0.7391304347826086,0.8711176843439679,0.0,0.09677419354838712,0.0,0.7923875432525952,0.28205128205128205,0.9575471698113207,0.0,0.33333333333333326,0.8148148148148148,0.0,0.0,0.0,0.875,0.9364659166115156,1.0,0.5,1.0,0.44907407407407407,0.0,0.5,0.5975359342915811,0.5357142857142858,0.7777777777777778,0.0,0.0,0.36363636363636365,0.75,0.6632149115819659,0.7857142857142857,0.6875,0.9143576826196473,0.0,0.20000000000000007,0.09999999999999998,0.5833333333333333,0.8421052631578947,0.45955184200531707,1.0,0.5,0.33333333333333326,0.25,1.0,0.7777777777777778,1.0,0.7207024653833165,0.0,0.6666666666666667,1.0,0.98,0.7935126582278481,0.8888888888888888,0.9,0.875,0.37038689172289085,0.0,0.8540587219343696,0.9132589838909542,0.9673202614379085,0.9917355371900827,0.375,0.0,0.9644821547492786,0.9318181818181818,0.33182295770948245,0.9375,0.9577393075356415,0.0,0.9230769230769231,0.0,0.08333333333333337,0.8695652173913043,1.0,0.8823529411764706,0.0,0.0,0.0,0.0,0.9545454545454546,0.8183908045977012,0.4516295913088464,0.0,0.2679738562091504,0.5420560747663552,0.0,0.2777777777777778,0.5,0.6861924686192469,0.30043859649122806,0.5,0.09090909090909083,0.0,0.6666666666666667,0.20512820512820518,0.0,0.0,0.7142857142857143,0.6863925108659311,0.8888888888888888,0.6,0.0,0.06113537117903933,0.2979591836734694,0.0,0.09999999999999998,0.0,0.33333333333333337,0.5,0.5,0.5,0.0,0.13636363636363635,0.4,0.0,0.6470588235294117,0.4444444444444444,0.37037037037037046,0.5714285714285714,0.19999999999999996,0.0,0.9523809523809523,0.0,1.0,0.9166666666666666,1.0,0.6793924466338259,0.4,0.5,0.2625416468348406,0.22972972972972971,0.9226644086931979,0.26923076923076916,0.8090982940698619,0.09677419354838701,0.0,0.0,0.9375,0.09230769230769231,0.0,0.004235677436872143,0.08554306321595262,0.0,1.0,0.1428571428571428,0.0,0.9844632768361582,0.13636363636363646,0.07487246173852169,1.0,1.0,0.0,0.8095238095238095,0.0,0.3571428571428571,runif
0.0,0.5757575757575758,0.8974358974358975,0.896551724137931,0.0,0.5,0.7154150197628459,0.8973902728351126,0.6275288897718618,0.0,0.8339135799748805,0.7381528046421664,0.9063986628380405,0.0,0.4904159132007234,0.703125,1.0,0.8958333333333334,0.0,0.6481481481481481,0.0,0.0,0.01439024390243926,0.0,0.5511363636363636,1.0,1.0,0.0,0.8,0.5,0.4958307911328046,0.9811320754716981,0.4,0.9422514619883041,0.9491525423728814,0.9090909090909091,0.0625,0.25,1.0,0.0,0.0,1.0,0.052631578947368474,0.0,0.2919638344471275,0.3157894736842105,0.24225865209471764,0.0,0.833389093342255,0.938207136640557,0.924074074074074,0.4461839530332681,0.6221802194189917,0.5,0.2312113174182141,0.0,0.9285714285714286,0.0,0.5785081805925009,0.671100175505007,0.0,0.27963272120200344,0.6231884057971014,1.0,0.0,0.2592592592592592,0.9754549625324973,0.9603960396039604,1.0,0.0,0.0,0.0,0.206896551724138,0.18518518518518512,1.0,0.44913830348999084,0.31181477698331617,0.9473684210526315,0.0,0.0,1.0,0.9375,0.6818181818181819,0.0,0.7916666666666666,1.0,0.9116532667960447,0.0,0.0,0.4229919842957631,0.6363636363636364,0.6206896551724137,0.75,0.8282208588957055,0.7391304347826086,0.8817281651997292,0.0,0.0,0.5398230088495575,0.9375,0.926829268292683,0.0,0.7333333333333334,0.3076923076923076,0.0,0.875,0.0,0.702698028363888,1.0,1.0,0.0,1.0,1.0,0.82701169797944,0.9171506000774293,0.6,0.9797904191616766,1.0,0.8888888888888888,0.13568670711527853,0.36363636363636365,1.0,0.0,0.6513426736719206,0.6959706959706959,0.0625,0.375,0.25352112676056326,0.20000000000000007,0.09999999999999998,0.0,0.6868231046931408,1.0,0.0,0.0,0.4444444444444444,0.25,0.0,0.0,1.0,0.0,0.8810790743719836,0.8977424624981435,0.6964285714285714,0.0,0.4935536362498435,0.0,0.9,0.25,0.9762225284572922,0.9868421052631579,1.0,0.0,0.0,0.0,0.375,0.0,0.5470488123720494,0.6427246496290189,0.36692206485566137,0.9375,0.0,0.0,0.9363360762234734,1.0,0.75,0.0,1.0,0.8823529411764706,0.5384615384615385,0.0,0.6000000000000001,0.040983606557377095,0.7582417582417582,0.6206896551724137,0.0,0.7931413900605171,0.75,0.0,0.0,0.888888888888889,1.0,0.6406067677946325,0.3846153846153846,0.0,0.29999999999999993,0.7574750830564785,0.0,0.20512820512820518,0.0,0.18765957446808512,0.8571428571428572,0.6481481481481481,0.0,0.8,0.0,0.7844998022933967,0.8888888888888888,0.5055401662049861,0.7666666666666666,0.0,1.0,0.0,0.0,0.75,0.0,0.13636363636363635,0.7428571428571429,0.4,0.1333333333333332,0.8549382716049383,0.37037037037037046,1.0,0.7,0.9743589743589743,1.0,1.0,0.9,0.3619479983491539,1.0,0.25778863775198524,0.0,0.5,0.6243116185359301,0.0,0.13703048590157096,0.0,0.5564784053156147,1.0,0.0,0.0,0.0,0.9375,0.88,0.914832285115304,0.8922269019566029,0.6864406779661016,0.0,0.1428571428571428,0.23809523809523803,0.46193501978180085,0.0,0.6377913374012205,1.0,0.0,0.0,0.8095238095238095,0.9,0.7142857142857143,runif
0.8361986628462273,0.882051282051282,0.8974358974358975,0.5416666666666667,0.8187120858609426,0.5,0.0,0.9329749513896831,0.0,0.0,0.8339135799748805,0.0,0.0,0.0,0.19392977786876864,0.703125,0.2692307692307693,0.8461538461538461,0.5789473684210527,0.43211578221915936,0.19520335299596403,0.33333333333333326,0.3777621062529384,0.0,0.2685656154628687,0.7816326530612245,0.0,0.9090909090909091,0.0,0.0,0.6553426096088213,0.2727272727272728,0.4,0.0,0.9090909090909091,0.9090909090909091,0.0,1.0,0.25,0.0,0.2941176470588236,0.5825242718446602,0.5789473684210527,0.8620689655172413,0.6947267928342786,0.8458904109589042,0.6666666666666666,0.5555555555555556,0.41050518568082983,0.8103448275862069,0.748995983935743,0.27428571428571424,0.0,0.5,0.8886101354741596,0.6428571428571428,0.9285714285714286,0.47632058287795986,0.4042457900394124,0.0,0.0,0.9089100154764537,0.0,0.36397058823529416,0.0,0.5555555555555556,0.6750883849271363,0.8415841584158416,0.019886363636363535,1.0,1.0,0.7,0.206896551724138,0.18518518518518512,1.0,0.0,0.29143271146531413,0.9473684210526315,1.0,1.0,0.9771428571428571,0.9375,0.8636363636363636,0.8656716417910448,0.7916666666666666,0.9090909090909091,0.6000000000000001,0.8581357086122774,0.0,0.0,0.864680239090378,0.0,0.0,1.0,0.0,0.0,0.0,0.33333333333333337,0.761811792268645,0.16955017301038067,0.8974358974358975,0.0,0.3999999999999999,0.0,0.14814814814814825,0.0,1.0,0.0,0.7272727272727273,0.17888365837256237,1.0,1.0,0.0,0.816358024691358,0.39624432957062994,0.5,0.9968639749117993,0.9642857142857143,0.8888888888888888,1.0,0.36363636363636365,0.0,0.0,0.8374927028604787,0.5313942751615882,0.8125,0.9251700680272109,0.8309859154929577,0.20000000000000007,0.4,0.5,0.39500601684717207,1.0,1.0,0.0,0.33333333333333326,0.25,1.0,0.7777777777777778,1.0,0.0,0.6417522583838634,0.0,0.44000000000000006,0.86,0.0,0.44444444444444453,0.09999999999999987,0.75,0.49670698784812584,0.20000000000000007,0.0,0.9804469273743017,0.9673202614379085,0.0,0.375,0.0,0.8536585365853658,0.0,0.02924559654370229,1.0,0.9903258655804481,0.9873417721518988,1.0,1.0,0.8333333333333334,1.0,0.8888888888888888,0.8823529411764706,0.5384615384615385,0.8333333333333334,0.6000000000000001,0.0,0.7582417582417582,0.0,0.0,0.7861271676300579,0.0,0.0,0.0,0.0,1.0,0.5606694560669456,0.6567505720823799,1.0,0.6,0.0,0.75,0.0,0.0,0.6688311688311688,0.0,0.0,0.8888888888888888,0.0,0.0,0.09080525414049101,0.0,0.0,0.033333333333333326,1.0,1.0,0.8333333333333334,0.0,0.0,0.0,0.0,0.7428571428571429,0.0,0.6470588235294117,0.2185672514619884,0.37037037037037046,0.5714285714285714,1.0,0.2564102564102564,0.6666666666666667,0.8604651162790697,0.5,0.0,1.0,0.8747947454844006,0.4,0.5,0.7365050320219579,0.04166666666666674,0.16586345381526102,0.0,0.8004105839416058,0.5868613138686132,0.5,0.5714285714285714,1.0,0.9375,0.92,0.8921394926753382,0.9587901842321176,0.27453987730061336,1.0,0.1428571428571428,0.23809523809523803,0.46193501978180085,0.0,0.6221122112211221,0.6666666666666667,1.0,1.0,0.9523809523809523,0.9,0.9285714285714286,runif
0.0,0.0,0.8974358974358975,0.0,0.819094304388422,0.0,0.0,0.0,0.0,0.0,0.0,0.0,0.8399080811949444,0.0,0.005265516468743181,0.890625,0.3846153846153846,0.3846153846153846,0.0,0.875,0.9702866708516427,0.7692307692307692,0.3777621062529384,0.0,0.24655687745414057,0.9641791044776119,0.5593220338983051,0.9090909090909091,0.4,0.0,0.4370984569765526,0.9090909090909091,0.4,0.8125,0.8587570621468926,0.9090909090909091,0.9375,0.2222222222222222,0.0,0.0,0.7647058823529412,0.0,0.8947368421052632,0.8620689655172413,0.6811427107353318,0.529109589041096,0.0,0.33333333333333337,0.8942232630757221,0.8333333333333333,0.9317269076305221,0.09714285714285709,0.6227241111247495,0.5,0.3179128563743948,0.0,0.8571428571428571,0.4020247083047357,0.736801991768711,0.9004719004719005,0.8928072625698324,0.8525730180806677,0.11904761904761907,0.410904255319149,0.0,0.7777777777777778,0.6919157275845174,0.9603960396039604,0.0,0.9765478955418343,1.0,1.0,0.0,0.75,1.0,0.6091954022988506,0.6118456801304111,0.0,0.9919354838709677,1.0,0.0,0.0,0.09090909090909094,0.0,0.0,0.9090909090909091,0.0,0.8581357086122774,0.0,0.0,0.0,0.0,0.0,0.0,0.0,0.8753581661891118,0.0,0.0,0.8898628048780488,0.20761245674740492,0.6666666666666666,0.0,0.3999999999999999,1.0,0.8148148148148148,0.0,0.0,0.22063285652362385,1.0,0.8517538054268696,1.0,1.0,0.0,0.4810350939383198,0.5391918978795232,0.5,0.980002030250736,0.8571428571428571,0.8888888888888888,0.0,0.0,0.0,0.0,0.0,0.6269621421975993,0.9375,0.9251700680272109,0.0,0.0,0.09999999999999998,0.5833333333333333,0.6868231046931408,0.28169014084507027,0.0,0.5,0.4444444444444444,0.25,1.0,0.0,1.0,0.939547450185748,0.8506204071798579,0.679144385026738,1.0,0.98,0.8846153846153846,0.46666666666666656,0.09999999999999987,0.875,0.7606167654684113,1.0,0.0,0.8888888888888888,0.9673202614379085,0.9917355371900827,0.0,0.0,0.9903927186920614,0.6666666666666667,0.0,0.0,0.9022403258655805,0.9873417721518988,0.0,0.0,0.5,0.0,0.0,0.8823529411764706,0.0,0.9060721062618595,0.0,0.0,0.0,0.0,0.0,0.0,0.0,0.5420560747663552,0.0,0.0,0.29999999999999993,0.3916317991631799,0.0,0.0,0.6363636363636364,0.9601063829787234,0.6666666666666667,0.0,0.0,0.673154906731549,0.8571428571428572,0.17352056168505514,0.8888888888888888,0.4,0.0,0.15021834061135386,0.16312056737588654,0.0,0.7666666666666666,1.0,1.0,1.0,0.5,0.0,0.0,0.40909090909090917,0.028571428571428692,0.8,0.6470588235294117,0.4444444444444444,0.0,0.5714285714285714,0.19999999999999996,0.9743589743589743,0.8571428571428572,1.0,1.0,0.3619479983491539,1.0,0.6793924466338259,0.0,0.0,0.22931937172774852,0.0,0.9324921135646688,0.26923076923076916,0.8083435582822086,0.09677419354838701,0.5,0.5714285714285714,0.9375,1.0,0.88,0.865554835924007,0.8625040910578566,0.815748031496063,1.0,0.0,0.23809523809523803,0.8259201534588179,0.36363636363636365,0.06015496308950041,0.0,1.0,1.0,0.0,0.0,0.0,runif
0.0,0.0,0.0,0.0,0.654696449026346,0.5,0.1739734624350009,0.9183119000181127,0.0,0.0,0.0,0.0,0.8355784469096672,0.0,0.8729618602013327,1.0,0.0,0.3846153846153846,0.052631578947368474,0.9818181818181818,0.4770151636073423,0.33333333333333326,0.0,0.0,0.0,0.8975332068311196,0.0,0.8636363636363636,0.4,0.0,0.25515574650913,1.0,0.35,0.46484375,0.6666666666666667,0.0,1.0,0.0,0.3846153846153847,0.6428571428571428,1.0,1.0,0.4736842105263158,0.5517241379310345,0.0,0.0,0.8711978971085242,0.5555555555555556,0.0,0.9154929577464789,0.0,0.8629050033061494,0.9675290066007953,0.5,0.9189905824266252,0.6428571428571428,0.0,0.0,0.6576048011465425,0.629721717509802,0.8442559753276793,0.44550077382268416,0.0,0.9228395061728395,1.0,0.2592592592592592,0.0,0.0,0.5,0.8441441441441442,0.0,1.0,0.0,0.0,0.0,0.9677403869233354,0.0,0.9473684210526315,1.0,0.0,1.0,0.0,0.0,0.0,0.0,0.0,0.0,0.8406617755674824,0.0,0.0,0.8799943293244807,0.0,0.0,0.0,0.0,0.8942772985482853,0.0,0.8010091453800063,0.7606707317073171,0.0,0.6666666666666666,0.8088235294117647,1.0,0.84375,0.14814814814814825,1.0,0.0,0.0,0.9111111111111111,0.16909331568497699,0.75,0.5,0.0,0.44907407407407407,0.875725900116144,0.0,0.0,0.5357142857142858,0.11111111111111105,1.0,0.0,0.36363636363636365,0.75,0.8861646234676007,0.3571428571428571,0.6875,0.2103274559193954,0.323943661971831,0.0,0.9,0.5,0.0,1.0,0.9375,0.9615384615384616,1.0,0.25,0.9390243902439024,0.7777777777777778,0.0,0.0,0.9024959415584415,0.5628532589253774,1.0,0.82,0.0,1.0,0.09999999999999987,0.25,0.0,0.0,0.978316935714968,0.8306831566548881,0.0,1.0,0.0,0.0,0.0,0.9925107657741996,0.15983714210664557,0.9375,0.9955336154207804,0.0,0.9246987951807228,0.0,0.0,0.0,0.0,0.0,0.0,1.0,0.6000000000000001,0.0,0.7582417582417582,0.0,0.0,0.0,0.0,0.5420560747663552,0.0,0.8333333333333333,1.0,0.0,0.0,0.09278350515463918,0.9090909090909091,0.0,0.75,0.3076923076923077,0.0,0.0,0.7142857142857143,0.0,0.8888888888888888,0.6,0.0,0.0,0.0,0.5522959183673469,0.0,0.0,0.0,1.0,0.5,0.5,0.0,0.6363636363636364,0.4285714285714285,0.0,1.0,0.0,0.0,0.0,1.0,0.46153846153846156,0.6666666666666667,1.0,0.5,0.9496491952125464,1.0,0.8947368421052632,0.4,0.0,0.6315139879319802,0.0,0.9226644086931979,0.7692307692307693,0.3389941214892227,0.35096153846153844,1.0,0.5714285714285714,0.26315789473684204,1.0,0.0,0.0717002554640932,0.08639441275257242,0.2639405204460967,0.0,0.0,0.0,0.0,0.9090909090909091,0.14121736520956307,1.0,1.0,0.0,0.8095238095238095,0.0,0.2857142857142857,runif
0.0,0.0,0.0,0.0,0.0,0.5,0.0,0.9187462326702833,0.6246575342465753,0.875,0.8206153846153846,0.0,0.0,0.0,0.0,0.19999999999999996,0.2692307692307693,0.3846153846153846,0.052631578947368474,1.0,0.9687568756875687,0.33333333333333326,0.0,0.0,0.5556620348187191,0.9653679653679653,0.864406779661017,0.0,0.0,0.0,0.8607948442534908,0.7547169811320755,0.35,0.40364583333333337,0.8333333333333334,0.6363636363636364,0.0,1.0,0.9615384615384616,0.0,0.4117647058823529,0.0,0.0,0.2886221294363256,0.9310875249961544,0.0,0.0,0.33333333333333337,0.0,0.37285223367697595,0.5439672801635992,0.8629050033061494,0.06178208073514946,0.5,0.7365780230807828,0.0,0.0,0.07113095238095246,0.4309740358721609,0.9004719004719005,0.8635312259059368,0.0,0.11904761904761907,0.94,0.375,0.7777777777777778,0.77814467823683,0.0,0.5,0.7024570024570025,0.6416184971098267,0.8,0.206896551724138,0.0,1.0,0.9315403422982885,0.31181477698331617,0.9473684210526315,1.0,1.0,1.0,0.0,0.8636363636363636,0.0,0.0,0.0,0.0,0.0,0.0,0.0,0.7468354430379747,0.6206896551724137,0.0,1.0,0.0,0.0,0.0,0.09677419354838712,0.7783251231527093,0.34419817470664926,0.6666666666666666,0.41610738255033564,0.3999999999999999,1.0,0.14814814814814825,1.0,0.0,0.7115085536547434,0.9333333333333333,0.9416058394160584,0.0,1.0,0.0,0.9311342592592593,1.0,0.0,0.0,0.9642857142857143,0.7777777777777778,0.0,0.8636363636363636,1.0,0.0,0.3597369600956508,0.3571428571428571,0.0,0.0,0.25352112676056326,0.0,0.09999999999999998,0.5833333333333333,0.0,0.0,1.0,0.9615384615384616,0.2777777777777777,0.25,0.5,0.0,0.0,0.7468297101449275,0.647271413082761,0.679144385026738,0.0,0.12,0.7935126582278481,0.9333333333333333,0.8,0.875,0.7240816326530612,0.0,0.8695652173913043,0.9803921568627451,0.7320261437908497,0.9917355371900827,0.375,0.0,0.8200359928014397,0.9394700776610324,0.5000656685053848,0.9375,0.9953086419753087,0.9873417721518988,0.8695652173913043,0.0,0.8333333333333334,0.0,0.0,0.0,0.0,0.0,0.6000000000000001,0.0,0.9545454545454546,0.75,0.5084155542658154,0.7567567567567568,0.0,0.5,0.0,0.2777777777777778,0.29999999999999993,0.0,0.641025641025641,0.33333333333333337,1.0,0.9219269102990033,0.75,0.3076923076923077,0.0,0.18765957446808512,0.8571428571428572,0.7311935807422267,0.0,0.0,0.0,0.8431734317343174,0.18367346938775508,0.2119113573407203,0.0,0.6,0.33333333333333337,1.0,0.75,0.75,0.0,0.09090909090909094,0.0,0.4,0.8235294117647058,0.8887056883759274,0.0,0.5714285714285714,0.19999999999999996,0.0,0.0,0.8571428571428572,0.5,0.41580685101114323,1.0,0.6793924466338259,0.0,0.0,0.0,0.05855855855855874,0.984354628422425,0.6923076923076923,0.0,0.09677419354838701,1.0,0.5714285714285714,0.9375,0.6666666666666666,0.0,0.0,0.0,0.3723653395784543,1.0,0.1428571428571428,0.0,0.82909604519774,1.0,0.6377913374012205,1.0,1.0,1.0,0.9523809523809523,0.0,0.9285714285714286,runif
0.0,0.0,0.8974358974358975,0.896551724137931,0.9442497610704046,0.0,0.0,0.9187682665943535,0.6275288897718618,0.875,0.8339135799748805,0.0,0.0,0.0,0.3078365863665671,0.734375,1.0,0.9583333333333334,0.8518518518518519,0.981736733287388,0.9899225337629396,0.33333333333333326,0.0,0.0,0.0,1.0,0.72,0.8636363636363636,0.8,0.0,1.0,0.7547169811320755,0.0,0.9422514619883041,0.7140102827763496,0.9090909090909091,0.0,1.0,0.3846153846153847,0.0,0.0,0.8954545454545455,0.8947368421052632,0.0,0.3004291845493561,0.0,0.0,0.5555555555555556,0.8942232630757221,0.18728522336769748,0.9383634431455898,0.7671232876712328,0.27249294218730824,0.5,0.9402560455192034,0.0,0.0,0.6313392907962889,0.969513744220314,0.8176732621982803,1.0,0.8610934520025428,0.11904761904761907,0.930327868852459,1.0,0.7407407407407407,1.0,0.9603960396039604,0.0,0.0,1.0,1.0,0.0,0.0,0.7170418006430868,0.9310344827586207,0.6118456801304111,0.7368421052631579,1.0,0.7184615384615384,1.0,0.9375,0.09090909090909094,0.0,0.0,0.9090909090909091,0.9166666666666666,0.9411347517730496,0.0,0.0,0.6363636363636364,0.6206896551724137,0.0,1.0,0.0,0.0,0.0,0.6153846153846154,0.8544891640866873,1.0,0.9512195121951219,0.5297297297297296,1.0,1.0,0.14814814814814825,0.875,0.0,0.0,0.9333333333333333,0.7429401993355482,0.75,1.0,0.0,0.9311342592592593,0.5391918978795232,1.0,0.9797904191616766,0.8571428571428571,0.8888888888888888,0.0,0.36363636363636365,0.36363636363636365,0.0,0.6632149115819659,0.5570175438596492,0.9375,0.4274376417233561,0.25352112676056326,0.4666666666666667,0.0,0.5,0.6868231046931408,0.40387722132471726,1.0,0.5,0.0,0.25,0.9375,0.0,0.0,0.48294082125603865,1.0,0.20320855614973266,1.0,0.86,0.7935126582278481,0.9333333333333333,0.0,0.75,1.0,0.9868421052631579,0.0,0.0,0.9673202614379085,0.9532710280373832,0.0,0.0,0.9903927186920614,0.9465169002473207,0.0,0.6875,0.9755564548765682,0.9367088607594937,0.9363360762234734,1.0,0.08333333333333337,0.0,0.0,0.8823529411764706,0.5384615384615385,1.0,0.0,0.0,0.9545454545454546,0.6666666666666667,1.0,0.7872863801139306,0.0,0.5,0.0,0.4779411764705883,0.0,0.9486581096849475,0.641025641025641,0.0,0.9,0.9601063829787234,0.75,0.7857142857142857,0.0,0.0,0.8571428571428572,0.0,0.8888888888888888,0.8,0.0,1.0,0.0,0.0,0.7666666666666666,0.8,1.0,0.0,0.0,0.5,0.0,0.13636363636363635,0.4,0.8,0.1333333333333332,0.8391812865497076,0.8148148148148149,0.0,1.0,0.9743589743589743,0.0,1.0,1.0,0.11019397441188616,1.0,0.8546120952962737,0.0,0.0,0.9559435862995299,0.8378378378378378,0.151346539060761,0.7692307692307693,0.7747584541062802,0.09677419354838701,1.0,0.4285714285714286,0.75,0.6666666666666666,0.88,0.7454182837429927,0.6062402269173425,0.8708661417322835,1.0,0.0,0.0,0.82909604519774,1.0,0.06015496308950041,1.0,0.5,0.9629629629629629,0.8095238095238095,0.9,0.3571428571428571,runif
0.0,0.0,0.0,0.0,0.0,0.0,0.0,0.0,0.0,0.0,0.0,0.8418875440478015,0.9452078032230704,0.0,0.9033354682958072,1.0,0.7307692307692308,0.5769230769230769,0.8421052631578947,0.0,0.9896718892714115,0.0,0.030472806777807948,0.0,0.894237012987013,0.8427672955974842,0.864406779661017,0.0,0.6000000000000001,0.0,0.5351962217474417,0.9811320754716981,0.35,0.10654239766081874,0.8813559322033898,0.6363636363636364,0.0,0.0,1.0,0.6428571428571428,0.7647058823529412,0.8796992481203008,0.052631578947368474,0.8622129436325678,0.8224293817038244,0.3157894736842105,0.0,0.33333333333333337,0.0,0.37285223367697595,0.924074074074074,0.032620674454485354,0.0,0.5,0.8983200707338639,0.6428571428571428,0.9285714285714286,0.32895498206226126,0.7453645646721605,0.9265976117553942,0.49238045191802426,0.5237674110103914,0.6231884057971014,0.0,0.1250000000000001,0.7777777777777778,0.779094662792476,0.9603960396039604,1.0,0.10714797306976076,0.0,0.0,0.0,0.75,1.0,0.44913830348999084,0.31181477698331617,0.9473684210526315,0.96875,1.0,0.5,0.0,0.09090909090909094,0.0,0.0,0.0,0.0,0.0,0.0,0.0,0.0,0.0,1.0,0.0,0.7391304347826086,0.8335275835275835,0.0,0.7433155080213903,1.0,0.8435462842242503,0.641025641025641,0.9592760180995475,0.0,1.0,0.0,0.875,1.0,1.0,1.0,0.9433878814683768,0.0,0.0,0.0,0.82701169797944,0.9171506000774293,0.0,0.23392966464866327,0.8571428571428571,0.7777777777777778,0.0,0.36363636363636365,1.0,0.75,0.8861646234676007,0.3571428571428571,0.0625,0.9143576826196473,0.971830985915493,0.20000000000000007,0.09999999999999998,0.5833333333333333,0.5652173913043479,0.0,0.0,0.23076923076923073,0.33333333333333326,0.25,0.7476635514018692,0.7777777777777778,1.0,0.7468297101449275,0.7042445241925503,1.0,1.0,0.0,0.4935536362498435,0.0,0.0,0.875,0.854220600769482,1.0,0.8540587219343696,0.7777777777777778,0.0,0.9279999999999999,0.0,0.0,0.5403669266146771,0.6695979899497488,0.3761253019102686,0.9375,0.9782861044725162,0.9873417721518988,0.9687267311988086,0.0,0.5,0.0,0.0,0.0,0.0,0.0,0.0,0.0,0.0,0.0,0.0,0.0,0.2679738562091504,0.0,0.0,1.0,1.0,0.6861924686192469,0.5641025641025641,0.5,0.0,0.9219269102990033,0.0,0.20512820512820518,0.0,0.6015104398045313,0.7142857142857143,0.7311935807422267,0.0,1.0,0.0,0.7592301649646505,0.8975903614457832,0.2119113573407203,0.06666666666666665,0.0,0.33333333333333337,1.0,0.0,0.75,0.0,0.6363636363636364,0.4285714285714285,0.4,1.0,0.6849415204678363,0.37037037037037046,0.5714285714285714,0.19999999999999996,0.46153846153846156,0.0,1.0,0.0,0.0,1.0,0.0,0.4,0.5,0.0,0.9166666666666666,0.7363811785661274,0.26923076923076916,0.6854580397181294,1.0,0.0,0.4285714285714286,1.0,0.0,0.88,0.44856516859936946,0.3499226955270033,0.2639405204460967,0.9090909090909091,0.0,0.23809523809523803,0.46193501978180085,0.6666666666666666,0.6377913374012205,1.0,1.0,1.0,0.8095238095238095,0.0,0.0,runif
0.0,0.882051282051282,0.8974358974358975,0.5416666666666667,0.819094304388422,0.0,0.0,0.9340609879599415,0.0,0.875,0.0,0.0,0.0,0.0,0.21834411750814708,0.703125,0.2692307692307693,0.3846153846153846,0.052631578947368474,1.0,0.25209497206703924,0.33333333333333326,0.41067230841560876,0.0,0.7159296300759128,0.0,0.0,0.5909090909090908,0.6000000000000001,0.0,0.0,0.2727272727272728,0.4,0.40364583333333337,0.8333333333333334,0.0,0.0,0.25,0.9615384615384616,0.6428571428571428,0.5882352941176471,0.0,0.8947368421052632,0.0,0.47120152574698027,0.8421052631578947,0.2084115659031167,0.8888888888888888,0.833389093342255,0.0,0.0,0.09714285714285709,0.7383449883449884,0.5,0.31647839340147044,0.6428571428571428,0.9285714285714286,0.6192129629629629,0.7394057583592621,0.8694415224251697,0.4148974451241453,0.0,0.5861182519280206,0.8360655737704918,0.0,0.2592592592592592,1.0,0.9603960396039604,0.0,0.978852698104035,0.9751552795031055,0.6666666666666667,0.206896551724138,0.0,0.0,0.9921214725684,1.0,0.9473684210526315,1.0,0.0,0.5,0.9375,0.8636363636363636,0.0,0.7916666666666666,0.8666666666666667,0.6330545991146089,0.8581357086122774,0.0,0.7851274833895199,0.9671641791044776,0.0,0.0,0.0,0.0,0.0,0.0,0.15736360769473345,0.761811792268645,0.1428571428571428,0.6666666666666666,0.4271255060728745,1.0,0.0,0.14814814814814825,1.0,1.0,0.8769523809523809,0.5111111111111111,0.0,0.2500000000000001,0.0,0.0,0.05714854639585809,0.5070422535211268,0.6,0.0,0.9642857142857143,0.11111111111111105,0.0,0.36363636363636365,1.0,0.75,0.6045940479630164,0.0,0.9375,0.0,0.8309859154929577,1.0,0.4,0.9583333333333334,0.68512,0.27193315609570823,0.0,0.5,0.33333333333333326,0.25,0.5015576323987538,0.7777777777777778,1.0,0.48294082125603865,0.701958198051948,1.0,1.0,0.8620689655172413,0.5254237288135593,0.8666666666666667,0.09999999999999987,0.25,0.9853572890859756,0.9868421052631579,0.0,0.7134864546525324,0.954248366013072,1.0,0.375,0.0,0.0,0.9772727272727273,0.2667013064133017,0.9375,0.9577393075356415,0.0,0.9248281786941581,1.0,0.8333333333333334,0.0,0.925414364640884,0.8823529411764706,0.5384615384615385,1.0,0.0,0.9090909090909091,1.0,0.0,0.5084155542658154,0.0,0.0,0.5,0.0,0.0,1.0,0.0,0.641025641025641,0.05555555555555547,1.0,0.0,0.75,1.0,0.0,0.3390105433901054,0.0,0.0,0.6666666666666667,1.0,0.0,0.14152119700748123,0.0,0.5,0.0,1.0,0.0,0.0,0.0,0.75,0.0,0.13636363636363635,0.0,0.8,1.0,0.4476504534212695,0.37037037037037046,0.5714285714285714,0.8,0.9743589743589743,0.8571428571428572,0.0,1.0,0.9019607843137255,1.0,0.6793924466338259,0.4,0.5,0.9693479295573536,0.918918918918919,0.6360441767068272,0.6923076923076923,0.0,1.0,0.0,0.5714285714285714,0.625,0.9076923076923077,0.88,0.9206074368435992,0.7080257463907779,0.7125506072874495,0.4,0.1428571428571428,0.0,0.6349206349206349,1.0,0.2014520163504362,1.0,1.0,0.0,0.8095238095238095,0.9,0.9285714285714286,runif
0.0,0.0,0.0,0.896551724137931,0.6607216799763383,0.5,0.8263719640305908,0.8938083708059495,0.6275288897718618,0.6363636363636364,0.0,0.7728250423321587,0.8446291560102301,0.0,0.5239324834878096,0.0,0.0,0.47916666666666663,0.8518518518518519,0.981736733287388,0.0,0.7692307692307692,0.4007317073170732,0.0,0.6986503753394027,0.0,0.72,0.8636363636363636,0.4,0.0,0.25655574298420514,0.9090909090909091,0.0,0.0,0.9090909090909091,0.0,1.0,0.2222222222222222,0.0,0.0,0.0,0.8954545454545455,0.8947368421052632,0.8620689655172413,0.3361599371033863,0.0,0.4123861566484518,0.2222222222222222,0.25373134328358193,0.19408181026979976,0.9230769230769231,0.024461839530332652,0.0,0.5,0.7964601769911505,0.6428571428571428,0.9285714285714286,0.0,0.39715045731151855,0.45650228844764107,0.8259687287559483,0.4375000000000001,0.5520565552699229,0.5,1.0,0.0,0.9788899118768907,0.8415841584158416,1.0,0.0,0.6416184971098267,1.0,0.0,0.0,0.4375,0.5778321108394459,0.31181477698331617,0.9473684210526315,1.0,1.0,1.0,0.9375,0.8636363636363636,0.0,0.0,0.0,0.9136442141623489,0.8406617755674824,0.0,0.5331077343572057,0.9671641791044776,0.6206896551724137,0.0,0.0,0.7391304347826086,0.8889515464364725,0.0,0.0,0.0,0.0,0.5609756097560976,0.4262589928057554,1.0,0.3076923076923076,0.8148148148148148,1.0,0.0,0.8719750195160031,0.0,0.719869706840391,0.75,0.5,0.0,0.44907407407407407,1.0,0.0,0.0,0.8571428571428572,0.0,1.0,0.0,0.0,0.0,0.0,0.7857142857142857,0.9375,0.9143576826196473,0.323943661971831,0.0,0.4,0.5416666666666667,0.84256,0.4787339268051435,0.0,0.7692307692307692,0.0,0.25,0.3292682926829268,0.7777777777777778,1.0,0.45833333333333326,0.675679788961039,0.650750037130551,1.0,0.86,0.7239307681304534,0.33333333333333326,0.09999999999999987,0.0,0.9762225284572922,0.8157894736842105,0.9858305697919807,0.0,0.7320261437908497,1.0,0.0,0.0,0.0,0.7735804786485219,0.36692206485566137,0.9375,0.9878957915831663,0.9873417721518988,0.940045719035744,1.0,0.8333333333333334,0.0,0.0,0.0,0.5384615384615385,1.0,0.6000000000000001,0.625,0.9545454545454546,0.0,1.0,0.0,0.75,0.0,0.0,0.888888888888889,0.5,0.21120186697782972,0.0,1.0,0.9,0.7096491228070175,0.6666666666666667,0.46153846153846156,0.0,0.33319148936170206,0.2857142857142857,0.0,0.8888888888888888,0.6,0.0,0.5773762765121759,0.8888888888888888,0.0,0.0,0.0,0.33333333333333337,0.8333333333333334,0.5,0.0,0.0,0.40909090909090917,0.4,0.8,1.0,0.0,0.0,1.0,0.0,0.0,0.0,0.0,0.0,0.0,1.0,0.07147220525351261,0.4,0.5,0.5111058601134215,0.05855855855855874,0.0,0.7692307692307693,0.7657807308970099,0.0,0.5,0.5714285714285714,0.0,0.9375,0.92,0.8345875866179867,0.8922269019566029,0.43220338983050854,1.0,0.0,0.0,0.0,1.0,0.6377913374012205,1.0,1.0,1.0,0.8095238095238095,0.9,0.9285714285714286,runif
0.8122762148337596,0.0,0.0,0.896551724137931,0.0,0.0,0.8306643169105816,0.9187682665943535,0.0,0.875,0.8339135799748805,0.0,0.8355784469096672,0.0,0.5026165742404125,0.96875,0.0,1.0,1.0,0.43211578221915936,0.2957850414550506,0.33333333333333326,0.6259541984732824,0.0,0.24535092981403728,0.782608695652174,1.0,0.31818181818181823,0.0,0.0,0.0,1.0,0.0,0.0,0.9090909090909091,0.6363636363636364,0.0,0.2222222222222222,0.3846153846153847,0.0,0.5882352941176471,0.0,0.4736842105263158,0.8620689655172413,0.0,0.5789473684210527,0.9001821493624772,0.2222222222222222,0.833389093342255,0.18728522336769748,0.9202975557917109,0.0,0.047309453712790384,0.5,0.08649456949472711,0.0,0.4285714285714285,0.442268342589886,0.40972435251325656,0.671100175505007,0.0,0.0,0.0,0.0,1.0,0.5555555555555556,1.0,0.0,0.0,0.0,0.0,1.0,0.0,0.18518518518518512,1.0,0.9677403869233354,0.0,0.0,1.0,1.0,0.0,0.9375,0.09090909090909094,0.8656716417910448,0.0,0.0,0.9116532667960447,0.0,0.0,0.645631067961165,0.9671641791044776,0.0,0.0,1.0,0.0,0.897154036051982,0.0,0.0,1.0,0.0,1.0,0.8581932773109244,0.3999999999999999,0.0,0.14814814814814825,0.0,1.0,0.2246140465318548,0.9111111111111111,1.0,0.2500000000000001,1.0,0.0,0.0,0.875725900116144,0.0,0.0,0.9285714285714286,0.7777777777777778,0.0,0.0,0.36363636363636365,0.0,0.6513426736719206,0.0,0.6875,0.9251700680272109,0.0,0.0,0.9,0.5416666666666667,0.68512,0.45955184200531707,0.0,0.0,0.7142857142857142,0.25,0.5121951219512195,0.0,0.33333333333333326,0.7468297101449275,0.675679788961039,0.8974744222651498,0.0,0.12,0.0,0.0,0.0,0.75,0.9871226037973061,0.0,0.0,0.0,0.0,1.0,0.0,0.0,0.2713635597505477,0.992961051149695,0.017256330211585125,0.0,0.9880905434182506,0.9873417721518988,0.0,1.0,0.08333333333333337,0.6842105263157895,0.0,0.0,0.5384615384615385,0.0,0.0,0.9090909090909091,0.9545454545454546,0.0,1.0,0.7872863801139306,0.0,0.0,0.0,0.8970588235294118,0.8,0.21120186697782972,0.9487179487179487,1.0,0.6,0.0,0.75,0.0,0.0,0.673154906731549,0.7142857142857143,0.6481481481481481,0.33333333333333337,0.0,0.0,0.0,1.0,0.0,0.0,1.0,0.33333333333333337,0.0,0.5,0.5,0.0,0.13636363636363635,0.0,0.0,1.0,0.4444444444444444,0.0,1.0,0.0,0.9743589743589743,0.0,1.0,0.5,0.41580685101114323,1.0,0.049342105263158076,0.0,1.0,0.0,0.05855855855855874,0.13703048590157096,0.0,0.0,0.35096153846153844,0.0,0.4285714285714286,0.4736842105263157,0.9375,0.0,0.810893376052455,0.6066606996345192,0.0,0.9090909090909091,0.0,0.23809523809523803,0.0,1.0,0.0,0.0,1.0,1.0,0.0,0.9,0.3571428571428571,runif
0.8451672010994045,0.5768488745980707,0.8974358974358975,0.5416666666666667,0.655025578005773,0.5,0.15790567213795959,0.0,0.0,0.0,0.0,0.8397553516819571,0.8465885307660108,0.0,0.0,0.0,0.2692307692307693,0.5769230769230769,0.052631578947368474,0.0,0.0,0.33333333333333326,0.40803498223558343,0.0,0.3871289897335518,0.9629629629629629,0.0,0.31818181818181823,0.6000000000000001,0.0,0.8607948442534908,0.7735849056603774,0.85,0.10654239766081874,0.8813559322033898,0.0,0.0625,0.25,1.0,0.6428571428571428,0.07894736842105265,0.0,0.8947368421052632,0.0,0.2919638344471275,0.0,0.009763424708974844,0.8888888888888888,0.528888888888889,0.8890339425587467,0.9230769230769231,0.0,0.27012155059132725,0.5,0.8956206035852053,0.0,0.0,0.6264948333913851,0.0,0.45650228844764107,0.0,0.0,0.9761904761904762,0.75,1.0,0.7407407407407407,0.0,0.9603960396039604,1.0,0.355342075836129,0.9075144508670521,0.09999999999999998,0.206896551724138,0.75,0.9421221864951769,0.6636263261485287,0.31181477698331617,0.0,0.0,1.0,0.5,0.0,0.09090909090909094,0.8656716417910448,0.7916666666666666,0.9090909090909091,0.6000000000000001,0.8406617755674824,0.0,0.4969627841587311,0.0,0.0,1.0,0.0,0.7391304347826086,0.8769238346179419,0.0,0.09677419354838712,0.0,0.16955017301038067,0.641025641025641,0.6033057851239669,0.0,0.3076923076923076,0.14814814814814825,1.0,0.0,0.314151190164792,1.0,0.16909331568497699,0.2500000000000001,0.0,0.0,0.9311342592592593,0.5070422535211268,1.0,0.1892225421637186,0.8571428571428571,0.0,0.11095603628750872,0.36363636363636365,1.0,0.75,0.0,0.3571428571428571,0.9375,0.3765743073047859,0.25352112676056326,0.0,0.0,0.9583333333333334,1.0,0.8302919708029197,0.0,0.5,0.0,0.25,0.8,0.0,0.0,0.8333333333333334,0.0,0.8181818181818181,0.6237113402061856,0.12,0.7389240506329114,0.44444444444444453,0.09999999999999987,0.75,0.37038689172289085,1.0,0.9736614853195165,0.10512185047501033,0.9673202614379085,0.0,0.375,0.0,0.9640071985602879,0.9293831168831169,0.3761253019102686,0.0,0.0,0.9873417721518988,0.9395914819643634,0.0,0.5,0.6842105263157895,0.9130434782608696,0.8823529411764706,0.5384615384615385,0.8627450980392157,0.6000000000000001,0.040983606557377095,0.0,0.0,0.0,0.0,0.23333333333333328,0.0,0.0,0.0,0.0,0.5606694560669456,0.5641025641025641,0.33333333333333337,0.0,0.7916666666666666,0.75,0.46153846153846156,0.0,0.814749000444247,0.7142857142857143,0.0,0.33333333333333337,1.0,0.0,1.0,0.4518072289156626,0.6468144044321329,0.06666666666666665,0.0,0.33333333333333337,0.0,0.0,0.75,0.0,0.40909090909090917,0.0,0.8,0.1333333333333332,0.8549382716049383,0.0,0.4285714285714286,0.8,0.5128205128205128,0.2857142857142857,0.4568965517241379,0.09999999999999998,0.07894736842105277,1.0,0.0,0.0,0.0,0.9693479295573536,0.2060185185185185,0.0,0.0,0.0,1.0,0.5,0.5714285714285714,0.75,0.09230769230769231,0.88,0.7999172784613794,0.3499226955270033,0.966053748231966,0.0,0.1428571428571428,0.23809523809523803,0.9844632768361582,0.6666666666666666,0.6377913374012205,0.0,0.0,1.0,0.8095238095238095,0.0,0.0,runif
0.7391304347826086,0.0,0.0,0.5416666666666667,0.6546702903733371,0.5,0.24259481406293248,0.9080818802122821,0.0,0.875,0.0,0.0,0.9063986628380405,0.0,0.873820588649486,1.0,0.3846153846153846,0.3846153846153846,0.052631578947368474,0.8837209302325582,0.9853154084798346,0.0,0.40803498223558343,0.0,0.38739817920459996,0.2450331125827815,0.0,0.9090909090909091,0.8,1.0,0.5351962217474417,0.2727272727272728,0.4,0.5794270833333334,0.6666666666666667,0.0,0.0625,1.0,1.0,0.0,1.0,1.0,0.8947368421052632,1.0,0.6735886786648209,0.3157894736842105,0.0,0.5555555555555556,0.0,0.0,1.0,0.032620674454485354,0.9644683714670256,0.0,0.18314099347717028,0.0,0.4285714285714285,0.19298845076197635,0.5822153357771817,0.0,0.37338262476894624,0.3123589164785554,0.0,0.7166666666666667,0.375,0.2592592592592592,0.9753494086929811,0.9603960396039604,1.0,0.7281908036097982,0.6416184971098267,0.6666666666666667,0.206896551724138,0.0,0.32797427652733113,0.0,0.2894534257120861,0.9473684210526315,1.0,0.8038461538461539,0.5,0.0,0.09090909090909094,0.8656716417910448,0.0,0.0,0.6330545991146089,0.7706611570247934,0.0,0.0,0.8795846274212286,0.0,0.0,0.0,0.0,0.9067896133269541,0.0,0.8010091453800063,0.761811792268645,0.2142857142857142,0.6666666666666666,0.5235690235690236,0.3999999999999999,1.0,0.0,1.0,0.0,0.32162373145979717,0.7272727272727273,0.0,1.0,1.0,1.0,1.0,0.0,0.5,0.1389033264033266,0.5357142857142858,0.11111111111111105,0.14238952536824878,0.8636363636363636,1.0,0.0,0.8707021092169893,0.7857142857142857,0.9375,0.9944444444444445,0.0,1.0,0.09999999999999998,0.5,0.0,0.295252225519288,0.8923611111111112,0.23076923076923073,1.0,0.0,0.7476635514018692,0.0,0.33333333333333326,0.0,0.9024959415584415,0.0,1.0,1.0,0.0,0.8666666666666667,0.8,0.25,0.9717823888074869,0.9868421052631579,0.9858305697919807,0.8888888888888888,0.7320261437908497,1.0,0.375,0.0,0.5717856428714256,0.0,0.6438172043010753,0.9375,0.960172744721689,0.7341772151898733,0.9248281786941581,0.0,0.08333333333333337,0.8695652173913043,0.0,0.0,0.5384615384615385,1.0,0.6000000000000001,0.0,1.0,0.0,0.5084155542658154,0.0,0.0,0.0,0.0,0.0,1.0,1.0,0.641025641025641,0.33333333333333337,1.0,0.9175438596491228,0.0,0.46153846153846156,0.0,0.8025531914893618,0.0,0.0,0.8888888888888888,0.8,0.0,0.3030973451327432,0.43673469387755093,0.5055401662049861,0.06666666666666665,0.0,0.0,0.0,0.75,0.75,0.0,0.6363636363636364,0.4,0.8,0.6470588235294117,0.6370439663236669,0.37037037037037046,0.5714285714285714,1.0,0.46153846153846156,0.8571428571428572,1.0,0.9,0.9474024574261695,0.0,0.0,0.0,1.0,0.2625416468348406,0.0,0.16586345381526102,0.26923076923076916,0.24589416058394153,0.35096153846153844,0.0,0.5714285714285714,0.625,0.9076923076923077,0.88,0.0,0.0,0.8052681091251176,0.4,0.1428571428571428,0.0,0.6360148663229829,0.6666666666666666,0.6377913374012205,1.0,1.0,0.7777777777777778,0.8095238095238095,0.0,0.3571428571428571,runif
0.7835178351783518,0.5757111773712628,0.8974358974358975,0.5416666666666667,0.6920566378790922,0.0,0.0,0.0,0.6623544631306597,0.6363636363636364,0.0,0.7550569896832905,0.8446291560102301,0.0,0.5704935432513709,1.0,0.0,0.0,0.5789473684210527,0.9636363636363636,0.18881062910196889,0.33333333333333326,0.0,0.0,0.3869085677749361,0.6780238500851788,0.864406779661017,0.0,0.4,0.0,0.8607948442534908,0.7735849056603774,0.4,0.46484375,0.45197740112994356,0.9090909090909091,0.9375,0.2222222222222222,0.7142857142857142,0.6428571428571428,0.0,0.0,0.052631578947368474,0.2931034482758621,0.9420216147488875,0.6838709677419355,0.0,0.33333333333333337,0.0,0.9154929577464789,0.5439672801635992,0.032620674454485354,1.0,0.5,0.292859102130383,0.0,0.0,0.0,0.7208536998499734,0.9004719004719005,0.3731688511950656,0.0,0.0,0.39743589743589736,1.0,0.7777777777777778,0.04498224385111127,0.9603960396039604,0.5,0.8939123648121307,0.9075144508670521,0.0,0.206896551724138,0.0,0.7170418006430868,0.6636263261485287,0.8461695607763023,0.9473684210526315,0.0,1.0,1.0,0.0,0.6818181818181819,0.8656716417910448,0.7916666666666666,0.9090909090909091,0.6000000000000001,0.8406617755674824,0.0,0.5138945752302968,0.0,0.6666666666666667,0.5476190476190477,0.0,0.7391304347826086,0.87831749672346,0.0,0.7419354838709677,1.0,0.0,0.0,0.0,1.0,0.5,0.14814814814814825,1.0,0.0,0.31263048016701445,0.75,0.9576439444076771,0.0,0.5,0.0,0.9311342592592593,0.5070422535211268,0.6,0.0,0.2857142857142856,0.8888888888888888,0.0,0.0,0.8636363636363636,0.75,0.6632149115819659,0.0,0.0625,0.0,0.971830985915493,0.4666666666666667,0.09999999999999998,0.5833333333333333,0.48766546329723226,1.0,1.0,0.23076923076923073,1.0,0.25,0.3125,0.0,0.0,0.7207024653833165,0.7060595109023009,0.679144385026738,1.0,0.12,0.33939873417721533,0.46666666666666656,0.09999999999999987,0.875,0.0,1.0,0.9811320754716981,0.9022346368715084,0.9673202614379085,0.0,0.375,0.0,0.8210541893791776,0.7298075815186083,0.33182295770948245,0.9375,0.0,0.9873417721518988,1.0,0.0,0.75,1.0,0.925414364640884,0.8823529411764706,0.5384615384615385,1.0,0.0,0.040983606557377095,0.0,0.75,0.4516295913088464,0.0,0.2679738562091504,0.5420560747663552,0.0,0.8333333333333333,0.8,0.0,0.7171052631578947,1.0,0.8181818181818181,0.537375415282392,0.75,0.3076923076923077,0.0,0.8025531914893618,0.0,0.7311935807422267,0.0,0.6,0.0,0.6927374301675977,0.43673469387755093,0.0,0.0,0.0,1.0,0.5,0.5,0.75,0.0,0.13636363636363635,0.028571428571428692,0.4,0.8235294117647058,0.6849415204678363,0.8148148148148149,0.5714285714285714,0.19999999999999996,0.0,0.6666666666666667,0.8823529411764706,0.0,1.0,1.0,0.11494252873563238,0.0,0.0,0.2625416468348406,0.918918918918919,0.984354628422425,0.3846153846153846,0.0,0.0,0.5,0.5714285714285714,0.9375,1.0,0.88,0.0,0.08554306321595262,0.3977695167286245,1.0,0.1428571428571428,0.0,0.82909604519774,0.13636363636363646,0.07487246173852169,1.0,0.0,1.0,0.9523809523809523,0.0,0.7142857142857143,runif
0.0,0.0,0.8974358974358975,0.0,0.6607549962990378,0.5,0.0,0.9187462326702833,0.0,0.6363636363636364,0.8206153846153846,0.7734224745855848,0.0,0.0,0.0,0.09999999999999998,1.0,0.8958333333333334,0.22222222222222232,0.0,0.9864228318093655,0.33333333333333326,0.01439024390243926,0.0,0.3880584890333063,0.0,0.72,0.31818181818181823,0.4,1.0,0.6115626437662937,0.9090909090909091,0.19999999999999996,0.8970588235294118,0.44067796610169496,0.9090909090909091,0.0,0.2222222222222222,0.7142857142857142,0.6428571428571428,0.368421052631579,0.0,0.052631578947368474,0.8620689655172413,0.0,0.32357723577235775,0.9001821493624772,0.2222222222222222,0.8526993207007508,0.37285223367697595,0.6898148148148149,0.024461839530332652,0.062359066868927004,0.0,0.2312113174182141,0.0,0.0,0.0,0.7453645646721605,0.5923466051825597,0.3731688511950656,1.0,0.0,0.6133333333333334,0.0,0.0,0.9574562968248306,0.9603960396039604,1.0,0.0,0.0,0.0,0.206896551724138,0.08695652173913038,1.0,0.6636263261485287,0.31181477698331617,0.9473684210526315,0.0,1.0,0.0,0.9375,0.09090909090909094,0.0,0.0,1.0,0.0,0.8406617755674824,0.0,0.0,0.6491754122938531,0.0,0.0,1.0,0.7391304347826086,0.0,0.0,0.07692307692307687,0.9557522123893806,1.0,0.926829268292683,0.019372077488310047,0.0,1.0,0.14814814814814825,0.875,0.0,0.28346592874437915,0.75,0.730816077953715,0.2500000000000001,1.0,0.0,0.816358024691358,0.5650406504065042,0.6666666666666666,0.8881632653061224,0.2857142857142856,0.8888888888888888,0.0,0.0,0.8636363636363636,0.75,0.7307692307692308,0.1923076923076923,0.0625,0.9143576826196473,0.0,0.20000000000000007,0.9,0.5416666666666667,0.6190476190476191,0.3267511177347242,0.8064516129032258,0.7692307692307692,0.2777777777777777,0.0,0.0,0.0,0.0,0.0,0.75,0.6666666666666667,1.0,0.98,0.33939873417721533,0.8888888888888888,0.9,0.0,0.9526282669130708,1.0,0.6666666666666667,0.0,0.0,0.0,0.375,0.0,0.9644821547492786,0.9287838029166077,0.36692206485566137,0.9375,0.0,0.9873417721518988,0.0,1.0,0.08333333333333337,0.0,0.0,0.8823529411764706,0.0,0.9,0.6000000000000001,0.0,0.9545454545454546,0.0,1.0,0.9494047619047619,0.8461538461538461,0.5,0.0,0.0,0.0,0.7432905484247374,0.3846153846153846,1.0,0.0,0.9166666666666666,0.75,0.20512820512820518,0.0,0.8025531914893618,0.0,0.0,0.33333333333333337,0.4,0.0,0.7539140907266157,0.4444444444444444,0.011080332409972193,0.033333333333333326,0.0,1.0,1.0,0.5,0.75,0.0,0.13636363636363635,0.0,0.4,1.0,0.4444444444444444,0.37037037037037046,1.0,0.0,0.9743589743589743,0.5,0.0,1.0,0.42105263157894735,0.0,0.25778863775198524,0.0,0.0,0.6243116185359301,0.918918918918919,0.8968383553510464,0.3846153846153846,1.0,0.0,0.0,0.0,0.0,0.7384615384615385,0.88,0.4613965744400528,0.8922269019566029,0.33333333333333337,0.0,0.1428571428571428,0.23809523809523803,1.0,1.0,0.6649881820984482,1.0,0.0,1.0,0.0,0.9,0.3571428571428571,runif
0.0,0.0,0.0,0.5416666666666667,0.0,0.5,0.0,0.0,0.0,0.0,0.798682883791278,0.0,0.0,0.0,0.5318589775375613,0.09999999999999998,0.3846153846153846,0.3846153846153846,0.052631578947368474,0.6481481481481481,0.9504353191197642,0.33333333333333326,0.04591798764605193,0.0,0.0,0.9458874458874459,0.5593220338983051,0.0,0.0,0.5,0.5531149301825993,0.9090909090909091,0.0,0.8989400584795322,0.9090909090909091,0.9090909090909091,0.0,1.0,0.9615384615384616,0.0,0.2941176470588236,0.0,0.0,0.8622129436325678,0.0,0.32357723577235775,0.2084115659031167,0.33333333333333337,0.37862796833773094,0.37285223367697595,0.8666666666666667,0.8629050033061494,0.6227847062684608,0.0,0.0,0.0,0.8571428571428571,0.17220229140145815,0.4042457900394124,0.9265976117553942,0.36311087756174465,0.8525730180806677,0.0,0.0,0.375,0.7777777777777778,0.0,0.0,1.0,0.10612361967589268,0.7976878612716763,0.9,0.0,0.0,1.0,0.9540229885057472,0.9305413687436159,0.9473684210526315,1.0,1.0,0.5,0.9375,0.6818181818181819,0.0,0.0,0.0,0.6000000000000001,0.0,0.0,0.0,0.0,0.0,1.0,1.0,0.0,0.0,0.0,0.8368983957219251,0.45205479452054786,0.20761245674740492,0.6666666666666666,0.41020191285866114,0.7333333333333334,0.9487179487179487,0.14814814814814825,0.875,0.0,0.0,1.0,0.8493611297915266,0.0,1.0,1.0,0.816358024691358,0.5391918978795232,1.0,0.9200734643901776,0.9285714285714286,0.8888888888888888,0.0,0.8636363636363636,1.0,0.0,0.8374927028604787,0.1923076923076923,0.0,0.9143576826196473,0.0,0.20000000000000007,0.4,0.5833333333333333,0.39500601684717207,0.0,0.9101941747572816,0.9615384615384616,0.4444444444444444,0.0,0.0,0.0,1.0,0.5689915458937198,0.6417522583838634,1.0,0.5869565217391305,0.98,0.0,0.0,0.8,0.875,0.37038689172289085,0.0,0.8540587219343696,0.14508670520231204,0.9673202614379085,0.9279999999999999,0.0,0.0,0.5403669266146771,0.9848104157149383,0.7943350655053795,0.9375,0.9877782274382841,0.9873417721518988,0.9363360762234734,1.0,0.75,0.0,0.0,0.0,0.5384615384615385,0.0,0.6000000000000001,0.0,0.0,0.0,0.0,0.7855769230769231,0.0,1.0,0.0,0.8970588235294118,0.9090909090909091,0.3916317991631799,0.641025641025641,0.09278350515463918,0.29999999999999993,0.6486710963455149,0.75,0.20512820512820518,0.0,0.0,0.7142857142857143,0.17352056168505514,0.0,0.0,0.0,0.7539140907266157,0.3313253012048192,0.0,0.033333333333333326,0.0,1.0,1.0,0.75,0.75,0.0,0.0,0.0,0.4,1.0,0.4571645185746779,0.37037037037037046,0.5714285714285714,0.19999999999999996,0.2564102564102564,0.0,1.0,0.5,0.3619479983491539,0.0,0.25778863775198524,0.0,0.0,0.2625416468348406,0.04166666666666652,0.7363811785661274,0.3846153846153846,0.8494554772581678,0.5868613138686132,0.0,0.5714285714285714,1.0,0.9375,0.0,0.44082809224318653,0.3351718285956725,0.7360594795539034,0.9090909090909091,0.0,0.0,0.46031746031746035,1.0,0.6253376012803842,1.0,1.0,1.0,0.8095238095238095,0.9,0.7142857142857143,runif
0.7835178351783518,0.0,0.8974358974358975,0.5416666666666667,0.0,0.5,0.0011844938980617448,0.0,0.6623544631306597,0.6363636363636364,0.0,0.722866653217672,0.0,0.0,0.7870619946091645,0.703125,0.7307692307692308,0.8461538461538461,0.5789473684210527,0.0,0.19520335299596403,0.7692307692307692,0.7815660016397923,0.0,0.5511363636363636,0.9225806451612903,0.5593220338983051,0.8636363636363636,0.4,0.0,0.6553426096088213,0.7735849056603774,0.4,0.0,0.6526468455402467,0.0,0.78125,1.0,0.0,0.6428571428571428,0.2941176470588236,0.0,0.4736842105263158,0.0,0.9310875249961544,0.7894736842105263,0.8711978971085242,0.33333333333333337,0.2011083303539506,0.8450704225352113,0.748995983935743,0.0,0.9675090252707581,0.5,0.18314099347717028,0.0,0.4285714285714285,0.0,0.9678652664182354,0.35306735306735315,0.7653631284916201,0.5237674110103914,0.11904761904761907,0.0,0.375,0.5555555555555556,0.779094662792476,0.0,1.0,0.8583650825479581,0.0,1.0,0.0,0.75,0.7170418006430868,0.9516105803850031,0.31181477698331617,0.7368421052631579,0.9838709677419355,0.0,1.0,0.9375,0.8636363636363636,0.8656716417910448,0.0,1.0,0.6156472684085511,0.0,0.0,0.4323113707212253,0.0,0.6666666666666667,0.5476190476190477,0.0,0.7391304347826086,0.0,0.0,0.7419354838709677,0.7606707317073171,0.8435462842242503,0.8974358974358975,0.145945945945946,0.7333333333333334,0.0,0.8148148148148148,1.0,0.0,0.7026047955839227,0.9333333333333333,0.7855839416058394,0.75,0.5,0.0,0.816358024691358,0.41889276035617506,0.6,0.8533143843264643,0.8571428571428571,0.0,1.0,0.8636363636363636,0.0,0.75,0.8265891349370719,0.5313942751615882,0.6875,0.4274376417233561,0.25352112676056326,0.9333333333333333,0.9,0.5833333333333333,0.3849802371541502,0.40387722132471726,1.0,0.23076923076923073,1.0,0.25,0.75,0.0,0.33333333333333326,0.7519446845289541,1.0,0.0,1.0,0.0,0.7935126582278481,0.0,0.8,0.75,0.8411532756936657,0.0,0.10869565217391297,0.8888888888888888,0.0,0.9256198347107438,0.0,0.0,0.8210541893791776,0.9402004839267197,0.5000656685053848,0.6875,0.9910672308415609,0.0,0.9411764705882353,1.0,0.8333333333333334,1.0,0.0,0.8823529411764706,0.5384615384615385,0.0,0.6000000000000001,0.040983606557377095,0.0,0.6333333333333333,0.4516295913088464,0.0,0.2222222222222222,0.0,0.0,0.9423076923076923,1.0,0.6861924686192469,0.7763157894736842,1.0,0.0,0.0,0.6666666666666667,0.7948717948717949,0.0,0.18765957446808512,0.8571428571428572,0.24445411048281862,0.8888888888888888,0.6,0.0,0.09287749287749292,0.0,0.0,0.033333333333333326,0.0,0.33333333333333337,0.6666666666666667,0.75,0.0,0.0,0.6666666666666667,0.7428571428571429,0.0,0.0,0.8391812865497076,0.7407407407407407,0.0,0.19999999999999996,0.2564102564102564,0.9523809523809523,0.8571428571428572,0.0,0.9496491952125464,1.0,0.0,0.0,1.0,0.2625416468348406,0.8378378378378378,0.21703470031545746,0.8666666666666667,0.5935999999999999,0.09677419354838701,0.0,0.5714285714285714,0.4375,0.6666666666666666,0.0,0.47877731161118064,0.866935183113299,0.0,0.7777777777777778,0.0,0.23809523809523803,0.82909604519774,0.9090909090909091,0.6036314117113026,1.0,0.9797297297297297,0.0,0.9523809523809523,0.9,0.9285714285714286,runif
0.0,0.0,0.8974358974358975,0.0,0.0,0.0,3.3306690738754696e-16,0.9104564032697547,0.0,0.6363636363636364,0.0,0.723191768384949,0.8355784469096672,0.0,0.39696081045054654,0.96875,0.0,0.8461538461538461,0.8947368421052632,0.75,0.8872244644520335,0.7692307692307692,0.04591798764605193,0.0,0.8938795455470945,0.1333333333333333,0.4067796610169492,0.9090909090909091,0.4,0.5,0.0,1.0,0.5,0.8125,0.7796610169491526,0.9090909090909091,0.78125,0.0,0.3846153846153847,0.0,0.2941176470588236,0.0,0.0,0.5480167014613779,0.0,0.7873170731707317,0.009763424708974844,0.5555555555555556,0.2011083303539506,0.938207136640557,0.0,0.032620674454485354,0.967456958540494,0.5,0.45221445221445233,0.6428571428571428,0.9285714285714286,0.013469457789979544,0.6971736204576042,0.0,0.300475866757308,0.6178334106011436,0.0,0.94,1.0,0.5555555555555556,0.0,0.8415841584158416,1.0,0.8060807358201328,1.0,0.7000000000000001,0.0,0.0,0.7170418006430868,0.9677403869233354,0.9305413687436159,0.7368421052631579,0.0,0.7977977977977978,0.0,0.0,0.6818181818181819,0.0,0.0,0.8666666666666667,0.0,0.0,0.0,0.0,0.864680239090378,0.0,0.0,0.0,0.7391304347826086,0.8586577791243751,0.0,0.7419354838709677,1.0,0.0,0.8974358974358975,1.0,1.0,0.9487179487179487,0.8148148148148148,0.0,0.0,1.0,0.5111111111111111,0.0,1.0,0.5,1.0,0.07002314814814825,0.9154929577464789,0.5,0.980002030250736,0.8571428571428571,0.8888888888888888,0.8963044677330392,0.0,0.36363636363636365,0.0,0.7850844417874757,0.6959706959706959,0.0,0.20833333333333326,0.323943661971831,0.4666666666666667,0.0,0.5,0.39500601684717207,1.0,0.33333333333333326,0.23076923076923073,1.0,0.25,0.8,0.7777777777777778,1.0,0.0,1.0,0.4255319148936171,0.5869565217391305,0.0,0.0,0.9333333333333333,0.09999999999999987,0.75,0.0,0.20000000000000007,1.0,0.7134864546525324,0.954248366013072,0.0,0.0,0.0,0.8200359928014397,0.9848104157149383,0.7612949829261886,0.6875,0.0,0.7341772151898733,0.0,0.0,0.75,0.0,0.0,0.8823529411764706,0.0,0.0,0.0,0.0,0.7582417582417582,0.0,0.5084155542658154,0.0,0.75,0.0,0.0,0.0,0.8,1.0,0.9487179487179487,0.6907216494845361,0.75,0.6486710963455149,0.6666666666666667,0.20512820512820518,0.0,0.5497872340425533,0.0,0.3403543965229019,0.8888888888888888,0.6,0.0,0.18017456359102257,0.0,0.5055401662049861,0.7666666666666666,0.0,1.0,0.6666666666666667,0.5,0.5,0.0,0.0,0.7428571428571429,0.4,1.0,0.0,0.8148148148148149,0.4285714285714286,1.0,0.2564102564102564,0.6666666666666667,1.0,0.9,0.9496491952125464,1.0,0.0,0.4,0.5,0.674916706330319,0.35,0.10662460567823329,0.3846153846153846,0.594434306569343,0.0,1.0,0.5714285714285714,0.4375,1.0,0.92,0.6947365553315534,0.0,0.635122838944495,1.0,0.0,0.0,0.8253968253968254,1.0,0.6253376012803842,1.0,0.0,0.7777777777777778,0.0,0.0,0.7142857142857143,runif
0.8361986628462273,0.0,0.8974358974358975,0.5416666666666667,0.0,0.5,0.0011844938980617448,0.9329058850469429,0.6246575342465753,0.0,0.0,0.7797427652733119,0.8232447125903335,0.0,0.0,1.0,0.2692307692307693,0.3846153846153846,0.0,0.9814814814814815,0.0,0.7692307692307692,0.0,0.0,0.8677518884987765,0.9142857142857143,0.5593220338983051,0.8636363636363636,0.8,1.0,0.5351962217474417,0.7547169811320755,0.19999999999999996,0.625,0.9090909090909091,0.9090909090909091,0.0,1.0,0.7142857142857142,0.6428571428571428,0.5882352941176471,0.33009708737864085,0.5789473684210527,0.2931034482758621,0.3023868312757202,0.0,0.8333333333333333,0.33333333333333337,0.919705587152894,0.7007874015748031,0.5439672801635992,0.20277716552788194,0.7479419835358683,0.5,0.0,0.6428571428571428,0.9285714285714286,0.6819096922634456,0.9156623866076515,0.3156498039590705,0.0,0.8525730180806677,0.0,0.6419753086419753,0.1250000000000001,0.2592592592592592,0.9506988173859622,0.9603960396039604,0.35511363636363635,0.9653468651932964,0.6416184971098267,0.8333333333333333,0.0,0.0,0.4375,0.6096169519152405,0.8461695607763023,0.0,1.0,1.0,0.9142857142857143,0.0,0.8636363636363636,0.8656716417910448,0.0,0.8666666666666667,0.6330545991146089,0.0,0.0,0.5598844937434111,0.8753431407052861,0.6206896551724137,0.0,0.0,0.7391304347826086,0.8817281651997292,0.0,0.15999999999999992,0.8719211822660099,0.1428571428571428,0.6666666666666666,0.1428571428571428,1.0,0.0,0.8148148148148148,0.7164179104477613,0.0,0.9965250965250966,1.0,0.7921273772666961,0.75,1.0,0.0,0.82701169797944,1.0,0.8,0.43046107331821626,0.9285714285714286,0.8888888888888888,1.0,0.8636363636363636,0.8636363636363636,0.75,0.6965556504412184,0.0,0.8125,0.0,0.25352112676056326,0.0,0.8,0.5833333333333333,1.0,0.5767790262172285,1.0,0.7692307692307692,1.0,0.25,0.0,0.7777777777777778,1.0,0.7207024653833165,1.0,0.64298490377048,0.75,0.98,0.0,1.0,0.0,0.25,0.9452159691432137,1.0,0.9428571428571428,1.0,0.7320261437908497,0.6752136752136751,0.0,0.0,0.0,0.6666666666666666,0.9356101805525343,0.0,0.9953086419753087,0.7341772151898733,0.9246987951807228,0.0,0.8333333333333334,1.0,0.0,0.8823529411764706,0.5384615384615385,0.0,0.6000000000000001,0.040983606557377095,0.7582417582417582,0.7400932400932401,0.0,0.0,0.2679738562091504,0.5420560747663552,0.0,0.33333333333333326,1.0,0.5606694560669456,0.0,0.0,0.9,0.6798245614035088,0.6666666666666667,0.3076923076923077,0.0,0.39982876712328763,0.7142857142857143,0.17352056168505514,0.8888888888888888,0.8,0.0,0.17685589519650646,0.18367346938775508,0.75,0.06666666666666665,0.0,1.0,1.0,0.75,0.75,0.0,0.13636363636363635,0.028571428571428692,0.0,0.8235294117647058,0.8391812865497076,0.0,0.7142857142857143,0.19999999999999996,0.5128205128205128,0.2857142857142857,0.44881889763779526,1.0,0.0,1.0,0.3928571428571429,0.4,0.5,0.3791208791208792,0.8333333333333334,0.0,0.0,0.810483870967742,0.35096153846153844,0.0,0.4285714285714286,0.26315789473684204,0.875,0.88,0.10141574905154072,0.3260500636402207,0.3723653395784543,0.7777777777777778,0.0,0.0,0.5,0.36363636363636365,0.0,0.0,1.0,0.7777777777777778,0.8095238095238095,0.0,0.9285714285714286,runif
0.7835178351783518,0.0,0.0,0.0,0.0,0.0,0.021336919777543484,0.8942845723421262,0.0,0.6363636363636364,0.0,0.722866653217672,0.8232447125903335,0.0,0.005265516468743181,0.703125,0.3846153846153846,0.3846153846153846,0.8421052631578947,0.4363636363636363,0.20551866269750396,0.7692307692307692,0.7815660016397923,0.0,0.0,0.7301587301587301,0.0,0.9090909090909091,0.0,1.0,0.5351962217474417,0.2727272727272728,0.4,0.625,0.5,0.0,0.78125,0.0,1.0,0.0,0.7763157894736842,0.0,0.4736842105263158,0.0,0.0,0.791869918699187,0.8711978971085242,0.33333333333333337,0.5644028103044497,0.0,1.0,0.032620674454485354,0.7440286624203822,0.0,0.3106371586650011,0.0,0.4285714285714285,0.08090268486308105,0.7592305657382563,0.8694415224251697,0.8259687287559483,0.8525730180806677,0.5714285714285714,0.33333333333333337,1.0,0.5555555555555556,0.9506457564575646,0.8415841584158416,1.0,0.8482309124767226,0.8333333333333334,1.0,0.206896551724138,0.75,1.0,0.6091954022988506,0.8461695607763023,0.9473684210526315,1.0,1.0,1.0,0.0,0.09090909090909094,0.8656716417910448,0.0,0.0,0.0,0.0,0.0,0.0,0.8752793394650796,0.0,0.5476190476190477,0.0,0.7391304347826086,0.8867131433258151,0.0,0.0,0.7606707317073171,0.2142857142857142,0.6666666666666666,1.0,0.3999999999999999,0.0,0.8148148148148148,1.0,0.0,0.0,0.7272727272727273,0.0,1.0,1.0,0.0,0.82701169797944,0.39624432957062994,0.5,0.17567567567567555,0.0,0.11111111111111105,1.0,0.36363636363636365,1.0,0.0,0.8846153846153846,0.7142857142857143,0.6875,0.375,0.323943661971831,0.9333333333333333,0.9,0.5833333333333333,0.9206349206349207,0.0,0.33333333333333326,0.23076923076923073,0.4444444444444444,0.0,0.5,0.0,0.33333333333333326,0.7732185072610605,0.75,1.0,1.0,0.98,0.0,0.44444444444444453,0.09999999999999987,0.75,0.9526282669130708,1.0,1.0,0.8888888888888888,0.9673202614379085,0.9917355371900827,0.375,0.0,0.9644821547492786,0.0,0.33182295770948245,1.0,0.9951653944020357,0.9873417721518988,1.0,0.0,0.08333333333333337,1.0,0.0,0.0,0.0,0.0,0.0,0.0,0.9545454545454546,0.0,0.4516295913088464,0.0,0.23333333333333328,0.5420560747663552,0.0,0.0,1.0,0.3916317991631799,0.0,0.5,0.6363636363636364,0.7083333333333333,0.6666666666666667,0.7948717948717949,0.0,0.0,0.0,0.0,0.8888888888888888,0.0,0.0,0.09287749287749292,0.43673469387755093,0.0,0.06666666666666665,0.19999999999999996,0.0,0.6666666666666667,0.0,0.75,0.0,0.6363636363636364,0.7428571428571429,0.0,0.0,0.0,0.7407407407407407,0.0,0.19999999999999996,0.5128205128205128,0.0,1.0,0.9,0.0,0.0,0.6793924466338259,0.0,1.0,0.0,1.0,0.6360441767068272,0.7692307692307693,0.8083435582822086,0.6774193548387097,0.5,0.5714285714285714,0.4375,0.7384615384615385,0.92,0.6904980553154709,0.08554306321595262,0.0,0.0,0.1428571428571428,0.23809523809523803,1.0,0.36363636363636365,0.0549275511252697,0.6666666666666667,1.0,1.0,0.9523809523809523,0.0,0.3571428571428571,runif
0.0,0.5757111773712628,0.8974358974358975,0.0,0.692021890847015,0.5,0.17214013621147406,0.0,0.0,0.875,0.8206153846153846,0.0,0.0,0.0,0.5276261937244202,0.19999999999999996,0.9615384615384616,0.5769230769230769,0.052631578947368474,0.9814814814814815,0.9687568756875687,0.7692307692307692,0.3597977589505329,0.0,0.6768234419789787,0.9225806451612903,0.4067796610169492,0.0,0.0,0.5,0.5531149301825993,0.9090909090909091,0.19999999999999996,0.8125,0.0,0.6363636363636364,1.0,1.0,0.9615384615384616,0.0,0.7647058823529412,0.33009708737864085,0.4736842105263158,0.0,0.27654320987654313,0.3157894736842105,0.8333333333333333,0.33333333333333337,0.0,0.0,0.5439672801635992,0.032620674454485354,0.27001969149983596,0.5,0.3036766018204534,0.6428571428571428,0.4285714285714285,0.0,0.0,0.0,0.3731688511950656,0.0,0.9761904761904762,0.728,0.1250000000000001,0.7777777777777778,0.8003419702748915,0.9603960396039604,0.35511363636363635,0.9627850279650079,0.9075144508670521,0.6666666666666666,0.206896551724138,0.75,0.7170418006430868,0.9677403869233354,0.0,0.7368421052631579,0.96875,1.0,0.0,0.9375,0.8636363636363636,0.0,0.7916666666666666,0.9090909090909091,0.0,0.8406617755674824,0.0,0.43615102507064263,0.0,0.0,0.5476190476190477,0.8282208588957055,0.0,0.0,0.0,0.42592592592592593,0.7783251231527093,1.0,0.641025641025641,0.3867403314917127,1.0,1.0,0.8148148148148148,0.0,0.0,0.8588235294117647,0.9333333333333333,0.2887773722627738,0.0,1.0,1.0,0.816358024691358,0.704225352112676,0.8,0.9713837710701686,0.0,0.7777777777777778,1.0,0.8636363636363636,1.0,0.0,0.0,0.0,0.6875,0.3765743073047859,0.323943661971831,0.20000000000000007,0.8,0.5833333333333333,0.0,0.0,1.0,0.23076923076923073,0.0,0.25,0.3125,0.7777777777777778,0.33333333333333326,0.7207024653833165,0.0,0.3475935828877005,0.5869565217391305,0.12,0.9090909090909091,0.8666666666666667,0.0,0.875,0.7242700156985871,1.0,0.8695652173913043,0.9667630057803468,0.9673202614379085,1.0,0.375,0.0,0.8161764705882353,0.9846756538771748,0.0,0.6875,0.9854961832061069,0.9873417721518988,0.0,1.0,0.8333333333333334,0.0,1.0,0.8823529411764706,0.0,0.8627450980392157,0.6000000000000001,0.040983606557377095,0.0,0.0,0.4516295913088464,0.7101449275362319,0.0,0.0,0.0,1.0,0.29999999999999993,0.9372384937238494,0.8443935926773455,0.09278350515463918,0.9,0.9219269102990033,0.6666666666666667,0.0,0.0,0.31934931506849307,0.8571428571428572,0.3403543965229019,0.0,0.0,0.0,0.17685589519650646,0.18367346938775508,0.75,0.7666666666666666,0.19999999999999996,0.33333333333333337,1.0,0.75,0.75,0.0,0.40909090909090917,0.028571428571428692,0.0,0.0,0.0,0.37037037037037046,0.7142857142857143,0.19999999999999996,0.0,0.0,0.8571428571428572,0.0,0.11019397441188616,1.0,0.12585812356979387,0.4,1.0,0.2543458371454712,0.20833333333333326,0.10430247718383312,0.3846153846153846,0.0,1.0,0.0,0.4285714285714286,0.9375,0.6666666666666666,0.88,0.0,0.32249293597057105,0.5807962529274003,0.4,0.1428571428571428,0.23809523809523803,0.8253968253968254,0.9090909090909091,0.460508588750421,1.0,1.0,1.0,0.0,0.9,0.9285714285714286,runif
0.8451672010994045,0.0,0.0,0.5416666666666667,0.0,0.5,0.03483670295489871,0.0,0.0,0.875,0.0,0.0,0.9392712550607287,0.0,0.5327078945688939,0.703125,0.3846153846153846,0.3846153846153846,0.8947368421052632,0.6512749827705031,0.6551038596010147,0.7692307692307692,0.0,0.0,0.716036036036036,0.9668874172185431,0.8305084745762712,0.5909090909090908,0.4,0.0,0.4447361512207929,0.9090909090909091,0.19999999999999996,0.7352941176470589,0.9090909090909091,0.0,0.0625,1.0,0.0,0.6428571428571428,0.2941176470588236,0.0,0.5789473684210527,0.2886221294363256,0.0,1.0,0.8711978971085242,0.5555555555555556,0.8369565217391304,0.8775773195876289,0.934643995749203,0.3257142857142856,0.27249294218730824,0.0,0.09198672356567095,0.6428571428571428,0.9285714285714286,0.6313392907962889,0.9156623866076515,0.671100175505007,0.8949262324577186,0.928450007726781,0.6231884057971014,0.8188405797101449,0.0,0.7407407407407407,0.9877820314409057,0.9603960396039604,0.0,0.8120926474548883,0.0,1.0,0.206896551724138,0.0,0.4662379421221865,0.0,0.6118456801304111,0.0,1.0,0.0,0.5,0.9375,0.8636363636363636,0.8656716417910448,0.0,0.0,0.6156472684085511,0.0,0.0,0.6654262196852629,0.0,0.0,0.0,0.0,0.0,0.8808091004387156,0.0,0.8368983957219251,0.8812785388127854,0.2142857142857142,0.6666666666666666,0.8816827344434707,0.7333333333333334,0.33333333333333326,0.8148148148148148,1.0,0.0,0.868449662970211,1.0,0.9150818222025653,0.2500000000000001,0.5,0.0,0.44907407407407407,0.9171506000774293,0.8,0.7165450121654502,0.9285714285714286,0.0,0.11095603628750872,0.36363636363636365,0.36363636363636365,0.75,0.879020779960148,0.0,0.8125,0.0,0.0,0.9333333333333333,0.9,0.5,0.8695652173913043,0.5389289783516902,0.9539918809201624,0.7692307692307692,0.0,0.0,0.5015576323987538,0.7777777777777778,1.0,0.48294082125603865,1.0,0.8974744222651498,1.0,0.86,0.4935536362498435,0.8888888888888888,0.09999999999999987,0.75,0.9718100980757142,1.0,0.08333333333333326,0.03600917431192674,0.0,1.0,0.375,0.0,0.8457615195216321,0.0,0.0,0.0,0.992762034824172,0.0,0.9363360762234734,1.0,0.8333333333333334,0.6842105263157895,0.0,0.0,0.5384615384615385,0.0,0.6000000000000001,0.625,0.0,0.0,1.0,0.0,0.0,0.0,0.0,0.8970588235294118,0.9090909090909091,0.3916317991631799,0.641025641025641,0.6666666666666667,0.29999999999999993,0.6134751773049645,0.6666666666666667,0.8571428571428572,0.0,0.4850088183421517,0.7142857142857143,0.6863925108659311,0.6666666666666667,0.6,0.0,0.6551996836694345,1.0,0.0,0.09999999999999998,1.0,0.33333333333333337,0.0,0.0,0.5,0.0,0.0,0.0,0.0,0.0,0.4444444444444444,0.7407407407407407,0.0,1.0,0.9743589743589743,0.2857142857142857,0.10638297872340408,1.0,0.11019397441188616,0.0,0.3549175320708613,0.4,0.5,0.9693479295573536,0.8333333333333333,0.13703048590157096,0.26923076923076916,0.8112058465286236,1.0,0.0,0.5714285714285714,1.0,0.875,0.88,0.75,0.0,0.0,1.0,0.1428571428571428,0.0,0.7142857142857143,0.0,0.0025818998759346012,0.0,1.0,0.0,0.8095238095238095,0.9,0.9285714285714286,runif
0.0,0.0,0.0,0.0,0.654696449026346,0.5,0.006154621364814039,0.0,0.0,0.0,0.0,0.0,0.0,0.0,0.8857348760859991,1.0,0.3846153846153846,0.0,0.8421052631578947,0.75,0.9852605356030725,0.7692307692307692,0.40803498223558343,0.0,0.6986093350383632,0.129955947136564,0.5593220338983051,0.8636363636363636,0.0,0.0,0.0,0.0,0.35,0.09375,0.8333333333333334,0.0,0.9375,0.8333333333333334,0.8461538461538461,0.6428571428571428,0.8823529411764706,0.0,0.8947368421052632,0.9528688524590164,0.47120152574698027,0.7873170731707317,0.009763424708974844,0.8888888888888888,0.3897624623619941,0.0,0.5439672801635992,0.20277716552788194,0.0,0.0,0.45221445221445233,0.6428571428571428,0.8571428571428571,0.0,0.7394057583592621,0.629721717509802,0.882816605359958,0.8525730180806677,0.9601542416452442,0.9294871794871795,0.375,0.7777777777777778,0.9506457564575646,0.8415841584158416,0.5,0.7024570024570025,0.7976878612716763,0.6666666666666667,0.206896551724138,0.0,0.0,0.9891304347826086,0.8257634077495509,0.9473684210526315,1.0,1.0,0.0,0.9375,0.09090909090909094,0.0,0.0,0.0,0.0,0.7706611570247934,0.0,0.5856546935804472,0.0,0.0,0.75,0.0,0.0,0.0,0.0,0.8010091453800063,0.761811792268645,0.2142857142857142,0.0,1.0,0.0,1.0,0.8148148148148148,1.0,0.0,0.8661362850224836,0.0,0.7855839416058394,0.75,1.0,0.0,0.05714854639585809,0.0,0.0,0.5868394048229861,0.9642857142857143,0.0,0.955264593562466,0.8636363636363636,0.8636363636363636,0.75,0.75,0.7142857142857143,0.9375,1.0,0.8309859154929577,0.0,0.0,0.9583333333333334,0.8461538461538461,0.22696629213483155,1.0,0.7692307692307692,0.2777777777777777,0.0,0.7476635514018692,0.7777777777777778,1.0,0.0,0.701958198051948,0.3516502656100323,0.0,1.0,1.0,0.9333333333333333,0.8,0.875,0.9452190764286051,1.0,0.9428571428571428,0.8888888888888888,0.9673202614379085,1.0,0.375,0.0,0.5717856428714256,0.9878246753246753,0.2920911148839841,0.9375,0.9951653944020357,0.7341772151898733,0.0,1.0,0.08333333333333337,0.0,0.0,0.0,0.0,0.9060721062618595,0.6000000000000001,0.9090909090909091,0.0,0.0,0.0,0.0,0.0,0.5,0.0,0.8333333333333333,1.0,1.0,0.0,0.5,1.0,0.9175438596491228,0.6666666666666667,0.46153846153846156,0.0,0.33319148936170206,0.2857142857142857,0.17352056168505514,0.8888888888888888,0.0,0.0,0.1162361623616236,0.2979591836734694,0.2119113573407203,0.09999999999999998,0.6,0.33333333333333337,0.5,0.75,0.75,0.0,0.0,0.7428571428571429,0.8,0.0,0.4476504534212695,0.8148148148148149,0.4285714285714286,0.8,0.0,0.8571428571428572,0.4444444444444444,1.0,0.9705882352941176,0.0,0.0,0.4,0.0,0.674916706330319,0.918918918918919,0.9226644086931979,0.6923076923076923,0.810483870967742,0.8477564102564102,1.0,0.5714285714285714,0.9375,0.7384615384615385,0.92,0.07170025546409309,0.0,0.0,0.4,0.1428571428571428,0.0,1.0,1.0,0.0549275511252697,1.0,1.0,0.7777777777777778,0.0,0.9,0.3571428571428571,runif
0.8122762148337596,0.0,0.8974358974358975,0.896551724137931,0.0,0.5,0.643811621039988,0.0,0.6273964438263633,0.6363636363636364,0.0,0.7428732857362987,0.0,0.0,0.0,0.890625,0.0,1.0,1.0,0.9814814814814815,0.9588144917480299,0.33333333333333326,0.7930487804878049,0.0,0.8939270595897102,0.0,0.0,0.31818181818181823,0.8,0.0,0.0,0.7735849056603774,0.35,0.10654239766081874,0.9090909090909091,0.0,0.78125,0.8333333333333334,1.0,0.0,0.17647058823529416,0.9409090909090909,0.052631578947368474,1.0,0.3023868312757202,0.7894736842105263,0.4123861566484518,0.8888888888888888,0.41050518568082983,0.44734551784160137,0.6898148148148149,0.0,0.7051282051282052,0.5,0.08649456949472711,0.6428571428571428,0.9285714285714286,0.29251372964640143,0.0,0.0,0.8858595194085028,0.866497139224412,0.9601542416452442,0.0,0.375,0.7777777777777778,0.8003419702748915,0.9603960396039604,1.0,0.0,1.0,1.0,0.206896551724138,0.75,0.0,0.1990163777873275,0.8257634077495509,0.9473684210526315,1.0,1.0,1.0,0.0,0.09090909090909094,0.8656716417910448,0.0,0.8666666666666667,0.9136442141623489,0.0,0.0,0.5701840543195115,0.0,0.6206896551724137,0.0,0.0,0.7391304347826086,0.0,0.0,0.11550151975683876,0.9557522123893806,0.0,1.0,1.0,1.0,0.9487179487179487,0.14814814814814825,1.0,0.0,1.0,0.0,0.0,0.2500000000000001,1.0,0.0,0.0,0.5070422535211268,0.0,0.16484742251613427,0.9285714285714286,0.0,0.8974358974358975,0.8636363636363636,0.8636363636363636,0.0,0.3479859210011733,0.0,0.0625,1.0,0.25352112676056326,0.0,0.4,0.9583333333333334,0.36182336182336194,0.0,0.777511961722488,0.5,0.33333333333333326,0.25,0.5015576323987538,0.7777777777777778,1.0,0.5689915458937198,0.0,0.0,0.0,1.0,1.0,0.0,0.8,0.875,0.854220600769482,1.0,1.0,0.0,0.954248366013072,1.0,0.375,0.0,0.5469748168611104,0.3060314314030863,0.3660842939481267,1.0,1.0,0.9367088607594937,0.976252439817827,0.0,0.5,1.0,0.0,0.8823529411764706,0.5384615384615385,0.0,0.6000000000000001,0.9090909090909091,0.0,0.4385964912280701,1.0,0.0,0.75,0.5,0.0,0.0,0.29999999999999993,0.21120186697782972,0.9487179487179487,1.0,0.9,0.6289473684210526,0.75,0.7948717948717949,0.0,0.5497872340425533,0.2857142857142857,0.08333333333333326,0.33333333333333337,0.8,0.0,0.0,1.0,0.2119113573407203,0.06666666666666665,0.0,0.33333333333333337,0.6666666666666667,0.75,0.75,0.0,0.09090909090909094,0.028571428571428692,0.4,0.5333333333333333,0.8549382716049383,0.8148148148148149,1.0,0.8,0.2564102564102564,0.5,0.5495495495495497,0.09999999999999998,0.9019607843137255,1.0,0.3549175320708613,0.4,0.5,0.23586299529885835,0.74,0.055457288523566683,0.6923076923076923,0.8351449275362319,0.8477564102564102,0.0,0.5714285714285714,0.9375,0.46153846153846156,0.88,0.9320467923403621,0.8853415358506577,0.6071428571428571,1.0,0.1428571428571428,0.23809523809523803,0.6360148663229829,0.6666666666666667,0.07487246173852169,0.6666666666666667,1.0,0.9629629629629629,0.8095238095238095,0.0,0.0,runif
0.7835178351783518,0.5757111773712628,0.0,0.0,0.0,0.5,0.24338865584534009,0.0,0.6626008747612887,0.875,0.8339135799748805,0.0,0.8465885307660108,0.0,0.8527008624602814,0.734375,0.2692307692307693,0.5769230769230769,0.8421052631578947,0.0,0.10165016501650181,0.0,0.0,0.0,0.894237012987013,0.0,0.5593220338983051,0.31818181818181823,0.6000000000000001,0.0,0.9122079285901812,0.9090909090909091,0.35,0.8125,0.5511240029006528,0.0,0.9375,0.25,1.0,0.0,0.5882352941176471,0.0,0.8947368421052632,0.2931034482758621,0.47120152574698027,0.7894736842105263,0.2084115659031167,0.0,0.0,0.9154929577464789,0.32730923694779124,0.0,0.6213767373211431,0.5,0.3179128563743948,0.0,0.9285714285714286,0.0,0.6576048011465425,0.0,0.7653631284916201,0.8819367676321026,0.9601542416452442,0.34782608695652173,0.375,0.2592592592592592,0.9809133071708883,0.9603960396039604,1.0,0.8491814946619217,0.0,1.0,0.0,0.75,0.4375,0.0,0.0,0.0,0.9838709677419355,1.0,1.0,0.9375,0.0,0.8656716417910448,0.7916666666666666,0.0,0.0,0.0,0.0,0.0,0.0,0.6666666666666667,0.5476190476190477,0.8282208588957055,0.0,0.8808091004387156,0.0,0.8010091453800063,0.8147865853658537,0.1428571428571428,0.641025641025641,1.0,0.7333333333333334,0.33333333333333326,0.0,1.0,1.0,1.0,0.0,0.7979251240414975,0.2500000000000001,0.0,0.0,0.9311342592592593,0.9171506000774293,0.0,0.9799918748730448,0.7857142857142857,0.11111111111111105,0.9523809523809523,0.36363636363636365,0.8636363636363636,0.0,0.6513426736719206,0.6198541519642438,0.9375,0.0,0.8309859154929577,0.9333333333333333,0.4,0.0,0.0,1.0,0.8442211055276382,0.23076923076923073,1.0,0.25,0.5121951219512195,0.0,1.0,0.0,0.9024959415584415,0.0,1.0,0.98,1.0,0.33333333333333326,0.8,0.25,0.9762225284572922,0.9868421052631579,0.13053964425685882,0.9022346368715084,0.0,1.0,0.0,0.0,0.0,0.0,0.15983714210664557,0.0,0.9440559440559441,0.9873417721518988,1.0,1.0,0.0,1.0,1.0,0.0,0.0,0.0,0.6000000000000001,0.0,0.0,0.6206896551724137,0.4516295913088464,0.7855769230769231,0.0,0.5420560747663552,0.0,0.9423076923076923,0.0,0.5606694560669456,0.7719298245614035,0.3917525773195877,0.0,0.6025641025641025,0.0,0.3076923076923077,0.0,0.5497872340425533,0.2857142857142857,0.24445411048281862,0.33333333333333337,1.0,0.0,0.7669491525423728,0.6737588652482269,0.5625,0.7666666666666666,0.0,0.0,1.0,0.0,0.75,0.0,0.6666666666666667,0.028571428571428692,0.8,0.8235294117647058,0.2185672514619884,0.7407407407407407,0.5714285714285714,0.7,0.46153846153846156,0.6666666666666667,0.0,0.0,0.3619479983491539,1.0,0.9839816933638444,0.0,0.5,0.6315139879319802,0.0,0.16586345381526102,0.8666666666666667,0.8214857142857143,0.8477564102564102,0.5,0.5714285714285714,0.26315789473684204,0.9375,0.88,0.5814058956916099,0.866935183113299,0.0,0.0,0.0,0.23809523809523803,0.0,0.0,0.0,0.0,0.5,1.0,0.9523809523809523,0.9,0.2857142857142857,runif
0.8122762148337596,0.5757575757575758,0.8974358974358975,0.896551724137931,0.0,0.5,0.5003224246332421,0.0,0.6423299005893208,0.6363636363636364,0.0,0.7428732857362987,0.0,0.0,0.5766773162939297,0.703125,1.0,0.0,0.22222222222222232,0.6481481481481481,0.95608518733816,0.0,0.04127981716897566,0.0,0.5554667838453242,0.0,0.0,0.8636363636363636,0.6000000000000001,0.5,0.25655574298420514,0.7735849056603774,0.33333333333333326,0.7346491228070176,0.9491525423728814,0.0,0.9375,0.0,0.0,0.6428571428571428,0.7763157894736842,0.9409090909090909,0.052631578947368474,0.2822361546499478,0.30146695236525467,0.7873170731707317,0.4123861566484518,0.0,0.48067915690866514,0.8912097476066144,0.8666666666666667,0.4461839530332681,0.27012155059132725,0.0,0.4699699699699701,0.0,0.8571428571428571,0.6270470458885482,0.5785081805925009,0.671100175505007,0.8687967369136642,0.3881118881118881,0.0,1.0,0.0,0.5555555555555556,0.0,0.8415841584158416,1.0,0.0,1.0,0.0,0.206896551724138,0.18518518518518512,0.9421221864951769,0.0,0.9305413687436159,0.0,0.0,0.7837837837837838,1.0,0.0,0.09090909090909094,0.8656716417910448,0.7916666666666666,0.9090909090909091,0.9166666666666666,0.0,0.0,0.5560319745183915,0.0,0.6206896551724137,0.0,0.0,0.7391304347826086,0.0,0.0,0.0,0.5398230088495575,0.9398340248962656,0.0,0.040906230333543125,0.7333333333333334,0.9487179487179487,0.0,0.875,0.0,0.7088673816374575,0.0,0.0,0.75,0.0,1.0,0.44907407407407407,0.5070422535211268,0.8,0.7112299465240641,1.0,0.11111111111111105,0.9547710976282405,0.0,0.36363636363636365,0.75,0.8757368169507727,0.3571428571428571,0.0625,0.0,0.25352112676056326,0.4666666666666667,0.4,0.0,0.0,0.7894932935916542,0.9375,0.0,0.0,0.0,1.0,0.0,1.0,0.48294082125603865,0.0,0.0,0.0,0.82,0.8076923076923077,0.9444444444444444,0.9,0.75,0.37038689172289085,0.20000000000000007,1.0,0.0,0.9673202614379085,0.0,0.375,0.0,0.9644821547492786,0.3060314314030863,0.7812862781518459,0.0,0.0,0.9367088607594937,1.0,0.0,0.08333333333333337,0.6842105263157895,0.9130434782608696,0.8823529411764706,0.5384615384615385,0.0,0.6000000000000001,0.625,0.0,0.7161520190023754,1.0,0.0,0.75,0.5,0.0,0.888888888888889,1.0,0.6406067677946325,0.5641025641025641,0.75,0.29999999999999993,0.625,0.0,0.20512820512820518,0.0,0.18765957446808512,0.2857142857142857,0.08333333333333326,0.8888888888888888,1.0,0.0,0.702152414194299,1.0,0.011080332409972193,0.09999999999999998,0.0,0.0,1.0,0.5,0.5,0.0,0.6363636363636364,0.4285714285714285,0.4,0.0,0.8251804330392943,0.8148148148148149,1.0,0.7,0.46153846153846156,1.0,1.0,0.9,0.07894736842105277,0.0,0.07147220525351261,0.0,0.0,0.9559435862995299,0.0,0.13703048590157096,0.6923076923076923,0.3433001107419712,0.0,1.0,0.0,0.4375,0.09230769230769231,0.92,0.9044566228931858,0.8853415358506577,0.9642857142857143,0.0,0.1428571428571428,0.23809523809523803,0.984174559405347,0.6666666666666667,0.6253376012803842,0.0,0.0,0.9629629629629629,0.9523809523809523,0.0,0.3571428571428571,runif
